# power spectrum of phi
# redshift z=-0.007172
# k              Pk             sigma(k)       sigma(Pk)      count
  5.727314e-03   1.756524e-10   8.763345e-04   3.890066e-11   18
  1.001182e-02   2.902393e-10   1.059922e-03   4.142673e-11   62
  1.393445e-02   2.059183e-10   7.332271e-04   2.505446e-11   90
  1.764809e-02   1.975767e-10   1.157232e-03   1.312929e-11   170
  2.151286e-02   1.495786e-10   1.202795e-03   9.313931e-12   246
  2.528669e-02   1.113098e-10   1.146703e-03   6.274637e-12   338
  2.901099e-02   1.013771e-10   9.857564e-04   5.007597e-12   432
  3.284683e-02   8.013365e-11   1.010047e-03   3.607499e-12   578
  3.688195e-02   6.015392e-11   1.177086e-03   2.231820e-12   786
  4.101464e-02   4.742376e-11   1.190994e-03   1.538729e-12   974
  4.488954e-02   3.948219e-11   1.031402e-03   1.239650e-12   1002
  4.870958e-02   3.571144e-11   1.179303e-03   9.245960e-13   1334
  5.263577e-02   2.919002e-11   1.134676e-03   8.036272e-13   1458
  5.631027e-02   2.687106e-11   1.072446e-03   6.527634e-13   1604
  6.010158e-02   2.364799e-11   1.088865e-03   5.518407e-13   1974
  6.404851e-02   2.107292e-11   1.067989e-03   4.475982e-13   2234
  6.795611e-02   1.940643e-11   1.092954e-03   3.924325e-13   2490
  7.198483e-02   1.723143e-11   1.200217e-03   3.240837e-13   3014
  7.595394e-02   1.550386e-11   1.093611e-03   2.808220e-13   3018
  7.977896e-02   1.363323e-11   1.131598e-03   2.391731e-13   3446
  8.359600e-02   1.189658e-11   1.085617e-03   2.032389e-13   3626
  8.742004e-02   1.053021e-11   1.125556e-03   1.665592e-13   4164
  9.130612e-02   9.844773e-12   1.090740e-03   1.500325e-13   4470
  9.521636e-02   8.498893e-12   1.115446e-03   1.256444e-13   4970
  9.915211e-02   7.925104e-12   1.127844e-03   1.085642e-13   5366
  1.030785e-01   6.985774e-12   1.144516e-03   9.096996e-14   5778
  1.069619e-01   6.558332e-12   1.149148e-03   8.232747e-14   6162
  1.108671e-01   6.115206e-12   1.158272e-03   7.631166e-14   6734
  1.146806e-01   5.466597e-12   1.074898e-03   6.757012e-14   6756
  1.184510e-01   5.336100e-12   1.088568e-03   5.974990e-14   7502
  1.223464e-01   4.997338e-12   1.105366e-03   5.597205e-14   8154
  1.262469e-01   4.601704e-12   1.103283e-03   4.972171e-14   8618
  1.301909e-01   4.343207e-12   1.146655e-03   4.448536e-14   9390
  1.341197e-01   4.125808e-12   1.126004e-03   4.207923e-14   9722
  1.380051e-01   3.739109e-12   1.126950e-03   3.664970e-14   10242
  1.419007e-01   3.491276e-12   1.149257e-03   3.333068e-14   11006
  1.457777e-01   3.288732e-12   1.106962e-03   3.110324e-14   11348
  1.496576e-01   3.025358e-12   1.105725e-03   2.709327e-14   12150
  1.535164e-01   2.769200e-12   1.078348e-03   2.484575e-14   12498
  1.574072e-01   2.640716e-12   1.129889e-03   2.214906e-14   13586
  1.613096e-01   2.468069e-12   1.132072e-03   2.081681e-14   14006
  1.652381e-01   2.366450e-12   1.166232e-03   1.926611e-14   15162
  1.691226e-01   2.229192e-12   1.101754e-03   1.832393e-14   14990
  1.729750e-01   2.078907e-12   1.143142e-03   1.639502e-14   16380
  1.768610e-01   2.032100e-12   1.105581e-03   1.612084e-14   16666
  1.807168e-01   1.902614e-12   1.110348e-03   1.430877e-14   17638
  1.845996e-01   1.860400e-12   1.100521e-03   1.373675e-14   18354
  1.884710e-01   1.748514e-12   1.102640e-03   1.300135e-14   19034
  1.923685e-01   1.705713e-12   1.144302e-03   1.187655e-14   20270
  1.963174e-01   1.620417e-12   1.155956e-03   1.108919e-14   21258
  2.002141e-01   1.530380e-12   1.111898e-03   1.040083e-14   21350
  2.040863e-01   1.458270e-12   1.123159e-03   9.693664e-15   22644
  2.079681e-01   1.405056e-12   1.101476e-03   9.217602e-15   23114
  2.118390e-01   1.336426e-12   1.118265e-03   8.575182e-15   24342
  2.157382e-01   1.255778e-12   1.117694e-03   8.021180e-15   25194
  2.196235e-01   1.204328e-12   1.116195e-03   7.472487e-15   25982
  2.234724e-01   1.176103e-12   1.109599e-03   7.212591e-15   26506
  2.273806e-01   1.129161e-12   1.167806e-03   6.691465e-15   28738
  2.312750e-01   1.092088e-12   1.110542e-03   6.432499e-15   28296
  2.351662e-01   1.026947e-12   1.143823e-03   5.881666e-15   30554
  2.390501e-01   9.800249e-13   1.084103e-03   5.623713e-15   30094
  2.428824e-01   9.666993e-13   1.109820e-03   5.452618e-15   31738
  2.467836e-01   9.337039e-13   1.134747e-03   5.118561e-15   33306
  2.506613e-01   9.003424e-13   1.104153e-03   4.897501e-15   33422
  2.545365e-01   8.730928e-13   1.131527e-03   4.604905e-15   35298
  2.584714e-01   8.393986e-13   1.143069e-03   4.405398e-15   36650
  2.623670e-01   8.026184e-13   1.115532e-03   4.131361e-15   36888
  2.662651e-01   7.747178e-13   1.131896e-03   3.938556e-15   38834
  2.701697e-01   7.545057e-13   1.107355e-03   3.796722e-15   39246
  2.740453e-01   7.277889e-13   1.111777e-03   3.625672e-15   40466
  2.778984e-01   7.109775e-13   1.108403e-03   3.510390e-15   41106
  2.817847e-01   6.844085e-13   1.145602e-03   3.305463e-15   43598
  2.856833e-01   6.660543e-13   1.116308e-03   3.219274e-15   43650
  2.895471e-01   6.402227e-13   1.120907e-03   2.990391e-15   45272
  2.934575e-01   6.259113e-13   1.131740e-03   2.893334e-15   46994
  2.973636e-01   6.091674e-13   1.124346e-03   2.787340e-15   47850
  3.012447e-01   5.851539e-13   1.115858e-03   2.661497e-15   48846
  3.051030e-01   5.654462e-13   1.105642e-03   2.577745e-15   49706
  3.089532e-01   5.535916e-13   1.113265e-03   2.448971e-15   51198
  3.128464e-01   5.366270e-13   1.134266e-03   2.333818e-15   53402
  3.167281e-01   5.274627e-13   1.111145e-03   2.247410e-15   53634
  3.206428e-01   5.137752e-13   1.143806e-03   2.147696e-15   56888
  3.245618e-01   4.939504e-13   1.106794e-03   2.082245e-15   56474
  3.284581e-01   4.801916e-13   1.130606e-03   1.968851e-15   58962
  3.323510e-01   4.724794e-13   1.114731e-03   1.924185e-15   59214
  3.362265e-01   4.578875e-13   1.127963e-03   1.851011e-15   61250
  3.400938e-01   4.466827e-13   1.110759e-03   1.815757e-15   61694
  3.439480e-01   4.359604e-13   1.120230e-03   1.741999e-15   63618
  3.478512e-01   4.254135e-13   1.140078e-03   1.666514e-15   66284
  3.517691e-01   4.148447e-13   1.123324e-03   1.600582e-15   67014
  3.556494e-01   4.041476e-13   1.113722e-03   1.547480e-15   67930
  3.595371e-01   3.943602e-13   1.127426e-03   1.489874e-15   70294
  3.634200e-01   3.865316e-13   1.114424e-03   1.457841e-15   70658
  3.672742e-01   3.768842e-13   1.121955e-03   1.401676e-15   72522
  3.711539e-01   3.660613e-13   1.125103e-03   1.352738e-15   74550
  3.750359e-01   3.600605e-13   1.112832e-03   1.324280e-15   75674
  3.789191e-01   3.497718e-13   1.116846e-03   1.250260e-15   77708
  3.828461e-01   3.442539e-13   1.136191e-03   1.211600e-15   80622
  3.867545e-01   3.341344e-13   1.112810e-03   1.176223e-15   80330
  3.906423e-01   3.275882e-13   1.128269e-03   1.137971e-15   82974
  3.945313e-01   3.166194e-13   1.118618e-03   1.102941e-15   83666
  3.984084e-01   3.156530e-13   1.126394e-03   1.074459e-15   85746
  4.022765e-01   3.059671e-13   1.118427e-03   1.040410e-15   86702
  4.061542e-01   2.998796e-13   1.126154e-03   1.013007e-15   89556
  4.100569e-01   2.935813e-13   1.118519e-03   9.793939e-16   91038
  4.139484e-01   2.888820e-13   1.117921e-03   9.469595e-16   92522
  4.178268e-01   2.820988e-13   1.119569e-03   9.225048e-16   94034
  4.217415e-01   2.749370e-13   1.145339e-03   8.836940e-16   97758
  4.256173e-01   2.709623e-13   1.103600e-03   8.723656e-16   95770
  4.294627e-01   2.643194e-13   1.123790e-03   8.348781e-16   99646
  4.333400e-01   2.610245e-13   1.115333e-03   8.197678e-16   100980
  4.372362e-01   2.537754e-13   1.127284e-03   7.862499e-16   104258
  4.411386e-01   2.501499e-13   1.114910e-03   7.778319e-16   104998
  4.450377e-01   2.448286e-13   1.124073e-03   7.492853e-16   107866
  4.489311e-01   2.399854e-13   1.113184e-03   7.303706e-16   108154
  4.528161e-01   2.380879e-13   1.135370e-03   7.141215e-16   111622
  4.567076e-01   2.319888e-13   1.122976e-03   6.931339e-16   112146
  4.605727e-01   2.270509e-13   1.119518e-03   6.762074e-16   114014
  4.644440e-01   2.247657e-13   1.115906e-03   6.598376e-16   116220
  4.683319e-01   2.197588e-13   1.119789e-03   6.378621e-16   118682
  4.722291e-01   2.171561e-13   1.126606e-03   6.224978e-16   121118
  4.761348e-01   2.112893e-13   1.124808e-03   6.009484e-16   122994
  4.800157e-01   2.076247e-13   1.114862e-03   5.917160e-16   123574
  4.838959e-01   2.064087e-13   1.131276e-03   5.804081e-16   126922
  4.877763e-01   2.010075e-13   1.124735e-03   5.618677e-16   127906
  4.916481e-01   1.963579e-13   1.121767e-03   5.416316e-16   130432
  4.955333e-01   1.940046e-13   1.114812e-03   5.344363e-16   132642
  4.994186e-01   1.900859e-13   1.110800e-03   5.174289e-16   134534
  5.033164e-01   1.884305e-13   1.124671e-03   5.077497e-16   137778
  5.072392e-01   1.836821e-13   1.135312e-03   4.874118e-16   140786
  5.111285e-01   1.825720e-13   1.110620e-03   4.890987e-16   139590
  5.149976e-01   1.792889e-13   1.125619e-03   4.724707e-16   143546
  5.188865e-01   1.758477e-13   1.125142e-03   4.601048e-16   145338
  5.227635e-01   1.731380e-13   1.120484e-03   4.494804e-16   147272
  5.266520e-01   1.700085e-13   1.122335e-03   4.386921e-16   150330
  5.305485e-01   1.678892e-13   1.118234e-03   4.286149e-16   152318
  5.344262e-01   1.650837e-13   1.111066e-03   4.184379e-16   153202
  5.383243e-01   1.617272e-13   1.138693e-03   4.079284e-16   158626
  5.422165e-01   1.598163e-13   1.116855e-03   4.024751e-16   157350
  5.460935e-01   1.566566e-13   1.131200e-03   3.891233e-16   161906
  5.499589e-01   1.545706e-13   1.105071e-03   3.841937e-16   160872
  5.538418e-01   1.528152e-13   1.133375e-03   3.716805e-16   167858
  5.577463e-01   1.499149e-13   1.114977e-03   3.666733e-16   167514
  5.616201e-01   1.473845e-13   1.113803e-03   3.596697e-16   169862
  5.655108e-01   1.451932e-13   1.124453e-03   3.482924e-16   173602
  5.694083e-01   1.428446e-13   1.123533e-03   3.440775e-16   175258
  5.732959e-01   1.416421e-13   1.127164e-03   3.357707e-16   177654
  5.771897e-01   1.395330e-13   1.130949e-03   3.291926e-16   180698
  5.810773e-01   1.370172e-13   1.119005e-03   3.218795e-16   181968
  5.849616e-01   1.349480e-13   1.118541e-03   3.136583e-16   184850
  5.888448e-01   1.322013e-13   1.119144e-03   3.073318e-16   187034
  5.927421e-01   1.314144e-13   1.129966e-03   2.996759e-16   191238
  5.966308e-01   1.294617e-13   1.116348e-03   2.964886e-16   191042
  6.005065e-01   1.277478e-13   1.126286e-03   2.901974e-16   195102
  6.043812e-01   1.261885e-13   1.117515e-03   2.851109e-16   195786
  6.082630e-01   1.243154e-13   1.131649e-03   2.752372e-16   201164
  6.121481e-01   1.224244e-13   1.112645e-03   2.748561e-16   201070
  6.160242e-01   1.206712e-13   1.118305e-03   2.682019e-16   205234
  6.199111e-01   1.193271e-13   1.116352e-03   2.613161e-16   207342
  6.237987e-01   1.171128e-13   1.121735e-03   2.552239e-16   210602
  6.276909e-01   1.155237e-13   1.124203e-03   2.505221e-16   213130
  6.315953e-01   1.140895e-13   1.133190e-03   2.451462e-16   217318
  6.354807e-01   1.124697e-13   1.113546e-03   2.412315e-16   216306
  6.393491e-01   1.114467e-13   1.119403e-03   2.372793e-16   220652
  6.432430e-01   1.098634e-13   1.124854e-03   2.325048e-16   224502
  6.471454e-01   1.081779e-13   1.125081e-03   2.274905e-16   227186
  6.510345e-01   1.068794e-13   1.118193e-03   2.243153e-16   228398
  6.549165e-01   1.053343e-13   1.122259e-03   2.196138e-16   231642
  6.587972e-01   1.033886e-13   1.122763e-03   2.129773e-16   233946
  6.626908e-01   1.020507e-13   1.132956e-03   2.084184e-16   238694
  6.665707e-01   1.011036e-13   1.114640e-03   2.081717e-16   238068
  6.704525e-01   9.983111e-14   1.124042e-03   2.023280e-16   244190
  6.743498e-01   9.882286e-14   1.116752e-03   1.988743e-16   245362
  6.782313e-01   9.678745e-14   1.120102e-03   1.941049e-16   248362
  6.821206e-01   9.602263e-14   1.124509e-03   1.917105e-16   251966
  6.860099e-01   9.502063e-14   1.120649e-03   1.887162e-16   254034
  6.898855e-01   9.343397e-14   1.117172e-03   1.852903e-16   255818
  6.937781e-01   9.246304e-14   1.132899e-03   1.807575e-16   262254
  6.976722e-01   9.120671e-14   1.116974e-03   1.781281e-16   261980
  7.015718e-01   9.001528e-14   1.129534e-03   1.735598e-16   268566
  7.054538e-01   8.901860e-14   1.104857e-03   1.731529e-16   265538
  7.093286e-01   8.793141e-14   1.128000e-03   1.690801e-16   273330
  7.132165e-01   8.679705e-14   1.121481e-03   1.667014e-16   273718
  7.171069e-01   8.582822e-14   1.132652e-03   1.625120e-16   279658
  7.209986e-01   8.446939e-14   1.120025e-03   1.596713e-16   279670
  7.248700e-01   8.381848e-14   1.119062e-03   1.576475e-16   282964
  7.287608e-01   8.261703e-14   1.126489e-03   1.550196e-16   288362
  7.326540e-01   8.133988e-14   1.118613e-03   1.516958e-16   289686
  7.365333e-01   8.059596e-14   1.116235e-03   1.503186e-16   292234
  7.404015e-01   7.989843e-14   1.112765e-03   1.478391e-16   294190
  7.442845e-01   7.871042e-14   1.127923e-03   1.442308e-16   300642
  7.481851e-01   7.738040e-14   1.128116e-03   1.406343e-16   303386
  7.520700e-01   7.665020e-14   1.119257e-03   1.396270e-16   304662
  7.559583e-01   7.616676e-14   1.122290e-03   1.376004e-16   309812
  7.598513e-01   7.541527e-14   1.117608e-03   1.347302e-16   311714
  7.637547e-01   7.432095e-14   1.130270e-03   1.322805e-16   318126
  7.676398e-01   7.344193e-14   1.111035e-03   1.315408e-16   315114
  7.715118e-01   7.264592e-14   1.127143e-03   1.278448e-16   322622
  7.753932e-01   7.159882e-14   1.117154e-03   1.262115e-16   322850
  7.792787e-01   7.105076e-14   1.131101e-03   1.242235e-16   329802
  7.831716e-01   6.991941e-14   1.123851e-03   1.213712e-16   331104
  7.870696e-01   6.899078e-14   1.127607e-03   1.192374e-16   336986
  7.909587e-01   6.819378e-14   1.111055e-03   1.177978e-16   335870
  7.948355e-01   6.758080e-14   1.120862e-03   1.163894e-16   341610
  7.987215e-01   6.664014e-14   1.121955e-03   1.140728e-16   344370
  8.026031e-01   6.612887e-14   1.122207e-03   1.122597e-16   347606
  8.064886e-01   6.524220e-14   1.124033e-03   1.100473e-16   351650
  8.103706e-01   6.435283e-14   1.118654e-03   1.086147e-16   353760
  8.142669e-01   6.379965e-14   1.129493e-03   1.067702e-16   360970
  8.181738e-01   6.303744e-14   1.123124e-03   1.047526e-16   362818
  8.220521e-01   6.245474e-14   1.110144e-03   1.041840e-16   362334
  8.259414e-01   6.150655e-14   1.129348e-03   1.014117e-16   371642
  8.298275e-01   6.097957e-14   1.114584e-03   1.002928e-16   368778
  8.337006e-01   6.003190e-14   1.128744e-03   9.829909e-17   376526
  8.375857e-01   5.994297e-14   1.121330e-03   9.778595e-17   377786
  8.414675e-01   5.900271e-14   1.123524e-03   9.532316e-17   382968
  8.453573e-01   5.821009e-14   1.120822e-03   9.400366e-17   386146
  8.492503e-01   5.744341e-14   1.124050e-03   9.164371e-17   390826
  8.531392e-01   5.703941e-14   1.119718e-03   9.093690e-17   392662
  8.570302e-01   5.635013e-14   1.125822e-03   9.018683e-17   398242
  8.609051e-01   5.580556e-14   1.111972e-03   8.904406e-17   396726
  8.647781e-01   5.506735e-14   1.124714e-03   8.689993e-17   404738
  8.686664e-01   5.450020e-14   1.122897e-03   8.549182e-17   407628
  8.725545e-01   5.378842e-14   1.121536e-03   8.403773e-17   411734
  8.764395e-01   5.328683e-14   1.117149e-03   8.296755e-17   414242
  8.803359e-01   5.269446e-14   1.126317e-03   8.150458e-17   421434
  8.842333e-01   5.224248e-14   1.120273e-03   8.080293e-17   421918
  8.881244e-01   5.169327e-14   1.128330e-03   7.909306e-17   427810
  8.920157e-01   5.099913e-14   1.123036e-03   7.806464e-17   429470
  8.958948e-01   5.068077e-14   1.119658e-03   7.733197e-17   432282
  8.997746e-01   4.995832e-14   1.122449e-03   7.577583e-17   437260
  9.036583e-01   4.958915e-14   1.120747e-03   7.518119e-17   440758
  9.075489e-01   4.902894e-14   1.124778e-03   7.385841e-17   446370
  9.114474e-01   4.851772e-14   1.123943e-03   7.248102e-17   450182
  9.153288e-01   4.810290e-14   1.115142e-03   7.198321e-17   449850
  9.192089e-01   4.730314e-14   1.127357e-03   7.025405e-17   457898
  9.230929e-01   4.686076e-14   1.119604e-03   6.948242e-17   458662
  9.269737e-01   4.643721e-14   1.121722e-03   6.825284e-17   464620
  9.308545e-01   4.599307e-14   1.114316e-03   6.739081e-17   466302
  9.347441e-01   4.538545e-14   1.124571e-03   6.615506e-17   474314
  9.386369e-01   4.501670e-14   1.120021e-03   6.546459e-17   475530
  9.425348e-01   4.460866e-14   1.129051e-03   6.460644e-17   483206
  9.464328e-01   4.413204e-14   1.121669e-03   6.371653e-17   483530
  9.503142e-01   4.356034e-14   1.121047e-03   6.286569e-17   487002
  9.541966e-01   4.316438e-14   1.124058e-03   6.195695e-17   491774
  9.580774e-01   4.282600e-14   1.120518e-03   6.103599e-17   495084
  9.619601e-01   4.223419e-14   1.119352e-03   6.006412e-17   499438
  9.658473e-01   4.168148e-14   1.122356e-03   5.883144e-17   504682
  9.697357e-01   4.147022e-14   1.121500e-03   5.854994e-17   507738
  9.736321e-01   4.092735e-14   1.130456e-03   5.707361e-17   515174
  9.775214e-01   4.057652e-14   1.119580e-03   5.674640e-17   514234
  9.813957e-01   4.017278e-14   1.119450e-03   5.586326e-17   519022
  9.852705e-01   3.981687e-14   1.117281e-03   5.546189e-17   522636
  9.891535e-01   3.933597e-14   1.121739e-03   5.423673e-17   529442
  9.930474e-01   3.875438e-14   1.122647e-03   5.318215e-17   534078
  9.969375e-01   3.856904e-14   1.118397e-03   5.286715e-17   536666
  1.000817e+00   3.812673e-14   1.116716e-03   5.218958e-17   539142
  1.004715e+00   3.774736e-14   1.134178e-03   5.118437e-17   550658
  1.008615e+00   3.742443e-14   1.121935e-03   5.086793e-17   548298
  1.012495e+00   3.701885e-14   1.123048e-03   4.995777e-17   553694
  1.016374e+00   3.657576e-14   1.116375e-03   4.933358e-17   556116
  1.020264e+00   3.628318e-14   1.125051e-03   4.858613e-17   564890
  1.024148e+00   3.583279e-14   1.116141e-03   4.807642e-17   563718
  1.028036e+00   3.558255e-14   1.128568e-03   4.706746e-17   574298
  1.031929e+00   3.516431e-14   1.120551e-03   4.667309e-17   573966
  1.035814e+00   3.484524e-14   1.126024e-03   4.605138e-17   580586
  1.039699e+00   3.446445e-14   1.122029e-03   4.523938e-17   582666
  1.043587e+00   3.422482e-14   1.125959e-03   4.466670e-17   590648
  1.047474e+00   3.385740e-14   1.114820e-03   4.427756e-17   590394
  1.051350e+00   3.342338e-14   1.116684e-03   4.361734e-17   596174
  1.055234e+00   3.308075e-14   1.120236e-03   4.296755e-17   601674
  1.059126e+00   3.281522e-14   1.125352e-03   4.233551e-17   607682
  1.063019e+00   3.254064e-14   1.124350e-03   4.179861e-17   611166
  1.066910e+00   3.214098e-14   1.124099e-03   4.126503e-17   615626
  1.070791e+00   3.179728e-14   1.119456e-03   4.070708e-17   617290
  1.074678e+00   3.158826e-14   1.126011e-03   4.018488e-17   626344
  1.078566e+00   3.127120e-14   1.117274e-03   3.962045e-17   626658
  1.082451e+00   3.086692e-14   1.122467e-03   3.887745e-17   634022
  1.086331e+00   3.054443e-14   1.116124e-03   3.867634e-17   634554
  1.090218e+00   3.037428e-14   1.128467e-03   3.799579e-17   645026
  1.094107e+00   2.995185e-14   1.122446e-03   3.757530e-17   645102
  1.097993e+00   2.971388e-14   1.126954e-03   3.701642e-17   653018
  1.101879e+00   2.936339e-14   1.119089e-03   3.636591e-17   654384
  1.105770e+00   2.910516e-14   1.123901e-03   3.602204e-17   663194
  1.109660e+00   2.890332e-14   1.117576e-03   3.573148e-17   663834
  1.113540e+00   2.855462e-14   1.118796e-03   3.510092e-17   669158
  1.117424e+00   2.833572e-14   1.120650e-03   3.469691e-17   674490
  1.121304e+00   2.796768e-14   1.118416e-03   3.428217e-17   677222
  1.125193e+00   2.774907e-14   1.128225e-03   3.373954e-17   686874
  1.129092e+00   2.752342e-14   1.126811e-03   3.331086e-17   690722
  1.132980e+00   2.726820e-14   1.118907e-03   3.310161e-17   692008
  1.136871e+00   2.700186e-14   1.124678e-03   3.249226e-17   701386
  1.140761e+00   2.665605e-14   1.117002e-03   3.213731e-17   700778
  1.144643e+00   2.647464e-14   1.123318e-03   3.167173e-17   708774
  1.148529e+00   2.620403e-14   1.121990e-03   3.133848e-17   711690
  1.152418e+00   2.592576e-14   1.126973e-03   3.074295e-17   719606
  1.156298e+00   2.575326e-14   1.116380e-03   3.068748e-17   717762
  1.160181e+00   2.540904e-14   1.127123e-03   2.999833e-17   730460
  1.164073e+00   2.518406e-14   1.119262e-03   2.971873e-17   731070
  1.167968e+00   2.488066e-14   1.125901e-03   2.915475e-17   741170
  1.171853e+00   2.470922e-14   1.112045e-03   2.900329e-17   737094
  1.175730e+00   2.442736e-14   1.122374e-03   2.856557e-17   747698
  1.179618e+00   2.426419e-14   1.122867e-03   2.825883e-17   751658
  1.183501e+00   2.395239e-14   1.121599e-03   2.774709e-17   755574
  1.187383e+00   2.378697e-14   1.122256e-03   2.748887e-17   761442
  1.191279e+00   2.357739e-14   1.126787e-03   2.710260e-17   770816
  1.195171e+00   2.329445e-14   1.117539e-03   2.677002e-17   769274
  1.199064e+00   2.301074e-14   1.129525e-03   2.625078e-17   782130
  1.202947e+00   2.286295e-14   1.112602e-03   2.622607e-17   775230
  1.206825e+00   2.271117e-14   1.126605e-03   2.581319e-17   789866
  1.210710e+00   2.241913e-14   1.118361e-03   2.543138e-17   787914
  1.214592e+00   2.222642e-14   1.128225e-03   2.515330e-17   799598
  1.218486e+00   2.196478e-14   1.124161e-03   2.468848e-17   802980
  1.222371e+00   2.184838e-14   1.117789e-03   2.460700e-17   805622
  1.226254e+00   2.162641e-14   1.119738e-03   2.417879e-17   812050
  1.230147e+00   2.139092e-14   1.126034e-03   2.381314e-17   820954
  1.234035e+00   2.121441e-14   1.118780e-03   2.368185e-17   820062
  1.237911e+00   2.103361e-14   1.119897e-03   2.335609e-17   826298
  1.241794e+00   2.075891e-14   1.121814e-03   2.294968e-17   833118
  1.245672e+00   2.061373e-14   1.117137e-03   2.282574e-17   834812
  1.249560e+00   2.041539e-14   1.126815e-03   2.243880e-17   847858
  1.253469e+00   2.023257e-14   1.127442e-03   2.208548e-17   854278
  1.257361e+00   2.000545e-14   1.116253e-03   2.195281e-17   850978
  1.261241e+00   1.984467e-14   1.121687e-03   2.165542e-17   859186
  1.265131e+00   1.966200e-14   1.127494e-03   2.137367e-17   867126
  1.269018e+00   1.951426e-14   1.121886e-03   2.116601e-17   868274
  1.272897e+00   1.934329e-14   1.120976e-03   2.099752e-17   873606
  1.276776e+00   1.911240e-14   1.119398e-03   2.060313e-17   879284
  1.280663e+00   1.888649e-14   1.122355e-03   2.024711e-17   887170
  1.284564e+00   1.866608e-14   1.128693e-03   1.992771e-17   897526
  1.288458e+00   1.853291e-14   1.117587e-03   1.983981e-17   894258
  1.292341e+00   1.843632e-14   1.122714e-03   1.958279e-17   903374
  1.296223e+00   1.823315e-14   1.118323e-03   1.940901e-17   904338
  1.300103e+00   1.804149e-14   1.123719e-03   1.911498e-17   913586
  1.303982e+00   1.793198e-14   1.118150e-03   1.895007e-17   915416
  1.307871e+00   1.775405e-14   1.124217e-03   1.865137e-17   928122
  1.311759e+00   1.762176e-14   1.115167e-03   1.850536e-17   926094
  1.315654e+00   1.740528e-14   1.130093e-03   1.817880e-17   942890
  1.319549e+00   1.725011e-14   1.118827e-03   1.803245e-17   937266
  1.323433e+00   1.710129e-14   1.126506e-03   1.778651e-17   948854
  1.327319e+00   1.695154e-14   1.120121e-03   1.757358e-17   948714
  1.331197e+00   1.679614e-14   1.122687e-03   1.738551e-17   956186
  1.335082e+00   1.660217e-14   1.124444e-03   1.713501e-17   964272
  1.338973e+00   1.647393e-14   1.121587e-03   1.694744e-17   969458
  1.342859e+00   1.629803e-14   1.118296e-03   1.676681e-17   972750
  1.346749e+00   1.612462e-14   1.124460e-03   1.649129e-17   982706
  1.350635e+00   1.601743e-14   1.119858e-03   1.635549e-17   982906
  1.354527e+00   1.585115e-14   1.129306e-03   1.613167e-17   996622
  1.358414e+00   1.571742e-14   1.117989e-03   1.600089e-17   992378
  1.362284e+00   1.559174e-14   1.117150e-03   1.579277e-17   999000
  1.366168e+00   1.543894e-14   1.122014e-03   1.558211e-17   1010114
  1.370061e+00   1.531424e-14   1.121750e-03   1.542536e-17   1015722
  1.373948e+00   1.514854e-14   1.119290e-03   1.520460e-17   1018742
  1.377843e+00   1.500395e-14   1.127371e-03   1.500307e-17   1031250
  1.381733e+00   1.487275e-14   1.118461e-03   1.491598e-17   1027226
  1.385615e+00   1.470365e-14   1.126435e-03   1.462700e-17   1039734
  1.389500e+00   1.461071e-14   1.120654e-03   1.455476e-17   1039914
  1.393382e+00   1.446472e-14   1.123683e-03   1.433336e-17   1050272
  1.397267e+00   1.433603e-14   1.117473e-03   1.419913e-17   1052306
  1.401154e+00   1.421122e-14   1.122308e-03   1.398969e-17   1062666
  1.405045e+00   1.408732e-14   1.122401e-03   1.385461e-17   1067262
  1.408935e+00   1.392090e-14   1.123952e-03   1.366896e-17   1073906
  1.412823e+00   1.383673e-14   1.122463e-03   1.355330e-17   1078190
  1.416712e+00   1.368326e-14   1.124033e-03   1.334731e-17   1085634
  1.420592e+00   1.357662e-14   1.117456e-03   1.324746e-17   1085508
  1.424480e+00   1.345282e-14   1.126594e-03   1.307303e-17   1101926
  1.428369e+00   1.335251e-14   1.116061e-03   1.296962e-17   1098322
  1.432252e+00   1.322206e-14   1.121199e-03   1.276019e-17   1109878
  1.436144e+00   1.307831e-14   1.122554e-03   1.259862e-17   1115338
  1.440035e+00   1.300355e-14   1.125793e-03   1.251165e-17   1122586
  1.443924e+00   1.283507e-14   1.123292e-03   1.236217e-17   1125862
  1.447810e+00   1.278121e-14   1.122976e-03   1.225406e-17   1132498
  1.451691e+00   1.261754e-14   1.119415e-03   1.209138e-17   1135444
  1.455573e+00   1.252546e-14   1.122581e-03   1.192049e-17   1145374
  1.459464e+00   1.238153e-14   1.123383e-03   1.174850e-17   1152698
  1.463354e+00   1.227325e-14   1.121349e-03   1.164007e-17   1157046
  1.467236e+00   1.216572e-14   1.119148e-03   1.152016e-17   1160226
  1.471127e+00   1.209554e-14   1.127743e-03   1.141259e-17   1174346
  1.475014e+00   1.195056e-14   1.119897e-03   1.125895e-17   1171462
  1.478897e+00   1.187175e-14   1.124033e-03   1.116958e-17   1183828
  1.482778e+00   1.172296e-14   1.114458e-03   1.103514e-17   1181822
  1.486657e+00   1.165661e-14   1.120779e-03   1.091954e-17   1194930
  1.490547e+00   1.154001e-14   1.122593e-03   1.073322e-17   1202010
  1.494437e+00   1.145512e-14   1.122115e-03   1.064340e-17   1207166
  1.498326e+00   1.134927e-14   1.123291e-03   1.054441e-17   1214106
  1.502209e+00   1.119948e-14   1.118748e-03   1.037164e-17   1215302
  1.506095e+00   1.114321e-14   1.126666e-03   1.028104e-17   1229274
  1.509994e+00   1.100135e-14   1.126873e-03   1.012972e-17   1236164
  1.513882e+00   1.095345e-14   1.118916e-03   1.007280e-17   1235326
  1.517764e+00   1.083917e-14   1.120265e-03   9.953757e-18   1244026
  1.521647e+00   1.073256e-14   1.120382e-03   9.823117e-18   1249154
  1.525536e+00   1.065410e-14   1.126025e-03   9.700858e-18   1260558
  1.529421e+00   1.055445e-14   1.119984e-03   9.625341e-18   1260394
  1.533310e+00   1.044389e-14   1.125848e-03   9.484604e-18   1274758
  1.537193e+00   1.035003e-14   1.115594e-03   9.419799e-18   1270188
  1.541083e+00   1.026223e-14   1.128008e-03   9.277128e-18   1291202
  1.544971e+00   1.018182e-14   1.115149e-03   9.220929e-18   1282654
  1.548850e+00   1.008431e-14   1.122198e-03   9.049589e-18   1298242
  1.552739e+00   1.001286e-14   1.120395e-03   8.994609e-18   1301774
  1.556625e+00   9.903100e-15   1.123165e-03   8.874002e-18   1309770
  1.560512e+00   9.819536e-15   1.123502e-03   8.785898e-18   1315714
  1.564403e+00   9.723056e-15   1.124924e-03   8.689229e-18   1325110
  1.568290e+00   9.647377e-15   1.118940e-03   8.598121e-18   1326012
  1.572174e+00   9.575812e-15   1.122090e-03   8.496391e-18   1336154
  1.576069e+00   9.475703e-15   1.126474e-03   8.384372e-18   1347334
  1.579958e+00   9.398395e-15   1.119782e-03   8.326154e-18   1345354
  1.583833e+00   9.332689e-15   1.119555e-03   8.260385e-18   1350998
  1.587719e+00   9.235138e-15   1.125829e-03   8.148770e-18   1365546
  1.591609e+00   9.157613e-15   1.122088e-03   8.046948e-18   1367474
  1.595497e+00   9.067047e-15   1.123693e-03   7.968923e-18   1377984
  1.599384e+00   9.003734e-15   1.118321e-03   7.892126e-18   1379394
  1.603272e+00   8.907588e-15   1.123056e-03   7.773490e-18   1392230
  1.607160e+00   8.864817e-15   1.118740e-03   7.732277e-18   1392634
  1.611042e+00   8.765805e-15   1.122441e-03   7.631525e-18   1402666
  1.614928e+00   8.684324e-15   1.122269e-03   7.526154e-18   1408502
  1.618814e+00   8.611948e-15   1.122041e-03   7.463573e-18   1415418
  1.622692e+00   8.533351e-15   1.117068e-03   7.396918e-18   1416856
  1.626588e+00   8.461122e-15   1.130843e-03   7.275013e-18   1442002
  1.630485e+00   8.402036e-15   1.117858e-03   7.253941e-18   1431634
  1.634367e+00   8.320650e-15   1.122585e-03   7.158019e-18   1444606
  1.638250e+00   8.261264e-15   1.118765e-03   7.090349e-18   1445890
  1.642138e+00   8.164850e-15   1.126997e-03   6.968435e-18   1462210
  1.646026e+00   8.094973e-15   1.120901e-03   6.909697e-18   1459590
  1.649907e+00   8.021416e-15   1.123856e-03   6.826986e-18   1471226
  1.653797e+00   7.972971e-15   1.123379e-03   6.795269e-18   1480072
  1.657690e+00   7.887325e-15   1.121364e-03   6.694544e-18   1486594
  1.661576e+00   7.825647e-15   1.118520e-03   6.649971e-18   1488882
  1.665461e+00   7.781897e-15   1.123128e-03   6.582649e-18   1500854
  1.669353e+00   7.699632e-15   1.123083e-03   6.489783e-18   1506874
  1.673232e+00   7.629111e-15   1.117624e-03   6.431767e-18   1506094
  1.677111e+00   7.554534e-15   1.122855e-03   6.338395e-18   1519682
  1.680997e+00   7.486199e-15   1.122626e-03   6.275124e-18   1526724
  1.684890e+00   7.430103e-15   1.125240e-03   6.223441e-18   1539038
  1.688782e+00   7.380705e-15   1.119859e-03   6.180713e-18   1539810
  1.692664e+00   7.312159e-15   1.119007e-03   6.122562e-18   1545046
  1.696554e+00   7.237878e-15   1.126236e-03   6.028531e-18   1560538
  1.700441e+00   7.178010e-15   1.120507e-03   5.990797e-18   1557506
  1.704322e+00   7.133243e-15   1.124114e-03   5.926671e-18   1570062
  1.708203e+00   7.055049e-15   1.119253e-03   5.870227e-18   1571290
  1.712089e+00   7.019009e-15   1.124856e-03   5.792158e-18   1588228
  1.715982e+00   6.950107e-15   1.121250e-03   5.738656e-18   1591046
  1.719873e+00   6.882781e-15   1.123715e-03   5.655762e-18   1602474
  1.723761e+00   6.844644e-15   1.118014e-03   5.639653e-18   1601646
  1.727642e+00   6.758304e-15   1.120550e-03   5.544951e-18   1611266
  1.731523e+00   6.710329e-15   1.120678e-03   5.501254e-18   1616634
  1.735410e+00   6.654214e-15   1.126166e-03   5.419796e-18   1631366
  1.739297e+00   6.598202e-15   1.119655e-03   5.385633e-18   1631028
  1.743180e+00   6.538584e-15   1.119854e-03   5.336777e-18   1641446
  1.747073e+00   6.496894e-15   1.124208e-03   5.279736e-18   1654234
  1.750973e+00   6.438626e-15   1.126198e-03   5.220847e-18   1662874
  1.754858e+00   6.388064e-15   1.117471e-03   5.207791e-18   1656686
  1.758736e+00   6.337703e-15   1.122008e-03   5.136125e-18   1670898
  1.762622e+00   6.275177e-15   1.123056e-03   5.079491e-18   1678074
  1.766507e+00   6.221524e-15   1.123311e-03   5.022298e-18   1685198
  1.770393e+00   6.185313e-15   1.122996e-03   4.978329e-18   1694524
  1.774282e+00   6.130278e-15   1.120709e-03   4.935640e-18   1701334
  1.778171e+00   6.069732e-15   1.120908e-03   4.872434e-18   1709386
  1.782064e+00   6.023436e-15   1.123720e-03   4.820915e-18   1719994
  1.785953e+00   5.976303e-15   1.121006e-03   4.785879e-18   1721510
  1.789842e+00   5.930997e-15   1.124974e-03   4.735514e-18   1734978
  1.793722e+00   5.878144e-15   1.116124e-03   4.708968e-18   1728646
  1.797599e+00   5.829247e-15   1.122713e-03   4.645078e-18   1746868
  1.801486e+00   5.775522e-15   1.121127e-03   4.590674e-18   1752922
  1.805380e+00   5.735876e-15   1.125234e-03   4.533375e-18   1767862
  1.809271e+00   5.688091e-15   1.119301e-03   4.517430e-18   1765698
  1.813160e+00   5.643201e-15   1.125035e-03   4.466737e-18   1781270
  1.817049e+00   5.592261e-15   1.121176e-03   4.429810e-18   1780650
  1.820932e+00   5.552066e-15   1.124142e-03   4.379722e-18   1792418
  1.824813e+00   5.504156e-15   1.119388e-03   4.348794e-18   1792790
  1.828696e+00   5.459863e-15   1.123591e-03   4.291321e-18   1809852
  1.832585e+00   5.424130e-15   1.120140e-03   4.268362e-18   1812666
  1.836475e+00   5.388020e-15   1.124777e-03   4.224788e-18   1827614
  1.840367e+00   5.320420e-15   1.121640e-03   4.166932e-18   1829970
  1.844251e+00   5.275149e-15   1.120370e-03   4.140683e-18   1835030
  1.848131e+00   5.242032e-15   1.119790e-03   4.090678e-18   1841410
  1.852017e+00   5.206361e-15   1.124723e-03   4.068854e-18   1856626
  1.855900e+00   5.167394e-15   1.118305e-03   4.032437e-18   1854656
  1.859782e+00   5.125307e-15   1.121720e-03   3.985961e-18   1870698
  1.863671e+00   5.080866e-15   1.120553e-03   3.946445e-18   1876998
  1.867559e+00   5.047475e-15   1.120979e-03   3.920713e-18   1884458
  1.871445e+00   5.001601e-15   1.122381e-03   3.882351e-18   1891730
  1.875338e+00   4.969205e-15   1.127317e-03   3.837425e-18   1907574
  1.879232e+00   4.922103e-15   1.122851e-03   3.818670e-18   1907730
  1.883115e+00   4.887053e-15   1.120697e-03   3.782137e-18   1912154
  1.886997e+00   4.854382e-15   1.121764e-03   3.751994e-18   1923216
  1.890888e+00   4.816120e-15   1.124326e-03   3.713927e-18   1936562
  1.894776e+00   4.774002e-15   1.119734e-03   3.676821e-18   1936862
  1.898663e+00   4.731379e-15   1.122747e-03   3.644219e-18   1950114
  1.902549e+00   4.701946e-15   1.121089e-03   3.613031e-18   1953306
  1.906439e+00   4.655849e-15   1.125982e-03   3.570975e-18   1968806
  1.910327e+00   4.620284e-15   1.121186e-03   3.545329e-18   1968818
  1.914211e+00   4.597009e-15   1.121720e-03   3.514821e-18   1980624
  1.918097e+00   4.556549e-15   1.118800e-03   3.485267e-18   1985034
  1.921980e+00   4.527352e-15   1.120281e-03   3.460354e-18   1995242
  1.925870e+00   4.493406e-15   1.123830e-03   3.418476e-18   2007742
  1.929759e+00   4.457050e-15   1.121495e-03   3.396063e-18   2010538
  1.933641e+00   4.420915e-15   1.121298e-03   3.371221e-18   2017390
  1.937531e+00   4.387253e-15   1.126602e-03   3.331765e-18   2034346
  1.941413e+00   4.362429e-15   1.117450e-03   3.331364e-18   2025498
  1.945299e+00   4.320452e-15   1.127850e-03   3.274308e-18   2055248
  1.949189e+00   4.298514e-15   1.116586e-03   3.268160e-18   2045090
  1.953070e+00   4.263946e-15   1.121603e-03   3.232840e-18   2062074
  1.956959e+00   4.234142e-15   1.122727e-03   3.210039e-18   2070190
  1.960848e+00   4.199769e-15   1.123891e-03   3.178837e-18   2079226
  1.964734e+00   4.167843e-15   1.122069e-03   3.160754e-18   2083990
  1.968623e+00   4.132544e-15   1.124515e-03   3.127740e-18   2097898
  1.972507e+00   4.101031e-15   1.118548e-03   3.106016e-18   2095452
  1.976394e+00   4.075004e-15   1.124843e-03   3.074776e-18   2117390
  1.980286e+00   4.050204e-15   1.119656e-03   3.049516e-18   2117066
  1.984162e+00   4.022060e-15   1.115140e-03   3.033807e-18   2117238
  1.988045e+00   3.989202e-15   1.124414e-03   3.000539e-18   2140026
  1.991938e+00   3.964443e-15   1.125139e-03   2.985403e-18   2147234
  1.995825e+00   3.934248e-15   1.122378e-03   2.960546e-18   2150118
  1.999710e+00   3.900859e-15   1.122400e-03   2.930260e-18   2160386
  2.003596e+00   3.881883e-15   1.121122e-03   2.912673e-18   2168256
  2.007488e+00   3.852264e-15   1.124409e-03   2.881778e-18   2183306
  2.011378e+00   3.819314e-15   1.120925e-03   2.863991e-18   2184642
  2.015262e+00   3.796776e-15   1.120511e-03   2.847360e-18   2192318
  2.019141e+00   3.775318e-15   1.118713e-03   2.831635e-18   2196066
  2.023031e+00   3.747907e-15   1.127541e-03   2.797392e-18   2220890
  2.026922e+00   3.718376e-15   1.121128e-03   2.785319e-18   2215758
  2.030810e+00   3.699732e-15   1.124804e-03   2.764987e-18   2233988
  2.034697e+00   3.671378e-15   1.118045e-03   2.744815e-18   2231670
  2.038579e+00   3.644895e-15   1.119728e-03   2.724756e-18   2244338
  2.042469e+00   3.619557e-15   1.123477e-03   2.702962e-18   2258610
  2.046358e+00   3.603095e-15   1.121050e-03   2.693576e-18   2260718
  2.050240e+00   3.576674e-15   1.120914e-03   2.672866e-18   2268162
  2.054123e+00   3.562742e-15   1.121571e-03   2.666150e-18   2277494
  2.058008e+00   3.527128e-15   1.123134e-03   2.632294e-18   2288796
  2.061901e+00   3.503039e-15   1.126253e-03   2.614254e-18   2305226
  2.065791e+00   3.484047e-15   1.119672e-03   2.602440e-18   2301630
  2.069679e+00   3.459453e-15   1.123731e-03   2.575981e-18   2319770
  2.073565e+00   3.441788e-15   1.118309e-03   2.572650e-18   2315610
  2.077447e+00   3.424035e-15   1.124236e-03   2.553386e-18   2334662
  2.081332e+00   3.394466e-15   1.120785e-03   2.536360e-18   2335722
  2.085219e+00   3.370335e-15   1.124829e-03   2.508497e-18   2354102
  2.089107e+00   3.355663e-15   1.120313e-03   2.504858e-18   2355156
  2.092998e+00   3.332669e-15   1.124614e-03   2.483944e-18   2374250
  2.096888e+00   3.317110e-15   1.120068e-03   2.477206e-18   2373102
  2.100776e+00   3.297119e-15   1.122758e-03   2.456686e-18   2388194
  2.104658e+00   3.271628e-15   1.116928e-03   2.447545e-18   2383470
  2.108539e+00   3.248207e-15   1.123618e-03   2.416284e-18   2404994
  2.112426e+00   3.230636e-15   1.121916e-03   2.409419e-18   2408538
  2.116308e+00   3.212863e-15   1.121742e-03   2.401416e-18   2417744
  2.120198e+00   3.198152e-15   1.124446e-03   2.383377e-18   2434578
  2.124090e+00   3.171975e-15   1.121710e-03   2.370611e-18   2438414
  2.127979e+00   3.159001e-15   1.122410e-03   2.362444e-18   2448066
  2.131867e+00   3.133299e-15   1.122662e-03   2.340503e-18   2456018
  2.135751e+00   3.120417e-15   1.121406e-03   2.338084e-18   2461230
  2.139636e+00   3.110333e-15   1.122653e-03   2.325350e-18   2474330
  2.143519e+00   3.088654e-15   1.119652e-03   2.311165e-18   2476498
  2.147405e+00   3.069748e-15   1.124366e-03   2.297304e-18   2497240
  2.151298e+00   3.055900e-15   1.122529e-03   2.295204e-18   2502930
  2.155185e+00   3.035468e-15   1.120390e-03   2.276266e-18   2508470
  2.159072e+00   3.022890e-15   1.121001e-03   2.270228e-18   2518482
  2.162961e+00   3.002596e-15   1.123829e-03   2.252116e-18   2532074
  2.166844e+00   2.994022e-15   1.118275e-03   2.256392e-18   2526678
  2.170724e+00   2.977195e-15   1.124045e-03   2.233503e-18   2549018
  2.174611e+00   2.959842e-15   1.120040e-03   2.225759e-18   2551704
  2.178497e+00   2.944274e-15   1.122028e-03   2.218921e-18   2566226
  2.182386e+00   2.929398e-15   1.122230e-03   2.204608e-18   2573898
  2.186278e+00   2.919905e-15   1.124844e-03   2.203918e-18   2589182
  2.190164e+00   2.900443e-15   1.119195e-03   2.199011e-18   2584890
  2.194049e+00   2.880276e-15   1.124371e-03   2.171007e-18   2605190
  2.197936e+00   2.866558e-15   1.121682e-03   2.172907e-18   2606418
  2.201821e+00   2.861863e-15   1.123741e-03   2.169483e-18   2621186
  2.205707e+00   2.849434e-15   1.120704e-03   2.170068e-18   2626608
  2.209592e+00   2.831262e-15   1.119995e-03   2.156559e-18   2636714
  2.213479e+00   2.817655e-15   1.121274e-03   2.143786e-18   2647482
  2.217374e+00   2.806389e-15   1.127022e-03   2.136689e-18   2668382
  2.221265e+00   2.799230e-15   1.120175e-03   2.137623e-18   2660418
  2.225149e+00   2.786036e-15   1.122869e-03   2.124545e-18   2676662
  2.229029e+00   2.773390e-15   1.117920e-03   2.123242e-18   2674210
  2.232911e+00   2.767377e-15   1.123157e-03   2.124305e-18   2697076
  2.236800e+00   2.753646e-15   1.121599e-03   2.116032e-18   2703558
  2.240687e+00   2.733893e-15   1.121191e-03   2.097216e-18   2713250
  2.244572e+00   2.729770e-15   1.119243e-03   2.105357e-18   2717718
  2.248464e+00   2.720509e-15   1.127021e-03   2.096415e-18   2743178
  2.252353e+00   2.702839e-15   1.120305e-03   2.089968e-18   2732730
  2.256238e+00   2.696372e-15   1.126187e-03   2.085527e-18   2758022
  2.260125e+00   2.686769e-15   1.119041e-03   2.088119e-18   2751994
  2.264006e+00   2.677450e-15   1.121171e-03   2.082258e-18   2769052
  2.267895e+00   2.672969e-15   1.122842e-03   2.081807e-18   2783062
  2.271785e+00   2.661844e-15   1.121645e-03   2.073051e-18   2789362
  2.275674e+00   2.648712e-15   1.121981e-03   2.065777e-18   2799582
  2.279564e+00   2.645559e-15   1.123236e-03   2.074703e-18   2811170
  2.283450e+00   2.629637e-15   1.121033e-03   2.065444e-18   2812658
  2.287338e+00   2.623810e-15   1.125793e-03   2.057347e-18   2833302
  2.291222e+00   2.612749e-15   1.118388e-03   2.064783e-18   2827420
  2.295104e+00   2.615769e-15   1.121018e-03   2.068468e-18   2846710
  2.298989e+00   2.595131e-15   1.120692e-03   2.060844e-18   2846535
  2.302873e+00   2.551230e-15   1.122997e-03   2.009988e-18   2848496
  2.306761e+00   2.523416e-15   1.122225e-03   1.984321e-18   2841084
  2.310652e+00   2.487876e-15   1.124928e-03   1.951115e-18   2843480
  2.314540e+00   2.450155e-15   1.120270e-03   1.918807e-18   2826624
  2.318424e+00   2.418889e-15   1.123352e-03   1.886340e-18   2828732
  2.322310e+00   2.387764e-15   1.121451e-03   1.850932e-18   2819296
  2.326197e+00   2.353910e-15   1.122811e-03   1.824558e-18   2819548
  2.330081e+00   2.322897e-15   1.118959e-03   1.794688e-18   2805192
  2.333967e+00   2.289804e-15   1.123463e-03   1.763198e-18   2811104
  2.337856e+00   2.264122e-15   1.121717e-03   1.745962e-18   2800672
  2.341743e+00   2.228101e-15   1.122654e-03   1.712056e-18   2798080
  2.345628e+00   2.200175e-15   1.120248e-03   1.684298e-18   2786976
  2.349516e+00   2.170595e-15   1.123594e-03   1.655839e-18   2791016
  2.353406e+00   2.144982e-15   1.121382e-03   1.634687e-18   2779360
  2.357287e+00   2.115101e-15   1.119573e-03   1.609746e-18   2768644
  2.361169e+00   2.089657e-15   1.122534e-03   1.579514e-18   2771192
  2.365058e+00   2.063588e-15   1.121875e-03   1.561183e-18   2765028
  2.368946e+00   2.035552e-15   1.122751e-03   1.533281e-18   2760864
  2.372840e+00   2.011379e-15   1.125689e-03   1.510979e-18   2761616
  2.376724e+00   1.983530e-15   1.118525e-03   1.498126e-18   2737932
  2.380610e+00   1.958354e-15   1.125904e-03   1.463408e-18   2752280
  2.384498e+00   1.933079e-15   1.118464e-03   1.447425e-18   2728764
  2.388382e+00   1.908743e-15   1.123937e-03   1.424642e-18   2736368
  2.392268e+00   1.885548e-15   1.119459e-03   1.408878e-18   2719952
  2.396155e+00   1.865758e-15   1.124236e-03   1.388661e-18   2727120
  2.400042e+00   1.841034e-15   1.118614e-03   1.371047e-18   2708400
  2.403932e+00   1.815922e-15   1.125719e-03   1.344997e-18   2718536
  2.407818e+00   1.795077e-15   1.118504e-03   1.333414e-18   2694300
  2.411707e+00   1.773262e-15   1.126793e-03   1.307623e-18   2709440
  2.415596e+00   1.752630e-15   1.117787e-03   1.297858e-18   2682108
  2.419475e+00   1.731166e-15   1.121308e-03   1.280015e-18   2684912
  2.423360e+00   1.712762e-15   1.121998e-03   1.263029e-18   2678868
  2.427246e+00   1.690148e-15   1.122668e-03   1.243511e-18   2674772
  2.431135e+00   1.666643e-15   1.123033e-03   1.225010e-18   2670120
  2.435021e+00   1.652649e-15   1.120804e-03   1.217712e-18   2659532
  2.438909e+00   1.627257e-15   1.123713e-03   1.193480e-18   2659704
  2.442801e+00   1.610527e-15   1.124617e-03   1.179856e-18   2654348
  2.446687e+00   1.594764e-15   1.121000e-03   1.168705e-18   2640276
  2.450572e+00   1.576137e-15   1.121992e-03   1.153332e-18   2638700
  2.454457e+00   1.555022e-15   1.120074e-03   1.141082e-18   2628244
  2.458344e+00   1.536165e-15   1.124115e-03   1.118764e-18   2630920
  2.462234e+00   1.518114e-15   1.121877e-03   1.105011e-18   2618904
  2.466118e+00   1.503141e-15   1.120448e-03   1.093211e-18   2610932
  2.470005e+00   1.487539e-15   1.121951e-03   1.082806e-18   2608464
  2.473895e+00   1.464047e-15   1.123139e-03   1.064495e-18   2603708
  2.477779e+00   1.450128e-15   1.119694e-03   1.052340e-18   2588012
  2.481660e+00   1.436061e-15   1.122196e-03   1.042371e-18   2588364
  2.485545e+00   1.420191e-15   1.120384e-03   1.031618e-18   2579076
  2.489430e+00   1.402450e-15   1.121132e-03   1.019794e-18   2574152
  2.493314e+00   1.389135e-15   1.121505e-03   1.009692e-18   2566812
  2.497207e+00   1.370976e-15   1.127061e-03   9.933948e-19   2573732
  2.501098e+00   1.357729e-15   1.119524e-03   9.828103e-19   2550568
  2.504983e+00   1.342786e-15   1.123035e-03   9.700551e-19   2552068
  2.508870e+00   1.325596e-15   1.121138e-03   9.565174e-19   2539620
  2.512757e+00   1.311848e-15   1.124635e-03   9.500522e-19   2540936
  2.516646e+00   1.300388e-15   1.121040e-03   9.415184e-19   2528032
  2.520531e+00   1.284336e-15   1.120365e-03   9.272543e-19   2521480
  2.524419e+00   1.274141e-15   1.122347e-03   9.225267e-19   2517980
  2.528309e+00   1.254487e-15   1.123011e-03   9.050089e-19   2511744
  2.532195e+00   1.245162e-15   1.120855e-03   8.999316e-19   2500140
  2.536081e+00   1.228449e-15   1.121926e-03   8.872629e-19   2496980
  2.539968e+00   1.219115e-15   1.121125e-03   8.817837e-19   2486924
  2.543856e+00   1.202793e-15   1.124762e-03   8.683824e-19   2487000
  2.547743e+00   1.189695e-15   1.120210e-03   8.575550e-19   2469840
  2.551626e+00   1.179229e-15   1.122637e-03   8.495795e-19   2469656
  2.555511e+00   1.166846e-15   1.119469e-03   8.451443e-19   2456844
  2.559401e+00   1.151976e-15   1.125965e-03   8.302838e-19   2462876
  2.563290e+00   1.143352e-15   1.120472e-03   8.279178e-19   2442136
  2.567174e+00   1.128957e-15   1.123165e-03   8.147989e-19   2441944
  2.571061e+00   1.118423e-15   1.120769e-03   8.079369e-19   2430508
  2.574945e+00   1.106556e-15   1.121157e-03   7.999886e-19   2424352
  2.578832e+00   1.096521e-15   1.123693e-03   7.926654e-19   2421264
  2.582722e+00   1.083555e-15   1.122895e-03   7.838576e-19   2413064
  2.586608e+00   1.074148e-15   1.120676e-03   7.768995e-19   2401572
  2.590492e+00   1.062392e-15   1.121724e-03   7.705106e-19   2397284
  2.594379e+00   1.053293e-15   1.121499e-03   7.629577e-19   2388336
  2.598268e+00   1.040474e-15   1.124943e-03   7.541000e-19   2387204
  2.602153e+00   1.029889e-15   1.119280e-03   7.477481e-19   2368644
  2.606033e+00   1.019595e-15   1.120613e-03   7.410115e-19   2365400
  2.609918e+00   1.010648e-15   1.121690e-03   7.339311e-19   2360072
  2.613808e+00   1.000489e-15   1.123660e-03   7.259049e-19   2356464
  2.617696e+00   9.906849e-16   1.121214e-03   7.197541e-19   2343240
  2.621583e+00   9.795146e-16   1.122605e-03   7.108151e-19   2340248
  2.625468e+00   9.715994e-16   1.118824e-03   7.074448e-19   2325000
  2.629355e+00   9.606196e-16   1.124959e-03   6.974700e-19   2328632
  2.633245e+00   9.525095e-16   1.121910e-03   6.946130e-19   2313220
  2.637134e+00   9.428712e-16   1.124095e-03   6.872209e-19   2310772
  2.641020e+00   9.336134e-16   1.119781e-03   6.805781e-19   2295420
  2.644905e+00   9.220980e-16   1.122584e-03   6.720074e-19   2293592
  2.648791e+00   9.143060e-16   1.120952e-03   6.670503e-19   2281384
  2.652683e+00   9.077407e-16   1.126704e-03   6.621503e-19   2285776
  2.656570e+00   8.984304e-16   1.117325e-03   6.579431e-19   2259408
  2.660455e+00   8.890681e-16   1.124314e-03   6.498832e-19   2266808
  2.664344e+00   8.806992e-16   1.120389e-03   6.456941e-19   2248836
  2.668227e+00   8.708079e-16   1.123045e-03   6.386310e-19   2245244
  2.672111e+00   8.647069e-16   1.120801e-03   6.347947e-19   2233908
  2.675998e+00   8.564579e-16   1.122974e-03   6.289081e-19   2231660
  2.679886e+00   8.505573e-16   1.120422e-03   6.260638e-19   2218544
  2.683775e+00   8.407105e-16   1.124792e-03   6.188299e-19   2218176
  2.687664e+00   8.334807e-16   1.121286e-03   6.139081e-19   2202900
  2.691550e+00   8.231334e-16   1.121747e-03   6.079963e-19   2197472
  2.695433e+00   8.165496e-16   1.118354e-03   6.031059e-19   2181960
  2.699317e+00   8.098324e-16   1.124130e-03   5.980659e-19   2183696
  2.703207e+00   8.018264e-16   1.123719e-03   5.922799e-19   2173416
  2.707096e+00   7.953187e-16   1.122917e-03   5.908209e-19   2165444
  2.710982e+00   7.878868e-16   1.119761e-03   5.858147e-19   2152688
  2.714867e+00   7.816436e-16   1.121777e-03   5.809118e-19   2147628
  2.718754e+00   7.733983e-16   1.122335e-03   5.775113e-19   2139012
  2.722646e+00   7.663409e-16   1.125226e-03   5.707100e-19   2136008
  2.726525e+00   7.610031e-16   1.114594e-03   5.705702e-19   2108656
  2.730404e+00   7.533870e-16   1.123744e-03   5.638157e-19   2117896
  2.734296e+00   7.461343e-16   1.123450e-03   5.591394e-19   2106260
  2.738185e+00   7.395918e-16   1.123855e-03   5.552926e-19   2099088
  2.742075e+00   7.331915e-16   1.121974e-03   5.523860e-19   2088432
  2.745961e+00   7.265281e-16   1.120471e-03   5.472060e-19   2078432
  2.749845e+00   7.202718e-16   1.120708e-03   5.440801e-19   2069048
  2.753732e+00   7.143778e-16   1.123831e-03   5.393386e-19   2064804
  2.757623e+00   7.078911e-16   1.123568e-03   5.357921e-19   2055644
  2.761510e+00   7.024884e-16   1.120700e-03   5.334605e-19   2043000
  2.765392e+00   6.951219e-16   1.120067e-03   5.286781e-19   2032348
  2.769281e+00   6.900371e-16   1.126495e-03   5.250997e-19   2034064
  2.773172e+00   6.847253e-16   1.122211e-03   5.210051e-19   2017740
  2.777059e+00   6.786021e-16   1.121480e-03   5.191254e-19   2010188
  2.780942e+00   6.732597e-16   1.118751e-03   5.167044e-19   1996556
  2.784826e+00   6.677993e-16   1.122456e-03   5.119020e-19   1992816
  2.788712e+00   6.628679e-16   1.122411e-03   5.101047e-19   1982400
  2.792596e+00   6.555432e-16   1.121262e-03   5.053663e-19   1972256
  2.796480e+00   6.507006e-16   1.121000e-03   5.020478e-19   1964384
  2.800370e+00   6.450901e-16   1.122889e-03   4.990363e-19   1958544
  2.804258e+00   6.391650e-16   1.122489e-03   4.964348e-19   1946988
  2.808149e+00   6.344211e-16   1.124629e-03   4.928050e-19   1942532
  2.812034e+00   6.288691e-16   1.117383e-03   4.909191e-19   1921692
  2.815918e+00   6.234404e-16   1.123808e-03   4.865557e-19   1924004
  2.819806e+00   6.195025e-16   1.120365e-03   4.840167e-19   1907344
  2.823695e+00   6.132281e-16   1.126069e-03   4.810146e-19   1907440
  2.827583e+00   6.090839e-16   1.118720e-03   4.787243e-19   1886136
  2.831464e+00   6.056237e-16   1.121920e-03   4.782200e-19   1883144
  2.835353e+00   5.991935e-16   1.122753e-03   4.732419e-19   1874724
  2.839243e+00   5.934442e-16   1.123826e-03   4.693700e-19   1866068
  2.843130e+00   5.904881e-16   1.121455e-03   4.680559e-19   1852980
  2.847017e+00   5.845985e-16   1.122782e-03   4.653467e-19   1847468
  2.850900e+00   5.802353e-16   1.117935e-03   4.640186e-19   1829636
  2.854785e+00   5.758016e-16   1.123959e-03   4.606293e-19   1829688
  2.858675e+00   5.728447e-16   1.122789e-03   4.601034e-19   1817192
  2.862561e+00   5.680587e-16   1.121150e-03   4.584171e-19   1806312
  2.866446e+00   5.634271e-16   1.120289e-03   4.552779e-19   1795984
  2.870334e+00   5.580298e-16   1.123627e-03   4.509116e-19   1791100
  2.874224e+00   5.539876e-16   1.122050e-03   4.504344e-19   1777648
  2.878111e+00   5.494209e-16   1.123043e-03   4.474690e-19   1769848
  2.881996e+00   5.467543e-16   1.119995e-03   4.469120e-19   1756536
  2.885881e+00   5.415564e-16   1.121386e-03   4.440647e-19   1748960
  2.889768e+00   5.372503e-16   1.123014e-03   4.427013e-19   1739952
  2.893658e+00   5.327601e-16   1.124239e-03   4.382427e-19   1732124
  2.897544e+00   5.297065e-16   1.120323e-03   4.387083e-19   1716852
  2.901430e+00   5.246222e-16   1.122735e-03   4.364214e-19   1712276
  2.905319e+00   5.217654e-16   1.121222e-03   4.346099e-19   1698500
  2.909208e+00   5.169851e-16   1.125604e-03   4.305039e-19   1693932
  2.913093e+00   5.136449e-16   1.119232e-03   4.306749e-19   1675204
  2.916975e+00   5.102561e-16   1.121771e-03   4.280421e-19   1670644
  2.920858e+00   5.071301e-16   1.118515e-03   4.295412e-19   1655532
  2.924748e+00   5.032101e-16   1.126990e-03   4.252695e-19   1656860
  2.928637e+00   4.983397e-16   1.119840e-03   4.245733e-19   1635372
  2.932524e+00   4.951288e-16   1.124773e-03   4.225036e-19   1634324
  2.936410e+00   4.932971e-16   1.117372e-03   4.238744e-19   1613676
  2.940295e+00   4.879717e-16   1.124617e-03   4.193703e-19   1613348
  2.944183e+00   4.846842e-16   1.120803e-03   4.184008e-19   1596236
  2.948069e+00   4.817218e-16   1.123999e-03   4.165023e-19   1591476
  2.951956e+00   4.781836e-16   1.119134e-03   4.151671e-19   1575732
  2.955838e+00   4.740739e-16   1.120429e-03   4.137682e-19   1566236
  2.959725e+00   4.719400e-16   1.124724e-03   4.125165e-19   1560292
  2.963618e+00   4.671738e-16   1.124442e-03   4.105992e-19   1550092
  2.967503e+00   4.647589e-16   1.118750e-03   4.107058e-19   1532628
  2.971386e+00   4.611479e-16   1.121507e-03   4.085465e-19   1527332
  2.975274e+00   4.584105e-16   1.121884e-03   4.080233e-19   1515212
  2.979160e+00   4.553022e-16   1.123567e-03   4.073780e-19   1506444
  2.983048e+00   4.522262e-16   1.122261e-03   4.046734e-19   1495116
  2.986928e+00   4.487797e-16   1.117074e-03   4.056731e-19   1479152
  2.990812e+00   4.453664e-16   1.122982e-03   4.032333e-19   1475512
  2.994707e+00   4.433474e-16   1.126591e-03   4.021536e-19   1467820
  2.998598e+00   4.408472e-16   1.121923e-03   4.033096e-19   1451256
  3.002486e+00   4.367352e-16   1.122725e-03   4.009026e-19   1443212
  3.006369e+00   4.338580e-16   1.117256e-03   4.014395e-19   1425680
  3.010254e+00   4.315675e-16   1.124371e-03   4.018252e-19   1422972
  3.014143e+00   4.283732e-16   1.123023e-03   3.983519e-19   1408632
  3.018032e+00   4.251812e-16   1.123941e-03   3.978902e-19   1400984
  3.021918e+00   4.225204e-16   1.117887e-03   3.990576e-19   1383196
  3.025801e+00   4.198879e-16   1.123197e-03   3.959762e-19   1378120
  3.029692e+00   4.174762e-16   1.124450e-03   3.972323e-19   1367272
  3.033584e+00   4.147853e-16   1.124457e-03   3.962353e-19   1356580
  3.037464e+00   4.114187e-16   1.115974e-03   3.955891e-19   1337028
  3.041343e+00   4.091363e-16   1.120802e-03   3.967416e-19   1332500
  3.045230e+00   4.066194e-16   1.122780e-03   3.948268e-19   1321796
  3.049120e+00   4.049625e-16   1.124838e-03   3.962826e-19   1312716
  3.053007e+00   4.016848e-16   1.119942e-03   3.955867e-19   1296580
  3.056896e+00   3.982476e-16   1.124221e-03   3.930988e-19   1291528
  3.060783e+00   3.961270e-16   1.119071e-03   3.942633e-19   1273128
  3.064669e+00   3.933384e-16   1.125633e-03   3.925775e-19   1268720
  3.068560e+00   3.905726e-16   1.122309e-03   3.925257e-19   1254016
  3.072444e+00   3.866568e-16   1.119894e-03   3.911428e-19   1241296
  3.076322e+00   3.848689e-16   1.116955e-03   3.914168e-19   1226712
  3.080211e+00   3.838138e-16   1.128188e-03   3.924238e-19   1226228
  3.084105e+00   3.813943e-16   1.122621e-03   3.936968e-19   1207768
  3.087992e+00   3.782792e-16   1.122433e-03   3.924087e-19   1198336
  3.091874e+00   3.749093e-16   1.117108e-03   3.909850e-19   1181484
  3.095761e+00   3.727942e-16   1.125421e-03   3.884614e-19   1178012
  3.099653e+00   3.712957e-16   1.123268e-03   3.934520e-19   1162564
  3.103535e+00   3.677493e-16   1.120338e-03   3.919801e-19   1149340
  3.107418e+00   3.653059e-16   1.119954e-03   3.921363e-19   1138848
  3.111303e+00   3.624005e-16   1.120192e-03   3.904248e-19   1126748
  3.115189e+00   3.611043e-16   1.123911e-03   3.916012e-19   1117428
  3.119084e+00   3.577857e-16   1.126323e-03   3.906093e-19   1108112
  3.122973e+00   3.550443e-16   1.119549e-03   3.920433e-19   1090596
  3.126857e+00   3.519681e-16   1.120292e-03   3.895952e-19   1081052
  3.130738e+00   3.502857e-16   1.118514e-03   3.917554e-19   1065716
  3.134626e+00   3.477945e-16   1.127732e-03   3.915983e-19   1061940
  3.138518e+00   3.455312e-16   1.121370e-03   3.912822e-19   1044096
  3.142404e+00   3.416888e-16   1.122139e-03   3.881829e-19   1034864
  3.146289e+00   3.386983e-16   1.117591e-03   3.891247e-19   1018308
  3.150179e+00   3.371304e-16   1.129200e-03   3.893593e-19   1014812
  3.154072e+00   3.352098e-16   1.121981e-03   3.902559e-19   996288
  3.157955e+00   3.320768e-16   1.120847e-03   3.890473e-19   985376
  3.161835e+00   3.282421e-16   1.115880e-03   3.878109e-19   969652
  3.165722e+00   3.280696e-16   1.125987e-03   3.912391e-19   964924
  3.169610e+00   3.253335e-16   1.121515e-03   3.912156e-19   947228
  3.173495e+00   3.209320e-16   1.123457e-03   3.876755e-19   939084
  3.177381e+00   3.179903e-16   1.116472e-03   3.879085e-19   921864
  3.181265e+00   3.154339e-16   1.123502e-03   3.883828e-19   914252
  3.185159e+00   3.137704e-16   1.126304e-03   3.891277e-19   902572
  3.189050e+00   3.112154e-16   1.123145e-03   3.880958e-19   888784
  3.192932e+00   3.063114e-16   1.116224e-03   3.849897e-19   872540
  3.196811e+00   3.030859e-16   1.120157e-03   3.830162e-19   862848
  3.200697e+00   3.025841e-16   1.124093e-03   3.880847e-19   851760
  3.204592e+00   2.987656e-16   1.127172e-03   3.841195e-19   841940
  3.208479e+00   2.941533e-16   1.117661e-03   3.820794e-19   823032
  3.212364e+00   2.912175e-16   1.123934e-03   3.814604e-19   816044
  3.216253e+00   2.898757e-16   1.120364e-03   3.824518e-19   799292
  3.220140e+00   2.847078e-16   1.126784e-03   3.792637e-19   791304
  3.224026e+00   2.806005e-16   1.117490e-03   3.739571e-19   772868
  3.227902e+00   2.771487e-16   1.119936e-03   3.726183e-19   762552
  3.231787e+00   2.746462e-16   1.121745e-03   3.731680e-19   750876
  3.235677e+00   2.714595e-16   1.123999e-03   3.703482e-19   739280
  3.239565e+00   2.666850e-16   1.121784e-03   3.647653e-19   724944
  3.243456e+00   2.616251e-16   1.124267e-03   3.590297e-19   714380
  3.247336e+00   2.585316e-16   1.116046e-03   3.578266e-19   695932
  3.251222e+00   2.547955e-16   1.126879e-03   3.522760e-19   690949
  3.255114e+00   2.503822e-16   1.118914e-03   3.483104e-19   673638
  3.258999e+00   2.463151e-16   1.124434e-03   3.431858e-19   666092
  3.262883e+00   2.444456e-16   1.117312e-03   3.425022e-19   651024
  3.266766e+00   2.415307e-16   1.124054e-03   3.397931e-19   644804
  3.270656e+00   2.377635e-16   1.121035e-03   3.355947e-19   632676
  3.274546e+00   2.352052e-16   1.125434e-03   3.333114e-19   624962
  3.278430e+00   2.327422e-16   1.118496e-03   3.325315e-19   611280
  3.282321e+00   2.298006e-16   1.127391e-03   3.304099e-19   607256
  3.286211e+00   2.270848e-16   1.118374e-03   3.275301e-19   592616
  3.290095e+00   2.255973e-16   1.124430e-03   3.276937e-19   587160
  3.293983e+00   2.222412e-16   1.120749e-03   3.227865e-19   575482
  3.297866e+00   2.192247e-16   1.122505e-03   3.211531e-19   568258
  3.301757e+00   2.180618e-16   1.122731e-03   3.208185e-19   559638
  3.305647e+00   2.161487e-16   1.123210e-03   3.197766e-19   551498
  3.309536e+00   2.137385e-16   1.121790e-03   3.175501e-19   542364
  3.313423e+00   2.113170e-16   1.122328e-03   3.147337e-19   534146
  3.317305e+00   2.098140e-16   1.119988e-03   3.160650e-19   524980
  3.321196e+00   2.070757e-16   1.125222e-03   3.112865e-19   519964
  3.325077e+00   2.047177e-16   1.115886e-03   3.123346e-19   507108
  3.328962e+00   2.031842e-16   1.126905e-03   3.106425e-19   504992
  3.332852e+00   2.007647e-16   1.118656e-03   3.091483e-19   492948
  3.336740e+00   1.987025e-16   1.127360e-03   3.081741e-19   489740
  3.340629e+00   1.972794e-16   1.117346e-03   3.066267e-19   477716
  3.344511e+00   1.954884e-16   1.124864e-03   3.063276e-19   473844
  3.348399e+00   1.943903e-16   1.119228e-03   3.070334e-19   464222
  3.352284e+00   1.922317e-16   1.123815e-03   3.044995e-19   459048
  3.356167e+00   1.906204e-16   1.117888e-03   3.047797e-19   449574
  3.360054e+00   1.885640e-16   1.125019e-03   3.028510e-19   445820
  3.363936e+00   1.865912e-16   1.116211e-03   3.035666e-19   435158
  3.367827e+00   1.850905e-16   1.127850e-03   2.996384e-19   433566
  3.371713e+00   1.834866e-16   1.114763e-03   3.008758e-19   421014
  3.375597e+00   1.822446e-16   1.127754e-03   3.003329e-19   419996
  3.379490e+00   1.807228e-16   1.118287e-03   2.985340e-19   409482
  3.383368e+00   1.779133e-16   1.121665e-03   2.960914e-19   404414
  3.387257e+00   1.779934e-16   1.122567e-03   2.986501e-19   398518
  3.391148e+00   1.746272e-16   1.123750e-03   2.932291e-19   392302
  3.395033e+00   1.746619e-16   1.121765e-03   2.971812e-19   385318
  3.398930e+00   1.735743e-16   1.127631e-03   2.970609e-19   381718
  3.402811e+00   1.722319e-16   1.114511e-03   2.969584e-19   370674
  3.406696e+00   1.707656e-16   1.128673e-03   2.943555e-19   370166
  3.410587e+00   1.690012e-16   1.117032e-03   2.972299e-19   359838
  3.414471e+00   1.672703e-16   1.126612e-03   2.943421e-19   357488
  3.418356e+00   1.666781e-16   1.115416e-03   2.965543e-19   348174
  3.422239e+00   1.646818e-16   1.126138e-03   2.907598e-19   346010
  3.426123e+00   1.642233e-16   1.115666e-03   2.952463e-19   336966
  3.430017e+00   1.619581e-16   1.131496e-03   2.915057e-19   336488
  3.433906e+00   1.616350e-16   1.113178e-03   2.962665e-19   325206
  3.437790e+00   1.602951e-16   1.128394e-03   2.938812e-19   324614
  3.441675e+00   1.594520e-16   1.113950e-03   2.944780e-19   314792
  3.445561e+00   1.576639e-16   1.129033e-03   2.915319e-19   314082
  3.449445e+00   1.567611e-16   1.112843e-03   2.947666e-19   303918
  3.453329e+00   1.558825e-16   1.130230e-03   2.931831e-19   303872
  3.457223e+00   1.552343e-16   1.118237e-03   2.954082e-19   295070
  3.461110e+00   1.534101e-16   1.127117e-03   2.950898e-19   292776
  3.464999e+00   1.523219e-16   1.118155e-03   2.941985e-19   285198
  3.468882e+00   1.507815e-16   1.124173e-03   2.934803e-19   282068
  3.472770e+00   1.503561e-16   1.120642e-03   2.939608e-19   276094
  3.476654e+00   1.494285e-16   1.121770e-03   2.959280e-19   271936
  3.480537e+00   1.486483e-16   1.119604e-03   2.978904e-19   266352
  3.484425e+00   1.474184e-16   1.124273e-03   2.947613e-19   263198
  3.488309e+00   1.462613e-16   1.117087e-03   2.965244e-19   256540
  3.492199e+00   1.451013e-16   1.128018e-03   2.960339e-19   254758
  3.496085e+00   1.446210e-16   1.114575e-03   2.999342e-19   246888
  3.499973e+00   1.438889e-16   1.129431e-03   2.976906e-19   245984
  3.503859e+00   1.434354e-16   1.113747e-03   3.014485e-19   237838
  3.507743e+00   1.419130e-16   1.128624e-03   3.004708e-19   236932
  3.511628e+00   1.417305e-16   1.114686e-03   3.014798e-19   229296
  3.515519e+00   1.401943e-16   1.132107e-03   3.011716e-19   228968
  3.519410e+00   1.397019e-16   1.115334e-03   3.044486e-19   220862
  3.523299e+00   1.379886e-16   1.132320e-03   2.996204e-19   220440
  3.527188e+00   1.379867e-16   1.113877e-03   3.053186e-19   212400
  3.531075e+00   1.369658e-16   1.132596e-03   3.036178e-19   212228
  3.534965e+00   1.363344e-16   1.113928e-03   3.066956e-19   204518
  3.538852e+00   1.356818e-16   1.130227e-03   3.092555e-19   203928
  3.542735e+00   1.348281e-16   1.110921e-03   3.089060e-19   196280
  3.546619e+00   1.337918e-16   1.130361e-03   3.088165e-19   196272
  3.550503e+00   1.325452e-16   1.110008e-03   3.101584e-19   188572
  3.554385e+00   1.323765e-16   1.129045e-03   3.112402e-19   188440
  3.558272e+00   1.314976e-16   1.112527e-03   3.143774e-19   181574
  3.562156e+00   1.302801e-16   1.129325e-03   3.120497e-19   180912
  3.566042e+00   1.303800e-16   1.112617e-03   3.164709e-19   174304
  3.569927e+00   1.293310e-16   1.129933e-03   3.156103e-19   173620
  3.573814e+00   1.290191e-16   1.114477e-03   3.217145e-19   167424
  3.577707e+00   1.279714e-16   1.132693e-03   3.178785e-19   166952
  3.581590e+00   1.284065e-16   1.109406e-03   3.265939e-19   159744
  3.585479e+00   1.269936e-16   1.134885e-03   3.207935e-19   160424
  3.589363e+00   1.272738e-16   1.107308e-03   3.303823e-19   152748
  3.593250e+00   1.259387e-16   1.136784e-03   3.244075e-19   153920
  3.597136e+00   1.255113e-16   1.105473e-03   3.337312e-19   146016
  3.601018e+00   1.247616e-16   1.136208e-03   3.300579e-19   147176
  3.604907e+00   1.241300e-16   1.107710e-03   3.350327e-19   139992
  3.608791e+00   1.229388e-16   1.135264e-03   3.322448e-19   140588
  3.612682e+00   1.232091e-16   1.111007e-03   3.409181e-19   134184
  3.616571e+00   1.219466e-16   1.134121e-03   3.365543e-19   134192
  3.620457e+00   1.218328e-16   1.110077e-03   3.415829e-19   127992
  3.624344e+00   1.213220e-16   1.133946e-03   3.424455e-19   128132
  3.628235e+00   1.207421e-16   1.112933e-03   3.498623e-19   122384
  3.632120e+00   1.197964e-16   1.130787e-03   3.492242e-19   121896
  3.636006e+00   1.200583e-16   1.111987e-03   3.547316e-19   116592
  3.639888e+00   1.186954e-16   1.130031e-03   3.491739e-19   116072
  3.643776e+00   1.192250e-16   1.113281e-03   3.578861e-19   111196
  3.647666e+00   1.191106e-16   1.133982e-03   3.585163e-19   110824
  3.651553e+00   1.181190e-16   1.109351e-03   3.661061e-19   105456
  3.655445e+00   1.178220e-16   1.137911e-03   3.632894e-19   105746
  3.659331e+00   1.171537e-16   1.104570e-03   3.743323e-19   99816
  3.663217e+00   1.161430e-16   1.137630e-03   3.703874e-19   100460
  3.667098e+00   1.155395e-16   1.103186e-03   3.769507e-19   94616
  3.670986e+00   1.160875e-16   1.138482e-03   3.776031e-19   95448
  3.674871e+00   1.154598e-16   1.104767e-03   3.866535e-19   89784
  3.678762e+00   1.150961e-16   1.138753e-03   3.876483e-19   90536
  3.682640e+00   1.152132e-16   1.098833e-03   3.996623e-19   84566
  3.686528e+00   1.139925e-16   1.143171e-03   3.911583e-19   86088
  3.690411e+00   1.142029e-16   1.094501e-03   4.069758e-19   79680
  3.694290e+00   1.147299e-16   1.143460e-03   4.074621e-19   81368
  3.698177e+00   1.139863e-16   1.096007e-03   4.188053e-19   75356
  3.702056e+00   1.131834e-16   1.143156e-03   4.082192e-19   76704
  3.705948e+00   1.117673e-16   1.100016e-03   4.207260e-19   71322
  3.709834e+00   1.124856e-16   1.143672e-03   4.212524e-19   72248
  3.713724e+00   1.130727e-16   1.099908e-03   4.393751e-19   67160
  3.717610e+00   1.118404e-16   1.141543e-03   4.331330e-19   67836
  3.721489e+00   1.117286e-16   1.096984e-03   4.430218e-19   62976
  3.725379e+00   1.115731e-16   1.144398e-03   4.457726e-19   63914
  3.729253e+00   1.122155e-16   1.092761e-03   4.634983e-19   58832
  3.733144e+00   1.100813e-16   1.147084e-03   4.499033e-19   60108
  3.737017e+00   1.111589e-16   1.090205e-03   4.734658e-19   54920
  3.740928e+00   1.116775e-16   1.160099e-03   4.682961e-19   56970
  3.744809e+00   1.107826e-16   1.078913e-03   4.959357e-19   50760
  3.748701e+00   1.098729e-16   1.161348e-03   4.746799e-19   53312
  3.752584e+00   1.117170e-16   1.074836e-03   5.195968e-19   47164
  3.756472e+00   1.100377e-16   1.163802e-03   4.933816e-19   49810
  3.760356e+00   1.086705e-16   1.069365e-03   5.209404e-19   43680
  3.764234e+00   1.095589e-16   1.164818e-03   5.113451e-19   46328
  3.768129e+00   1.091987e-16   1.073902e-03   5.405026e-19   40694
  3.772013e+00   1.096563e-16   1.167140e-03   5.322754e-19   42984
  3.775913e+00   1.098905e-16   1.073587e-03   5.716740e-19   37656
  3.779787e+00   1.078799e-16   1.164236e-03   5.407806e-19   39578
  3.783688e+00   1.088103e-16   1.077878e-03   5.764517e-19   34920
  3.787564e+00   1.090728e-16   1.160065e-03   5.750950e-19   36308
  3.791451e+00   1.087312e-16   1.076316e-03   6.103568e-19   32136
  3.795334e+00   1.097109e-16   1.159401e-03   6.015165e-19   33362
  3.799207e+00   1.091096e-16   1.069739e-03   6.332185e-19   29336
  3.803104e+00   1.090576e-16   1.167435e-03   6.286108e-19   30804
  3.806966e+00   1.081871e-16   1.055228e-03   6.658488e-19   26490
  3.810870e+00   1.089177e-16   1.176653e-03   6.341444e-19   28376
  3.814719e+00   1.095963e-16   1.039734e-03   7.099649e-19   23784
  3.818636e+00   1.077244e-16   1.189627e-03   6.689312e-19   26150
  3.822479e+00   1.066894e-16   1.021588e-03   7.373866e-19   21192
  3.826407e+00   1.081559e-16   1.204804e-03   7.006119e-19   24050
  3.830252e+00   1.085523e-16   1.002280e-03   7.815189e-19   18768
  3.834191e+00   1.088434e-16   1.221518e-03   7.347407e-19   22052
  3.838029e+00   1.085208e-16   9.660660e-04   8.562832e-19   16346
  3.841962e+00   1.070100e-16   1.236558e-03   7.542258e-19   20136
  3.845802e+00   1.097440e-16   9.274195e-04   9.170002e-19   14160
  3.849721e+00   1.073937e-16   1.247069e-03   7.929033e-19   18218
  3.853565e+00   1.081867e-16   8.859468e-04   9.791605e-19   12204
  3.857470e+00   1.082609e-16   1.256334e-03   8.289674e-19   16346
  3.861333e+00   1.077968e-16   8.562781e-04   1.063746e-18   10536
  3.865221e+00   1.111970e-16   1.261091e-03   9.146851e-19   14456
  3.869081e+00   1.074384e-16   8.165112e-04   1.140148e-18   8990
  3.872967e+00   1.074128e-16   1.270385e-03   9.544783e-19   12744
  3.876815e+00   1.100990e-16   7.482517e-04   1.257150e-18   7506
  3.880703e+00   1.087130e-16   1.282849e-03   1.024059e-18   11192
  3.884545e+00   1.078960e-16   6.569471e-04   1.397173e-18   6156
  3.888432e+00   1.086748e-16   1.294599e-03   1.099167e-18   9722
  3.892281e+00   1.088187e-16   5.567157e-04   1.559002e-18   4992
  3.896158e+00   1.086556e-16   1.304505e-03   1.181105e-18   8306
  3.900025e+00   1.108627e-16   4.384033e-04   1.751157e-18   3996
  3.903878e+00   1.079800e-16   1.309274e-03   1.255566e-18   6938
  3.907766e+00   1.081595e-16   3.047624e-04   1.846444e-18   3168
  3.911584e+00   1.103035e-16   1.304853e-03   1.483671e-18   5624
  3.915485e+00   1.082462e-16   2.103226e-04   2.102404e-18   2502
  3.919286e+00   1.083948e-16   1.297747e-03   1.600132e-18   4424
  3.923208e+00   1.095950e-16   2.230451e-04   2.452141e-18   1946
  3.926998e+00   1.136574e-16   1.292790e-03   2.012231e-18   3360
  3.930918e+00   1.058953e-16   1.221617e-04   2.776678e-18   1446
  3.934708e+00   1.049011e-16   1.290208e-03   2.138444e-18   2456
  3.938666e+00   1.084247e-16   2.340394e-04   3.608381e-18   1034
  3.942432e+00   1.181447e-16   1.288305e-03   2.947456e-18   1680
  3.946383e+00   1.069322e-16   5.837572e-05   3.720903e-18   678
  3.950143e+00   1.171866e-16   1.286681e-03   3.501973e-18   1064
  3.954177e+00   1.090328e-16   3.540138e-04   6.133355e-18   410
  3.957868e+00   1.200899e-16   1.284749e-03   4.997526e-18   576
  3.961879e+00   1.131236e-16   1.855368e-05   7.233580e-18   198
  3.965528e+00   1.099103e-16   1.272780e-03   7.822242e-18   248
  3.969917e+00   1.342315e-16   8.019490e-04   1.559410e-17   74
  3.973198e+00   1.525342e-16   1.252635e-03   1.873484e-17   48
  3.977405e+00   1.298513e-16   5.034095e-08   4.175443e-17   6
