# power spectrum of delta_kessence
# redshift z=0.980340
# k              Pk             sigma(k)       sigma(Pk)      count
  5.727314e-03   2.144891e-08   8.763345e-04   4.171470e-09   18
  1.001182e-02   3.654826e-07   1.059922e-03   5.687629e-08   62
  1.393445e-02   8.692188e-07   7.332271e-04   1.123253e-07   90
  1.764809e-02   2.074495e-06   1.157232e-03   1.423093e-07   170
  2.151286e-02   3.332144e-06   1.202795e-03   1.950890e-07   246
  2.528669e-02   4.876175e-06   1.146703e-03   2.697863e-07   338
  2.901099e-02   7.650291e-06   9.857564e-04   3.838183e-07   432
  3.284683e-02   9.952478e-06   1.010047e-03   4.389210e-07   578
  3.688195e-02   1.197772e-05   1.177086e-03   4.350377e-07   786
  4.101464e-02   1.425879e-05   1.190994e-03   4.623591e-07   974
  4.488954e-02   1.718664e-05   1.031402e-03   5.475555e-07   1002
  4.870958e-02   2.171772e-05   1.179303e-03   5.838125e-07   1334
  5.263577e-02   2.391531e-05   1.134676e-03   6.507516e-07   1458
  5.631027e-02   2.876844e-05   1.072446e-03   7.082852e-07   1604
  6.010158e-02   3.299535e-05   1.088865e-03   7.930440e-07   1974
  6.404851e-02   3.866828e-05   1.067989e-03   8.242844e-07   2234
  6.795611e-02   4.424737e-05   1.092954e-03   9.077899e-07   2490
  7.198483e-02   4.951668e-05   1.200217e-03   9.289776e-07   3014
  7.595394e-02   5.501534e-05   1.093611e-03   1.001515e-06   3018
  7.977896e-02   5.934865e-05   1.131598e-03   1.029161e-06   3446
  8.359600e-02   6.209364e-05   1.085617e-03   1.045041e-06   3626
  8.742004e-02   6.461331e-05   1.125556e-03   1.014236e-06   4164
  9.130612e-02   7.063053e-05   1.090740e-03   1.082520e-06   4470
  9.521636e-02   7.246360e-05   1.115446e-03   1.060703e-06   4970
  9.915211e-02   7.830593e-05   1.127844e-03   1.052887e-06   5366
  1.030785e-01   7.907162e-05   1.144516e-03   1.014376e-06   5778
  1.069619e-01   8.709261e-05   1.149148e-03   1.101818e-06   6162
  1.108671e-01   9.121362e-05   1.158272e-03   1.155055e-06   6734
  1.146806e-01   9.561591e-05   1.074898e-03   1.148366e-06   6756
  1.184510e-01   1.031509e-04   1.088568e-03   1.154105e-06   7502
  1.223464e-01   1.107259e-04   1.105366e-03   1.234436e-06   8154
  1.262469e-01   1.147396e-04   1.103283e-03   1.242432e-06   8618
  1.301909e-01   1.236851e-04   1.146655e-03   1.291903e-06   9390
  1.341197e-01   1.312971e-04   1.126004e-03   1.331121e-06   9722
  1.380051e-01   1.308097e-04   1.126950e-03   1.296793e-06   10242
  1.419007e-01   1.345109e-04   1.149257e-03   1.268705e-06   11006
  1.457777e-01   1.411572e-04   1.106962e-03   1.338398e-06   11348
  1.496576e-01   1.411524e-04   1.105725e-03   1.266584e-06   12150
  1.535164e-01   1.425642e-04   1.078348e-03   1.301840e-06   12498
  1.574072e-01   1.468568e-04   1.129889e-03   1.245242e-06   13586
  1.613096e-01   1.484248e-04   1.132072e-03   1.268266e-06   14006
  1.652381e-01   1.532692e-04   1.166232e-03   1.213310e-06   15162
  1.691226e-01   1.557111e-04   1.101754e-03   1.276907e-06   14990
  1.729750e-01   1.602933e-04   1.143142e-03   1.251727e-06   16380
  1.768610e-01   1.675128e-04   1.105581e-03   1.293134e-06   16666
  1.807168e-01   1.748392e-04   1.110348e-03   1.327884e-06   17638
  1.845996e-01   1.803438e-04   1.100521e-03   1.343647e-06   18354
  1.884710e-01   1.845508e-04   1.102640e-03   1.361484e-06   19034
  1.923685e-01   1.932314e-04   1.144302e-03   1.333109e-06   20270
  1.963174e-01   2.004723e-04   1.155956e-03   1.362069e-06   21258
  2.002141e-01   2.027687e-04   1.111898e-03   1.380469e-06   21350
  2.040863e-01   2.020060e-04   1.123159e-03   1.361902e-06   22644
  2.079681e-01   2.064559e-04   1.101476e-03   1.365445e-06   23114
  2.118390e-01   2.086779e-04   1.118265e-03   1.357541e-06   24342
  2.157382e-01   2.078883e-04   1.117694e-03   1.312322e-06   25194
  2.196235e-01   2.105282e-04   1.116195e-03   1.335323e-06   25982
  2.234724e-01   2.143382e-04   1.109599e-03   1.320860e-06   26506
  2.273806e-01   2.172066e-04   1.167806e-03   1.289588e-06   28738
  2.312750e-01   2.183558e-04   1.110542e-03   1.304976e-06   28296
  2.351662e-01   2.188616e-04   1.143823e-03   1.247256e-06   30554
  2.390501e-01   2.207388e-04   1.084103e-03   1.277108e-06   30094
  2.428824e-01   2.308856e-04   1.109820e-03   1.303302e-06   31738
  2.467836e-01   2.307693e-04   1.134747e-03   1.276365e-06   33306
  2.506613e-01   2.393275e-04   1.104153e-03   1.288282e-06   33422
  2.545365e-01   2.437102e-04   1.131527e-03   1.307092e-06   35298
  2.584714e-01   2.455755e-04   1.143069e-03   1.290591e-06   36650
  2.623670e-01   2.482994e-04   1.115532e-03   1.281048e-06   36888
  2.662651e-01   2.498713e-04   1.131896e-03   1.263260e-06   38834
  2.701697e-01   2.522186e-04   1.107355e-03   1.271231e-06   39246
  2.740453e-01   2.548067e-04   1.111777e-03   1.266937e-06   40466
  2.778984e-01   2.571314e-04   1.108403e-03   1.265484e-06   41106
  2.817847e-01   2.557626e-04   1.145602e-03   1.229714e-06   43598
  2.856833e-01   2.586502e-04   1.116308e-03   1.236477e-06   43650
  2.895471e-01   2.568755e-04   1.120907e-03   1.209752e-06   45272
  2.934575e-01   2.615644e-04   1.131740e-03   1.210735e-06   46994
  2.973636e-01   2.647083e-04   1.124346e-03   1.209568e-06   47850
  3.012447e-01   2.638916e-04   1.115858e-03   1.199141e-06   48846
  3.051030e-01   2.671926e-04   1.105642e-03   1.207223e-06   49706
  3.089532e-01   2.699742e-04   1.113265e-03   1.201343e-06   51198
  3.128464e-01   2.680487e-04   1.134266e-03   1.172779e-06   53402
  3.167281e-01   2.753012e-04   1.111145e-03   1.198853e-06   53634
  3.206428e-01   2.750070e-04   1.143806e-03   1.149639e-06   56888
  3.245618e-01   2.772923e-04   1.106794e-03   1.170843e-06   56474
  3.284581e-01   2.787216e-04   1.130606e-03   1.153652e-06   58962
  3.323510e-01   2.784505e-04   1.114731e-03   1.149647e-06   59214
  3.362265e-01   2.819685e-04   1.127963e-03   1.145978e-06   61250
  3.400938e-01   2.824623e-04   1.110759e-03   1.145564e-06   61694
  3.439480e-01   2.849459e-04   1.120230e-03   1.133920e-06   63618
  3.478512e-01   2.825731e-04   1.140078e-03   1.091942e-06   66284
  3.517691e-01   2.837393e-04   1.123324e-03   1.094929e-06   67014
  3.556494e-01   2.802405e-04   1.113722e-03   1.078047e-06   67930
  3.595371e-01   2.830416e-04   1.127426e-03   1.068737e-06   70294
  3.634200e-01   2.874020e-04   1.114424e-03   1.081085e-06   70658
  3.672742e-01   2.838423e-04   1.121955e-03   1.064907e-06   72522
  3.711539e-01   2.856591e-04   1.125103e-03   1.057872e-06   74550
  3.750359e-01   2.865823e-04   1.112832e-03   1.044176e-06   75674
  3.789191e-01   2.873923e-04   1.116846e-03   1.029725e-06   77708
  3.828461e-01   2.888935e-04   1.136191e-03   1.017430e-06   80622
  3.867545e-01   2.873466e-04   1.112810e-03   1.015486e-06   80330
  3.906423e-01   2.893326e-04   1.128269e-03   1.000788e-06   82974
  3.945313e-01   2.882990e-04   1.118618e-03   9.956804e-07   83666
  3.984084e-01   2.901473e-04   1.126394e-03   9.993328e-07   85746
  4.022765e-01   2.883634e-04   1.118427e-03   9.897717e-07   86702
  4.061542e-01   2.892097e-04   1.126154e-03   9.615184e-07   89556
  4.100569e-01   2.905050e-04   1.118519e-03   9.604243e-07   91038
  4.139484e-01   2.913396e-04   1.117921e-03   9.568366e-07   92522
  4.178268e-01   2.884931e-04   1.119569e-03   9.399061e-07   94034
  4.217415e-01   2.886332e-04   1.145339e-03   9.304741e-07   97758
  4.256173e-01   2.890737e-04   1.103600e-03   9.343064e-07   95770
  4.294627e-01   2.885478e-04   1.123790e-03   9.248400e-07   99646
  4.333400e-01   2.916697e-04   1.115333e-03   9.198775e-07   100980
  4.372362e-01   2.879000e-04   1.127284e-03   8.972949e-07   104258
  4.411386e-01   2.880205e-04   1.114910e-03   8.945178e-07   104998
  4.450377e-01   2.880881e-04   1.124073e-03   8.784942e-07   107866
  4.489311e-01   2.897561e-04   1.113184e-03   8.804595e-07   108154
  4.528161e-01   2.896602e-04   1.135370e-03   8.729801e-07   111622
  4.567076e-01   2.877555e-04   1.122976e-03   8.603783e-07   112146
  4.605727e-01   2.872650e-04   1.119518e-03   8.538344e-07   114014
  4.644440e-01   2.845689e-04   1.115906e-03   8.396354e-07   116220
  4.683319e-01   2.845944e-04   1.119789e-03   8.235258e-07   118682
  4.722291e-01   2.856273e-04   1.126606e-03   8.282315e-07   121118
  4.761348e-01   2.829379e-04   1.124808e-03   8.083429e-07   122994
  4.800157e-01   2.818169e-04   1.114862e-03   8.051567e-07   123574
  4.838959e-01   2.831650e-04   1.131276e-03   8.004440e-07   126922
  4.877763e-01   2.832077e-04   1.124735e-03   7.905197e-07   127906
  4.916481e-01   2.821089e-04   1.121767e-03   7.769142e-07   130432
  4.955333e-01   2.798263e-04   1.114812e-03   7.691340e-07   132642
  4.994186e-01   2.805873e-04   1.110800e-03   7.658922e-07   134534
  5.033164e-01   2.783930e-04   1.124671e-03   7.533660e-07   137778
  5.072392e-01   2.778931e-04   1.135312e-03   7.409188e-07   140786
  5.111285e-01   2.769062e-04   1.110620e-03   7.415977e-07   139590
  5.149976e-01   2.754090e-04   1.125619e-03   7.316286e-07   143546
  5.188865e-01   2.750702e-04   1.125142e-03   7.274248e-07   145338
  5.227635e-01   2.740769e-04   1.120484e-03   7.168973e-07   147272
  5.266520e-01   2.717026e-04   1.122335e-03   7.019694e-07   150330
  5.305485e-01   2.729137e-04   1.118234e-03   7.035609e-07   152318
  5.344262e-01   2.709600e-04   1.111066e-03   6.927971e-07   153202
  5.383243e-01   2.690728e-04   1.138693e-03   6.767356e-07   158626
  5.422165e-01   2.697057e-04   1.116855e-03   6.822424e-07   157350
  5.460935e-01   2.657738e-04   1.131200e-03   6.636901e-07   161906
  5.499589e-01   2.670320e-04   1.105071e-03   6.714234e-07   160872
  5.538418e-01   2.672070e-04   1.133375e-03   6.553097e-07   167858
  5.577463e-01   2.662198e-04   1.114977e-03   6.516856e-07   167514
  5.616201e-01   2.628609e-04   1.113803e-03   6.421462e-07   169862
  5.655108e-01   2.607194e-04   1.124453e-03   6.305498e-07   173602
  5.694083e-01   2.595796e-04   1.123533e-03   6.184793e-07   175258
  5.732959e-01   2.602971e-04   1.127164e-03   6.165967e-07   177654
  5.771897e-01   2.581097e-04   1.130949e-03   6.094257e-07   180698
  5.810773e-01   2.582598e-04   1.119005e-03   6.073752e-07   181968
  5.849616e-01   2.560845e-04   1.118541e-03   5.976276e-07   184850
  5.888448e-01   2.568196e-04   1.119144e-03   5.960165e-07   187034
  5.927421e-01   2.542220e-04   1.129966e-03   5.820623e-07   191238
  5.966308e-01   2.526385e-04   1.116348e-03   5.823429e-07   191042
  6.005065e-01   2.515298e-04   1.126286e-03   5.705401e-07   195102
  6.043812e-01   2.517740e-04   1.117515e-03   5.700911e-07   195786
  6.082630e-01   2.483143e-04   1.131649e-03   5.570561e-07   201164
  6.121481e-01   2.469317e-04   1.112645e-03   5.501227e-07   201070
  6.160242e-01   2.457017e-04   1.118305e-03   5.427087e-07   205234
  6.199111e-01   2.454623e-04   1.116352e-03   5.410924e-07   207342
  6.237987e-01   2.427516e-04   1.121735e-03   5.333646e-07   210602
  6.276909e-01   2.422972e-04   1.124203e-03   5.251817e-07   213130
  6.315953e-01   2.417965e-04   1.133190e-03   5.207383e-07   217318
  6.354807e-01   2.396591e-04   1.113546e-03   5.210307e-07   216306
  6.393491e-01   2.384237e-04   1.119403e-03   5.103052e-07   220652
  6.432430e-01   2.372380e-04   1.124854e-03   5.015196e-07   224502
  6.471454e-01   2.351083e-04   1.125081e-03   4.948618e-07   227186
  6.510345e-01   2.336312e-04   1.118193e-03   4.933441e-07   228398
  6.549165e-01   2.313605e-04   1.122259e-03   4.833692e-07   231642
  6.587972e-01   2.320735e-04   1.122763e-03   4.809869e-07   233946
  6.626908e-01   2.294928e-04   1.132956e-03   4.722688e-07   238694
  6.665707e-01   2.286858e-04   1.114640e-03   4.681909e-07   238068
  6.704525e-01   2.267456e-04   1.124042e-03   4.591689e-07   244190
  6.743498e-01   2.262746e-04   1.116752e-03   4.596976e-07   245362
  6.782313e-01   2.254606e-04   1.120102e-03   4.547898e-07   248362
  6.821206e-01   2.237594e-04   1.124509e-03   4.472883e-07   251966
  6.860099e-01   2.222996e-04   1.120649e-03   4.431750e-07   254034
  6.898855e-01   2.208554e-04   1.117172e-03   4.405764e-07   255818
  6.937781e-01   2.198975e-04   1.132899e-03   4.321196e-07   262254
  6.976722e-01   2.183537e-04   1.116974e-03   4.285439e-07   261980
  7.015718e-01   2.176342e-04   1.129534e-03   4.224354e-07   268566
  7.054538e-01   2.164042e-04   1.104857e-03   4.225084e-07   265538
  7.093286e-01   2.145533e-04   1.128000e-03   4.158407e-07   273330
  7.132165e-01   2.123123e-04   1.121481e-03   4.070315e-07   273718
  7.171069e-01   2.120718e-04   1.132652e-03   4.049467e-07   279658
  7.209986e-01   2.112831e-04   1.120025e-03   4.031803e-07   279670
  7.248700e-01   2.093083e-04   1.119062e-03   3.958379e-07   282964
  7.287608e-01   2.091593e-04   1.126489e-03   3.922895e-07   288362
  7.326540e-01   2.073025e-04   1.118613e-03   3.877550e-07   289686
  7.365333e-01   2.059847e-04   1.116235e-03   3.824093e-07   292234
  7.404015e-01   2.042724e-04   1.112765e-03   3.791077e-07   294190
  7.442845e-01   2.035534e-04   1.127923e-03   3.743220e-07   300642
  7.481851e-01   2.022217e-04   1.128116e-03   3.699845e-07   303386
  7.520700e-01   2.003350e-04   1.119257e-03   3.639965e-07   304662
  7.559583e-01   1.999812e-04   1.122290e-03   3.609335e-07   309812
  7.598513e-01   1.980430e-04   1.117608e-03   3.567518e-07   311714
  7.637547e-01   1.971554e-04   1.130270e-03   3.506706e-07   318126
  7.676398e-01   1.956164e-04   1.111035e-03   3.501372e-07   315114
  7.715118e-01   1.943748e-04   1.127143e-03   3.436961e-07   322622
  7.753932e-01   1.929097e-04   1.117154e-03   3.423473e-07   322850
  7.792787e-01   1.936154e-04   1.131101e-03   3.388943e-07   329802
  7.831716e-01   1.914018e-04   1.123851e-03   3.358614e-07   331104
  7.870696e-01   1.898004e-04   1.127607e-03   3.293084e-07   336986
  7.909587e-01   1.895988e-04   1.111055e-03   3.299445e-07   335870
  7.948355e-01   1.870856e-04   1.120862e-03   3.233983e-07   341610
  7.987215e-01   1.869850e-04   1.121955e-03   3.224760e-07   344370
  8.026031e-01   1.857646e-04   1.122207e-03   3.177783e-07   347606
  8.064886e-01   1.844944e-04   1.124033e-03   3.148534e-07   351650
  8.103706e-01   1.827180e-04   1.118654e-03   3.103092e-07   353760
  8.142669e-01   1.807759e-04   1.129493e-03   3.038105e-07   360970
  8.181738e-01   1.807034e-04   1.123124e-03   3.021297e-07   362818
  8.220521e-01   1.794188e-04   1.110144e-03   3.005546e-07   362334
  8.259414e-01   1.783890e-04   1.129348e-03   2.960993e-07   371642
  8.298275e-01   1.776285e-04   1.114584e-03   2.954344e-07   368778
  8.337006e-01   1.760514e-04   1.128744e-03   2.902039e-07   376526
  8.375857e-01   1.747081e-04   1.121330e-03   2.876728e-07   377786
  8.414675e-01   1.736696e-04   1.123524e-03   2.843622e-07   382968
  8.453573e-01   1.730610e-04   1.120822e-03   2.813798e-07   386146
  8.492503e-01   1.721969e-04   1.124050e-03   2.777783e-07   390826
  8.531392e-01   1.710055e-04   1.119718e-03   2.740294e-07   392662
  8.570302e-01   1.697706e-04   1.125822e-03   2.706138e-07   398242
  8.609051e-01   1.690020e-04   1.111972e-03   2.703243e-07   396726
  8.647781e-01   1.681881e-04   1.124714e-03   2.679195e-07   404738
  8.686664e-01   1.675489e-04   1.122897e-03   2.650144e-07   407628
  8.725545e-01   1.658438e-04   1.121536e-03   2.622582e-07   411734
  8.764395e-01   1.650777e-04   1.117149e-03   2.581461e-07   414242
  8.803359e-01   1.636582e-04   1.126317e-03   2.536887e-07   421434
  8.842333e-01   1.631860e-04   1.120273e-03   2.536815e-07   421918
  8.881244e-01   1.619593e-04   1.128330e-03   2.502910e-07   427810
  8.920157e-01   1.610812e-04   1.123036e-03   2.485636e-07   429470
  8.958948e-01   1.601597e-04   1.119658e-03   2.460044e-07   432282
  8.997746e-01   1.588079e-04   1.122449e-03   2.429992e-07   437260
  9.036583e-01   1.584193e-04   1.120747e-03   2.414279e-07   440758
  9.075489e-01   1.569915e-04   1.124778e-03   2.374618e-07   446370
  9.114474e-01   1.558108e-04   1.123943e-03   2.351564e-07   450182
  9.153288e-01   1.547065e-04   1.115142e-03   2.336478e-07   449850
  9.192089e-01   1.534265e-04   1.127357e-03   2.296816e-07   457898
  9.230929e-01   1.532040e-04   1.119604e-03   2.280214e-07   458662
  9.269737e-01   1.519752e-04   1.121722e-03   2.256359e-07   464620
  9.308545e-01   1.509178e-04   1.114316e-03   2.233121e-07   466302
  9.347441e-01   1.506823e-04   1.124571e-03   2.213457e-07   474314
  9.386369e-01   1.489336e-04   1.120021e-03   2.174260e-07   475530
  9.425348e-01   1.486904e-04   1.129051e-03   2.168914e-07   483206
  9.464328e-01   1.473847e-04   1.121669e-03   2.140215e-07   483530
  9.503142e-01   1.469357e-04   1.121047e-03   2.126442e-07   487002
  9.541966e-01   1.461065e-04   1.124058e-03   2.103803e-07   491774
  9.580774e-01   1.448887e-04   1.120518e-03   2.083270e-07   495084
  9.619601e-01   1.444793e-04   1.119352e-03   2.073701e-07   499438
  9.658473e-01   1.430753e-04   1.122356e-03   2.046992e-07   504682
  9.697357e-01   1.424521e-04   1.121500e-03   2.022912e-07   507738
  9.736321e-01   1.417310e-04   1.130456e-03   2.002872e-07   515174
  9.775214e-01   1.403417e-04   1.119580e-03   1.981374e-07   514234
  9.813957e-01   1.397362e-04   1.119450e-03   1.958543e-07   519022
  9.852705e-01   1.389847e-04   1.117281e-03   1.947772e-07   522636
  9.891535e-01   1.382592e-04   1.121739e-03   1.920486e-07   529442
  9.930474e-01   1.372837e-04   1.122647e-03   1.910983e-07   534078
  9.969375e-01   1.363542e-04   1.118397e-03   1.885874e-07   536666
  1.000817e+00   1.357973e-04   1.116716e-03   1.870448e-07   539142
  1.004715e+00   1.354400e-04   1.134178e-03   1.850758e-07   550658
  1.008615e+00   1.340427e-04   1.121935e-03   1.824737e-07   548298
  1.012495e+00   1.331598e-04   1.123048e-03   1.814239e-07   553694
  1.016374e+00   1.324718e-04   1.116375e-03   1.803594e-07   556116
  1.020264e+00   1.322560e-04   1.125051e-03   1.777087e-07   564890
  1.024148e+00   1.312609e-04   1.116141e-03   1.774540e-07   563718
  1.028036e+00   1.308438e-04   1.128568e-03   1.745540e-07   574298
  1.031929e+00   1.294285e-04   1.120551e-03   1.730472e-07   573966
  1.035814e+00   1.289212e-04   1.126024e-03   1.719243e-07   580586
  1.039699e+00   1.280100e-04   1.122029e-03   1.703660e-07   582666
  1.043587e+00   1.273301e-04   1.125959e-03   1.680305e-07   590648
  1.047474e+00   1.265415e-04   1.114820e-03   1.668290e-07   590394
  1.051350e+00   1.257062e-04   1.116684e-03   1.657785e-07   596174
  1.055234e+00   1.249572e-04   1.120236e-03   1.634013e-07   601674
  1.059126e+00   1.243450e-04   1.125352e-03   1.614610e-07   607682
  1.063019e+00   1.233084e-04   1.124350e-03   1.602148e-07   611166
  1.066910e+00   1.226038e-04   1.124099e-03   1.582863e-07   615626
  1.070791e+00   1.220692e-04   1.119456e-03   1.570793e-07   617290
  1.074678e+00   1.214232e-04   1.126011e-03   1.553934e-07   626344
  1.078566e+00   1.204733e-04   1.117274e-03   1.544011e-07   626658
  1.082451e+00   1.203648e-04   1.122467e-03   1.535248e-07   634022
  1.086331e+00   1.186819e-04   1.116124e-03   1.509064e-07   634554
  1.090218e+00   1.181358e-04   1.128467e-03   1.499405e-07   645026
  1.094107e+00   1.179559e-04   1.122446e-03   1.489382e-07   645102
  1.097993e+00   1.173387e-04   1.126954e-03   1.473964e-07   653018
  1.101879e+00   1.168004e-04   1.119089e-03   1.467023e-07   654384
  1.105770e+00   1.155992e-04   1.123901e-03   1.444403e-07   663194
  1.109660e+00   1.149037e-04   1.117576e-03   1.433434e-07   663834
  1.113540e+00   1.145408e-04   1.118796e-03   1.421182e-07   669158
  1.117424e+00   1.136276e-04   1.120650e-03   1.402779e-07   674490
  1.121304e+00   1.133184e-04   1.118416e-03   1.397923e-07   677222
  1.125193e+00   1.129072e-04   1.128225e-03   1.385340e-07   686874
  1.129092e+00   1.115681e-04   1.126811e-03   1.363831e-07   690722
  1.132980e+00   1.113659e-04   1.118907e-03   1.360777e-07   692008
  1.136871e+00   1.106701e-04   1.124678e-03   1.342702e-07   701386
  1.140761e+00   1.100153e-04   1.117002e-03   1.333831e-07   700778
  1.144643e+00   1.093624e-04   1.123318e-03   1.318381e-07   708774
  1.148529e+00   1.087199e-04   1.121990e-03   1.311011e-07   711690
  1.152418e+00   1.079679e-04   1.126973e-03   1.294317e-07   719606
  1.156298e+00   1.071738e-04   1.116380e-03   1.288930e-07   717762
  1.160181e+00   1.070155e-04   1.127123e-03   1.269910e-07   730460
  1.164073e+00   1.063560e-04   1.119262e-03   1.261464e-07   731070
  1.167968e+00   1.056607e-04   1.125901e-03   1.243697e-07   741170
  1.171853e+00   1.049352e-04   1.112045e-03   1.241529e-07   737094
  1.175730e+00   1.046591e-04   1.122374e-03   1.231355e-07   747698
  1.179618e+00   1.038589e-04   1.122867e-03   1.219681e-07   751658
  1.183501e+00   1.029653e-04   1.121599e-03   1.207773e-07   755574
  1.187383e+00   1.024501e-04   1.122256e-03   1.199180e-07   761442
  1.191279e+00   1.021808e-04   1.126787e-03   1.183215e-07   770816
  1.195171e+00   1.016843e-04   1.117539e-03   1.177349e-07   769274
  1.199064e+00   1.008947e-04   1.129525e-03   1.159133e-07   782130
  1.202947e+00   1.002562e-04   1.112602e-03   1.160509e-07   775230
  1.206825e+00   9.974318e-05   1.126605e-03   1.143339e-07   789866
  1.210710e+00   9.900915e-05   1.118361e-03   1.136707e-07   787914
  1.214592e+00   9.854665e-05   1.128225e-03   1.122788e-07   799598
  1.218486e+00   9.817633e-05   1.124161e-03   1.117668e-07   802980
  1.222371e+00   9.743084e-05   1.117789e-03   1.103742e-07   805622
  1.226254e+00   9.704937e-05   1.119738e-03   1.096076e-07   812050
  1.230147e+00   9.633795e-05   1.126034e-03   1.082821e-07   820954
  1.234035e+00   9.607496e-05   1.118780e-03   1.080023e-07   820062
  1.237911e+00   9.539442e-05   1.119897e-03   1.071110e-07   826298
  1.241794e+00   9.501821e-05   1.121814e-03   1.060233e-07   833118
  1.245672e+00   9.424528e-05   1.117137e-03   1.049298e-07   834812
  1.249560e+00   9.367700e-05   1.126815e-03   1.036197e-07   847858
  1.253469e+00   9.321899e-05   1.127442e-03   1.027781e-07   854278
  1.257361e+00   9.272115e-05   1.116253e-03   1.023365e-07   850978
  1.261241e+00   9.206386e-05   1.121687e-03   1.009906e-07   859186
  1.265131e+00   9.181260e-05   1.127494e-03   1.004969e-07   867126
  1.269018e+00   9.110504e-05   1.121886e-03   9.943050e-08   868274
  1.272897e+00   9.049219e-05   1.120976e-03   9.863678e-08   873606
  1.276776e+00   9.033870e-05   1.119398e-03   9.821510e-08   879284
  1.280663e+00   8.959341e-05   1.122355e-03   9.688663e-08   887170
  1.284564e+00   8.932764e-05   1.128693e-03   9.617618e-08   897526
  1.288458e+00   8.870524e-05   1.117587e-03   9.561589e-08   894258
  1.292341e+00   8.826533e-05   1.122714e-03   9.457772e-08   903374
  1.296223e+00   8.790098e-05   1.118323e-03   9.460529e-08   904338
  1.300103e+00   8.726863e-05   1.123719e-03   9.306791e-08   913586
  1.303982e+00   8.673001e-05   1.118150e-03   9.245527e-08   915416
  1.307871e+00   8.610471e-05   1.124217e-03   9.123997e-08   928122
  1.311759e+00   8.558525e-05   1.115167e-03   9.071990e-08   926094
  1.315654e+00   8.516973e-05   1.130093e-03   8.970747e-08   942890
  1.319549e+00   8.471882e-05   1.118827e-03   8.920979e-08   937266
  1.323433e+00   8.427715e-05   1.126506e-03   8.833411e-08   948854
  1.327319e+00   8.369032e-05   1.120121e-03   8.760573e-08   948714
  1.331197e+00   8.354376e-05   1.122687e-03   8.712034e-08   956186
  1.335082e+00   8.268893e-05   1.124444e-03   8.578973e-08   964272
  1.338973e+00   8.241150e-05   1.121587e-03   8.535545e-08   969458
  1.342859e+00   8.225787e-05   1.118296e-03   8.524924e-08   972750
  1.346749e+00   8.146881e-05   1.124460e-03   8.391386e-08   982706
  1.350635e+00   8.117850e-05   1.119858e-03   8.369542e-08   982906
  1.354527e+00   8.065611e-05   1.129306e-03   8.264106e-08   996622
  1.358414e+00   8.009769e-05   1.117989e-03   8.212988e-08   992378
  1.362284e+00   7.986810e-05   1.117150e-03   8.170950e-08   999000
  1.366168e+00   7.914334e-05   1.122014e-03   8.029319e-08   1010114
  1.370061e+00   7.894475e-05   1.121750e-03   8.008932e-08   1015722
  1.373948e+00   7.826826e-05   1.119290e-03   7.921168e-08   1018742
  1.377843e+00   7.804805e-05   1.127371e-03   7.856418e-08   1031250
  1.381733e+00   7.755486e-05   1.118461e-03   7.824893e-08   1027226
  1.385615e+00   7.701028e-05   1.126435e-03   7.722928e-08   1039734
  1.389500e+00   7.669163e-05   1.120654e-03   7.686676e-08   1039914
  1.393382e+00   7.617439e-05   1.123683e-03   7.589904e-08   1050272
  1.397267e+00   7.589461e-05   1.117473e-03   7.582094e-08   1052306
  1.401154e+00   7.540897e-05   1.122308e-03   7.489760e-08   1062666
  1.405045e+00   7.502132e-05   1.122401e-03   7.434360e-08   1067262
  1.408935e+00   7.459169e-05   1.123952e-03   7.351800e-08   1073906
  1.412823e+00   7.420755e-05   1.122463e-03   7.328132e-08   1078190
  1.416712e+00   7.388056e-05   1.124033e-03   7.240880e-08   1085634
  1.420592e+00   7.357874e-05   1.117456e-03   7.250800e-08   1085508
  1.424480e+00   7.315490e-05   1.126594e-03   7.138793e-08   1101926
  1.428369e+00   7.271536e-05   1.116061e-03   7.110336e-08   1098322
  1.432252e+00   7.211298e-05   1.121199e-03   7.019297e-08   1109878
  1.436144e+00   7.181079e-05   1.122554e-03   6.946554e-08   1115338
  1.440035e+00   7.139137e-05   1.125793e-03   6.885146e-08   1122586
  1.443924e+00   7.091539e-05   1.123292e-03   6.857176e-08   1125862
  1.447810e+00   7.079944e-05   1.122976e-03   6.833191e-08   1132498
  1.451691e+00   7.015687e-05   1.119415e-03   6.736088e-08   1135444
  1.455573e+00   6.990776e-05   1.122581e-03   6.697081e-08   1145374
  1.459464e+00   6.959585e-05   1.123383e-03   6.648383e-08   1152698
  1.463354e+00   6.914241e-05   1.121349e-03   6.618389e-08   1157046
  1.467236e+00   6.875647e-05   1.119148e-03   6.539564e-08   1160226
  1.471127e+00   6.827585e-05   1.127743e-03   6.469546e-08   1174346
  1.475014e+00   6.798482e-05   1.119897e-03   6.453197e-08   1171462
  1.478897e+00   6.758479e-05   1.124033e-03   6.376385e-08   1183828
  1.482778e+00   6.722803e-05   1.114458e-03   6.349060e-08   1181822
  1.486657e+00   6.680508e-05   1.120779e-03   6.276061e-08   1194930
  1.490547e+00   6.668524e-05   1.122593e-03   6.252121e-08   1202010
  1.494437e+00   6.617004e-05   1.122115e-03   6.183460e-08   1207166
  1.498326e+00   6.572450e-05   1.123291e-03   6.125958e-08   1214106
  1.502209e+00   6.548164e-05   1.118748e-03   6.095116e-08   1215302
  1.506095e+00   6.513281e-05   1.126666e-03   6.033390e-08   1229274
  1.509994e+00   6.465747e-05   1.126873e-03   5.981992e-08   1236164
  1.513882e+00   6.448013e-05   1.118916e-03   5.981308e-08   1235326
  1.517764e+00   6.397386e-05   1.120265e-03   5.899879e-08   1244026
  1.521647e+00   6.357598e-05   1.120382e-03   5.856783e-08   1249154
  1.525536e+00   6.338332e-05   1.126025e-03   5.804259e-08   1260558
  1.529421e+00   6.300292e-05   1.119984e-03   5.771355e-08   1260394
  1.533310e+00   6.264394e-05   1.125848e-03   5.705433e-08   1274758
  1.537193e+00   6.217637e-05   1.115594e-03   5.678158e-08   1270188
  1.541083e+00   6.188524e-05   1.128008e-03   5.622670e-08   1291202
  1.544971e+00   6.173256e-05   1.115149e-03   5.619631e-08   1282654
  1.548850e+00   6.129671e-05   1.122198e-03   5.540760e-08   1298242
  1.552739e+00   6.102935e-05   1.120395e-03   5.512105e-08   1301774
  1.556625e+00   6.067283e-05   1.123165e-03   5.460009e-08   1309770
  1.560512e+00   6.031850e-05   1.123502e-03   5.436465e-08   1315714
  1.564403e+00   6.014714e-05   1.124924e-03   5.391265e-08   1325110
  1.568290e+00   5.961992e-05   1.118940e-03   5.341114e-08   1326012
  1.572174e+00   5.933685e-05   1.122090e-03   5.302089e-08   1336154
  1.576069e+00   5.906793e-05   1.126474e-03   5.254967e-08   1347334
  1.579958e+00   5.875096e-05   1.119782e-03   5.238241e-08   1345354
  1.583833e+00   5.846715e-05   1.119555e-03   5.188957e-08   1350998
  1.587719e+00   5.794675e-05   1.125829e-03   5.117724e-08   1365546
  1.591609e+00   5.778981e-05   1.122088e-03   5.101175e-08   1367474
  1.595497e+00   5.746873e-05   1.123693e-03   5.057132e-08   1377984
  1.599384e+00   5.713167e-05   1.118321e-03   5.036992e-08   1379394
  1.603272e+00   5.702179e-05   1.123056e-03   4.998894e-08   1392230
  1.607160e+00   5.663699e-05   1.118740e-03   4.957660e-08   1392634
  1.611042e+00   5.622350e-05   1.122441e-03   4.910761e-08   1402666
  1.614928e+00   5.594280e-05   1.122269e-03   4.879960e-08   1408502
  1.618814e+00   5.557003e-05   1.122041e-03   4.827473e-08   1415418
  1.622692e+00   5.539754e-05   1.117068e-03   4.824699e-08   1416856
  1.626588e+00   5.513922e-05   1.130843e-03   4.753102e-08   1442002
  1.630485e+00   5.477033e-05   1.117858e-03   4.728660e-08   1431634
  1.634367e+00   5.452320e-05   1.122585e-03   4.708636e-08   1444606
  1.638250e+00   5.421292e-05   1.118765e-03   4.661176e-08   1445890
  1.642138e+00   5.400562e-05   1.126997e-03   4.623371e-08   1462210
  1.646026e+00   5.362308e-05   1.120901e-03   4.598388e-08   1459590
  1.649907e+00   5.329008e-05   1.123856e-03   4.552342e-08   1471226
  1.653797e+00   5.314968e-05   1.123379e-03   4.536340e-08   1480072
  1.657690e+00   5.284783e-05   1.121364e-03   4.505655e-08   1486594
  1.661576e+00   5.266510e-05   1.118520e-03   4.487052e-08   1488882
  1.665461e+00   5.219704e-05   1.123128e-03   4.421648e-08   1500854
  1.669353e+00   5.194167e-05   1.123083e-03   4.402256e-08   1506874
  1.673232e+00   5.174068e-05   1.117624e-03   4.371456e-08   1506094
  1.677111e+00   5.144556e-05   1.122855e-03   4.329952e-08   1519682
  1.680997e+00   5.110900e-05   1.122626e-03   4.301330e-08   1526724
  1.684890e+00   5.085847e-05   1.125240e-03   4.271764e-08   1539038
  1.688782e+00   5.055827e-05   1.119859e-03   4.235940e-08   1539810
  1.692664e+00   5.042774e-05   1.119007e-03   4.219229e-08   1545046
  1.696554e+00   5.004021e-05   1.126236e-03   4.174211e-08   1560538
  1.700441e+00   4.974777e-05   1.120507e-03   4.154136e-08   1557506
  1.704322e+00   4.957546e-05   1.124114e-03   4.125357e-08   1570062
  1.708203e+00   4.925051e-05   1.119253e-03   4.099612e-08   1571290
  1.712089e+00   4.925383e-05   1.124856e-03   4.074900e-08   1588228
  1.715982e+00   4.883465e-05   1.121250e-03   4.041476e-08   1591046
  1.719873e+00   4.850299e-05   1.123715e-03   3.989671e-08   1602474
  1.723761e+00   4.836831e-05   1.118014e-03   3.994320e-08   1601646
  1.727642e+00   4.805568e-05   1.120550e-03   3.962519e-08   1611266
  1.731523e+00   4.777128e-05   1.120678e-03   3.926374e-08   1616634
  1.735410e+00   4.751383e-05   1.126166e-03   3.891230e-08   1631366
  1.739297e+00   4.727222e-05   1.119655e-03   3.869375e-08   1631028
  1.743180e+00   4.709251e-05   1.119854e-03   3.852881e-08   1641446
  1.747073e+00   4.680785e-05   1.124208e-03   3.809280e-08   1654234
  1.750973e+00   4.652536e-05   1.126198e-03   3.777234e-08   1662874
  1.754858e+00   4.633439e-05   1.117471e-03   3.773361e-08   1656686
  1.758736e+00   4.614449e-05   1.122008e-03   3.742952e-08   1670898
  1.762622e+00   4.586010e-05   1.123056e-03   3.715622e-08   1678074
  1.766507e+00   4.561355e-05   1.123311e-03   3.685754e-08   1685198
  1.770393e+00   4.541807e-05   1.122996e-03   3.664756e-08   1694524
  1.774282e+00   4.520172e-05   1.120709e-03   3.637359e-08   1701334
  1.778171e+00   4.490464e-05   1.120908e-03   3.613748e-08   1709386
  1.782064e+00   4.477011e-05   1.123720e-03   3.593686e-08   1719994
  1.785953e+00   4.458394e-05   1.121006e-03   3.576376e-08   1721510
  1.789842e+00   4.428602e-05   1.124974e-03   3.548064e-08   1734978
  1.793722e+00   4.409236e-05   1.116124e-03   3.531155e-08   1728646
  1.797599e+00   4.379021e-05   1.122713e-03   3.488158e-08   1746868
  1.801486e+00   4.361816e-05   1.121127e-03   3.480433e-08   1752922
  1.805380e+00   4.341988e-05   1.125234e-03   3.450168e-08   1767862
  1.809271e+00   4.316785e-05   1.119301e-03   3.431970e-08   1765698
  1.813160e+00   4.294595e-05   1.125035e-03   3.398791e-08   1781270
  1.817049e+00   4.277221e-05   1.121176e-03   3.392267e-08   1780650
  1.820932e+00   4.248365e-05   1.124142e-03   3.364987e-08   1792418
  1.824813e+00   4.230964e-05   1.119388e-03   3.339453e-08   1792790
  1.828696e+00   4.206325e-05   1.123591e-03   3.314444e-08   1809852
  1.832585e+00   4.196382e-05   1.120140e-03   3.304897e-08   1812666
  1.836475e+00   4.174432e-05   1.124777e-03   3.268114e-08   1827614
  1.840367e+00   4.150816e-05   1.121640e-03   3.258771e-08   1829970
  1.844251e+00   4.125211e-05   1.120370e-03   3.231273e-08   1835030
  1.848131e+00   4.111652e-05   1.119790e-03   3.223959e-08   1841410
  1.852017e+00   4.080738e-05   1.124723e-03   3.185019e-08   1856626
  1.855900e+00   4.074228e-05   1.118305e-03   3.183054e-08   1854656
  1.859782e+00   4.056654e-05   1.121720e-03   3.155396e-08   1870698
  1.863671e+00   4.033414e-05   1.120553e-03   3.147304e-08   1876998
  1.867559e+00   4.012259e-05   1.120979e-03   3.115246e-08   1884458
  1.871445e+00   3.994792e-05   1.122381e-03   3.094170e-08   1891730
  1.875338e+00   3.975256e-05   1.127317e-03   3.070414e-08   1907574
  1.879232e+00   3.963827e-05   1.122851e-03   3.068470e-08   1907730
  1.883115e+00   3.934359e-05   1.120697e-03   3.042419e-08   1912154
  1.886997e+00   3.917315e-05   1.121764e-03   3.020038e-08   1923216
  1.890888e+00   3.898503e-05   1.124326e-03   3.004915e-08   1936562
  1.894776e+00   3.887198e-05   1.119734e-03   2.999726e-08   1936862
  1.898663e+00   3.860688e-05   1.122747e-03   2.965261e-08   1950114
  1.902549e+00   3.844133e-05   1.121089e-03   2.947219e-08   1953306
  1.906439e+00   3.828845e-05   1.125982e-03   2.936079e-08   1968806
  1.910327e+00   3.806652e-05   1.121186e-03   2.916613e-08   1968818
  1.914211e+00   3.791182e-05   1.121720e-03   2.904475e-08   1980624
  1.918097e+00   3.778351e-05   1.118800e-03   2.889306e-08   1985034
  1.921980e+00   3.750106e-05   1.120281e-03   2.866652e-08   1995242
  1.925870e+00   3.737742e-05   1.123830e-03   2.842858e-08   2007742
  1.929759e+00   3.718043e-05   1.121495e-03   2.834707e-08   2010538
  1.933641e+00   3.707938e-05   1.121298e-03   2.821760e-08   2017390
  1.937531e+00   3.678919e-05   1.126602e-03   2.787514e-08   2034346
  1.941413e+00   3.671224e-05   1.117450e-03   2.790189e-08   2025498
  1.945299e+00   3.653341e-05   1.127850e-03   2.764149e-08   2055248
  1.949189e+00   3.639727e-05   1.116586e-03   2.760150e-08   2045090
  1.953070e+00   3.622561e-05   1.121603e-03   2.740145e-08   2062074
  1.956959e+00   3.600603e-05   1.122727e-03   2.719862e-08   2070190
  1.960848e+00   3.586329e-05   1.123891e-03   2.710568e-08   2079226
  1.964734e+00   3.573143e-05   1.122069e-03   2.699409e-08   2083990
  1.968623e+00   3.556739e-05   1.124515e-03   2.678798e-08   2097898
  1.972507e+00   3.544279e-05   1.118548e-03   2.668415e-08   2095452
  1.976394e+00   3.524509e-05   1.124843e-03   2.649542e-08   2117390
  1.980286e+00   3.513691e-05   1.119656e-03   2.643644e-08   2117066
  1.984162e+00   3.503877e-05   1.115140e-03   2.636073e-08   2117238
  1.988045e+00   3.486937e-05   1.124414e-03   2.611813e-08   2140026
  1.991938e+00   3.464144e-05   1.125139e-03   2.596522e-08   2147234
  1.995825e+00   3.438910e-05   1.122378e-03   2.576117e-08   2150118
  1.999710e+00   3.436883e-05   1.122400e-03   2.577246e-08   2160386
  2.003596e+00   3.427174e-05   1.121122e-03   2.565008e-08   2168256
  2.007488e+00   3.411863e-05   1.124409e-03   2.549968e-08   2183306
  2.011378e+00   3.396785e-05   1.120925e-03   2.541052e-08   2184642
  2.015262e+00   3.385221e-05   1.120511e-03   2.534712e-08   2192318
  2.019141e+00   3.367028e-05   1.118713e-03   2.513082e-08   2196066
  2.023031e+00   3.356756e-05   1.127541e-03   2.498137e-08   2220890
  2.026922e+00   3.336436e-05   1.121128e-03   2.487626e-08   2215758
  2.030810e+00   3.325919e-05   1.124804e-03   2.475482e-08   2233988
  2.034697e+00   3.309214e-05   1.118045e-03   2.471327e-08   2231670
  2.038579e+00   3.300185e-05   1.119728e-03   2.453820e-08   2244338
  2.042469e+00   3.284083e-05   1.123477e-03   2.439906e-08   2258610
  2.046358e+00   3.268019e-05   1.121050e-03   2.428669e-08   2260718
  2.050240e+00   3.252170e-05   1.120914e-03   2.416806e-08   2268162
  2.054123e+00   3.245426e-05   1.121571e-03   2.413749e-08   2277494
  2.058008e+00   3.227837e-05   1.123134e-03   2.393977e-08   2288796
  2.061901e+00   3.223173e-05   1.126253e-03   2.382134e-08   2305226
  2.065791e+00   3.215268e-05   1.119672e-03   2.394581e-08   2301630
  2.069679e+00   3.202458e-05   1.123731e-03   2.375823e-08   2319770
  2.073565e+00   3.184040e-05   1.118309e-03   2.371839e-08   2315610
  2.077447e+00   3.171261e-05   1.124236e-03   2.353929e-08   2334662
  2.081332e+00   3.161554e-05   1.120785e-03   2.347862e-08   2335722
  2.085219e+00   3.149830e-05   1.124829e-03   2.330349e-08   2354102
  2.089107e+00   3.141841e-05   1.120313e-03   2.329956e-08   2355156
  2.092998e+00   3.130874e-05   1.124614e-03   2.317063e-08   2374250
  2.096888e+00   3.117284e-05   1.120068e-03   2.310806e-08   2373102
  2.100776e+00   3.100656e-05   1.122758e-03   2.287148e-08   2388194
  2.104658e+00   3.091614e-05   1.116928e-03   2.290147e-08   2383470
  2.108539e+00   3.080087e-05   1.123618e-03   2.275375e-08   2404994
  2.112426e+00   3.068670e-05   1.121916e-03   2.269485e-08   2408538
  2.116308e+00   3.061196e-05   1.121742e-03   2.274963e-08   2417744
  2.120198e+00   3.053190e-05   1.124446e-03   2.259689e-08   2434578
  2.124090e+00   3.039860e-05   1.121710e-03   2.248557e-08   2438414
  2.127979e+00   3.033789e-05   1.122410e-03   2.238252e-08   2448066
  2.131867e+00   3.017472e-05   1.122662e-03   2.238215e-08   2456018
  2.135751e+00   3.007654e-05   1.121406e-03   2.222739e-08   2461230
  2.139636e+00   2.992708e-05   1.122653e-03   2.214785e-08   2474330
  2.143519e+00   2.992864e-05   1.119652e-03   2.223831e-08   2476498
  2.147405e+00   2.981565e-05   1.124366e-03   2.206683e-08   2497240
  2.151298e+00   2.975074e-05   1.122529e-03   2.202608e-08   2502930
  2.155185e+00   2.962382e-05   1.120390e-03   2.199889e-08   2508470
  2.159072e+00   2.959605e-05   1.121001e-03   2.195780e-08   2518482
  2.162961e+00   2.947239e-05   1.123829e-03   2.185834e-08   2532074
  2.166844e+00   2.939557e-05   1.118275e-03   2.189330e-08   2526678
  2.170724e+00   2.930265e-05   1.124045e-03   2.171788e-08   2549018
  2.174611e+00   2.918885e-05   1.120040e-03   2.171470e-08   2551704
  2.178497e+00   2.913755e-05   1.122028e-03   2.169836e-08   2566226
  2.182386e+00   2.904330e-05   1.122230e-03   2.158089e-08   2573898
  2.186278e+00   2.892139e-05   1.124844e-03   2.153388e-08   2589182
  2.190164e+00   2.883607e-05   1.119195e-03   2.150759e-08   2584890
  2.194049e+00   2.884053e-05   1.124371e-03   2.149582e-08   2605190
  2.197936e+00   2.867619e-05   1.121682e-03   2.144097e-08   2606418
  2.201821e+00   2.866474e-05   1.123741e-03   2.141040e-08   2621186
  2.205707e+00   2.859548e-05   1.120704e-03   2.142694e-08   2626608
  2.209592e+00   2.854013e-05   1.119995e-03   2.135628e-08   2636714
  2.213479e+00   2.835225e-05   1.121274e-03   2.115979e-08   2647482
  2.217374e+00   2.830888e-05   1.127022e-03   2.118933e-08   2668382
  2.221265e+00   2.823169e-05   1.120175e-03   2.119277e-08   2660418
  2.225149e+00   2.820752e-05   1.122869e-03   2.120613e-08   2676662
  2.229029e+00   2.816688e-05   1.117920e-03   2.118945e-08   2674210
  2.232911e+00   2.808198e-05   1.123157e-03   2.107084e-08   2697076
  2.236800e+00   2.806849e-05   1.121599e-03   2.115631e-08   2703558
  2.240687e+00   2.800932e-05   1.121191e-03   2.109342e-08   2713250
  2.244572e+00   2.784392e-05   1.119243e-03   2.099063e-08   2717718
  2.248464e+00   2.785332e-05   1.127021e-03   2.094367e-08   2743178
  2.252353e+00   2.775979e-05   1.120305e-03   2.096765e-08   2732730
  2.256238e+00   2.770934e-05   1.126187e-03   2.088237e-08   2758022
  2.260125e+00   2.772113e-05   1.119041e-03   2.109084e-08   2751994
  2.264006e+00   2.764219e-05   1.121171e-03   2.093077e-08   2769052
  2.267895e+00   2.757121e-05   1.122842e-03   2.087717e-08   2783062
  2.271785e+00   2.749457e-05   1.121645e-03   2.086931e-08   2789362
  2.275674e+00   2.746776e-05   1.121981e-03   2.090079e-08   2799582
  2.279564e+00   2.745061e-05   1.123236e-03   2.091637e-08   2811170
  2.283450e+00   2.740151e-05   1.121033e-03   2.093763e-08   2812658
  2.287338e+00   2.732903e-05   1.125793e-03   2.092650e-08   2833302
  2.291222e+00   2.724668e-05   1.118388e-03   2.086533e-08   2827420
  2.295104e+00   2.728452e-05   1.121018e-03   2.095528e-08   2846710
  2.298989e+00   2.711938e-05   1.120692e-03   2.074537e-08   2846535
  2.302873e+00   2.675731e-05   1.122997e-03   2.036775e-08   2848496
  2.306761e+00   2.644733e-05   1.122225e-03   2.001561e-08   2841084
  2.310652e+00   2.617755e-05   1.124928e-03   1.974080e-08   2843480
  2.314540e+00   2.580483e-05   1.120270e-03   1.949218e-08   2826624
  2.318424e+00   2.559523e-05   1.123352e-03   1.922171e-08   2828732
  2.322310e+00   2.523989e-05   1.121451e-03   1.883240e-08   2819296
  2.326197e+00   2.493764e-05   1.122811e-03   1.857225e-08   2819548
  2.330081e+00   2.469344e-05   1.118959e-03   1.830765e-08   2805192
  2.333967e+00   2.436864e-05   1.123463e-03   1.799500e-08   2811104
  2.337856e+00   2.413859e-05   1.121717e-03   1.775860e-08   2800672
  2.341743e+00   2.386741e-05   1.122654e-03   1.752262e-08   2798080
  2.345628e+00   2.359156e-05   1.120248e-03   1.728068e-08   2786976
  2.349516e+00   2.332448e-05   1.123594e-03   1.700109e-08   2791016
  2.353406e+00   2.309122e-05   1.121382e-03   1.678349e-08   2779360
  2.357287e+00   2.285166e-05   1.119573e-03   1.659061e-08   2768644
  2.361169e+00   2.264277e-05   1.122534e-03   1.636808e-08   2771192
  2.365058e+00   2.239360e-05   1.121875e-03   1.618223e-08   2765028
  2.368946e+00   2.215046e-05   1.122751e-03   1.595694e-08   2760864
  2.372840e+00   2.194935e-05   1.125689e-03   1.576760e-08   2761616
  2.376724e+00   2.175739e-05   1.118525e-03   1.568012e-08   2737932
  2.380610e+00   2.156657e-05   1.125904e-03   1.545811e-08   2752280
  2.384498e+00   2.129196e-05   1.118464e-03   1.524137e-08   2728764
  2.388382e+00   2.108355e-05   1.123937e-03   1.502398e-08   2736368
  2.392268e+00   2.085595e-05   1.119459e-03   1.488344e-08   2719952
  2.396155e+00   2.066428e-05   1.124236e-03   1.469611e-08   2727120
  2.400042e+00   2.049224e-05   1.118614e-03   1.458958e-08   2708400
  2.403932e+00   2.026647e-05   1.125719e-03   1.434593e-08   2718536
  2.407818e+00   2.010207e-05   1.118504e-03   1.428368e-08   2694300
  2.411707e+00   1.990702e-05   1.126793e-03   1.404448e-08   2709440
  2.415596e+00   1.973695e-05   1.117787e-03   1.395533e-08   2682108
  2.419475e+00   1.951500e-05   1.121308e-03   1.377679e-08   2684912
  2.423360e+00   1.934745e-05   1.121998e-03   1.363959e-08   2678868
  2.427246e+00   1.918751e-05   1.122668e-03   1.355377e-08   2674772
  2.431135e+00   1.898549e-05   1.123033e-03   1.334112e-08   2670120
  2.435021e+00   1.882613e-05   1.120804e-03   1.324252e-08   2659532
  2.438909e+00   1.866485e-05   1.123713e-03   1.310714e-08   2659704
  2.442801e+00   1.847863e-05   1.124617e-03   1.296403e-08   2654348
  2.446687e+00   1.833913e-05   1.121000e-03   1.285775e-08   2640276
  2.450572e+00   1.818061e-05   1.121992e-03   1.274219e-08   2638700
  2.454457e+00   1.803575e-05   1.120074e-03   1.262869e-08   2628244
  2.458344e+00   1.781513e-05   1.124115e-03   1.249100e-08   2630920
  2.462234e+00   1.771258e-05   1.121877e-03   1.243031e-08   2618904
  2.466118e+00   1.754465e-05   1.120448e-03   1.226718e-08   2610932
  2.470005e+00   1.738568e-05   1.121951e-03   1.213892e-08   2608464
  2.473895e+00   1.722655e-05   1.123139e-03   1.204413e-08   2603708
  2.477779e+00   1.706166e-05   1.119694e-03   1.193048e-08   2588012
  2.481660e+00   1.693158e-05   1.122196e-03   1.180039e-08   2588364
  2.485545e+00   1.680574e-05   1.120384e-03   1.175133e-08   2579076
  2.489430e+00   1.663532e-05   1.121132e-03   1.162820e-08   2574152
  2.493314e+00   1.650208e-05   1.121505e-03   1.150773e-08   2566812
  2.497207e+00   1.635021e-05   1.127061e-03   1.136346e-08   2573732
  2.501098e+00   1.624812e-05   1.119524e-03   1.134545e-08   2550568
  2.504983e+00   1.606501e-05   1.123035e-03   1.120652e-08   2552068
  2.508870e+00   1.597534e-05   1.121138e-03   1.112841e-08   2539620
  2.512757e+00   1.583743e-05   1.124635e-03   1.103384e-08   2540936
  2.516646e+00   1.572975e-05   1.121040e-03   1.096606e-08   2528032
  2.520531e+00   1.561450e-05   1.120365e-03   1.089359e-08   2521480
  2.524419e+00   1.546534e-05   1.122347e-03   1.078085e-08   2517980
  2.528309e+00   1.533196e-05   1.123011e-03   1.068175e-08   2511744
  2.532195e+00   1.519324e-05   1.120855e-03   1.060575e-08   2500140
  2.536081e+00   1.511081e-05   1.121926e-03   1.055039e-08   2496980
  2.539968e+00   1.497968e-05   1.121125e-03   1.046345e-08   2486924
  2.543856e+00   1.482846e-05   1.124762e-03   1.030586e-08   2487000
  2.547743e+00   1.473097e-05   1.120210e-03   1.030411e-08   2469840
  2.551626e+00   1.462471e-05   1.122637e-03   1.022294e-08   2469656
  2.555511e+00   1.448811e-05   1.119469e-03   1.013922e-08   2456844
  2.559401e+00   1.440741e-05   1.125965e-03   1.007685e-08   2462876
  2.563290e+00   1.431277e-05   1.120472e-03   1.001351e-08   2442136
  2.567174e+00   1.417102e-05   1.123165e-03   9.919632e-09   2441944
  2.571061e+00   1.406289e-05   1.120769e-03   9.859025e-09   2430508
  2.574945e+00   1.395535e-05   1.121157e-03   9.808909e-09   2424352
  2.578832e+00   1.385873e-05   1.123693e-03   9.708998e-09   2421264
  2.582722e+00   1.375183e-05   1.122895e-03   9.639800e-09   2413064
  2.586608e+00   1.364783e-05   1.120676e-03   9.583460e-09   2401572
  2.590492e+00   1.352562e-05   1.121724e-03   9.487841e-09   2397284
  2.594379e+00   1.344776e-05   1.121499e-03   9.449255e-09   2388336
  2.598268e+00   1.334587e-05   1.124943e-03   9.371468e-09   2387204
  2.602153e+00   1.323212e-05   1.119280e-03   9.320397e-09   2368644
  2.606033e+00   1.316182e-05   1.120613e-03   9.293842e-09   2365400
  2.609918e+00   1.304221e-05   1.121690e-03   9.181297e-09   2360072
  2.613808e+00   1.295745e-05   1.123660e-03   9.107734e-09   2356464
  2.617696e+00   1.286111e-05   1.121214e-03   9.087098e-09   2343240
  2.621583e+00   1.275839e-05   1.122605e-03   9.008854e-09   2340248
  2.625468e+00   1.266280e-05   1.118824e-03   8.974690e-09   2325000
  2.629355e+00   1.257516e-05   1.124959e-03   8.872076e-09   2328632
  2.633245e+00   1.247643e-05   1.121910e-03   8.840370e-09   2313220
  2.637134e+00   1.238618e-05   1.124095e-03   8.780849e-09   2310772
  2.641020e+00   1.230283e-05   1.119781e-03   8.756076e-09   2295420
  2.644905e+00   1.220319e-05   1.122584e-03   8.674552e-09   2293592
  2.648791e+00   1.211918e-05   1.120952e-03   8.634656e-09   2281384
  2.652683e+00   1.203102e-05   1.126704e-03   8.549930e-09   2285776
  2.656570e+00   1.197786e-05   1.117325e-03   8.537855e-09   2259408
  2.660455e+00   1.186820e-05   1.124314e-03   8.463091e-09   2266808
  2.664344e+00   1.177924e-05   1.120389e-03   8.421754e-09   2248836
  2.668227e+00   1.168581e-05   1.123045e-03   8.356761e-09   2245244
  2.672111e+00   1.163394e-05   1.120801e-03   8.345674e-09   2233908
  2.675998e+00   1.153392e-05   1.122974e-03   8.265576e-09   2231660
  2.679886e+00   1.145922e-05   1.120422e-03   8.250313e-09   2218544
  2.683775e+00   1.135381e-05   1.124792e-03   8.152036e-09   2218176
  2.687664e+00   1.129782e-05   1.121286e-03   8.164891e-09   2202900
  2.691550e+00   1.121579e-05   1.121747e-03   8.090157e-09   2197472
  2.695433e+00   1.114915e-05   1.118354e-03   8.053644e-09   2181960
  2.699317e+00   1.109347e-05   1.124130e-03   8.026598e-09   2183696
  2.703207e+00   1.099600e-05   1.123719e-03   7.960641e-09   2173416
  2.707096e+00   1.091808e-05   1.122917e-03   7.912664e-09   2165444
  2.710982e+00   1.085905e-05   1.119761e-03   7.897429e-09   2152688
  2.714867e+00   1.077609e-05   1.121777e-03   7.849845e-09   2147628
  2.718754e+00   1.071101e-05   1.122335e-03   7.807737e-09   2139012
  2.722646e+00   1.064788e-05   1.125226e-03   7.767542e-09   2136008
  2.726525e+00   1.055211e-05   1.114594e-03   7.742240e-09   2108656
  2.730404e+00   1.047631e-05   1.123744e-03   7.671610e-09   2117896
  2.734296e+00   1.045528e-05   1.123450e-03   7.674720e-09   2106260
  2.738185e+00   1.036375e-05   1.123855e-03   7.628869e-09   2099088
  2.742075e+00   1.029058e-05   1.121974e-03   7.585322e-09   2088432
  2.745961e+00   1.023902e-05   1.120471e-03   7.571251e-09   2078432
  2.749845e+00   1.018097e-05   1.120708e-03   7.525661e-09   2069048
  2.753732e+00   1.008547e-05   1.123831e-03   7.462554e-09   2064804
  2.757623e+00   1.002913e-05   1.123568e-03   7.430981e-09   2055644
  2.761510e+00   9.974648e-06   1.120700e-03   7.422406e-09   2043000
  2.765392e+00   9.908597e-06   1.120067e-03   7.375587e-09   2032348
  2.769281e+00   9.864647e-06   1.126495e-03   7.359376e-09   2034064
  2.773172e+00   9.766266e-06   1.122211e-03   7.287505e-09   2017740
  2.777059e+00   9.710204e-06   1.121480e-03   7.268480e-09   2010188
  2.780942e+00   9.654904e-06   1.118751e-03   7.264471e-09   1996556
  2.784826e+00   9.606826e-06   1.122456e-03   7.229529e-09   1992816
  2.788712e+00   9.522227e-06   1.122411e-03   7.196944e-09   1982400
  2.792596e+00   9.476262e-06   1.121262e-03   7.169776e-09   1972256
  2.796480e+00   9.404348e-06   1.121000e-03   7.115179e-09   1964384
  2.800370e+00   9.366433e-06   1.122889e-03   7.108214e-09   1958544
  2.804258e+00   9.320530e-06   1.122489e-03   7.099986e-09   1946988
  2.808149e+00   9.240964e-06   1.124629e-03   7.040949e-09   1942532
  2.812034e+00   9.194671e-06   1.117383e-03   7.035175e-09   1921692
  2.815918e+00   9.143167e-06   1.123808e-03   7.003513e-09   1924004
  2.819806e+00   9.084595e-06   1.120365e-03   6.992110e-09   1907344
  2.823695e+00   9.034388e-06   1.126069e-03   6.963062e-09   1907440
  2.827583e+00   8.974282e-06   1.118720e-03   6.947230e-09   1886136
  2.831464e+00   8.915739e-06   1.121920e-03   6.906244e-09   1883144
  2.835353e+00   8.869422e-06   1.122753e-03   6.879278e-09   1874724
  2.839243e+00   8.818450e-06   1.123826e-03   6.867156e-09   1866068
  2.843130e+00   8.787865e-06   1.121455e-03   6.854801e-09   1852980
  2.847017e+00   8.728652e-06   1.122782e-03   6.835266e-09   1847468
  2.850900e+00   8.668259e-06   1.117935e-03   6.833132e-09   1829636
  2.854785e+00   8.609267e-06   1.123959e-03   6.785139e-09   1829688
  2.858675e+00   8.572201e-06   1.122789e-03   6.776371e-09   1817192
  2.862561e+00   8.529406e-06   1.121150e-03   6.766333e-09   1806312
  2.866446e+00   8.461407e-06   1.120289e-03   6.732757e-09   1795984
  2.870334e+00   8.434620e-06   1.123627e-03   6.721044e-09   1791100
  2.874224e+00   8.380121e-06   1.122050e-03   6.689104e-09   1777648
  2.878111e+00   8.336852e-06   1.123043e-03   6.684766e-09   1769848
  2.881996e+00   8.290116e-06   1.119995e-03   6.661951e-09   1756536
  2.885881e+00   8.234721e-06   1.121386e-03   6.656422e-09   1748960
  2.889768e+00   8.205500e-06   1.123014e-03   6.619060e-09   1739952
  2.893658e+00   8.140340e-06   1.124239e-03   6.602801e-09   1732124
  2.897544e+00   8.101610e-06   1.120323e-03   6.614244e-09   1716852
  2.901430e+00   8.048681e-06   1.122735e-03   6.579128e-09   1712276
  2.905319e+00   8.024938e-06   1.121222e-03   6.562668e-09   1698500
  2.909208e+00   7.986072e-06   1.125604e-03   6.556546e-09   1693932
  2.913093e+00   7.953524e-06   1.119232e-03   6.567890e-09   1675204
  2.916975e+00   7.890195e-06   1.121771e-03   6.525450e-09   1670644
  2.920858e+00   7.847512e-06   1.118515e-03   6.534359e-09   1655532
  2.924748e+00   7.790476e-06   1.126990e-03   6.475099e-09   1656860
  2.928637e+00   7.778907e-06   1.119840e-03   6.521617e-09   1635372
  2.932524e+00   7.720739e-06   1.124773e-03   6.471397e-09   1634324
  2.936410e+00   7.677388e-06   1.117372e-03   6.492457e-09   1613676
  2.940295e+00   7.648724e-06   1.124617e-03   6.469562e-09   1613348
  2.944183e+00   7.595571e-06   1.120803e-03   6.461624e-09   1596236
  2.948069e+00   7.567600e-06   1.123999e-03   6.433724e-09   1591476
  2.951956e+00   7.510209e-06   1.119134e-03   6.439068e-09   1575732
  2.955838e+00   7.478269e-06   1.120429e-03   6.433007e-09   1566236
  2.959725e+00   7.439893e-06   1.124724e-03   6.414098e-09   1560292
  2.963618e+00   7.401139e-06   1.124442e-03   6.411604e-09   1550092
  2.967503e+00   7.383025e-06   1.118750e-03   6.447166e-09   1532628
  2.971386e+00   7.322408e-06   1.121507e-03   6.390426e-09   1527332
  2.975274e+00   7.300343e-06   1.121884e-03   6.410706e-09   1515212
  2.979160e+00   7.260175e-06   1.123567e-03   6.393487e-09   1506444
  2.983048e+00   7.231932e-06   1.122261e-03   6.411925e-09   1495116
  2.986928e+00   7.188878e-06   1.117074e-03   6.408225e-09   1479152
  2.990812e+00   7.144233e-06   1.122982e-03   6.360487e-09   1475512
  2.994707e+00   7.111376e-06   1.126591e-03   6.370845e-09   1467820
  2.998598e+00   7.079691e-06   1.121923e-03   6.386401e-09   1451256
  3.002486e+00   7.040864e-06   1.122725e-03   6.362807e-09   1443212
  3.006369e+00   6.994656e-06   1.117256e-03   6.370565e-09   1425680
  3.010254e+00   6.979806e-06   1.124371e-03   6.380835e-09   1422972
  3.014143e+00   6.939040e-06   1.123023e-03   6.359365e-09   1408632
  3.018032e+00   6.911341e-06   1.123941e-03   6.368832e-09   1400984
  3.021918e+00   6.884287e-06   1.117887e-03   6.380041e-09   1383196
  3.025801e+00   6.842430e-06   1.123197e-03   6.368606e-09   1378120
  3.029692e+00   6.825021e-06   1.124450e-03   6.382870e-09   1367272
  3.033584e+00   6.764777e-06   1.124457e-03   6.365088e-09   1356580
  3.037464e+00   6.753999e-06   1.115974e-03   6.394569e-09   1337028
  3.041343e+00   6.691500e-06   1.120802e-03   6.372580e-09   1332500
  3.045230e+00   6.668686e-06   1.122780e-03   6.363103e-09   1321796
  3.049120e+00   6.625012e-06   1.124838e-03   6.366983e-09   1312716
  3.053007e+00   6.599148e-06   1.119942e-03   6.393006e-09   1296580
  3.056896e+00   6.559567e-06   1.124221e-03   6.361251e-09   1291528
  3.060783e+00   6.540557e-06   1.119071e-03   6.403569e-09   1273128
  3.064669e+00   6.498824e-06   1.125633e-03   6.379499e-09   1268720
  3.068560e+00   6.481158e-06   1.122309e-03   6.386674e-09   1254016
  3.072444e+00   6.428988e-06   1.119894e-03   6.390228e-09   1241296
  3.076322e+00   6.398531e-06   1.116955e-03   6.400134e-09   1226712
  3.080211e+00   6.378073e-06   1.128188e-03   6.390218e-09   1226228
  3.084105e+00   6.340903e-06   1.122621e-03   6.418760e-09   1207768
  3.087992e+00   6.304884e-06   1.122433e-03   6.404463e-09   1198336
  3.091874e+00   6.268677e-06   1.117108e-03   6.434873e-09   1181484
  3.095761e+00   6.239428e-06   1.125421e-03   6.436416e-09   1178012
  3.099653e+00   6.230744e-06   1.123268e-03   6.475875e-09   1162564
  3.103535e+00   6.155234e-06   1.120338e-03   6.435354e-09   1149340
  3.107418e+00   6.142347e-06   1.119954e-03   6.453384e-09   1138848
  3.111303e+00   6.103780e-06   1.120192e-03   6.460114e-09   1126748
  3.115189e+00   6.106341e-06   1.123911e-03   6.496008e-09   1117428
  3.119084e+00   6.046654e-06   1.126323e-03   6.470107e-09   1108112
  3.122973e+00   6.013221e-06   1.119549e-03   6.471836e-09   1090596
  3.126857e+00   5.977427e-06   1.120292e-03   6.511052e-09   1081052
  3.130738e+00   5.951003e-06   1.118514e-03   6.506197e-09   1065716
  3.134626e+00   5.909209e-06   1.127732e-03   6.495809e-09   1061940
  3.138518e+00   5.861884e-06   1.121370e-03   6.483563e-09   1044096
  3.142404e+00   5.826931e-06   1.122139e-03   6.501130e-09   1034864
  3.146289e+00   5.793782e-06   1.117591e-03   6.509527e-09   1018308
  3.150179e+00   5.783319e-06   1.129200e-03   6.540965e-09   1014812
  3.154072e+00   5.745685e-06   1.121981e-03   6.554236e-09   996288
  3.157955e+00   5.692210e-06   1.120847e-03   6.531858e-09   985376
  3.161835e+00   5.651387e-06   1.115880e-03   6.523869e-09   969652
  3.165722e+00   5.631359e-06   1.125987e-03   6.557632e-09   964924
  3.169610e+00   5.620658e-06   1.121515e-03   6.622896e-09   947228
  3.173495e+00   5.553953e-06   1.123457e-03   6.581911e-09   939084
  3.177381e+00   5.515261e-06   1.116472e-03   6.577372e-09   921864
  3.181265e+00   5.474134e-06   1.123502e-03   6.567935e-09   914252
  3.185159e+00   5.446117e-06   1.126304e-03   6.568470e-09   902572
  3.189050e+00   5.383612e-06   1.123145e-03   6.570469e-09   888784
  3.192932e+00   5.332769e-06   1.116224e-03   6.562958e-09   872540
  3.196811e+00   5.291297e-06   1.120157e-03   6.536987e-09   862848
  3.200697e+00   5.285300e-06   1.124093e-03   6.594052e-09   851760
  3.204592e+00   5.213723e-06   1.127172e-03   6.559113e-09   841940
  3.208479e+00   5.158813e-06   1.117661e-03   6.542968e-09   823032
  3.212364e+00   5.116675e-06   1.123934e-03   6.506129e-09   816044
  3.216253e+00   5.090654e-06   1.120364e-03   6.535988e-09   799292
  3.220140e+00   5.007702e-06   1.126784e-03   6.482173e-09   791304
  3.224026e+00   4.979487e-06   1.117490e-03   6.509799e-09   772868
  3.227902e+00   4.916781e-06   1.119936e-03   6.434041e-09   762552
  3.231787e+00   4.857743e-06   1.121745e-03   6.417487e-09   750876
  3.235677e+00   4.814202e-06   1.123999e-03   6.395443e-09   739280
  3.239565e+00   4.733097e-06   1.121784e-03   6.327466e-09   724944
  3.243456e+00   4.674167e-06   1.124267e-03   6.249663e-09   714380
  3.247336e+00   4.618601e-06   1.116046e-03   6.266182e-09   695932
  3.251222e+00   4.554107e-06   1.126879e-03   6.118287e-09   690949
  3.255114e+00   4.515745e-06   1.118914e-03   6.135201e-09   673638
  3.258999e+00   4.445903e-06   1.124434e-03   6.040543e-09   666092
  3.262883e+00   4.402085e-06   1.117312e-03   6.023124e-09   651024
  3.266766e+00   4.359334e-06   1.124054e-03   5.981291e-09   644804
  3.270656e+00   4.308168e-06   1.121035e-03   5.940663e-09   632676
  3.274546e+00   4.268563e-06   1.125434e-03   5.921998e-09   624962
  3.278430e+00   4.228591e-06   1.118496e-03   5.920598e-09   611280
  3.282321e+00   4.186361e-06   1.127391e-03   5.885735e-09   607256
  3.286211e+00   4.134942e-06   1.118374e-03   5.821482e-09   592616
  3.290095e+00   4.098871e-06   1.124430e-03   5.806726e-09   587160
  3.293983e+00   4.072977e-06   1.120749e-03   5.816814e-09   575482
  3.297866e+00   4.027976e-06   1.122505e-03   5.763841e-09   568258
  3.301757e+00   4.000893e-06   1.122731e-03   5.785737e-09   559638
  3.305647e+00   3.958492e-06   1.123210e-03   5.721614e-09   551498
  3.309536e+00   3.953449e-06   1.121790e-03   5.749482e-09   542364
  3.313423e+00   3.883470e-06   1.122328e-03   5.695470e-09   534146
  3.317305e+00   3.867756e-06   1.119988e-03   5.728382e-09   524980
  3.321196e+00   3.822319e-06   1.125222e-03   5.683239e-09   519964
  3.325077e+00   3.816660e-06   1.115886e-03   5.711768e-09   507108
  3.328962e+00   3.776549e-06   1.126905e-03   5.653747e-09   504992
  3.332852e+00   3.742355e-06   1.118656e-03   5.646694e-09   492948
  3.336740e+00   3.700300e-06   1.127360e-03   5.599343e-09   489740
  3.340629e+00   3.679373e-06   1.117346e-03   5.638315e-09   477716
  3.344511e+00   3.659101e-06   1.124864e-03   5.625329e-09   473844
  3.348399e+00   3.643787e-06   1.119228e-03   5.650285e-09   464222
  3.352284e+00   3.597376e-06   1.123815e-03   5.608821e-09   459048
  3.356167e+00   3.590459e-06   1.117888e-03   5.652720e-09   449574
  3.360054e+00   3.540912e-06   1.125019e-03   5.538300e-09   445820
  3.363936e+00   3.530324e-06   1.116211e-03   5.627254e-09   435158
  3.367827e+00   3.503071e-06   1.127850e-03   5.599547e-09   433566
  3.371713e+00   3.473513e-06   1.114763e-03   5.621051e-09   421014
  3.375597e+00   3.460031e-06   1.127754e-03   5.591519e-09   419996
  3.379490e+00   3.443198e-06   1.118287e-03   5.597223e-09   409482
  3.383368e+00   3.400312e-06   1.121665e-03   5.605537e-09   404414
  3.387257e+00   3.389331e-06   1.122567e-03   5.640689e-09   398518
  3.391148e+00   3.360136e-06   1.123750e-03   5.552393e-09   392302
  3.395033e+00   3.333795e-06   1.121765e-03   5.634842e-09   385318
  3.398930e+00   3.317427e-06   1.127631e-03   5.610587e-09   381718
  3.402811e+00   3.291904e-06   1.114511e-03   5.625233e-09   370674
  3.406696e+00   3.289675e-06   1.128673e-03   5.613346e-09   370166
  3.410587e+00   3.265202e-06   1.117032e-03   5.628696e-09   359838
  3.414471e+00   3.239484e-06   1.126612e-03   5.594060e-09   357488
  3.418356e+00   3.235698e-06   1.115416e-03   5.686787e-09   348174
  3.422239e+00   3.183948e-06   1.126138e-03   5.609863e-09   346010
  3.426123e+00   3.187348e-06   1.115666e-03   5.676119e-09   336966
  3.430017e+00   3.148126e-06   1.131496e-03   5.604152e-09   336488
  3.433906e+00   3.153838e-06   1.113178e-03   5.711482e-09   325206
  3.437790e+00   3.126662e-06   1.128394e-03   5.653214e-09   324614
  3.441675e+00   3.107676e-06   1.113950e-03   5.700167e-09   314792
  3.445561e+00   3.071779e-06   1.129033e-03   5.656063e-09   314082
  3.449445e+00   3.061193e-06   1.112843e-03   5.695294e-09   303918
  3.453329e+00   3.070206e-06   1.130230e-03   5.741828e-09   303872
  3.457223e+00   3.027457e-06   1.118237e-03   5.732097e-09   295070
  3.461110e+00   3.001507e-06   1.127117e-03   5.702970e-09   292776
  3.464999e+00   3.013698e-06   1.118155e-03   5.732842e-09   285198
  3.468882e+00   2.996345e-06   1.124173e-03   5.767256e-09   282068
  3.472770e+00   2.965894e-06   1.120642e-03   5.741074e-09   276094
  3.476654e+00   2.956243e-06   1.121770e-03   5.820640e-09   271936
  3.480537e+00   2.949767e-06   1.119604e-03   5.823806e-09   266352
  3.484425e+00   2.919693e-06   1.124273e-03   5.828217e-09   263198
  3.488309e+00   2.924681e-06   1.117087e-03   5.886411e-09   256540
  3.492199e+00   2.891380e-06   1.128018e-03   5.809334e-09   254758
  3.496085e+00   2.888992e-06   1.114575e-03   5.897675e-09   246888
  3.499973e+00   2.878961e-06   1.129431e-03   5.934869e-09   245984
  3.503859e+00   2.862141e-06   1.113747e-03   5.970895e-09   237838
  3.507743e+00   2.827507e-06   1.128624e-03   5.938522e-09   236932
  3.511628e+00   2.831278e-06   1.114686e-03   6.041949e-09   229296
  3.515519e+00   2.817691e-06   1.132107e-03   5.977168e-09   228968
  3.519410e+00   2.809859e-06   1.115334e-03   6.058264e-09   220862
  3.523299e+00   2.789092e-06   1.132320e-03   6.016617e-09   220440
  3.527188e+00   2.785980e-06   1.113877e-03   6.130658e-09   212400
  3.531075e+00   2.774231e-06   1.132596e-03   6.102536e-09   212228
  3.534965e+00   2.755580e-06   1.113928e-03   6.172898e-09   204518
  3.538852e+00   2.751585e-06   1.130227e-03   6.187927e-09   203928
  3.542735e+00   2.731284e-06   1.110921e-03   6.216645e-09   196280
  3.546619e+00   2.707810e-06   1.130361e-03   6.157377e-09   196272
  3.550503e+00   2.706976e-06   1.110008e-03   6.305119e-09   188572
  3.554385e+00   2.701034e-06   1.129045e-03   6.317365e-09   188440
  3.558272e+00   2.685774e-06   1.112527e-03   6.393824e-09   181574
  3.562156e+00   2.678123e-06   1.129325e-03   6.374451e-09   180912
  3.566042e+00   2.673817e-06   1.112617e-03   6.444704e-09   174304
  3.569927e+00   2.667534e-06   1.129933e-03   6.489187e-09   173620
  3.573814e+00   2.650759e-06   1.114477e-03   6.551745e-09   167424
  3.577707e+00   2.634615e-06   1.132693e-03   6.480774e-09   166952
  3.581590e+00   2.643834e-06   1.109406e-03   6.700173e-09   159744
  3.585479e+00   2.615623e-06   1.134885e-03   6.630486e-09   160424
  3.589363e+00   2.611707e-06   1.107308e-03   6.720792e-09   152748
  3.593250e+00   2.594971e-06   1.136784e-03   6.658681e-09   153920
  3.597136e+00   2.609698e-06   1.105473e-03   6.869476e-09   146016
  3.601018e+00   2.589683e-06   1.136208e-03   6.841946e-09   147176
  3.604907e+00   2.590657e-06   1.107710e-03   7.002008e-09   139992
  3.608791e+00   2.568950e-06   1.135264e-03   6.876329e-09   140588
  3.612682e+00   2.568600e-06   1.111007e-03   7.037179e-09   134184
  3.616571e+00   2.565759e-06   1.134121e-03   7.073712e-09   134192
  3.620457e+00   2.557522e-06   1.110077e-03   7.218212e-09   127992
  3.624344e+00   2.531414e-06   1.133946e-03   7.167755e-09   128132
  3.628235e+00   2.527344e-06   1.112933e-03   7.261464e-09   122384
  3.632120e+00   2.522110e-06   1.130787e-03   7.238024e-09   121896
  3.636006e+00   2.499531e-06   1.111987e-03   7.342574e-09   116592
  3.639888e+00   2.501303e-06   1.130031e-03   7.344544e-09   116072
  3.643776e+00   2.504864e-06   1.113281e-03   7.510094e-09   111196
  3.647666e+00   2.497345e-06   1.133982e-03   7.528584e-09   110824
  3.651553e+00   2.506925e-06   1.109351e-03   7.798683e-09   105456
  3.655445e+00   2.466522e-06   1.137911e-03   7.574939e-09   105746
  3.659331e+00   2.501958e-06   1.104570e-03   7.936726e-09   99816
  3.663217e+00   2.466093e-06   1.137630e-03   7.794059e-09   100460
  3.667098e+00   2.457588e-06   1.103186e-03   8.001899e-09   94616
  3.670986e+00   2.468957e-06   1.138482e-03   8.092289e-09   95448
  3.674871e+00   2.440581e-06   1.104767e-03   8.139190e-09   89784
  3.678762e+00   2.463738e-06   1.138753e-03   8.172052e-09   90536
  3.682640e+00   2.461868e-06   1.098833e-03   8.503078e-09   84566
  3.686528e+00   2.434730e-06   1.143171e-03   8.309542e-09   86088
  3.690411e+00   2.418656e-06   1.094501e-03   8.616512e-09   79680
  3.694290e+00   2.434436e-06   1.143460e-03   8.556347e-09   81368
  3.698177e+00   2.445021e-06   1.096007e-03   8.940027e-09   75356
  3.702056e+00   2.442594e-06   1.143156e-03   8.862952e-09   76704
  3.705948e+00   2.415676e-06   1.100016e-03   9.091881e-09   71322
  3.709834e+00   2.416217e-06   1.143672e-03   8.971773e-09   72248
  3.713724e+00   2.429547e-06   1.099908e-03   9.373258e-09   67160
  3.717610e+00   2.433499e-06   1.141543e-03   9.369630e-09   67836
  3.721489e+00   2.423768e-06   1.096984e-03   9.672086e-09   62976
  3.725379e+00   2.414816e-06   1.144398e-03   9.655396e-09   63914
  3.729253e+00   2.441317e-06   1.092761e-03   1.009922e-08   58832
  3.733144e+00   2.381297e-06   1.147084e-03   9.727510e-09   60108
  3.737017e+00   2.416906e-06   1.090205e-03   1.033289e-08   54920
  3.740928e+00   2.390439e-06   1.160099e-03   1.000870e-08   56970
  3.744809e+00   2.430266e-06   1.078913e-03   1.086469e-08   50760
  3.748701e+00   2.396712e-06   1.161348e-03   1.043691e-08   53312
  3.752584e+00   2.410686e-06   1.074836e-03   1.123437e-08   47164
  3.756472e+00   2.413441e-06   1.163802e-03   1.081502e-08   49810
  3.760356e+00   2.399666e-06   1.069365e-03   1.165000e-08   43680
  3.764234e+00   2.384086e-06   1.164818e-03   1.089247e-08   46328
  3.768129e+00   2.381314e-06   1.073902e-03   1.182994e-08   40694
  3.772013e+00   2.372200e-06   1.167140e-03   1.144753e-08   42984
  3.775913e+00   2.421094e-06   1.073587e-03   1.244053e-08   37656
  3.779787e+00   2.341932e-06   1.164236e-03   1.180180e-08   39578
  3.783688e+00   2.379700e-06   1.077878e-03   1.269230e-08   34920
  3.787564e+00   2.388089e-06   1.160065e-03   1.261920e-08   36308
  3.791451e+00   2.415207e-06   1.076316e-03   1.340951e-08   32136
  3.795334e+00   2.386253e-06   1.159401e-03   1.317690e-08   33362
  3.799207e+00   2.387807e-06   1.069739e-03   1.384518e-08   29336
  3.803104e+00   2.387156e-06   1.167435e-03   1.362891e-08   30804
  3.806966e+00   2.366649e-06   1.055228e-03   1.467561e-08   26490
  3.810870e+00   2.373237e-06   1.176653e-03   1.434145e-08   28376
  3.814719e+00   2.371776e-06   1.039734e-03   1.538470e-08   23784
  3.818636e+00   2.357346e-06   1.189627e-03   1.442355e-08   26150
  3.822479e+00   2.411146e-06   1.021588e-03   1.661325e-08   21192
  3.826407e+00   2.372203e-06   1.204804e-03   1.532223e-08   24050
  3.830252e+00   2.394390e-06   1.002280e-03   1.783734e-08   18768
  3.834191e+00   2.366704e-06   1.221518e-03   1.605830e-08   22052
  3.838029e+00   2.418589e-06   9.660660e-04   1.901032e-08   16346
  3.841962e+00   2.386421e-06   1.236558e-03   1.689845e-08   20136
  3.845802e+00   2.387181e-06   9.274195e-04   2.001358e-08   14160
  3.849721e+00   2.403587e-06   1.247069e-03   1.777174e-08   18218
  3.853565e+00   2.442977e-06   8.859468e-04   2.234633e-08   12204
  3.857470e+00   2.385133e-06   1.256334e-03   1.835240e-08   16346
  3.861333e+00   2.441613e-06   8.562781e-04   2.401492e-08   10536
  3.865221e+00   2.435776e-06   1.261091e-03   2.003535e-08   14456
  3.869081e+00   2.408460e-06   8.165112e-04   2.619820e-08   8990
  3.872967e+00   2.370495e-06   1.270385e-03   2.063192e-08   12744
  3.876815e+00   2.441419e-06   7.482517e-04   2.912216e-08   7506
  3.880703e+00   2.441861e-06   1.282849e-03   2.311219e-08   11192
  3.884545e+00   2.439114e-06   6.569471e-04   3.163014e-08   6156
  3.888432e+00   2.453139e-06   1.294599e-03   2.543154e-08   9722
  3.892281e+00   2.411234e-06   5.567157e-04   3.262487e-08   4992
  3.896158e+00   2.409218e-06   1.304505e-03   2.615046e-08   8306
  3.900025e+00   2.474644e-06   4.384033e-04   3.947665e-08   3996
  3.903878e+00   2.491224e-06   1.309274e-03   3.028950e-08   6938
  3.907766e+00   2.495677e-06   3.047624e-04   4.463985e-08   3168
  3.911584e+00   2.461212e-06   1.304853e-03   3.154327e-08   5624
  3.915485e+00   2.328948e-06   2.103226e-04   4.490864e-08   2502
  3.919286e+00   2.398550e-06   1.297747e-03   3.687212e-08   4424
  3.923208e+00   2.446906e-06   2.230451e-04   5.171093e-08   1946
  3.926998e+00   2.448989e-06   1.292790e-03   4.412653e-08   3360
  3.930918e+00   2.379189e-06   1.221617e-04   6.363594e-08   1446
  3.934708e+00   2.503068e-06   1.290208e-03   5.082478e-08   2456
  3.938666e+00   2.496759e-06   2.340394e-04   7.790264e-08   1034
  3.942432e+00   2.294899e-06   1.288305e-03   5.401509e-08   1680
  3.946383e+00   2.522996e-06   5.837572e-05   9.519511e-08   678
  3.950143e+00   2.473428e-06   1.286681e-03   7.639011e-08   1064
  3.954177e+00   2.311499e-06   3.540138e-04   1.158293e-07   410
  3.957868e+00   2.350526e-06   1.284749e-03   1.008171e-07   576
  3.961879e+00   2.591287e-06   1.855368e-05   1.611451e-07   198
  3.965528e+00   2.237899e-06   1.272780e-03   1.315821e-07   248
  3.969917e+00   2.128379e-06   8.019490e-04   2.909363e-07   74
  3.973198e+00   2.395154e-06   1.252635e-03   6.160936e-07   48
  3.977405e+00   2.533608e-06   5.034095e-08   4.688636e-07   6
