# power spectrum of pi_k * H (dimensionless)
# redshift z=-0.007172
# k              Pk             sigma(k)       sigma(Pk)      count
  5.727314e-03   2.224020e-10   8.763345e-04   4.925779e-11   18
  1.001182e-02   3.678101e-10   1.059922e-03   5.245716e-11   62
  1.393445e-02   2.613245e-10   7.332271e-04   3.188998e-11   90
  1.764809e-02   2.507288e-10   1.157232e-03   1.661851e-11   170
  2.151286e-02   1.889324e-10   1.202795e-03   1.178448e-11   246
  2.528669e-02   1.410525e-10   1.146703e-03   7.933935e-12   338
  2.901099e-02   1.282333e-10   9.857564e-04   6.328954e-12   432
  3.284683e-02   1.014419e-10   1.010047e-03   4.585896e-12   578
  3.688195e-02   7.638880e-11   1.177086e-03   2.814889e-12   786
  4.101464e-02   5.961996e-11   1.190994e-03   1.927265e-12   974
  4.488954e-02   4.974107e-11   1.031402e-03   1.567081e-12   1002
  4.870958e-02   4.500091e-11   1.179303e-03   1.172165e-12   1334
  5.263577e-02   3.664049e-11   1.134676e-03   1.005113e-12   1458
  5.631027e-02   3.355593e-11   1.072446e-03   8.200248e-13   1604
  6.010158e-02   2.959105e-11   1.088865e-03   7.000405e-13   1974
  6.404851e-02   2.655990e-11   1.067989e-03   5.642004e-13   2234
  6.795611e-02   2.418622e-11   1.092954e-03   4.918344e-13   2490
  7.198483e-02   2.143884e-11   1.200217e-03   4.046728e-13   3014
  7.595394e-02   1.918240e-11   1.093611e-03   3.497022e-13   3018
  7.977896e-02   1.688725e-11   1.131598e-03   2.941331e-13   3446
  8.359600e-02   1.466229e-11   1.085617e-03   2.489633e-13   3626
  8.742004e-02   1.277874e-11   1.125556e-03   2.013053e-13   4164
  9.130612e-02   1.180598e-11   1.090740e-03   1.804012e-13   4470
  9.521636e-02   1.016379e-11   1.115446e-03   1.498206e-13   4970
  9.915211e-02   9.372703e-12   1.127844e-03   1.268224e-13   5366
  1.030785e-01   8.115449e-12   1.144516e-03   1.048822e-13   5778
  1.069619e-01   7.652403e-12   1.149148e-03   9.664093e-14   6162
  1.108671e-01   7.007342e-12   1.158272e-03   8.861460e-14   6734
  1.146806e-01   6.299158e-12   1.074898e-03   7.646455e-14   6756
  1.184510e-01   6.031532e-12   1.088568e-03   6.749394e-14   7502
  1.223464e-01   5.647597e-12   1.105366e-03   6.327320e-14   8154
  1.262469e-01   5.150880e-12   1.103283e-03   5.572226e-14   8618
  1.301909e-01   4.870269e-12   1.146655e-03   5.041057e-14   9390
  1.341197e-01   4.583134e-12   1.126004e-03   4.651567e-14   9722
  1.380051e-01   4.077078e-12   1.126950e-03   4.019105e-14   10242
  1.419007e-01   3.754409e-12   1.149257e-03   3.573525e-14   11006
  1.457777e-01   3.522309e-12   1.106962e-03   3.337632e-14   11348
  1.496576e-01   3.179883e-12   1.105725e-03   2.855359e-14   12150
  1.535164e-01   2.881379e-12   1.078348e-03   2.613852e-14   12498
  1.574072e-01   2.695740e-12   1.129889e-03   2.276106e-14   13586
  1.613096e-01   2.480893e-12   1.132072e-03   2.108296e-14   14006
  1.652381e-01   2.333691e-12   1.166232e-03   1.871181e-14   15162
  1.691226e-01   2.158529e-12   1.101754e-03   1.773487e-14   14990
  1.729750e-01   2.012102e-12   1.143142e-03   1.570823e-14   16380
  1.768610e-01   1.935417e-12   1.105581e-03   1.513154e-14   16666
  1.807168e-01   1.821338e-12   1.110348e-03   1.374373e-14   17638
  1.845996e-01   1.741577e-12   1.100521e-03   1.293332e-14   18354
  1.884710e-01   1.624925e-12   1.102640e-03   1.207370e-14   19034
  1.923685e-01   1.564651e-12   1.144302e-03   1.081004e-14   20270
  1.963174e-01   1.484379e-12   1.155956e-03   1.011960e-14   21258
  2.002141e-01   1.382027e-12   1.111898e-03   9.384455e-15   21350
  2.040863e-01   1.285997e-12   1.123159e-03   8.614153e-15   22644
  2.079681e-01   1.220512e-12   1.101476e-03   8.041814e-15   23114
  2.118390e-01   1.141342e-12   1.118265e-03   7.422221e-15   24342
  2.157382e-01   1.054487e-12   1.117694e-03   6.704413e-15   25194
  2.196235e-01   9.949685e-13   1.116195e-03   6.230558e-15   25982
  2.234724e-01   9.537074e-13   1.109599e-03   5.850274e-15   26506
  2.273806e-01   9.022759e-13   1.167806e-03   5.339917e-15   28738
  2.312750e-01   8.522493e-13   1.110542e-03   5.076277e-15   28296
  2.351662e-01   7.918951e-13   1.143823e-03   4.509824e-15   30554
  2.390501e-01   7.453909e-13   1.084103e-03   4.321091e-15   30094
  2.428824e-01   7.279171e-13   1.109820e-03   4.100313e-15   31738
  2.467836e-01   6.848892e-13   1.134747e-03   3.765558e-15   33306
  2.506613e-01   6.590270e-13   1.104153e-03   3.566152e-15   33422
  2.545365e-01   6.309312e-13   1.131527e-03   3.357883e-15   35298
  2.584714e-01   5.952617e-13   1.143069e-03   3.114728e-15   36650
  2.623670e-01   5.623159e-13   1.115532e-03   2.908009e-15   36888
  2.662651e-01   5.360342e-13   1.131896e-03   2.715603e-15   38834
  2.701697e-01   5.110961e-13   1.107355e-03   2.593834e-15   39246
  2.740453e-01   4.860281e-13   1.111777e-03   2.413759e-15   40466
  2.778984e-01   4.667351e-13   1.108403e-03   2.305640e-15   41106
  2.817847e-01   4.406700e-13   1.145602e-03   2.122829e-15   43598
  2.856833e-01   4.228043e-13   1.116308e-03   2.023657e-15   43650
  2.895471e-01   3.961119e-13   1.120907e-03   1.866270e-15   45272
  2.934575e-01   3.846434e-13   1.131740e-03   1.782484e-15   46994
  2.973636e-01   3.669521e-13   1.124346e-03   1.681149e-15   47850
  3.012447e-01   3.483053e-13   1.115858e-03   1.588451e-15   48846
  3.051030e-01   3.311943e-13   1.105642e-03   1.496768e-15   49706
  3.089532e-01   3.191073e-13   1.113265e-03   1.416398e-15   51198
  3.128464e-01   3.022318e-13   1.134266e-03   1.330612e-15   53402
  3.167281e-01   2.948396e-13   1.111145e-03   1.262692e-15   53634
  3.206428e-01   2.819102e-13   1.143806e-03   1.182024e-15   56888
  3.245618e-01   2.682826e-13   1.106794e-03   1.131550e-15   56474
  3.284581e-01   2.561438e-13   1.130606e-03   1.048578e-15   58962
  3.323510e-01   2.464169e-13   1.114731e-03   1.010174e-15   59214
  3.362265e-01   2.358402e-13   1.127963e-03   9.609071e-16   61250
  3.400938e-01   2.261021e-13   1.110759e-03   9.222257e-16   61694
  3.439480e-01   2.179133e-13   1.120230e-03   8.688554e-16   63618
  3.478512e-01   2.083933e-13   1.140078e-03   8.163615e-16   66284
  3.517691e-01   1.988156e-13   1.123324e-03   7.697900e-16   67014
  3.556494e-01   1.895351e-13   1.113722e-03   7.265870e-16   67930
  3.595371e-01   1.844396e-13   1.127426e-03   6.947114e-16   70294
  3.634200e-01   1.774429e-13   1.114424e-03   6.723743e-16   70658
  3.672742e-01   1.680997e-13   1.121955e-03   6.284465e-16   72522
  3.711539e-01   1.626979e-13   1.125103e-03   6.032897e-16   74550
  3.750359e-01   1.572349e-13   1.112832e-03   5.761664e-16   75674
  3.789191e-01   1.498442e-13   1.116846e-03   5.326039e-16   77708
  3.828461e-01   1.456220e-13   1.136191e-03   5.069810e-16   80622
  3.867545e-01   1.392296e-13   1.112810e-03   4.912660e-16   80330
  3.906423e-01   1.342760e-13   1.128269e-03   4.649946e-16   82974
  3.945313e-01   1.283701e-13   1.118618e-03   4.449998e-16   83666
  3.984084e-01   1.254356e-13   1.126394e-03   4.285993e-16   85746
  4.022765e-01   1.198131e-13   1.118427e-03   4.094368e-16   86702
  4.061542e-01   1.152884e-13   1.126154e-03   3.845645e-16   89556
  4.100569e-01   1.114315e-13   1.118519e-03   3.711329e-16   91038
  4.139484e-01   1.077808e-13   1.117921e-03   3.537125e-16   92522
  4.178268e-01   1.032024e-13   1.119569e-03   3.363242e-16   94034
  4.217415e-01   9.971501e-14   1.145339e-03   3.201994e-16   97758
  4.256173e-01   9.647041e-14   1.103600e-03   3.096017e-16   95770
  4.294627e-01   9.289443e-14   1.123790e-03   2.943783e-16   99646
  4.333400e-01   9.036897e-14   1.115333e-03   2.847636e-16   100980
  4.372362e-01   8.659542e-14   1.127284e-03   2.691877e-16   104258
  4.411386e-01   8.399396e-14   1.114910e-03   2.605004e-16   104998
  4.450377e-01   8.102927e-14   1.124073e-03   2.466536e-16   107866
  4.489311e-01   7.844683e-14   1.113184e-03   2.396064e-16   108154
  4.528161e-01   7.615394e-14   1.135370e-03   2.279043e-16   111622
  4.567076e-01   7.338023e-14   1.122976e-03   2.193630e-16   112146
  4.605727e-01   7.032848e-14   1.119518e-03   2.099987e-16   114014
  4.644440e-01   6.873192e-14   1.115906e-03   2.032534e-16   116220
  4.683319e-01   6.614984e-14   1.119789e-03   1.924331e-16   118682
  4.722291e-01   6.447600e-14   1.126606e-03   1.859217e-16   121118
  4.761348e-01   6.213491e-14   1.124808e-03   1.766966e-16   122994
  4.800157e-01   6.021797e-14   1.114862e-03   1.722851e-16   123574
  4.838959e-01   5.887498e-14   1.131276e-03   1.655650e-16   126922
  4.877763e-01   5.640488e-14   1.124735e-03   1.579752e-16   127906
  4.916481e-01   5.450137e-14   1.121767e-03   1.499145e-16   130432
  4.955333e-01   5.300461e-14   1.114812e-03   1.462198e-16   132642
  4.994186e-01   5.133661e-14   1.110800e-03   1.404115e-16   134534
  5.033164e-01   4.969571e-14   1.124671e-03   1.346383e-16   137778
  5.072392e-01   4.793733e-14   1.135312e-03   1.277625e-16   140786
  5.111285e-01   4.714316e-14   1.110620e-03   1.264953e-16   139590
  5.149976e-01   4.549426e-14   1.125619e-03   1.205189e-16   143546
  5.188865e-01   4.423422e-14   1.125142e-03   1.158211e-16   145338
  5.227635e-01   4.278200e-14   1.120484e-03   1.111395e-16   147272
  5.266520e-01   4.151586e-14   1.122335e-03   1.073568e-16   150330
  5.305485e-01   4.057867e-14   1.118234e-03   1.039528e-16   152318
  5.344262e-01   3.932330e-14   1.111066e-03   9.974754e-17   153202
  5.383243e-01   3.780318e-14   1.138693e-03   9.509806e-17   158626
  5.422165e-01   3.703829e-14   1.116855e-03   9.310368e-17   157350
  5.460935e-01   3.575678e-14   1.131200e-03   8.880721e-17   161906
  5.499589e-01   3.488331e-14   1.105071e-03   8.677405e-17   160872
  5.538418e-01   3.405259e-14   1.133375e-03   8.271131e-17   167858
  5.577463e-01   3.295988e-14   1.114977e-03   8.098050e-17   167514
  5.616201e-01   3.194554e-14   1.113803e-03   7.791449e-17   169862
  5.655108e-01   3.110271e-14   1.124453e-03   7.474490e-17   173602
  5.694083e-01   3.018967e-14   1.123533e-03   7.284374e-17   175258
  5.732959e-01   2.951876e-14   1.127164e-03   7.013017e-17   177654
  5.771897e-01   2.855969e-14   1.130949e-03   6.732085e-17   180698
  5.810773e-01   2.794074e-14   1.119005e-03   6.556260e-17   181968
  5.849616e-01   2.715924e-14   1.118541e-03   6.322437e-17   184850
  5.888448e-01   2.637474e-14   1.119144e-03   6.134178e-17   187034
  5.927421e-01   2.571706e-14   1.129966e-03   5.847657e-17   191238
  5.966308e-01   2.504917e-14   1.116348e-03   5.743723e-17   191042
  6.005065e-01   2.437813e-14   1.126286e-03   5.537998e-17   195102
  6.043812e-01   2.380316e-14   1.117515e-03   5.384291e-17   195786
  6.082630e-01   2.312859e-14   1.131649e-03   5.155298e-17   201164
  6.121481e-01   2.253810e-14   1.112645e-03   5.062639e-17   201070
  6.160242e-01   2.207729e-14   1.118305e-03   4.900645e-17   205234
  6.199111e-01   2.148527e-14   1.116352e-03   4.712785e-17   207342
  6.237987e-01   2.082185e-14   1.121735e-03   4.542968e-17   210602
  6.276909e-01   2.023975e-14   1.124203e-03   4.387195e-17   213130
  6.315953e-01   1.981083e-14   1.133190e-03   4.239769e-17   217318
  6.354807e-01   1.925743e-14   1.113546e-03   4.145964e-17   216306
  6.393491e-01   1.888666e-14   1.119403e-03   4.029363e-17   220652
  6.432430e-01   1.842351e-14   1.124854e-03   3.902054e-17   224502
  6.471454e-01   1.790764e-14   1.125081e-03   3.773253e-17   227186
  6.510345e-01   1.752792e-14   1.118193e-03   3.690716e-17   228398
  6.549165e-01   1.707672e-14   1.122259e-03   3.563108e-17   231642
  6.587972e-01   1.658830e-14   1.122763e-03   3.426311e-17   233946
  6.626908e-01   1.615274e-14   1.132956e-03   3.307840e-17   238694
  6.665707e-01   1.585163e-14   1.114640e-03   3.284291e-17   238068
  6.704525e-01   1.547360e-14   1.124042e-03   3.134975e-17   244190
  6.743498e-01   1.507537e-14   1.116752e-03   3.051557e-17   245362
  6.782313e-01   1.471057e-14   1.120102e-03   2.965842e-17   248362
  6.821206e-01   1.441377e-14   1.124509e-03   2.892760e-17   251966
  6.860099e-01   1.411143e-14   1.120649e-03   2.811940e-17   254034
  6.898855e-01   1.377795e-14   1.117172e-03   2.737263e-17   255818
  6.937781e-01   1.343107e-14   1.132899e-03   2.639441e-17   262254
  6.976722e-01   1.308047e-14   1.116974e-03   2.558666e-17   261980
  7.015718e-01   1.276227e-14   1.129534e-03   2.460669e-17   268566
  7.054538e-01   1.250980e-14   1.104857e-03   2.436984e-17   265538
  7.093286e-01   1.222525e-14   1.128000e-03   2.357888e-17   273330
  7.132165e-01   1.194951e-14   1.121481e-03   2.300956e-17   273718
  7.171069e-01   1.169103e-14   1.132652e-03   2.220504e-17   279658
  7.209986e-01   1.140450e-14   1.120025e-03   2.160841e-17   279670
  7.248700e-01   1.118807e-14   1.119062e-03   2.110086e-17   282964
  7.287608e-01   1.091712e-14   1.126489e-03   2.042777e-17   288362
  7.326540e-01   1.064507e-14   1.118613e-03   1.993727e-17   289686
  7.365333e-01   1.044562e-14   1.116235e-03   1.950062e-17   292234
  7.404015e-01   1.019924e-14   1.112765e-03   1.891582e-17   294190
  7.442845e-01   9.985316e-15   1.127923e-03   1.829904e-17   300642
  7.481851e-01   9.714601e-15   1.128116e-03   1.769560e-17   303386
  7.520700e-01   9.544099e-15   1.119257e-03   1.734673e-17   304662
  7.559583e-01   9.380564e-15   1.122290e-03   1.695067e-17   309812
  7.598513e-01   9.188488e-15   1.117608e-03   1.654000e-17   311714
  7.637547e-01   8.972244e-15   1.130270e-03   1.599936e-17   318126
  7.676398e-01   8.789637e-15   1.111035e-03   1.577690e-17   315114
  7.715118e-01   8.608643e-15   1.127143e-03   1.519267e-17   322622
  7.753932e-01   8.370891e-15   1.117154e-03   1.476803e-17   322850
  7.792787e-01   8.212371e-15   1.131101e-03   1.438676e-17   329802
  7.831716e-01   8.030869e-15   1.123851e-03   1.398551e-17   331104
  7.870696e-01   7.863028e-15   1.127607e-03   1.362347e-17   336986
  7.909587e-01   7.702746e-15   1.111055e-03   1.331169e-17   335870
  7.948355e-01   7.542169e-15   1.120862e-03   1.296343e-17   341610
  7.987215e-01   7.412094e-15   1.121955e-03   1.265966e-17   344370
  8.026031e-01   7.254216e-15   1.122207e-03   1.237903e-17   347606
  8.064886e-01   7.109826e-15   1.124033e-03   1.202683e-17   351650
  8.103706e-01   6.952368e-15   1.118654e-03   1.175524e-17   353760
  8.142669e-01   6.809702e-15   1.129493e-03   1.141394e-17   360970
  8.181738e-01   6.679860e-15   1.123124e-03   1.117362e-17   362818
  8.220521e-01   6.547963e-15   1.110144e-03   1.094887e-17   362334
  8.259414e-01   6.405424e-15   1.129348e-03   1.057644e-17   371642
  8.298275e-01   6.280334e-15   1.114584e-03   1.035657e-17   368778
  8.337006e-01   6.132256e-15   1.128744e-03   1.006166e-17   376526
  8.375857e-01   6.059576e-15   1.121330e-03   9.957353e-18   377786
  8.414675e-01   5.922229e-15   1.123524e-03   9.637229e-18   382968
  8.453573e-01   5.780048e-15   1.120822e-03   9.364821e-18   386146
  8.492503e-01   5.670882e-15   1.124050e-03   9.108734e-18   390826
  8.531392e-01   5.573636e-15   1.119718e-03   8.928568e-18   392662
  8.570302e-01   5.467724e-15   1.125822e-03   8.778242e-18   398242
  8.609051e-01   5.358444e-15   1.111972e-03   8.568473e-18   396726
  8.647781e-01   5.250104e-15   1.124714e-03   8.301835e-18   404738
  8.686664e-01   5.147081e-15   1.122897e-03   8.108167e-18   407628
  8.725545e-01   5.054055e-15   1.121536e-03   7.914189e-18   411734
  8.764395e-01   4.953941e-15   1.117149e-03   7.749671e-18   414242
  8.803359e-01   4.859870e-15   1.126317e-03   7.531209e-18   421434
  8.842333e-01   4.763004e-15   1.120273e-03   7.390922e-18   421918
  8.881244e-01   4.679151e-15   1.128330e-03   7.198042e-18   427810
  8.920157e-01   4.573995e-15   1.123036e-03   7.017443e-18   429470
  8.958948e-01   4.515848e-15   1.119658e-03   6.926511e-18   432282
  8.997746e-01   4.420023e-15   1.122449e-03   6.735979e-18   437260
  9.036583e-01   4.350269e-15   1.120747e-03   6.617518e-18   440758
  9.075489e-01   4.267565e-15   1.124778e-03   6.440068e-18   446370
  9.114474e-01   4.182471e-15   1.123943e-03   6.289242e-18   450182
  9.153288e-01   4.112158e-15   1.115142e-03   6.172286e-18   449850
  9.192089e-01   4.024125e-15   1.127357e-03   6.010587e-18   457898
  9.230929e-01   3.937281e-15   1.119604e-03   5.847910e-18   458662
  9.269737e-01   3.875412e-15   1.121722e-03   5.712928e-18   464620
  9.308545e-01   3.816207e-15   1.114316e-03   5.620516e-18   466302
  9.347441e-01   3.739585e-15   1.124571e-03   5.475773e-18   474314
  9.386369e-01   3.676421e-15   1.120021e-03   5.381059e-18   475530
  9.425348e-01   3.612571e-15   1.129051e-03   5.230752e-18   483206
  9.464328e-01   3.555117e-15   1.121669e-03   5.147062e-18   483530
  9.503142e-01   3.482910e-15   1.121047e-03   5.032991e-18   487002
  9.541966e-01   3.416363e-15   1.124058e-03   4.918321e-18   491774
  9.580774e-01   3.363998e-15   1.120518e-03   4.813981e-18   495084
  9.619601e-01   3.300142e-15   1.119352e-03   4.722985e-18   499438
  9.658473e-01   3.235537e-15   1.122356e-03   4.591812e-18   504682
  9.697357e-01   3.186447e-15   1.121500e-03   4.525161e-18   507738
  9.736321e-01   3.122216e-15   1.130456e-03   4.390444e-18   515174
  9.775214e-01   3.074294e-15   1.119580e-03   4.316164e-18   514234
  9.813957e-01   3.019402e-15   1.119450e-03   4.229213e-18   519022
  9.852705e-01   2.973705e-15   1.117281e-03   4.159932e-18   522636
  9.891535e-01   2.915477e-15   1.121739e-03   4.038479e-18   529442
  9.930474e-01   2.851721e-15   1.122647e-03   3.932847e-18   534078
  9.969375e-01   2.818666e-15   1.118397e-03   3.881339e-18   536666
  1.000817e+00   2.765153e-15   1.116716e-03   3.803831e-18   539142
  1.004715e+00   2.722105e-15   1.134178e-03   3.714653e-18   550658
  1.008615e+00   2.676802e-15   1.121935e-03   3.650185e-18   548298
  1.012495e+00   2.631698e-15   1.123048e-03   3.580171e-18   553694
  1.016374e+00   2.580960e-15   1.116375e-03   3.505022e-18   556116
  1.020264e+00   2.547826e-15   1.125051e-03   3.425886e-18   564890
  1.024148e+00   2.496135e-15   1.116141e-03   3.357694e-18   563718
  1.028036e+00   2.453485e-15   1.128568e-03   3.261536e-18   574298
  1.031929e+00   2.417858e-15   1.120551e-03   3.220363e-18   573966
  1.035814e+00   2.373492e-15   1.126024e-03   3.146075e-18   580586
  1.039699e+00   2.335225e-15   1.122029e-03   3.082784e-18   582666
  1.043587e+00   2.302481e-15   1.125959e-03   3.021204e-18   590648
  1.047474e+00   2.262815e-15   1.114820e-03   2.974752e-18   590394
  1.051350e+00   2.219042e-15   1.116684e-03   2.905691e-18   596174
  1.055234e+00   2.181719e-15   1.120236e-03   2.845300e-18   601674
  1.059126e+00   2.146963e-15   1.125352e-03   2.784582e-18   607682
  1.063019e+00   2.116067e-15   1.124350e-03   2.735736e-18   611166
  1.066910e+00   2.083209e-15   1.124099e-03   2.683408e-18   615626
  1.070791e+00   2.043064e-15   1.119456e-03   2.634058e-18   617290
  1.074678e+00   2.016871e-15   1.126011e-03   2.575696e-18   626344
  1.078566e+00   1.984778e-15   1.117274e-03   2.536968e-18   626658
  1.082451e+00   1.948873e-15   1.122467e-03   2.477971e-18   634022
  1.086331e+00   1.913566e-15   1.116124e-03   2.432040e-18   634554
  1.090218e+00   1.889965e-15   1.128467e-03   2.378868e-18   645026
  1.094107e+00   1.852269e-15   1.122446e-03   2.331002e-18   645102
  1.097993e+00   1.826003e-15   1.126954e-03   2.289809e-18   653018
  1.101879e+00   1.793928e-15   1.119089e-03   2.242853e-18   654384
  1.105770e+00   1.771379e-15   1.123901e-03   2.211063e-18   663194
  1.109660e+00   1.741118e-15   1.117576e-03   2.165664e-18   663834
  1.113540e+00   1.712548e-15   1.118796e-03   2.117486e-18   669158
  1.117424e+00   1.685879e-15   1.120650e-03   2.074070e-18   674490
  1.121304e+00   1.656419e-15   1.118416e-03   2.043698e-18   677222
  1.125193e+00   1.634032e-15   1.128225e-03   2.002156e-18   686874
  1.129092e+00   1.610305e-15   1.126811e-03   1.965667e-18   690722
  1.132980e+00   1.587068e-15   1.118907e-03   1.942205e-18   692008
  1.136871e+00   1.560663e-15   1.124678e-03   1.890383e-18   701386
  1.140761e+00   1.534095e-15   1.117002e-03   1.864729e-18   700778
  1.144643e+00   1.513450e-15   1.123318e-03   1.822548e-18   708774
  1.148529e+00   1.487596e-15   1.121990e-03   1.787108e-18   711690
  1.152418e+00   1.465076e-15   1.126973e-03   1.753851e-18   719606
  1.156298e+00   1.443045e-15   1.116380e-03   1.731416e-18   717762
  1.160181e+00   1.420182e-15   1.127123e-03   1.693437e-18   730460
  1.164073e+00   1.400382e-15   1.119262e-03   1.665064e-18   731070
  1.167968e+00   1.374718e-15   1.125901e-03   1.622933e-18   741170
  1.171853e+00   1.356189e-15   1.112045e-03   1.603181e-18   737094
  1.175730e+00   1.336303e-15   1.122374e-03   1.573257e-18   747698
  1.179618e+00   1.318564e-15   1.122867e-03   1.547317e-18   751658
  1.183501e+00   1.294881e-15   1.121599e-03   1.514031e-18   755574
  1.187383e+00   1.275790e-15   1.122256e-03   1.482270e-18   761442
  1.191279e+00   1.255821e-15   1.126787e-03   1.454493e-18   770816
  1.195171e+00   1.236607e-15   1.117539e-03   1.430392e-18   769274
  1.199064e+00   1.216204e-15   1.129525e-03   1.400289e-18   782130
  1.202947e+00   1.200959e-15   1.112602e-03   1.392415e-18   775230
  1.206825e+00   1.187725e-15   1.126605e-03   1.362158e-18   789866
  1.210710e+00   1.167364e-15   1.118361e-03   1.338960e-18   787914
  1.214592e+00   1.150519e-15   1.128225e-03   1.311448e-18   799598
  1.218486e+00   1.130237e-15   1.124161e-03   1.281287e-18   802980
  1.222371e+00   1.119634e-15   1.117789e-03   1.270579e-18   805622
  1.226254e+00   1.099921e-15   1.119738e-03   1.241678e-18   812050
  1.230147e+00   1.084128e-15   1.126034e-03   1.216778e-18   820954
  1.234035e+00   1.068608e-15   1.118780e-03   1.204510e-18   820062
  1.237911e+00   1.053468e-15   1.119897e-03   1.179449e-18   826298
  1.241794e+00   1.035029e-15   1.121814e-03   1.155876e-18   833118
  1.245672e+00   1.021691e-15   1.117137e-03   1.142625e-18   834812
  1.249560e+00   1.008312e-15   1.126815e-03   1.119137e-18   847858
  1.253469e+00   9.945820e-16   1.127442e-03   1.099779e-18   854278
  1.257361e+00   9.781798e-16   1.116253e-03   1.085050e-18   850978
  1.261241e+00   9.656183e-16   1.121687e-03   1.065381e-18   859186
  1.265131e+00   9.534667e-16   1.127494e-03   1.047022e-18   867126
  1.269018e+00   9.398091e-16   1.121886e-03   1.030855e-18   868274
  1.272897e+00   9.273858e-16   1.120976e-03   1.018387e-18   873606
  1.276776e+00   9.102617e-16   1.119398e-03   9.915630e-19   879284
  1.280663e+00   8.973321e-16   1.122355e-03   9.734477e-19   887170
  1.284564e+00   8.828782e-16   1.128693e-03   9.526965e-19   897526
  1.288458e+00   8.735021e-16   1.117587e-03   9.433215e-19   894258
  1.292341e+00   8.631282e-16   1.122714e-03   9.270085e-19   903374
  1.296223e+00   8.511588e-16   1.118323e-03   9.156231e-19   904338
  1.300103e+00   8.367905e-16   1.123719e-03   8.972260e-19   913586
  1.303982e+00   8.282149e-16   1.118150e-03   8.830292e-19   915416
  1.307871e+00   8.143548e-16   1.124217e-03   8.651438e-19   928122
  1.311759e+00   8.054141e-16   1.115167e-03   8.573518e-19   926094
  1.315654e+00   7.927486e-16   1.130093e-03   8.371812e-19   942890
  1.319549e+00   7.815899e-16   1.118827e-03   8.265854e-19   937266
  1.323433e+00   7.723099e-16   1.126506e-03   8.111308e-19   948854
  1.327319e+00   7.608193e-16   1.120121e-03   7.999139e-19   948714
  1.331197e+00   7.505971e-16   1.122687e-03   7.859566e-19   956186
  1.335082e+00   7.396831e-16   1.124444e-03   7.730550e-19   964272
  1.338973e+00   7.294206e-16   1.121587e-03   7.588954e-19   969458
  1.342859e+00   7.195361e-16   1.118296e-03   7.497118e-19   972750
  1.346749e+00   7.086189e-16   1.124460e-03   7.346102e-19   982706
  1.350635e+00   6.997399e-16   1.119858e-03   7.233130e-19   982906
  1.354527e+00   6.911918e-16   1.129306e-03   7.116742e-19   996622
  1.358414e+00   6.815375e-16   1.117989e-03   7.014479e-19   992378
  1.362284e+00   6.738795e-16   1.117150e-03   6.938555e-19   999000
  1.366168e+00   6.641163e-16   1.122014e-03   6.780964e-19   1010114
  1.370061e+00   6.561354e-16   1.121750e-03   6.708542e-19   1015722
  1.373948e+00   6.461984e-16   1.119290e-03   6.583252e-19   1018742
  1.377843e+00   6.370326e-16   1.127371e-03   6.456602e-19   1031250
  1.381733e+00   6.287171e-16   1.118461e-03   6.380932e-19   1027226
  1.385615e+00   6.198500e-16   1.126435e-03   6.253644e-19   1039734
  1.389500e+00   6.129725e-16   1.120654e-03   6.183295e-19   1039914
  1.393382e+00   6.041924e-16   1.123683e-03   6.064473e-19   1050272
  1.397267e+00   5.956075e-16   1.117473e-03   5.998314e-19   1052306
  1.401154e+00   5.891118e-16   1.122308e-03   5.891303e-19   1062666
  1.405045e+00   5.810804e-16   1.122401e-03   5.794106e-19   1067262
  1.408935e+00   5.733861e-16   1.123952e-03   5.704134e-19   1073906
  1.412823e+00   5.667880e-16   1.122463e-03   5.635284e-19   1078190
  1.416712e+00   5.584986e-16   1.124033e-03   5.525402e-19   1085634
  1.420592e+00   5.514944e-16   1.117456e-03   5.459616e-19   1085508
  1.424480e+00   5.445004e-16   1.126594e-03   5.369372e-19   1101926
  1.428369e+00   5.384635e-16   1.116061e-03   5.314308e-19   1098322
  1.432252e+00   5.316671e-16   1.121199e-03   5.203433e-19   1109878
  1.436144e+00   5.232516e-16   1.122554e-03   5.126601e-19   1115338
  1.440035e+00   5.180791e-16   1.125793e-03   5.068708e-19   1122586
  1.443924e+00   5.094510e-16   1.123292e-03   4.980824e-19   1125862
  1.447810e+00   5.050795e-16   1.122976e-03   4.908350e-19   1132498
  1.451691e+00   4.968735e-16   1.119415e-03   4.838012e-19   1135444
  1.455573e+00   4.920226e-16   1.122581e-03   4.764312e-19   1145374
  1.459464e+00   4.848165e-16   1.123383e-03   4.679087e-19   1152698
  1.463354e+00   4.782473e-16   1.121349e-03   4.612277e-19   1157046
  1.467236e+00   4.721585e-16   1.119148e-03   4.546154e-19   1160226
  1.471127e+00   4.678599e-16   1.127743e-03   4.476546e-19   1174346
  1.475014e+00   4.600449e-16   1.119897e-03   4.406011e-19   1171462
  1.478897e+00   4.557381e-16   1.124033e-03   4.349899e-19   1183828
  1.482778e+00   4.487700e-16   1.114458e-03   4.292031e-19   1181822
  1.486657e+00   4.444856e-16   1.120779e-03   4.230049e-19   1194930
  1.490547e+00   4.393513e-16   1.122593e-03   4.163952e-19   1202010
  1.494437e+00   4.334849e-16   1.122115e-03   4.097128e-19   1207166
  1.498326e+00   4.282712e-16   1.123291e-03   4.050091e-19   1214106
  1.502209e+00   4.215156e-16   1.118748e-03   3.974082e-19   1215302
  1.506095e+00   4.171566e-16   1.126666e-03   3.909509e-19   1229274
  1.509994e+00   4.107096e-16   1.126873e-03   3.855114e-19   1236164
  1.513882e+00   4.077331e-16   1.118916e-03   3.814957e-19   1235326
  1.517764e+00   4.021339e-16   1.120265e-03   3.764327e-19   1244026
  1.521647e+00   3.969025e-16   1.120382e-03   3.693772e-19   1249154
  1.525536e+00   3.926097e-16   1.126025e-03   3.645799e-19   1260558
  1.529421e+00   3.884280e-16   1.119984e-03   3.606447e-19   1260394
  1.533310e+00   3.822486e-16   1.125848e-03   3.525897e-19   1274758
  1.537193e+00   3.779460e-16   1.115594e-03   3.498718e-19   1270188
  1.541083e+00   3.729638e-16   1.128008e-03   3.437532e-19   1291202
  1.544971e+00   3.689147e-16   1.115149e-03   3.401177e-19   1282654
  1.548850e+00   3.637780e-16   1.122198e-03   3.330570e-19   1298242
  1.552739e+00   3.605764e-16   1.120395e-03   3.302164e-19   1301774
  1.556625e+00   3.559660e-16   1.123165e-03   3.250810e-19   1309770
  1.560512e+00   3.509835e-16   1.123502e-03   3.205532e-19   1315714
  1.564403e+00   3.470663e-16   1.124924e-03   3.158137e-19   1325110
  1.568290e+00   3.431539e-16   1.118940e-03   3.115061e-19   1326012
  1.572174e+00   3.386282e-16   1.122090e-03   3.065054e-19   1336154
  1.576069e+00   3.351771e-16   1.126474e-03   3.026086e-19   1347334
  1.579958e+00   3.308904e-16   1.119782e-03   2.990100e-19   1345354
  1.583833e+00   3.273072e-16   1.119555e-03   2.954532e-19   1350998
  1.587719e+00   3.226717e-16   1.125829e-03   2.902163e-19   1365546
  1.591609e+00   3.196992e-16   1.122088e-03   2.872835e-19   1367474
  1.595497e+00   3.156279e-16   1.123693e-03   2.828956e-19   1377984
  1.599384e+00   3.119209e-16   1.118321e-03   2.788049e-19   1379394
  1.603272e+00   3.079057e-16   1.123056e-03   2.745337e-19   1392230
  1.607160e+00   3.053706e-16   1.118740e-03   2.722335e-19   1392634
  1.611042e+00   3.013780e-16   1.122441e-03   2.675598e-19   1402666
  1.614928e+00   2.979237e-16   1.122269e-03   2.639018e-19   1408502
  1.618814e+00   2.943651e-16   1.122041e-03   2.601778e-19   1415418
  1.622692e+00   2.910647e-16   1.117068e-03   2.581356e-19   1416856
  1.626588e+00   2.876588e-16   1.130843e-03   2.534190e-19   1442002
  1.630485e+00   2.846082e-16   1.117858e-03   2.517301e-19   1431634
  1.634367e+00   2.812448e-16   1.122585e-03   2.466617e-19   1444606
  1.638250e+00   2.782678e-16   1.118765e-03   2.446414e-19   1445890
  1.642138e+00   2.744418e-16   1.126997e-03   2.395856e-19   1462210
  1.646026e+00   2.713415e-16   1.120901e-03   2.372383e-19   1459590
  1.649907e+00   2.680794e-16   1.123856e-03   2.334522e-19   1471226
  1.653797e+00   2.656942e-16   1.123379e-03   2.314623e-19   1480072
  1.657690e+00   2.622027e-16   1.121364e-03   2.281789e-19   1486594
  1.661576e+00   2.591556e-16   1.118520e-03   2.252383e-19   1488882
  1.665461e+00   2.568922e-16   1.123128e-03   2.226084e-19   1500854
  1.669353e+00   2.536966e-16   1.123083e-03   2.194257e-19   1506874
  1.673232e+00   2.506095e-16   1.117624e-03   2.164657e-19   1506094
  1.677111e+00   2.472812e-16   1.122855e-03   2.127862e-19   1519682
  1.680997e+00   2.446809e-16   1.122626e-03   2.103924e-19   1526724
  1.684890e+00   2.418466e-16   1.125240e-03   2.072852e-19   1539038
  1.688782e+00   2.398263e-16   1.119859e-03   2.059243e-19   1539810
  1.692664e+00   2.372531e-16   1.119007e-03   2.035345e-19   1545046
  1.696554e+00   2.341093e-16   1.126236e-03   1.998401e-19   1560538
  1.700441e+00   2.315311e-16   1.120507e-03   1.980025e-19   1557506
  1.704322e+00   2.296027e-16   1.124114e-03   1.955857e-19   1570062
  1.708203e+00   2.264308e-16   1.119253e-03   1.931215e-19   1571290
  1.712089e+00   2.245113e-16   1.124856e-03   1.906438e-19   1588228
  1.715982e+00   2.218264e-16   1.121250e-03   1.881681e-19   1591046
  1.719873e+00   2.189049e-16   1.123715e-03   1.845815e-19   1602474
  1.723761e+00   2.173343e-16   1.118014e-03   1.842140e-19   1601646
  1.727642e+00   2.141382e-16   1.120550e-03   1.807820e-19   1611266
  1.731523e+00   2.121837e-16   1.120678e-03   1.790425e-19   1616634
  1.735410e+00   2.098696e-16   1.126166e-03   1.756816e-19   1631366
  1.739297e+00   2.075173e-16   1.119655e-03   1.743353e-19   1631028
  1.743180e+00   2.052984e-16   1.119854e-03   1.722619e-19   1641446
  1.747073e+00   2.032440e-16   1.124208e-03   1.699308e-19   1654234
  1.750973e+00   2.010606e-16   1.126198e-03   1.677142e-19   1662874
  1.754858e+00   1.991300e-16   1.117471e-03   1.667129e-19   1656686
  1.758736e+00   1.967959e-16   1.122008e-03   1.637530e-19   1670898
  1.762622e+00   1.945291e-16   1.123056e-03   1.616147e-19   1678074
  1.766507e+00   1.924233e-16   1.123311e-03   1.598906e-19   1685198
  1.770393e+00   1.905053e-16   1.122996e-03   1.579721e-19   1694524
  1.774282e+00   1.886220e-16   1.120709e-03   1.562690e-19   1701334
  1.778171e+00   1.866277e-16   1.120908e-03   1.543315e-19   1709386
  1.782064e+00   1.844603e-16   1.123720e-03   1.517473e-19   1719994
  1.785953e+00   1.824141e-16   1.121006e-03   1.503727e-19   1721510
  1.789842e+00   1.807936e-16   1.124974e-03   1.488524e-19   1734978
  1.793722e+00   1.787410e-16   1.116124e-03   1.475511e-19   1728646
  1.797599e+00   1.769644e-16   1.122713e-03   1.451944e-19   1746868
  1.801486e+00   1.753713e-16   1.121127e-03   1.439594e-19   1752922
  1.805380e+00   1.735486e-16   1.125234e-03   1.414569e-19   1767862
  1.809271e+00   1.717752e-16   1.119301e-03   1.407176e-19   1765698
  1.813160e+00   1.698463e-16   1.125035e-03   1.383104e-19   1781270
  1.817049e+00   1.680016e-16   1.121176e-03   1.372768e-19   1780650
  1.820932e+00   1.663481e-16   1.124142e-03   1.353267e-19   1792418
  1.824813e+00   1.645267e-16   1.119388e-03   1.340710e-19   1792790
  1.828696e+00   1.627783e-16   1.123591e-03   1.319553e-19   1809852
  1.832585e+00   1.615953e-16   1.120140e-03   1.310669e-19   1812666
  1.836475e+00   1.600153e-16   1.124777e-03   1.295662e-19   1827614
  1.840367e+00   1.577886e-16   1.121640e-03   1.276795e-19   1829970
  1.844251e+00   1.562412e-16   1.120370e-03   1.264517e-19   1835030
  1.848131e+00   1.551492e-16   1.119790e-03   1.253521e-19   1841410
  1.852017e+00   1.536579e-16   1.124723e-03   1.241378e-19   1856626
  1.855900e+00   1.519040e-16   1.118305e-03   1.223609e-19   1854656
  1.859782e+00   1.504711e-16   1.121720e-03   1.209424e-19   1870698
  1.863671e+00   1.489127e-16   1.120553e-03   1.193216e-19   1876998
  1.867559e+00   1.473455e-16   1.120979e-03   1.183844e-19   1884458
  1.871445e+00   1.460679e-16   1.122381e-03   1.171679e-19   1891730
  1.875338e+00   1.445404e-16   1.127317e-03   1.155479e-19   1907574
  1.879232e+00   1.428722e-16   1.122851e-03   1.144024e-19   1907730
  1.883115e+00   1.417065e-16   1.120697e-03   1.134740e-19   1912154
  1.886997e+00   1.403385e-16   1.121764e-03   1.121272e-19   1923216
  1.890888e+00   1.392161e-16   1.124326e-03   1.111293e-19   1936562
  1.894776e+00   1.375635e-16   1.119734e-03   1.095099e-19   1936862
  1.898663e+00   1.361419e-16   1.122747e-03   1.085779e-19   1950114
  1.902549e+00   1.349873e-16   1.121089e-03   1.076282e-19   1953306
  1.906439e+00   1.334557e-16   1.125982e-03   1.058637e-19   1968806
  1.910327e+00   1.323443e-16   1.121186e-03   1.051330e-19   1968818
  1.914211e+00   1.312093e-16   1.121720e-03   1.038587e-19   1980624
  1.918097e+00   1.300780e-16   1.118800e-03   1.033896e-19   1985034
  1.921980e+00   1.288686e-16   1.120281e-03   1.021903e-19   1995242
  1.925870e+00   1.276797e-16   1.123830e-03   1.009544e-19   2007742
  1.929759e+00   1.262509e-16   1.121495e-03   9.980939e-20   2010538
  1.933641e+00   1.250956e-16   1.121298e-03   9.902563e-20   2017390
  1.937531e+00   1.238801e-16   1.126602e-03   9.765068e-20   2034346
  1.941413e+00   1.228416e-16   1.117450e-03   9.711846e-20   2025498
  1.945299e+00   1.217041e-16   1.127850e-03   9.565036e-20   2055248
  1.949189e+00   1.208063e-16   1.116586e-03   9.541215e-20   2045090
  1.953070e+00   1.196534e-16   1.121603e-03   9.433948e-20   2062074
  1.956959e+00   1.184358e-16   1.122727e-03   9.306577e-20   2070190
  1.960848e+00   1.173038e-16   1.123891e-03   9.244219e-20   2079226
  1.964734e+00   1.160597e-16   1.122069e-03   9.146588e-20   2083990
  1.968623e+00   1.149373e-16   1.124515e-03   9.018793e-20   2097898
  1.972507e+00   1.140991e-16   1.118548e-03   8.980916e-20   2095452
  1.976394e+00   1.131165e-16   1.124843e-03   8.870653e-20   2117390
  1.980286e+00   1.122830e-16   1.119656e-03   8.808680e-20   2117066
  1.984162e+00   1.112734e-16   1.115140e-03   8.737236e-20   2117238
  1.988045e+00   1.101767e-16   1.124414e-03   8.608683e-20   2140026
  1.991938e+00   1.093792e-16   1.125139e-03   8.538369e-20   2147234
  1.995825e+00   1.083440e-16   1.122378e-03   8.489882e-20   2150118
  1.999710e+00   1.071892e-16   1.122400e-03   8.376593e-20   2160386
  2.003596e+00   1.065938e-16   1.121122e-03   8.361339e-20   2168256
  2.007488e+00   1.054958e-16   1.124409e-03   8.232280e-20   2183306
  2.011378e+00   1.045815e-16   1.120925e-03   8.187056e-20   2184642
  2.015262e+00   1.037713e-16   1.120511e-03   8.108981e-20   2192318
  2.019141e+00   1.029068e-16   1.118713e-03   8.048692e-20   2196066
  2.023031e+00   1.019553e-16   1.127541e-03   7.946461e-20   2220890
  2.026922e+00   1.010488e-16   1.121128e-03   7.895817e-20   2215758
  2.030810e+00   1.003827e-16   1.124804e-03   7.838998e-20   2233988
  2.034697e+00   9.937767e-17   1.118045e-03   7.761585e-20   2231670
  2.038579e+00   9.857999e-17   1.119728e-03   7.685903e-20   2244338
  2.042469e+00   9.779745e-17   1.123477e-03   7.621970e-20   2258610
  2.046358e+00   9.707391e-17   1.121050e-03   7.601916e-20   2260718
  2.050240e+00   9.629495e-17   1.120914e-03   7.521430e-20   2268162
  2.054123e+00   9.576194e-17   1.121571e-03   7.485026e-20   2277494
  2.058008e+00   9.465609e-17   1.123134e-03   7.377324e-20   2288796
  2.061901e+00   9.387822e-17   1.126253e-03   7.325297e-20   2305226
  2.065791e+00   9.343247e-17   1.119672e-03   7.310270e-20   2301630
  2.069679e+00   9.260705e-17   1.123731e-03   7.211583e-20   2319770
  2.073565e+00   9.185889e-17   1.118309e-03   7.176114e-20   2315610
  2.077447e+00   9.123249e-17   1.124236e-03   7.136774e-20   2334662
  2.081332e+00   9.036954e-17   1.120785e-03   7.074109e-20   2335722
  2.085219e+00   8.971412e-17   1.124829e-03   7.000970e-20   2354102
  2.089107e+00   8.897390e-17   1.120313e-03   6.958992e-20   2355156
  2.092998e+00   8.836896e-17   1.124614e-03   6.919947e-20   2374250
  2.096888e+00   8.783508e-17   1.120068e-03   6.877022e-20   2373102
  2.100776e+00   8.721298e-17   1.122758e-03   6.826187e-20   2388194
  2.104658e+00   8.643135e-17   1.116928e-03   6.786239e-20   2383470
  2.108539e+00   8.573356e-17   1.123618e-03   6.709699e-20   2404994
  2.112426e+00   8.512936e-17   1.121916e-03   6.673433e-20   2408538
  2.116308e+00   8.467475e-17   1.121742e-03   6.649970e-20   2417744
  2.120198e+00   8.404967e-17   1.124446e-03   6.585413e-20   2434578
  2.124090e+00   8.337890e-17   1.121710e-03   6.542492e-20   2438414
  2.127979e+00   8.279337e-17   1.122410e-03   6.502106e-20   2448066
  2.131867e+00   8.208210e-17   1.122662e-03   6.445182e-20   2456018
  2.135751e+00   8.157293e-17   1.121406e-03   6.415366e-20   2461230
  2.139636e+00   8.117768e-17   1.122653e-03   6.389176e-20   2474330
  2.143519e+00   8.064183e-17   1.119652e-03   6.350500e-20   2476498
  2.147405e+00   8.002862e-17   1.124366e-03   6.303082e-20   2497240
  2.151298e+00   7.956225e-17   1.122529e-03   6.298415e-20   2502930
  2.155185e+00   7.902849e-17   1.120390e-03   6.259651e-20   2508470
  2.159072e+00   7.843746e-17   1.121001e-03   6.214050e-20   2518482
  2.162961e+00   7.790584e-17   1.123829e-03   6.167261e-20   2532074
  2.166844e+00   7.763677e-17   1.118275e-03   6.188572e-20   2526678
  2.170724e+00   7.706108e-17   1.124045e-03   6.118940e-20   2549018
  2.174611e+00   7.658325e-17   1.120040e-03   6.095583e-20   2551704
  2.178497e+00   7.624306e-17   1.122028e-03   6.069650e-20   2566226
  2.182386e+00   7.562456e-17   1.122230e-03   6.026260e-20   2573898
  2.186278e+00   7.525162e-17   1.124844e-03   6.027205e-20   2589182
  2.190164e+00   7.477902e-17   1.119195e-03   6.008050e-20   2584890
  2.194049e+00   7.419065e-17   1.124371e-03   5.937506e-20   2605190
  2.197936e+00   7.388344e-17   1.121682e-03   5.939681e-20   2606418
  2.201821e+00   7.352196e-17   1.123741e-03   5.898032e-20   2621186
  2.205707e+00   7.315531e-17   1.120704e-03   5.911463e-20   2626608
  2.209592e+00   7.270288e-17   1.119995e-03   5.871065e-20   2636714
  2.213479e+00   7.228785e-17   1.121274e-03   5.828900e-20   2647482
  2.217374e+00   7.186866e-17   1.127022e-03   5.797774e-20   2668382
  2.221265e+00   7.158432e-17   1.120175e-03   5.818442e-20   2660418
  2.225149e+00   7.116720e-17   1.122869e-03   5.777613e-20   2676662
  2.229029e+00   7.089143e-17   1.117920e-03   5.787942e-20   2674210
  2.232911e+00   7.046988e-17   1.123157e-03   5.752392e-20   2697076
  2.236800e+00   7.029636e-17   1.121599e-03   5.756543e-20   2703558
  2.240687e+00   6.970974e-17   1.121191e-03   5.706376e-20   2713250
  2.244572e+00   6.950075e-17   1.119243e-03   5.693548e-20   2717718
  2.248464e+00   6.909080e-17   1.127021e-03   5.658930e-20   2743178
  2.252353e+00   6.883528e-17   1.120305e-03   5.686173e-20   2732730
  2.256238e+00   6.856100e-17   1.126187e-03   5.641349e-20   2758022
  2.260125e+00   6.825365e-17   1.119041e-03   5.662934e-20   2751994
  2.264006e+00   6.792448e-17   1.121171e-03   5.646775e-20   2769052
  2.267895e+00   6.773761e-17   1.122842e-03   5.632999e-20   2783062
  2.271785e+00   6.736214e-17   1.121645e-03   5.614961e-20   2789362
  2.275674e+00   6.708247e-17   1.121981e-03   5.592870e-20   2799582
  2.279564e+00   6.688463e-17   1.123236e-03   5.604673e-20   2811170
  2.283450e+00   6.658847e-17   1.121033e-03   5.594238e-20   2812658
  2.287338e+00   6.626632e-17   1.125793e-03   5.569774e-20   2833302
  2.291222e+00   6.610745e-17   1.118388e-03   5.592888e-20   2827420
  2.295104e+00   6.611392e-17   1.121018e-03   5.615052e-20   2846710
  2.298989e+00   6.548259e-17   1.120692e-03   5.564754e-20   2846535
  2.302873e+00   6.422532e-17   1.122997e-03   5.432857e-20   2848496
  2.306761e+00   6.334909e-17   1.122225e-03   5.345379e-20   2841084
  2.310652e+00   6.237398e-17   1.124928e-03   5.232332e-20   2843480
  2.314540e+00   6.118889e-17   1.120270e-03   5.117899e-20   2826624
  2.318424e+00   6.009415e-17   1.123352e-03   4.993185e-20   2828732
  2.322310e+00   5.920983e-17   1.121451e-03   4.900454e-20   2819296
  2.326197e+00   5.833226e-17   1.122811e-03   4.817211e-20   2819548
  2.330081e+00   5.743114e-17   1.118959e-03   4.732470e-20   2805192
  2.333967e+00   5.639549e-17   1.123463e-03   4.620949e-20   2811104
  2.337856e+00   5.557113e-17   1.121717e-03   4.538743e-20   2800672
  2.341743e+00   5.465878e-17   1.122654e-03   4.459036e-20   2798080
  2.345628e+00   5.376969e-17   1.120248e-03   4.366569e-20   2786976
  2.349516e+00   5.284923e-17   1.123594e-03   4.261323e-20   2791016
  2.353406e+00   5.224900e-17   1.121382e-03   4.214623e-20   2779360
  2.357287e+00   5.128392e-17   1.119573e-03   4.124547e-20   2768644
  2.361169e+00   5.054362e-17   1.122534e-03   4.037346e-20   2771192
  2.365058e+00   4.988585e-17   1.121875e-03   3.987841e-20   2765028
  2.368946e+00   4.909392e-17   1.122751e-03   3.907044e-20   2760864
  2.372840e+00   4.823683e-17   1.125689e-03   3.835887e-20   2761616
  2.376724e+00   4.762695e-17   1.118525e-03   3.788797e-20   2737932
  2.380610e+00   4.691849e-17   1.125904e-03   3.693698e-20   2752280
  2.384498e+00   4.617387e-17   1.118464e-03   3.639661e-20   2728764
  2.388382e+00   4.545941e-17   1.123937e-03   3.569521e-20   2736368
  2.392268e+00   4.481861e-17   1.119459e-03   3.518498e-20   2719952
  2.396155e+00   4.427741e-17   1.124236e-03   3.460649e-20   2727120
  2.400042e+00   4.365346e-17   1.118614e-03   3.403488e-20   2708400
  2.403932e+00   4.284836e-17   1.125719e-03   3.323181e-20   2718536
  2.407818e+00   4.233516e-17   1.118504e-03   3.301911e-20   2694300
  2.411707e+00   4.176417e-17   1.126793e-03   3.232028e-20   2709440
  2.415596e+00   4.110836e-17   1.117787e-03   3.186794e-20   2682108
  2.419475e+00   4.055167e-17   1.121308e-03   3.139245e-20   2684912
  2.423360e+00   3.999570e-17   1.121998e-03   3.082784e-20   2678868
  2.427246e+00   3.942580e-17   1.122668e-03   3.031550e-20   2674772
  2.431135e+00   3.882472e-17   1.123033e-03   2.983752e-20   2670120
  2.435021e+00   3.837628e-17   1.120804e-03   2.944245e-20   2659532
  2.438909e+00   3.777209e-17   1.123713e-03   2.888355e-20   2659704
  2.442801e+00   3.730163e-17   1.124617e-03   2.850186e-20   2654348
  2.446687e+00   3.680201e-17   1.121000e-03   2.806025e-20   2640276
  2.450572e+00   3.629967e-17   1.121992e-03   2.757082e-20   2638700
  2.454457e+00   3.582500e-17   1.120074e-03   2.726695e-20   2628244
  2.458344e+00   3.520363e-17   1.124115e-03   2.660185e-20   2630920
  2.462234e+00   3.481093e-17   1.121877e-03   2.634110e-20   2618904
  2.466118e+00   3.443658e-17   1.120448e-03   2.602281e-20   2610932
  2.470005e+00   3.397629e-17   1.121951e-03   2.567402e-20   2608464
  2.473895e+00   3.344170e-17   1.123139e-03   2.524150e-20   2603708
  2.477779e+00   3.296505e-17   1.119694e-03   2.480691e-20   2588012
  2.481660e+00   3.259435e-17   1.122196e-03   2.451472e-20   2588364
  2.485545e+00   3.221013e-17   1.120384e-03   2.427308e-20   2579076
  2.489430e+00   3.170642e-17   1.121132e-03   2.387939e-20   2574152
  2.493314e+00   3.136931e-17   1.121505e-03   2.353659e-20   2566812
  2.497207e+00   3.090305e-17   1.127061e-03   2.313077e-20   2573732
  2.501098e+00   3.061699e-17   1.119524e-03   2.293038e-20   2550568
  2.504983e+00   3.016483e-17   1.123035e-03   2.255516e-20   2552068
  2.508870e+00   2.976185e-17   1.121138e-03   2.220216e-20   2539620
  2.512757e+00   2.936587e-17   1.124635e-03   2.188294e-20   2540936
  2.516646e+00   2.905085e-17   1.121040e-03   2.171452e-20   2528032
  2.520531e+00   2.869008e-17   1.120365e-03   2.136077e-20   2521480
  2.524419e+00   2.833492e-17   1.122347e-03   2.110593e-20   2517980
  2.528309e+00   2.795735e-17   1.123011e-03   2.079965e-20   2511744
  2.532195e+00   2.764681e-17   1.120855e-03   2.056793e-20   2500140
  2.536081e+00   2.722116e-17   1.121926e-03   2.027287e-20   2496980
  2.539968e+00   2.700251e-17   1.121125e-03   2.009163e-20   2486924
  2.543856e+00   2.658186e-17   1.124762e-03   1.973704e-20   2487000
  2.547743e+00   2.629321e-17   1.120210e-03   1.952294e-20   2469840
  2.551626e+00   2.594316e-17   1.122637e-03   1.928032e-20   2469656
  2.555511e+00   2.569918e-17   1.119469e-03   1.911728e-20   2456844
  2.559401e+00   2.534613e-17   1.125965e-03   1.873686e-20   2462876
  2.563290e+00   2.509276e-17   1.120472e-03   1.865527e-20   2442136
  2.567174e+00   2.471402e-17   1.123165e-03   1.829551e-20   2441944
  2.571061e+00   2.450537e-17   1.120769e-03   1.819068e-20   2430508
  2.574945e+00   2.415402e-17   1.121157e-03   1.791590e-20   2424352
  2.578832e+00   2.394839e-17   1.123693e-03   1.776207e-20   2421264
  2.582722e+00   2.363406e-17   1.122895e-03   1.748898e-20   2413064
  2.586608e+00   2.334883e-17   1.120676e-03   1.734793e-20   2401572
  2.590492e+00   2.304868e-17   1.121724e-03   1.711685e-20   2397284
  2.594379e+00   2.280380e-17   1.121499e-03   1.688375e-20   2388336
  2.598268e+00   2.252320e-17   1.124943e-03   1.673341e-20   2387204
  2.602153e+00   2.226134e-17   1.119280e-03   1.650658e-20   2368644
  2.606033e+00   2.203745e-17   1.120613e-03   1.636976e-20   2365400
  2.609918e+00   2.177003e-17   1.121690e-03   1.616910e-20   2360072
  2.613808e+00   2.152328e-17   1.123660e-03   1.599593e-20   2356464
  2.617696e+00   2.129392e-17   1.121214e-03   1.579918e-20   2343240
  2.621583e+00   2.104990e-17   1.122605e-03   1.563861e-20   2340248
  2.625468e+00   2.084122e-17   1.118824e-03   1.548354e-20   2325000
  2.629355e+00   2.054820e-17   1.124959e-03   1.524205e-20   2328632
  2.633245e+00   2.032751e-17   1.121910e-03   1.514391e-20   2313220
  2.637134e+00   2.014232e-17   1.124095e-03   1.496738e-20   2310772
  2.641020e+00   1.988319e-17   1.119781e-03   1.482238e-20   2295420
  2.644905e+00   1.962971e-17   1.122584e-03   1.461389e-20   2293592
  2.648791e+00   1.946557e-17   1.120952e-03   1.453527e-20   2281384
  2.652683e+00   1.923639e-17   1.126704e-03   1.430865e-20   2285776
  2.656570e+00   1.908564e-17   1.117325e-03   1.427619e-20   2259408
  2.660455e+00   1.884026e-17   1.124314e-03   1.406009e-20   2266808
  2.664344e+00   1.860458e-17   1.120389e-03   1.391069e-20   2248836
  2.668227e+00   1.840216e-17   1.123045e-03   1.378460e-20   2245244
  2.672111e+00   1.821493e-17   1.120801e-03   1.363304e-20   2233908
  2.675998e+00   1.804993e-17   1.122974e-03   1.349653e-20   2231660
  2.679886e+00   1.788612e-17   1.120422e-03   1.339879e-20   2218544
  2.683775e+00   1.764905e-17   1.124792e-03   1.326297e-20   2218176
  2.687664e+00   1.751612e-17   1.121286e-03   1.316467e-20   2202900
  2.691550e+00   1.727875e-17   1.121747e-03   1.298522e-20   2197472
  2.695433e+00   1.710946e-17   1.118354e-03   1.288475e-20   2181960
  2.699317e+00   1.696176e-17   1.124130e-03   1.277253e-20   2183696
  2.703207e+00   1.677243e-17   1.123719e-03   1.264319e-20   2173416
  2.707096e+00   1.657827e-17   1.122917e-03   1.253502e-20   2165444
  2.710982e+00   1.643710e-17   1.119761e-03   1.244441e-20   2152688
  2.714867e+00   1.625561e-17   1.121777e-03   1.231378e-20   2147628
  2.718754e+00   1.608145e-17   1.122335e-03   1.219292e-20   2139012
  2.722646e+00   1.592429e-17   1.125226e-03   1.205047e-20   2136008
  2.726525e+00   1.579984e-17   1.114594e-03   1.205151e-20   2108656
  2.730404e+00   1.562842e-17   1.123744e-03   1.190081e-20   2117896
  2.734296e+00   1.547073e-17   1.123450e-03   1.179411e-20   2106260
  2.738185e+00   1.528171e-17   1.123855e-03   1.165234e-20   2099088
  2.742075e+00   1.513720e-17   1.121974e-03   1.157682e-20   2088432
  2.745961e+00   1.499571e-17   1.120471e-03   1.148876e-20   2078432
  2.749845e+00   1.484642e-17   1.120708e-03   1.138145e-20   2069048
  2.753732e+00   1.469973e-17   1.123831e-03   1.125513e-20   2064804
  2.757623e+00   1.455434e-17   1.123568e-03   1.121000e-20   2055644
  2.761510e+00   1.442620e-17   1.120700e-03   1.114477e-20   2043000
  2.765392e+00   1.429421e-17   1.120067e-03   1.103546e-20   2032348
  2.769281e+00   1.415871e-17   1.126495e-03   1.096531e-20   2034064
  2.773172e+00   1.400663e-17   1.122211e-03   1.083919e-20   2017740
  2.777059e+00   1.386652e-17   1.121480e-03   1.077365e-20   2010188
  2.780942e+00   1.372930e-17   1.118751e-03   1.069248e-20   1996556
  2.784826e+00   1.362575e-17   1.122456e-03   1.061267e-20   1992816
  2.788712e+00   1.349734e-17   1.122411e-03   1.055630e-20   1982400
  2.792596e+00   1.335724e-17   1.121262e-03   1.047247e-20   1972256
  2.796480e+00   1.323226e-17   1.121000e-03   1.035921e-20   1964384
  2.800370e+00   1.308946e-17   1.122889e-03   1.027189e-20   1958544
  2.804258e+00   1.296782e-17   1.122489e-03   1.020266e-20   1946988
  2.808149e+00   1.284440e-17   1.124629e-03   1.013360e-20   1942532
  2.812034e+00   1.275647e-17   1.117383e-03   1.009602e-20   1921692
  2.815918e+00   1.261374e-17   1.123808e-03   1.000612e-20   1924004
  2.819806e+00   1.249843e-17   1.120365e-03   9.939684e-21   1907344
  2.823695e+00   1.238621e-17   1.126069e-03   9.850270e-21   1907440
  2.827583e+00   1.225965e-17   1.118720e-03   9.798370e-21   1886136
  2.831464e+00   1.220519e-17   1.121920e-03   9.770243e-21   1883144
  2.835353e+00   1.206171e-17   1.122753e-03   9.685351e-21   1874724
  2.839243e+00   1.197370e-17   1.123826e-03   9.618236e-21   1866068
  2.843130e+00   1.186279e-17   1.121455e-03   9.576515e-21   1852980
  2.847017e+00   1.174078e-17   1.122782e-03   9.476592e-21   1847468
  2.850900e+00   1.166164e-17   1.117935e-03   9.469628e-21   1829636
  2.854785e+00   1.154171e-17   1.123959e-03   9.388096e-21   1829688
  2.858675e+00   1.145341e-17   1.122789e-03   9.345238e-21   1817192
  2.862561e+00   1.132753e-17   1.121150e-03   9.253120e-21   1806312
  2.866446e+00   1.124308e-17   1.120289e-03   9.205663e-21   1795984
  2.870334e+00   1.113224e-17   1.123627e-03   9.147621e-21   1791100
  2.874224e+00   1.105945e-17   1.122050e-03   9.106134e-21   1777648
  2.878111e+00   1.095980e-17   1.123043e-03   9.053788e-21   1769848
  2.881996e+00   1.086554e-17   1.119995e-03   9.013744e-21   1756536
  2.885881e+00   1.076862e-17   1.121386e-03   8.975314e-21   1748960
  2.889768e+00   1.066175e-17   1.123014e-03   8.892697e-21   1739952
  2.893658e+00   1.056419e-17   1.124239e-03   8.843787e-21   1732124
  2.897544e+00   1.050697e-17   1.120323e-03   8.839766e-21   1716852
  2.901430e+00   1.041379e-17   1.122735e-03   8.759186e-21   1712276
  2.905319e+00   1.031084e-17   1.121222e-03   8.724489e-21   1698500
  2.909208e+00   1.024371e-17   1.125604e-03   8.679550e-21   1693932
  2.913093e+00   1.013690e-17   1.119232e-03   8.627506e-21   1675204
  2.916975e+00   1.007087e-17   1.121771e-03   8.609664e-21   1670644
  2.920858e+00   1.000742e-17   1.118515e-03   8.577871e-21   1655532
  2.924748e+00   9.908056e-18   1.126990e-03   8.512804e-21   1656860
  2.928637e+00   9.838331e-18   1.119840e-03   8.505443e-21   1635372
  2.932524e+00   9.752817e-18   1.124773e-03   8.454358e-21   1634324
  2.936410e+00   9.700458e-18   1.117372e-03   8.462472e-21   1613676
  2.940295e+00   9.607254e-18   1.124617e-03   8.361757e-21   1613348
  2.944183e+00   9.518409e-18   1.120803e-03   8.338844e-21   1596236
  2.948069e+00   9.430579e-18   1.123999e-03   8.287373e-21   1591476
  2.951956e+00   9.362927e-18   1.119134e-03   8.267266e-21   1575732
  2.955838e+00   9.287421e-18   1.120429e-03   8.244381e-21   1566236
  2.959725e+00   9.240560e-18   1.124724e-03   8.218576e-21   1560292
  2.963618e+00   9.160100e-18   1.124442e-03   8.169383e-21   1550092
  2.967503e+00   9.093895e-18   1.118750e-03   8.181447e-21   1532628
  2.971386e+00   8.997718e-18   1.121507e-03   8.097839e-21   1527332
  2.975274e+00   8.957038e-18   1.121884e-03   8.116303e-21   1515212
  2.979160e+00   8.872754e-18   1.123567e-03   8.060783e-21   1506444
  2.983048e+00   8.810808e-18   1.122261e-03   8.034426e-21   1495116
  2.986928e+00   8.742809e-18   1.117074e-03   8.047962e-21   1479152
  2.990812e+00   8.679488e-18   1.122982e-03   7.998727e-21   1475512
  2.994707e+00   8.604544e-18   1.126591e-03   7.930199e-21   1467820
  2.998598e+00   8.546932e-18   1.121923e-03   7.959069e-21   1451256
  3.002486e+00   8.475423e-18   1.122725e-03   7.916656e-21   1443212
  3.006369e+00   8.405985e-18   1.117256e-03   7.918987e-21   1425680
  3.010254e+00   8.366912e-18   1.124371e-03   7.899502e-21   1422972
  3.014143e+00   8.293698e-18   1.123023e-03   7.872111e-21   1408632
  3.018032e+00   8.223934e-18   1.123941e-03   7.815006e-21   1400984
  3.021918e+00   8.159678e-18   1.117887e-03   7.827728e-21   1383196
  3.025801e+00   8.111149e-18   1.123197e-03   7.802323e-21   1378120
  3.029692e+00   8.066673e-18   1.124450e-03   7.809055e-21   1367272
  3.033584e+00   7.983719e-18   1.124457e-03   7.772298e-21   1356580
  3.037464e+00   7.922666e-18   1.115974e-03   7.771303e-21   1337028
  3.041343e+00   7.870161e-18   1.120802e-03   7.751816e-21   1332500
  3.045230e+00   7.832064e-18   1.122780e-03   7.742858e-21   1321796
  3.049120e+00   7.763223e-18   1.124838e-03   7.738379e-21   1312716
  3.053007e+00   7.717945e-18   1.119942e-03   7.741048e-21   1296580
  3.056896e+00   7.649519e-18   1.124221e-03   7.686561e-21   1291528
  3.060783e+00   7.590016e-18   1.119071e-03   7.695945e-21   1273128
  3.064669e+00   7.547491e-18   1.125633e-03   7.698308e-21   1268720
  3.068560e+00   7.474359e-18   1.122309e-03   7.647930e-21   1254016
  3.072444e+00   7.418584e-18   1.119894e-03   7.655642e-21   1241296
  3.076322e+00   7.364732e-18   1.116955e-03   7.642045e-21   1226712
  3.080211e+00   7.330793e-18   1.128188e-03   7.625487e-21   1226228
  3.084105e+00   7.298160e-18   1.122621e-03   7.673137e-21   1207768
  3.087992e+00   7.210138e-18   1.122433e-03   7.635914e-21   1198336
  3.091874e+00   7.165426e-18   1.117108e-03   7.632382e-21   1181484
  3.095761e+00   7.098204e-18   1.125421e-03   7.574120e-21   1178012
  3.099653e+00   7.057558e-18   1.123268e-03   7.621023e-21   1162564
  3.103535e+00   6.997384e-18   1.120338e-03   7.592279e-21   1149340
  3.107418e+00   6.956385e-18   1.119954e-03   7.596884e-21   1138848
  3.111303e+00   6.894370e-18   1.120192e-03   7.606359e-21   1126748
  3.115189e+00   6.851441e-18   1.123911e-03   7.570904e-21   1117428
  3.119084e+00   6.799053e-18   1.126323e-03   7.558594e-21   1108112
  3.122973e+00   6.726468e-18   1.119549e-03   7.574740e-21   1090596
  3.126857e+00   6.672946e-18   1.120292e-03   7.543877e-21   1081052
  3.130738e+00   6.657517e-18   1.118514e-03   7.622133e-21   1065716
  3.134626e+00   6.586717e-18   1.127732e-03   7.556997e-21   1061940
  3.138518e+00   6.524765e-18   1.121370e-03   7.568872e-21   1044096
  3.142404e+00   6.459068e-18   1.122139e-03   7.494477e-21   1034864
  3.146289e+00   6.400847e-18   1.117591e-03   7.519055e-21   1018308
  3.150179e+00   6.385941e-18   1.129200e-03   7.557743e-21   1014812
  3.154072e+00   6.312597e-18   1.121981e-03   7.538638e-21   996288
  3.157955e+00   6.243861e-18   1.120847e-03   7.491788e-21   985376
  3.161835e+00   6.191669e-18   1.115880e-03   7.511398e-21   969652
  3.165722e+00   6.161579e-18   1.125987e-03   7.498084e-21   964924
  3.169610e+00   6.114159e-18   1.121515e-03   7.526690e-21   947228
  3.173495e+00   6.016130e-18   1.123457e-03   7.443294e-21   939084
  3.177381e+00   5.969423e-18   1.116472e-03   7.446882e-21   921864
  3.181265e+00   5.930669e-18   1.123502e-03   7.465952e-21   914252
  3.185159e+00   5.888479e-18   1.126304e-03   7.476245e-21   902572
  3.189050e+00   5.808484e-18   1.123145e-03   7.396381e-21   888784
  3.192932e+00   5.752207e-18   1.116224e-03   7.447079e-21   872540
  3.196811e+00   5.662348e-18   1.120157e-03   7.338738e-21   862848
  3.200697e+00   5.642265e-18   1.124093e-03   7.411286e-21   851760
  3.204592e+00   5.562378e-18   1.127172e-03   7.346030e-21   841940
  3.208479e+00   5.495422e-18   1.117661e-03   7.329787e-21   823032
  3.212364e+00   5.403681e-18   1.123934e-03   7.266794e-21   816044
  3.216253e+00   5.385624e-18   1.120364e-03   7.307736e-21   799292
  3.220140e+00   5.298577e-18   1.126784e-03   7.198045e-21   791304
  3.224026e+00   5.217646e-18   1.117490e-03   7.186053e-21   772868
  3.227902e+00   5.136790e-18   1.119936e-03   7.090983e-21   762552
  3.231787e+00   5.077549e-18   1.121745e-03   7.022321e-21   750876
  3.235677e+00   5.005427e-18   1.123999e-03   7.004637e-21   739280
  3.239565e+00   4.908319e-18   1.121784e-03   6.852074e-21   724944
  3.243456e+00   4.832798e-18   1.124267e-03   6.815636e-21   714380
  3.247336e+00   4.754919e-18   1.116046e-03   6.734346e-21   695932
  3.251222e+00   4.670763e-18   1.126879e-03   6.557759e-21   690949
  3.255114e+00   4.598946e-18   1.118914e-03   6.519101e-21   673638
  3.258999e+00   4.515370e-18   1.124434e-03   6.404535e-21   666092
  3.262883e+00   4.477799e-18   1.117312e-03   6.397590e-21   651024
  3.266766e+00   4.404821e-18   1.124054e-03   6.320058e-21   644804
  3.270656e+00   4.332934e-18   1.121035e-03   6.219233e-21   632676
  3.274546e+00   4.291104e-18   1.125434e-03   6.188001e-21   624962
  3.278430e+00   4.233656e-18   1.118496e-03   6.127421e-21   611280
  3.282321e+00   4.182589e-18   1.127391e-03   6.095798e-21   607256
  3.286211e+00   4.124054e-18   1.118374e-03   6.035854e-21   592616
  3.290095e+00   4.084720e-18   1.124430e-03   5.990721e-21   587160
  3.293983e+00   4.046490e-18   1.120749e-03   5.973941e-21   575482
  3.297866e+00   3.971572e-18   1.122505e-03   5.920578e-21   568258
  3.301757e+00   3.952688e-18   1.122731e-03   5.882127e-21   559638
  3.305647e+00   3.900344e-18   1.123210e-03   5.838472e-21   551498
  3.309536e+00   3.864164e-18   1.121790e-03   5.824044e-21   542364
  3.313423e+00   3.786907e-18   1.122328e-03   5.700647e-21   534146
  3.317305e+00   3.774584e-18   1.119988e-03   5.733423e-21   524980
  3.321196e+00   3.714305e-18   1.125222e-03   5.656396e-21   519964
  3.325077e+00   3.676287e-18   1.115886e-03   5.640816e-21   507108
  3.328962e+00   3.643864e-18   1.126905e-03   5.617127e-21   504992
  3.332852e+00   3.612478e-18   1.118656e-03   5.607519e-21   492948
  3.336740e+00   3.564402e-18   1.127360e-03   5.584636e-21   489740
  3.340629e+00   3.532180e-18   1.117346e-03   5.527425e-21   477716
  3.344511e+00   3.486432e-18   1.124864e-03   5.500252e-21   473844
  3.348399e+00   3.466689e-18   1.119228e-03   5.508404e-21   464222
  3.352284e+00   3.421638e-18   1.123815e-03   5.462345e-21   459048
  3.356167e+00   3.403176e-18   1.117888e-03   5.476403e-21   449574
  3.360054e+00   3.365125e-18   1.125019e-03   5.434159e-21   445820
  3.363936e+00   3.328587e-18   1.116211e-03   5.431745e-21   435158
  3.367827e+00   3.299517e-18   1.127850e-03   5.392087e-21   433566
  3.371713e+00   3.278264e-18   1.114763e-03   5.422889e-21   421014
  3.375597e+00   3.238619e-18   1.127754e-03   5.363605e-21   419996
  3.379490e+00   3.214107e-18   1.118287e-03   5.358621e-21   409482
  3.383368e+00   3.164136e-18   1.121665e-03   5.282121e-21   404414
  3.387257e+00   3.154893e-18   1.122567e-03   5.308021e-21   398518
  3.391148e+00   3.105788e-18   1.123750e-03   5.257692e-21   392302
  3.395033e+00   3.098642e-18   1.121765e-03   5.288975e-21   385318
  3.398930e+00   3.068258e-18   1.127631e-03   5.277059e-21   381718
  3.402811e+00   3.045901e-18   1.114511e-03   5.263227e-21   370674
  3.406696e+00   3.022092e-18   1.128673e-03   5.257091e-21   370166
  3.410587e+00   2.997511e-18   1.117032e-03   5.269928e-21   359838
  3.414471e+00   2.947657e-18   1.126612e-03   5.218650e-21   357488
  3.418356e+00   2.953302e-18   1.115416e-03   5.261042e-21   348174
  3.422239e+00   2.904284e-18   1.126138e-03   5.196276e-21   346010
  3.426123e+00   2.908601e-18   1.115666e-03   5.246775e-21   336966
  3.430017e+00   2.852856e-18   1.131496e-03   5.129421e-21   336488
  3.433906e+00   2.856820e-18   1.113178e-03   5.244305e-21   325206
  3.437790e+00   2.817514e-18   1.128394e-03   5.171507e-21   324614
  3.441675e+00   2.804915e-18   1.113950e-03   5.207195e-21   314792
  3.445561e+00   2.779729e-18   1.129033e-03   5.171548e-21   314082
  3.449445e+00   2.752406e-18   1.112843e-03   5.189451e-21   303918
  3.453329e+00   2.728554e-18   1.130230e-03   5.153142e-21   303872
  3.457223e+00   2.718855e-18   1.118237e-03   5.209203e-21   295070
  3.461110e+00   2.689873e-18   1.127117e-03   5.175822e-21   292776
  3.464999e+00   2.670999e-18   1.118155e-03   5.159838e-21   285198
  3.468882e+00   2.649203e-18   1.124173e-03   5.158730e-21   282068
  3.472770e+00   2.628951e-18   1.120642e-03   5.186146e-21   276094
  3.476654e+00   2.601652e-18   1.121770e-03   5.174485e-21   271936
  3.480537e+00   2.600743e-18   1.119604e-03   5.209299e-21   266352
  3.484425e+00   2.571484e-18   1.124273e-03   5.179012e-21   263198
  3.488309e+00   2.558632e-18   1.117087e-03   5.213993e-21   256540
  3.492199e+00   2.538705e-18   1.128018e-03   5.190807e-21   254758
  3.496085e+00   2.530022e-18   1.114575e-03   5.237288e-21   246888
  3.499973e+00   2.521203e-18   1.129431e-03   5.230412e-21   245984
  3.503859e+00   2.499613e-18   1.113747e-03   5.268001e-21   237838
  3.507743e+00   2.473161e-18   1.128624e-03   5.211476e-21   236932
  3.511628e+00   2.462179e-18   1.114686e-03   5.278796e-21   229296
  3.515519e+00   2.443014e-18   1.132107e-03   5.222505e-21   228968
  3.519410e+00   2.420823e-18   1.115334e-03   5.288305e-21   220862
  3.523299e+00   2.404456e-18   1.132320e-03   5.258756e-21   220440
  3.527188e+00   2.382073e-18   1.113877e-03   5.303766e-21   212400
  3.531075e+00   2.364142e-18   1.132596e-03   5.257905e-21   212228
  3.534965e+00   2.359697e-18   1.113928e-03   5.322017e-21   204518
  3.538852e+00   2.348324e-18   1.130227e-03   5.317336e-21   203928
  3.542735e+00   2.338793e-18   1.110921e-03   5.366565e-21   196280
  3.546619e+00   2.318672e-18   1.130361e-03   5.370720e-21   196272
  3.550503e+00   2.293100e-18   1.110008e-03   5.372791e-21   188572
  3.554385e+00   2.291258e-18   1.129045e-03   5.398224e-21   188440
  3.558272e+00   2.272414e-18   1.112527e-03   5.426631e-21   181574
  3.562156e+00   2.259770e-18   1.129325e-03   5.436460e-21   180912
  3.566042e+00   2.244971e-18   1.112617e-03   5.440170e-21   174304
  3.569927e+00   2.229981e-18   1.129933e-03   5.459322e-21   173620
  3.573814e+00   2.222887e-18   1.114477e-03   5.504399e-21   167424
  3.577707e+00   2.198546e-18   1.132693e-03   5.476329e-21   166952
  3.581590e+00   2.196361e-18   1.109406e-03   5.555842e-21   159744
  3.585479e+00   2.183760e-18   1.134885e-03   5.510309e-21   160424
  3.589363e+00   2.177171e-18   1.107308e-03   5.627861e-21   152748
  3.593250e+00   2.161551e-18   1.136784e-03   5.590926e-21   153920
  3.597136e+00   2.153718e-18   1.105473e-03   5.761259e-21   146016
  3.601018e+00   2.144255e-18   1.136208e-03   5.695279e-21   147176
  3.604907e+00   2.140157e-18   1.107710e-03   5.777902e-21   139992
  3.608791e+00   2.122769e-18   1.135264e-03   5.711389e-21   140588
  3.612682e+00   2.118705e-18   1.111007e-03   5.890155e-21   134184
  3.616571e+00   2.103991e-18   1.134121e-03   5.782912e-21   134192
  3.620457e+00   2.095547e-18   1.110077e-03   5.895279e-21   127992
  3.624344e+00   2.079426e-18   1.133946e-03   5.891248e-21   128132
  3.628235e+00   2.072981e-18   1.112933e-03   5.973388e-21   122384
  3.632120e+00   2.059932e-18   1.130787e-03   5.993374e-21   121896
  3.636006e+00   2.064975e-18   1.111987e-03   6.074513e-21   116592
  3.639888e+00   2.036054e-18   1.130031e-03   6.013525e-21   116072
  3.643776e+00   2.039356e-18   1.113281e-03   6.171094e-21   111196
  3.647666e+00   2.014596e-18   1.133982e-03   6.084781e-21   110824
  3.651553e+00   2.032253e-18   1.109351e-03   6.295005e-21   105456
  3.655445e+00   2.008412e-18   1.137911e-03   6.192890e-21   105746
  3.659331e+00   2.014373e-18   1.104570e-03   6.401057e-21   99816
  3.663217e+00   1.996117e-18   1.137630e-03   6.413256e-21   100460
  3.667098e+00   1.989865e-18   1.103186e-03   6.463523e-21   94616
  3.670986e+00   1.982632e-18   1.138482e-03   6.429290e-21   95448
  3.674871e+00   1.977654e-18   1.104767e-03   6.616564e-21   89784
  3.678762e+00   1.958747e-18   1.138753e-03   6.508497e-21   90536
  3.682640e+00   1.962864e-18   1.098833e-03   6.768773e-21   84566
  3.686528e+00   1.963224e-18   1.143171e-03   6.740500e-21   86088
  3.690411e+00   1.955262e-18   1.094501e-03   6.940321e-21   79680
  3.694290e+00   1.957442e-18   1.143460e-03   6.879803e-21   81368
  3.698177e+00   1.934533e-18   1.096007e-03   7.101150e-21   75356
  3.702056e+00   1.926864e-18   1.143156e-03   6.996777e-21   76704
  3.705948e+00   1.925138e-18   1.100016e-03   7.242196e-21   71322
  3.709834e+00   1.920962e-18   1.143672e-03   7.163687e-21   72248
  3.713724e+00   1.920351e-18   1.099908e-03   7.426558e-21   67160
  3.717610e+00   1.912679e-18   1.141543e-03   7.361787e-21   67836
  3.721489e+00   1.916184e-18   1.096984e-03   7.669937e-21   62976
  3.725379e+00   1.901698e-18   1.144398e-03   7.485841e-21   63914
  3.729253e+00   1.894087e-18   1.092761e-03   7.848694e-21   58832
  3.733144e+00   1.886888e-18   1.147084e-03   7.656982e-21   60108
  3.737017e+00   1.900416e-18   1.090205e-03   8.196782e-21   54920
  3.740928e+00   1.895140e-18   1.160099e-03   7.860411e-21   56970
  3.744809e+00   1.878139e-18   1.078913e-03   8.365154e-21   50760
  3.748701e+00   1.877683e-18   1.161348e-03   8.044640e-21   53312
  3.752584e+00   1.878781e-18   1.074836e-03   8.517371e-21   47164
  3.756472e+00   1.867053e-18   1.163802e-03   8.319192e-21   49810
  3.760356e+00   1.867333e-18   1.069365e-03   8.895221e-21   43680
  3.764234e+00   1.857431e-18   1.164818e-03   8.593498e-21   46328
  3.768129e+00   1.843766e-18   1.073902e-03   9.140197e-21   40694
  3.772013e+00   1.879585e-18   1.167140e-03   9.097050e-21   42984
  3.775913e+00   1.861209e-18   1.073587e-03   9.703005e-21   37656
  3.779787e+00   1.831559e-18   1.164236e-03   9.331541e-21   39578
  3.783688e+00   1.857893e-18   1.077878e-03   1.005327e-20   34920
  3.787564e+00   1.839433e-18   1.160065e-03   9.692677e-21   36308
  3.791451e+00   1.835449e-18   1.076316e-03   1.027342e-20   32136
  3.795334e+00   1.855403e-18   1.159401e-03   1.017244e-20   33362
  3.799207e+00   1.834369e-18   1.069739e-03   1.073438e-20   29336
  3.803104e+00   1.884610e-18   1.167435e-03   1.086696e-20   30804
  3.806966e+00   1.838512e-18   1.055228e-03   1.131660e-20   26490
  3.810870e+00   1.859078e-18   1.176653e-03   1.098489e-20   28376
  3.814719e+00   1.846408e-18   1.039734e-03   1.204160e-20   23784
  3.818636e+00   1.832002e-18   1.189627e-03   1.111180e-20   26150
  3.822479e+00   1.830068e-18   1.021588e-03   1.242966e-20   21192
  3.826407e+00   1.830952e-18   1.204804e-03   1.183792e-20   24050
  3.830252e+00   1.853609e-18   1.002280e-03   1.352852e-20   18768
  3.834191e+00   1.844851e-18   1.221518e-03   1.248099e-20   22052
  3.838029e+00   1.796151e-18   9.660660e-04   1.382449e-20   16346
  3.841962e+00   1.815651e-18   1.236558e-03   1.275368e-20   20136
  3.845802e+00   1.817455e-18   9.274195e-04   1.505166e-20   14160
  3.849721e+00   1.834739e-18   1.247069e-03   1.363342e-20   18218
  3.853565e+00   1.811854e-18   8.859468e-04   1.661672e-20   12204
  3.857470e+00   1.830596e-18   1.256334e-03   1.452252e-20   16346
  3.861333e+00   1.798624e-18   8.562781e-04   1.775193e-20   10536
  3.865221e+00   1.850550e-18   1.261091e-03   1.530803e-20   14456
  3.869081e+00   1.810975e-18   8.165112e-04   1.897788e-20   8990
  3.872967e+00   1.831339e-18   1.270385e-03   1.637615e-20   12744
  3.876815e+00   1.849701e-18   7.482517e-04   2.147983e-20   7506
  3.880703e+00   1.851710e-18   1.282849e-03   1.782517e-20   11192
  3.884545e+00   1.837835e-18   6.569471e-04   2.363166e-20   6156
  3.888432e+00   1.854305e-18   1.294599e-03   1.893289e-20   9722
  3.892281e+00   1.793636e-18   5.567157e-04   2.578763e-20   4992
  3.896158e+00   1.824066e-18   1.304505e-03   2.024943e-20   8306
  3.900025e+00   1.858543e-18   4.384033e-04   2.914140e-20   3996
  3.903878e+00   1.818667e-18   1.309274e-03   2.179698e-20   6938
  3.907766e+00   1.813748e-18   3.047624e-04   3.137075e-20   3168
  3.911584e+00   1.850658e-18   1.304853e-03   2.405533e-20   5624
  3.915485e+00   1.933923e-18   2.103226e-04   3.741113e-20   2502
  3.919286e+00   1.909259e-18   1.297747e-03   2.741221e-20   4424
  3.923208e+00   1.849460e-18   2.230451e-04   4.182449e-20   1946
  3.926998e+00   1.783418e-18   1.292790e-03   3.025829e-20   3360
  3.930918e+00   1.824392e-18   1.221617e-04   4.763851e-20   1446
  3.934708e+00   1.942047e-18   1.290208e-03   4.040505e-20   2456
  3.938666e+00   1.739786e-18   2.340394e-04   5.254105e-20   1034
  3.942432e+00   1.928512e-18   1.288305e-03   4.481590e-20   1680
  3.946383e+00   1.690459e-18   5.837572e-05   6.645895e-20   678
  3.950143e+00   1.862620e-18   1.286681e-03   5.517010e-20   1064
  3.954177e+00   1.770623e-18   3.540138e-04   1.063735e-19   410
  3.957868e+00   1.835006e-18   1.284749e-03   7.416408e-20   576
  3.961879e+00   1.933793e-18   1.855368e-05   1.363636e-19   198
  3.965528e+00   1.910045e-18   1.272780e-03   1.192676e-19   248
  3.969917e+00   2.126531e-18   8.019490e-04   2.245369e-19   74
  3.973198e+00   2.071193e-18   1.252635e-03   2.633163e-19   48
  3.977405e+00   1.862037e-18   5.034095e-08   7.064202e-19   6
