# power spectrum of phi
# redshift z=9.910587
# k              Pk             sigma(k)       sigma(Pk)      count
  5.727314e-03   3.060863e-10   8.763345e-04   6.781399e-11   18
  1.001182e-02   5.069431e-10   1.059922e-03   7.222739e-11   62
  1.393445e-02   3.610007e-10   7.332271e-04   4.421807e-11   90
  1.764809e-02   3.466625e-10   1.157232e-03   2.289814e-11   170
  2.151286e-02   2.599891e-10   1.202795e-03   1.624867e-11   246
  2.528669e-02   1.953124e-10   1.146703e-03   1.094856e-11   338
  2.901099e-02   1.774328e-10   9.857564e-04   8.751582e-12   432
  3.284683e-02   1.410178e-10   1.010047e-03   6.403362e-12   578
  3.688195e-02   1.070038e-10   1.177086e-03   3.907828e-12   786
  4.101464e-02   8.285002e-11   1.190994e-03   2.659988e-12   974
  4.488954e-02   6.976020e-11   1.031402e-03   2.205580e-12   1002
  4.870958e-02   6.328583e-11   1.179303e-03   1.668878e-12   1334
  5.263577e-02   5.172829e-11   1.134676e-03   1.410316e-12   1458
  5.631027e-02   4.720255e-11   1.072446e-03   1.163262e-12   1604
  6.010158e-02   4.203836e-11   1.088865e-03   1.010043e-12   1974
  6.404851e-02   3.844934e-11   1.067989e-03   8.178083e-13   2234
  6.795611e-02   3.450804e-11   1.092954e-03   7.088460e-13   2490
  7.198483e-02   3.089254e-11   1.200217e-03   5.813477e-13   3014
  7.595394e-02   2.775253e-11   1.093611e-03   5.055347e-13   3018
  7.977896e-02   2.465793e-11   1.131598e-03   4.243751e-13   3446
  8.359600e-02   2.150922e-11   1.085617e-03   3.617080e-13   3626
  8.742004e-02   1.868189e-11   1.125556e-03   2.920737e-13   4164
  9.130612e-02   1.711986e-11   1.090740e-03   2.627549e-13   4470
  9.521636e-02   1.499843e-11   1.115446e-03   2.191524e-13   4970
  9.915211e-02   1.373690e-11   1.127844e-03   1.849780e-13   5366
  1.030785e-01   1.189979e-11   1.144516e-03   1.521227e-13   5778
  1.069619e-01   1.136314e-11   1.149148e-03   1.441942e-13   6162
  1.108671e-01   1.027603e-11   1.158272e-03   1.301289e-13   6734
  1.146806e-01   9.513524e-12   1.074898e-03   1.139951e-13   6756
  1.184510e-01   8.965006e-12   1.088568e-03   9.996136e-14   7502
  1.223464e-01   8.508867e-12   1.105366e-03   9.444652e-14   8154
  1.262469e-01   7.828080e-12   1.103283e-03   8.519823e-14   8618
  1.301909e-01   7.458249e-12   1.146655e-03   7.766911e-14   9390
  1.341197e-01   7.075661e-12   1.126004e-03   7.196354e-14   9722
  1.380051e-01   6.308059e-12   1.126950e-03   6.280668e-14   10242
  1.419007e-01   5.830613e-12   1.149257e-03   5.482506e-14   11006
  1.457777e-01   5.498173e-12   1.106962e-03   5.219590e-14   11348
  1.496576e-01   4.963433e-12   1.105725e-03   4.455510e-14   12150
  1.535164e-01   4.549125e-12   1.078348e-03   4.171800e-14   12498
  1.574072e-01   4.254087e-12   1.129889e-03   3.617296e-14   13586
  1.613096e-01   3.889824e-12   1.132072e-03   3.324574e-14   14006
  1.652381e-01   3.665745e-12   1.166232e-03   2.905963e-14   15162
  1.691226e-01   3.405867e-12   1.101754e-03   2.787154e-14   14990
  1.729750e-01   3.223718e-12   1.143142e-03   2.528287e-14   16380
  1.768610e-01   3.079247e-12   1.105581e-03   2.372450e-14   16666
  1.807168e-01   2.975184e-12   1.110348e-03   2.269302e-14   17638
  1.845996e-01   2.812515e-12   1.100521e-03   2.100670e-14   18354
  1.884710e-01   2.675311e-12   1.102640e-03   1.961811e-14   19034
  1.923685e-01   2.593202e-12   1.144302e-03   1.801664e-14   20270
  1.963174e-01   2.493962e-12   1.155956e-03   1.698521e-14   21258
  2.002141e-01   2.351383e-12   1.111898e-03   1.601854e-14   21350
  2.040863e-01   2.166493e-12   1.123159e-03   1.463431e-14   22644
  2.079681e-01   2.056662e-12   1.101476e-03   1.361404e-14   23114
  2.118390e-01   1.947254e-12   1.118265e-03   1.262411e-14   24342
  2.157382e-01   1.811074e-12   1.117694e-03   1.139260e-14   25194
  2.196235e-01   1.721180e-12   1.116195e-03   1.091739e-14   25982
  2.234724e-01   1.630310e-12   1.109599e-03   1.003910e-14   26506
  2.273806e-01   1.542781e-12   1.167806e-03   9.210005e-15   28738
  2.312750e-01   1.456200e-12   1.110542e-03   8.709389e-15   28296
  2.351662e-01   1.376354e-12   1.143823e-03   7.850674e-15   30554
  2.390501e-01   1.311659e-12   1.084103e-03   7.566476e-15   30094
  2.428824e-01   1.293674e-12   1.109820e-03   7.270448e-15   31738
  2.467836e-01   1.222438e-12   1.134747e-03   6.781580e-15   33306
  2.506613e-01   1.199124e-12   1.104153e-03   6.487198e-15   33422
  2.545365e-01   1.153467e-12   1.131527e-03   6.185736e-15   35298
  2.584714e-01   1.102126e-12   1.143069e-03   5.790374e-15   36650
  2.623670e-01   1.057636e-12   1.115532e-03   5.463935e-15   36888
  2.662651e-01   1.006457e-12   1.131896e-03   5.084452e-15   38834
  2.701697e-01   9.611574e-13   1.107355e-03   4.867496e-15   39246
  2.740453e-01   9.261045e-13   1.111777e-03   4.629258e-15   40466
  2.778984e-01   8.821972e-13   1.108403e-03   4.321886e-15   41106
  2.817847e-01   8.341386e-13   1.145602e-03   4.009955e-15   43598
  2.856833e-01   8.014801e-13   1.116308e-03   3.858671e-15   43650
  2.895471e-01   7.643310e-13   1.120907e-03   3.584952e-15   45272
  2.934575e-01   7.337276e-13   1.131740e-03   3.397078e-15   46994
  2.973636e-01   7.148610e-13   1.124346e-03   3.252278e-15   47850
  3.012447e-01   6.768785e-13   1.115858e-03   3.072833e-15   48846
  3.051030e-01   6.577917e-13   1.105642e-03   2.965004e-15   49706
  3.089532e-01   6.342644e-13   1.113265e-03   2.820527e-15   51198
  3.128464e-01   6.070102e-13   1.134266e-03   2.636352e-15   53402
  3.167281e-01   5.960120e-13   1.111145e-03   2.620881e-15   53634
  3.206428e-01   5.697941e-13   1.143806e-03   2.379989e-15   56888
  3.245618e-01   5.518040e-13   1.106794e-03   2.333808e-15   56474
  3.284581e-01   5.339610e-13   1.130606e-03   2.206337e-15   58962
  3.323510e-01   5.098057e-13   1.114731e-03   2.098527e-15   59214
  3.362265e-01   4.997198e-13   1.127963e-03   2.022440e-15   61250
  3.400938e-01   4.808450e-13   1.110759e-03   1.943971e-15   61694
  3.439480e-01   4.646734e-13   1.120230e-03   1.854175e-15   63618
  3.478512e-01   4.454386e-13   1.140078e-03   1.720389e-15   66284
  3.517691e-01   4.304737e-13   1.123324e-03   1.663715e-15   67014
  3.556494e-01   4.099090e-13   1.113722e-03   1.581616e-15   67930
  3.595371e-01   3.971090e-13   1.127426e-03   1.502510e-15   70294
  3.634200e-01   3.904951e-13   1.114424e-03   1.462357e-15   70658
  3.672742e-01   3.755391e-13   1.121955e-03   1.410174e-15   72522
  3.711539e-01   3.603593e-13   1.125103e-03   1.324332e-15   74550
  3.750359e-01   3.504204e-13   1.112832e-03   1.273766e-15   75674
  3.789191e-01   3.417047e-13   1.116846e-03   1.228909e-15   77708
  3.828461e-01   3.294804e-13   1.136191e-03   1.156524e-15   80622
  3.867545e-01   3.185348e-13   1.112810e-03   1.135832e-15   80330
  3.906423e-01   3.099848e-13   1.128269e-03   1.082313e-15   82974
  3.945313e-01   2.995515e-13   1.118618e-03   1.036909e-15   83666
  3.984084e-01   2.927920e-13   1.126394e-03   1.000367e-15   85746
  4.022765e-01   2.810920e-13   1.118427e-03   9.603546e-16   86702
  4.061542e-01   2.736188e-13   1.126154e-03   9.062168e-16   89556
  4.100569e-01   2.657381e-13   1.118519e-03   8.819271e-16   91038
  4.139484e-01   2.604075e-13   1.117921e-03   8.582087e-16   92522
  4.178268e-01   2.503443e-13   1.119569e-03   8.202163e-16   94034
  4.217415e-01   2.423172e-13   1.145339e-03   7.816189e-16   97758
  4.256173e-01   2.367037e-13   1.103600e-03   7.644827e-16   95770
  4.294627e-01   2.288095e-13   1.123790e-03   7.329030e-16   99646
  4.333400e-01   2.243762e-13   1.115333e-03   7.077622e-16   100980
  4.372362e-01   2.162278e-13   1.127284e-03   6.784662e-16   104258
  4.411386e-01   2.096207e-13   1.114910e-03   6.501695e-16   104998
  4.450377e-01   2.042691e-13   1.124073e-03   6.252685e-16   107866
  4.489311e-01   1.999276e-13   1.113184e-03   6.084086e-16   108154
  4.528161e-01   1.956488e-13   1.135370e-03   5.908209e-16   111622
  4.567076e-01   1.892353e-13   1.122976e-03   5.673090e-16   112146
  4.605727e-01   1.855717e-13   1.119518e-03   5.514900e-16   114014
  4.644440e-01   1.788867e-13   1.115906e-03   5.290850e-16   116220
  4.683319e-01   1.744737e-13   1.119789e-03   5.038559e-16   118682
  4.722291e-01   1.697629e-13   1.126606e-03   4.926484e-16   121118
  4.761348e-01   1.641132e-13   1.124808e-03   4.710888e-16   122994
  4.800157e-01   1.596070e-13   1.114862e-03   4.569041e-16   123574
  4.838959e-01   1.572851e-13   1.131276e-03   4.453110e-16   126922
  4.877763e-01   1.526668e-13   1.124735e-03   4.296347e-16   127906
  4.916481e-01   1.482282e-13   1.121767e-03   4.104953e-16   130432
  4.955333e-01   1.443169e-13   1.114812e-03   3.979493e-16   132642
  4.994186e-01   1.415056e-13   1.110800e-03   3.866134e-16   134534
  5.033164e-01   1.381433e-13   1.124671e-03   3.738846e-16   137778
  5.072392e-01   1.347131e-13   1.135312e-03   3.612676e-16   140786
  5.111285e-01   1.309925e-13   1.110620e-03   3.511006e-16   139590
  5.149976e-01   1.280210e-13   1.125619e-03   3.410005e-16   143546
  5.188865e-01   1.247149e-13   1.125142e-03   3.271012e-16   145338
  5.227635e-01   1.218234e-13   1.120484e-03   3.199006e-16   147272
  5.266520e-01   1.184404e-13   1.122335e-03   3.076533e-16   150330
  5.305485e-01   1.152015e-13   1.118234e-03   2.959014e-16   152318
  5.344262e-01   1.127914e-13   1.111066e-03   2.899104e-16   153202
  5.383243e-01   1.097048e-13   1.138693e-03   2.771751e-16   158626
  5.422165e-01   1.074741e-13   1.116855e-03   2.735497e-16   157350
  5.460935e-01   1.043089e-13   1.131200e-03   2.617271e-16   161906
  5.499589e-01   1.028017e-13   1.105071e-03   2.597981e-16   160872
  5.538418e-01   1.005382e-13   1.133375e-03   2.475920e-16   167858
  5.577463e-01   9.870065e-14   1.114977e-03   2.424948e-16   167514
  5.616201e-01   9.545246e-14   1.113803e-03   2.331615e-16   169862
  5.655108e-01   9.320554e-14   1.124453e-03   2.266370e-16   173602
  5.694083e-01   9.141079e-14   1.123533e-03   2.181619e-16   175258
  5.732959e-01   8.929066e-14   1.127164e-03   2.134247e-16   177654
  5.771897e-01   8.704941e-14   1.130949e-03   2.052059e-16   180698
  5.810773e-01   8.532390e-14   1.119005e-03   2.013595e-16   181968
  5.849616e-01   8.377472e-14   1.118541e-03   1.960270e-16   184850
  5.888448e-01   8.198162e-14   1.119144e-03   1.912628e-16   187034
  5.927421e-01   7.988336e-14   1.129966e-03   1.841844e-16   191238
  5.966308e-01   7.845560e-14   1.116348e-03   1.809975e-16   191042
  6.005065e-01   7.665815e-14   1.126286e-03   1.742092e-16   195102
  6.043812e-01   7.485455e-14   1.117515e-03   1.710105e-16   195786
  6.082630e-01   7.277349e-14   1.131649e-03   1.621744e-16   201164
  6.121481e-01   7.176538e-14   1.112645e-03   1.616767e-16   201070
  6.160242e-01   6.960669e-14   1.118305e-03   1.545702e-16   205234
  6.199111e-01   6.851622e-14   1.116352e-03   1.509290e-16   207342
  6.237987e-01   6.685773e-14   1.121735e-03   1.466307e-16   210602
  6.276909e-01   6.567018e-14   1.124203e-03   1.434073e-16   213130
  6.315953e-01   6.430068e-14   1.133190e-03   1.389264e-16   217318
  6.354807e-01   6.284661e-14   1.113546e-03   1.357373e-16   216306
  6.393491e-01   6.124873e-14   1.119403e-03   1.316077e-16   220652
  6.432430e-01   6.032686e-14   1.124854e-03   1.287600e-16   224502
  6.471454e-01   5.931615e-14   1.125081e-03   1.254439e-16   227186
  6.510345e-01   5.769278e-14   1.118193e-03   1.221280e-16   228398
  6.549165e-01   5.649060e-14   1.122259e-03   1.184201e-16   231642
  6.587972e-01   5.546755e-14   1.122763e-03   1.160667e-16   233946
  6.626908e-01   5.445367e-14   1.132956e-03   1.125690e-16   238694
  6.665707e-01   5.324112e-14   1.114640e-03   1.104631e-16   238068
  6.704525e-01   5.221524e-14   1.124042e-03   1.067995e-16   244190
  6.743498e-01   5.107339e-14   1.116752e-03   1.044199e-16   245362
  6.782313e-01   5.040991e-14   1.120102e-03   1.024499e-16   248362
  6.821206e-01   4.918393e-14   1.124509e-03   9.912166e-17   251966
  6.860099e-01   4.839380e-14   1.120649e-03   9.635202e-17   254034
  6.898855e-01   4.741403e-14   1.117172e-03   9.512850e-17   255818
  6.937781e-01   4.628333e-14   1.132899e-03   9.184615e-17   262254
  6.976722e-01   4.561377e-14   1.116974e-03   9.053471e-17   261980
  7.015718e-01   4.461906e-14   1.129534e-03   8.748185e-17   268566
  7.054538e-01   4.397741e-14   1.104857e-03   8.629941e-17   265538
  7.093286e-01   4.306220e-14   1.128000e-03   8.332178e-17   273330
  7.132165e-01   4.206705e-14   1.121481e-03   8.184749e-17   273718
  7.171069e-01   4.124380e-14   1.132652e-03   7.902113e-17   279658
  7.209986e-01   4.079682e-14   1.120025e-03   7.846877e-17   279670
  7.248700e-01   3.996733e-14   1.119062e-03   7.660404e-17   282964
  7.287608e-01   3.909030e-14   1.126489e-03   7.402089e-17   288362
  7.326540e-01   3.846584e-14   1.118613e-03   7.267897e-17   289686
  7.365333e-01   3.773851e-14   1.116235e-03   7.116322e-17   292234
  7.404015e-01   3.698521e-14   1.112765e-03   6.944016e-17   294190
  7.442845e-01   3.620719e-14   1.127923e-03   6.698285e-17   300642
  7.481851e-01   3.561160e-14   1.128116e-03   6.585867e-17   303386
  7.520700e-01   3.480845e-14   1.119257e-03   6.422123e-17   304662
  7.559583e-01   3.420713e-14   1.122290e-03   6.298410e-17   309812
  7.598513e-01   3.361795e-14   1.117608e-03   6.158423e-17   311714
  7.637547e-01   3.302874e-14   1.130270e-03   5.975467e-17   318126
  7.676398e-01   3.245768e-14   1.111035e-03   5.909552e-17   315114
  7.715118e-01   3.181480e-14   1.127143e-03   5.730930e-17   322622
  7.753932e-01   3.137515e-14   1.117154e-03   5.659175e-17   322850
  7.792787e-01   3.085722e-14   1.131101e-03   5.509037e-17   329802
  7.831716e-01   3.025551e-14   1.123851e-03   5.372659e-17   331104
  7.870696e-01   2.968352e-14   1.127607e-03   5.225054e-17   336986
  7.909587e-01   2.918594e-14   1.111055e-03   5.159490e-17   335870
  7.948355e-01   2.856033e-14   1.120862e-03   5.021897e-17   341610
  7.987215e-01   2.808516e-14   1.121955e-03   4.894175e-17   344370
  8.026031e-01   2.776160e-14   1.122207e-03   4.823618e-17   347606
  8.064886e-01   2.722610e-14   1.124033e-03   4.703378e-17   351650
  8.103706e-01   2.682362e-14   1.118654e-03   4.628742e-17   353760
  8.142669e-01   2.621663e-14   1.129493e-03   4.488035e-17   360970
  8.181738e-01   2.585365e-14   1.123124e-03   4.401330e-17   362818
  8.220521e-01   2.541090e-14   1.110144e-03   4.324973e-17   362334
  8.259414e-01   2.495092e-14   1.129348e-03   4.221249e-17   371642
  8.298275e-01   2.452158e-14   1.114584e-03   4.174378e-17   368778
  8.337006e-01   2.415512e-14   1.128744e-03   4.046802e-17   376526
  8.375857e-01   2.365688e-14   1.121330e-03   3.959321e-17   377786
  8.414675e-01   2.332559e-14   1.123524e-03   3.876015e-17   382968
  8.453573e-01   2.295769e-14   1.120822e-03   3.793704e-17   386146
  8.492503e-01   2.263880e-14   1.124050e-03   3.723713e-17   390826
  8.531392e-01   2.221882e-14   1.119718e-03   3.660272e-17   392662
  8.570302e-01   2.186361e-14   1.125822e-03   3.577938e-17   398242
  8.609051e-01   2.146469e-14   1.111972e-03   3.528538e-17   396726
  8.647781e-01   2.111710e-14   1.124714e-03   3.440584e-17   404738
  8.686664e-01   2.081960e-14   1.122897e-03   3.363626e-17   407628
  8.725545e-01   2.038939e-14   1.121536e-03   3.280860e-17   411734
  8.764395e-01   2.009364e-14   1.117149e-03   3.229323e-17   414242
  8.803359e-01   1.973757e-14   1.126317e-03   3.143365e-17   421434
  8.842333e-01   1.948858e-14   1.120273e-03   3.107308e-17   421918
  8.881244e-01   1.919743e-14   1.128330e-03   3.039200e-17   427810
  8.920157e-01   1.878890e-14   1.123036e-03   2.971739e-17   429470
  8.958948e-01   1.854044e-14   1.119658e-03   2.927395e-17   432282
  8.997746e-01   1.821581e-14   1.122449e-03   2.864314e-17   437260
  9.036583e-01   1.794992e-14   1.120747e-03   2.812273e-17   440758
  9.075489e-01   1.774002e-14   1.124778e-03   2.761846e-17   446370
  9.114474e-01   1.734934e-14   1.123943e-03   2.704368e-17   450182
  9.153288e-01   1.706657e-14   1.115142e-03   2.653575e-17   449850
  9.192089e-01   1.685710e-14   1.127357e-03   2.600331e-17   457898
  9.230929e-01   1.655320e-14   1.119604e-03   2.553619e-17   458662
  9.269737e-01   1.627510e-14   1.121722e-03   2.513977e-17   464620
  9.308545e-01   1.614659e-14   1.114316e-03   2.482621e-17   466302
  9.347441e-01   1.582419e-14   1.124571e-03   2.397199e-17   474314
  9.386369e-01   1.553112e-14   1.120021e-03   2.343465e-17   475530
  9.425348e-01   1.526403e-14   1.129051e-03   2.299512e-17   483206
  9.464328e-01   1.508963e-14   1.121669e-03   2.279195e-17   483530
  9.503142e-01   1.488418e-14   1.121047e-03   2.233037e-17   487002
  9.541966e-01   1.463078e-14   1.124058e-03   2.191790e-17   491774
  9.580774e-01   1.439539e-14   1.120518e-03   2.148899e-17   495084
  9.619601e-01   1.424584e-14   1.119352e-03   2.118194e-17   499438
  9.658473e-01   1.397977e-14   1.122356e-03   2.078498e-17   504682
  9.697357e-01   1.377933e-14   1.121500e-03   2.044662e-17   507738
  9.736321e-01   1.357719e-14   1.130456e-03   1.997118e-17   515174
  9.775214e-01   1.337932e-14   1.119580e-03   1.964229e-17   514234
  9.813957e-01   1.317220e-14   1.119450e-03   1.941666e-17   519022
  9.852705e-01   1.295384e-14   1.117281e-03   1.892150e-17   522636
  9.891535e-01   1.278741e-14   1.121739e-03   1.865031e-17   529442
  9.930474e-01   1.262611e-14   1.122647e-03   1.835012e-17   534078
  9.969375e-01   1.243621e-14   1.118397e-03   1.803014e-17   536666
  1.000817e+00   1.222523e-14   1.116716e-03   1.767781e-17   539142
  1.004715e+00   1.202882e-14   1.134178e-03   1.723738e-17   550658
  1.008615e+00   1.188574e-14   1.121935e-03   1.714521e-17   548298
  1.012495e+00   1.168735e-14   1.123048e-03   1.667224e-17   553694
  1.016374e+00   1.152511e-14   1.116375e-03   1.649915e-17   556116
  1.020264e+00   1.137408e-14   1.125051e-03   1.611394e-17   564890
  1.024148e+00   1.117388e-14   1.116141e-03   1.584314e-17   563718
  1.028036e+00   1.105285e-14   1.128568e-03   1.551994e-17   574298
  1.031929e+00   1.086832e-14   1.120551e-03   1.536317e-17   573966
  1.035814e+00   1.075248e-14   1.126024e-03   1.510495e-17   580586
  1.039699e+00   1.055454e-14   1.122029e-03   1.483823e-17   582666
  1.043587e+00   1.042264e-14   1.125959e-03   1.453536e-17   590648
  1.047474e+00   1.027556e-14   1.114820e-03   1.434577e-17   590394
  1.051350e+00   1.013621e-14   1.116684e-03   1.409958e-17   596174
  1.055234e+00   9.970179e-15   1.120236e-03   1.380980e-17   601674
  1.059126e+00   9.854525e-15   1.125352e-03   1.358911e-17   607682
  1.063019e+00   9.711072e-15   1.124350e-03   1.339254e-17   611166
  1.066910e+00   9.591346e-15   1.124099e-03   1.320651e-17   615626
  1.070791e+00   9.443653e-15   1.119456e-03   1.293611e-17   617290
  1.074678e+00   9.322952e-15   1.126011e-03   1.273064e-17   626344
  1.078566e+00   9.214237e-15   1.117274e-03   1.260411e-17   626658
  1.082451e+00   9.062132e-15   1.122467e-03   1.238401e-17   634022
  1.086331e+00   8.953778e-15   1.116124e-03   1.218256e-17   634554
  1.090218e+00   8.811452e-15   1.128467e-03   1.189881e-17   645026
  1.094107e+00   8.660307e-15   1.122446e-03   1.168096e-17   645102
  1.097993e+00   8.549904e-15   1.126954e-03   1.148848e-17   653018
  1.101879e+00   8.472420e-15   1.119089e-03   1.141708e-17   654384
  1.105770e+00   8.321107e-15   1.123901e-03   1.111428e-17   663194
  1.109660e+00   8.229224e-15   1.117576e-03   1.103675e-17   663834
  1.113540e+00   8.107033e-15   1.118796e-03   1.083856e-17   669158
  1.117424e+00   8.010519e-15   1.120650e-03   1.066068e-17   674490
  1.121304e+00   7.876595e-15   1.118416e-03   1.048728e-17   677222
  1.125193e+00   7.780591e-15   1.128225e-03   1.032666e-17   686874
  1.129092e+00   7.680568e-15   1.126811e-03   1.015212e-17   690722
  1.132980e+00   7.575468e-15   1.118907e-03   1.001083e-17   692008
  1.136871e+00   7.493368e-15   1.124678e-03   9.874231e-18   701386
  1.140761e+00   7.380781e-15   1.117002e-03   9.734387e-18   700778
  1.144643e+00   7.269178e-15   1.123318e-03   9.519030e-18   708774
  1.148529e+00   7.197382e-15   1.121990e-03   9.437638e-18   711690
  1.152418e+00   7.101997e-15   1.126973e-03   9.237863e-18   719606
  1.156298e+00   7.006532e-15   1.116380e-03   9.144497e-18   717762
  1.160181e+00   6.895586e-15   1.127123e-03   8.957691e-18   730460
  1.164073e+00   6.833951e-15   1.119262e-03   8.901104e-18   731070
  1.167968e+00   6.730906e-15   1.125901e-03   8.661705e-18   741170
  1.171853e+00   6.654238e-15   1.112045e-03   8.619998e-18   737094
  1.175730e+00   6.555775e-15   1.122374e-03   8.487174e-18   747698
  1.179618e+00   6.486476e-15   1.122867e-03   8.366611e-18   751658
  1.183501e+00   6.394234e-15   1.121599e-03   8.246532e-18   755574
  1.187383e+00   6.315167e-15   1.122256e-03   8.096426e-18   761442
  1.191279e+00   6.240016e-15   1.126787e-03   7.972454e-18   770816
  1.195171e+00   6.172360e-15   1.117539e-03   7.900835e-18   769274
  1.199064e+00   6.064739e-15   1.129525e-03   7.702999e-18   782130
  1.202947e+00   6.008431e-15   1.112602e-03   7.699193e-18   775230
  1.206825e+00   5.915113e-15   1.126605e-03   7.487116e-18   789866
  1.210710e+00   5.869248e-15   1.118361e-03   7.454962e-18   787914
  1.214592e+00   5.777512e-15   1.128225e-03   7.307501e-18   799598
  1.218486e+00   5.701300e-15   1.124161e-03   7.196057e-18   802980
  1.222371e+00   5.630441e-15   1.117789e-03   7.140369e-18   805622
  1.226254e+00   5.581574e-15   1.119738e-03   7.033788e-18   812050
  1.230147e+00   5.483715e-15   1.126034e-03   6.869796e-18   820954
  1.234035e+00   5.418282e-15   1.118780e-03   6.788788e-18   820062
  1.237911e+00   5.339976e-15   1.119897e-03   6.708291e-18   826298
  1.241794e+00   5.287333e-15   1.121814e-03   6.605336e-18   833118
  1.245672e+00   5.219023e-15   1.117137e-03   6.526244e-18   834812
  1.249560e+00   5.171721e-15   1.126815e-03   6.439114e-18   847858
  1.253469e+00   5.095593e-15   1.127442e-03   6.302437e-18   854278
  1.257361e+00   5.041281e-15   1.116253e-03   6.269996e-18   850978
  1.261241e+00   4.978788e-15   1.121687e-03   6.203491e-18   859186
  1.265131e+00   4.904347e-15   1.127494e-03   6.076431e-18   867126
  1.269018e+00   4.836540e-15   1.121886e-03   6.001420e-18   868274
  1.272897e+00   4.789533e-15   1.120976e-03   5.924793e-18   873606
  1.276776e+00   4.758511e-15   1.119398e-03   5.865672e-18   879284
  1.280663e+00   4.693653e-15   1.122355e-03   5.765375e-18   887170
  1.284564e+00   4.637342e-15   1.128693e-03   5.689430e-18   897526
  1.288458e+00   4.566626e-15   1.117587e-03   5.630223e-18   894258
  1.292341e+00   4.518326e-15   1.122714e-03   5.553959e-18   903374
  1.296223e+00   4.456491e-15   1.118323e-03   5.468401e-18   904338
  1.300103e+00   4.409163e-15   1.123719e-03   5.406681e-18   913586
  1.303982e+00   4.350062e-15   1.118150e-03   5.319715e-18   915416
  1.307871e+00   4.307533e-15   1.124217e-03   5.259736e-18   928122
  1.311759e+00   4.264565e-15   1.115167e-03   5.204668e-18   926094
  1.315654e+00   4.205229e-15   1.130093e-03   5.102721e-18   942890
  1.319549e+00   4.153854e-15   1.118827e-03   5.050833e-18   937266
  1.323433e+00   4.103496e-15   1.126506e-03   4.962192e-18   948854
  1.327319e+00   4.050306e-15   1.120121e-03   4.903026e-18   948714
  1.331197e+00   4.013676e-15   1.122687e-03   4.873506e-18   956186
  1.335082e+00   3.962886e-15   1.124444e-03   4.790316e-18   964272
  1.338973e+00   3.911640e-15   1.121587e-03   4.718370e-18   969458
  1.342859e+00   3.864380e-15   1.118296e-03   4.663537e-18   972750
  1.346749e+00   3.831629e-15   1.124460e-03   4.615143e-18   982706
  1.350635e+00   3.786952e-15   1.119858e-03   4.586155e-18   982906
  1.354527e+00   3.744094e-15   1.129306e-03   4.500510e-18   996622
  1.358414e+00   3.698292e-15   1.117989e-03   4.471266e-18   992378
  1.362284e+00   3.659074e-15   1.117150e-03   4.404830e-18   999000
  1.366168e+00   3.621801e-15   1.122014e-03   4.341752e-18   1010114
  1.370061e+00   3.583653e-15   1.121750e-03   4.302172e-18   1015722
  1.373948e+00   3.537941e-15   1.119290e-03   4.235389e-18   1018742
  1.377843e+00   3.497569e-15   1.127371e-03   4.179051e-18   1031250
  1.381733e+00   3.436945e-15   1.118461e-03   4.115984e-18   1027226
  1.385615e+00   3.410826e-15   1.126435e-03   4.056557e-18   1039734
  1.389500e+00   3.378853e-15   1.120654e-03   4.037207e-18   1039914
  1.393382e+00   3.337171e-15   1.123683e-03   3.972115e-18   1050272
  1.397267e+00   3.307483e-15   1.117473e-03   3.954011e-18   1052306
  1.401154e+00   3.269068e-15   1.122308e-03   3.887555e-18   1062666
  1.405045e+00   3.213374e-15   1.122401e-03   3.812701e-18   1067262
  1.408935e+00   3.192406e-15   1.123952e-03   3.785459e-18   1073906
  1.412823e+00   3.149812e-15   1.122463e-03   3.727129e-18   1078190
  1.416712e+00   3.114186e-15   1.124033e-03   3.689361e-18   1085634
  1.420592e+00   3.093240e-15   1.117456e-03   3.666374e-18   1085508
  1.424480e+00   3.050634e-15   1.126594e-03   3.591928e-18   1101926
  1.428369e+00   3.017972e-15   1.116061e-03   3.582193e-18   1098322
  1.432252e+00   2.992391e-15   1.121199e-03   3.544150e-18   1109878
  1.436144e+00   2.954281e-15   1.122554e-03   3.505263e-18   1115338
  1.440035e+00   2.915661e-15   1.125793e-03   3.441702e-18   1122586
  1.443924e+00   2.889071e-15   1.123292e-03   3.411910e-18   1125862
  1.447810e+00   2.860135e-15   1.122976e-03   3.383113e-18   1132498
  1.451691e+00   2.827261e-15   1.119415e-03   3.343618e-18   1135444
  1.455573e+00   2.807060e-15   1.122581e-03   3.313232e-18   1145374
  1.459464e+00   2.768496e-15   1.123383e-03   3.243342e-18   1152698
  1.463354e+00   2.742726e-15   1.121349e-03   3.233203e-18   1157046
  1.467236e+00   2.714164e-15   1.119148e-03   3.186417e-18   1160226
  1.471127e+00   2.683008e-15   1.127743e-03   3.142889e-18   1174346
  1.475014e+00   2.656482e-15   1.119897e-03   3.128223e-18   1171462
  1.478897e+00   2.624012e-15   1.124033e-03   3.076602e-18   1183828
  1.482778e+00   2.599648e-15   1.114458e-03   3.055478e-18   1181822
  1.486657e+00   2.571043e-15   1.120779e-03   3.024942e-18   1194930
  1.490547e+00   2.544656e-15   1.122593e-03   2.972560e-18   1202010
  1.494437e+00   2.514493e-15   1.122115e-03   2.940787e-18   1207166
  1.498326e+00   2.485787e-15   1.123291e-03   2.902770e-18   1214106
  1.502209e+00   2.463333e-15   1.118748e-03   2.888106e-18   1215302
  1.506095e+00   2.440071e-15   1.126666e-03   2.848363e-18   1229274
  1.509994e+00   2.414602e-15   1.126873e-03   2.818304e-18   1236164
  1.513882e+00   2.387531e-15   1.118916e-03   2.788799e-18   1235326
  1.517764e+00   2.367879e-15   1.120265e-03   2.765316e-18   1244026
  1.521647e+00   2.340672e-15   1.120382e-03   2.738252e-18   1249154
  1.525536e+00   2.314416e-15   1.126025e-03   2.691462e-18   1260558
  1.529421e+00   2.294475e-15   1.119984e-03   2.672115e-18   1260394
  1.533310e+00   2.269970e-15   1.125848e-03   2.638150e-18   1274758
  1.537193e+00   2.245953e-15   1.115594e-03   2.624057e-18   1270188
  1.541083e+00   2.230188e-15   1.128008e-03   2.602862e-18   1291202
  1.544971e+00   2.202854e-15   1.115149e-03   2.563966e-18   1282654
  1.548850e+00   2.180244e-15   1.122198e-03   2.535953e-18   1298242
  1.552739e+00   2.162173e-15   1.120395e-03   2.524953e-18   1301774
  1.556625e+00   2.134726e-15   1.123165e-03   2.479070e-18   1309770
  1.560512e+00   2.109568e-15   1.123502e-03   2.454217e-18   1315714
  1.564403e+00   2.095166e-15   1.124924e-03   2.438135e-18   1325110
  1.568290e+00   2.075316e-15   1.118940e-03   2.413337e-18   1326012
  1.572174e+00   2.049559e-15   1.122090e-03   2.392336e-18   1336154
  1.576069e+00   2.031767e-15   1.126474e-03   2.358940e-18   1347334
  1.579958e+00   2.012804e-15   1.119782e-03   2.350913e-18   1345354
  1.583833e+00   1.990198e-15   1.119555e-03   2.318281e-18   1350998
  1.587719e+00   1.969688e-15   1.125829e-03   2.287603e-18   1365546
  1.591609e+00   1.951045e-15   1.122088e-03   2.263277e-18   1367474
  1.595497e+00   1.934433e-15   1.123693e-03   2.244065e-18   1377984
  1.599384e+00   1.922289e-15   1.118321e-03   2.232541e-18   1379394
  1.603272e+00   1.900934e-15   1.123056e-03   2.215266e-18   1392230
  1.607160e+00   1.881641e-15   1.118740e-03   2.187958e-18   1392634
  1.611042e+00   1.861748e-15   1.122441e-03   2.163159e-18   1402666
  1.614928e+00   1.845008e-15   1.122269e-03   2.148528e-18   1408502
  1.618814e+00   1.824262e-15   1.122041e-03   2.121451e-18   1415418
  1.622692e+00   1.811907e-15   1.117068e-03   2.111358e-18   1416856
  1.626588e+00   1.796969e-15   1.130843e-03   2.079592e-18   1442002
  1.630485e+00   1.774091e-15   1.117858e-03   2.066329e-18   1431634
  1.634367e+00   1.761179e-15   1.122585e-03   2.048065e-18   1444606
  1.638250e+00   1.740703e-15   1.118765e-03   2.023026e-18   1445890
  1.642138e+00   1.724032e-15   1.126997e-03   1.998354e-18   1462210
  1.646026e+00   1.706989e-15   1.120901e-03   1.986045e-18   1459590
  1.649907e+00   1.689256e-15   1.123856e-03   1.954859e-18   1471226
  1.653797e+00   1.679549e-15   1.123379e-03   1.948541e-18   1480072
  1.657690e+00   1.663814e-15   1.121364e-03   1.940377e-18   1486594
  1.661576e+00   1.646364e-15   1.118520e-03   1.915467e-18   1488882
  1.665461e+00   1.636665e-15   1.123128e-03   1.906799e-18   1500854
  1.669353e+00   1.615046e-15   1.123083e-03   1.879982e-18   1506874
  1.673232e+00   1.603959e-15   1.117624e-03   1.868387e-18   1506094
  1.677111e+00   1.585207e-15   1.122855e-03   1.847361e-18   1519682
  1.680997e+00   1.569089e-15   1.122626e-03   1.822497e-18   1526724
  1.684890e+00   1.558115e-15   1.125240e-03   1.802483e-18   1539038
  1.688782e+00   1.547400e-15   1.119859e-03   1.803749e-18   1539810
  1.692664e+00   1.530096e-15   1.119007e-03   1.782113e-18   1545046
  1.696554e+00   1.515588e-15   1.126236e-03   1.756228e-18   1560538
  1.700441e+00   1.505428e-15   1.120507e-03   1.759836e-18   1557506
  1.704322e+00   1.487111e-15   1.124114e-03   1.732815e-18   1570062
  1.708203e+00   1.473507e-15   1.119253e-03   1.712173e-18   1571290
  1.712089e+00   1.459768e-15   1.124856e-03   1.701599e-18   1588228
  1.715982e+00   1.451405e-15   1.121250e-03   1.695266e-18   1591046
  1.719873e+00   1.437921e-15   1.123715e-03   1.674613e-18   1602474
  1.723761e+00   1.424322e-15   1.118014e-03   1.657431e-18   1601646
  1.727642e+00   1.413567e-15   1.120550e-03   1.645918e-18   1611266
  1.731523e+00   1.396132e-15   1.120678e-03   1.625749e-18   1616634
  1.735410e+00   1.384710e-15   1.126166e-03   1.610509e-18   1631366
  1.739297e+00   1.375763e-15   1.119655e-03   1.604764e-18   1631028
  1.743180e+00   1.367293e-15   1.119854e-03   1.596978e-18   1641446
  1.747073e+00   1.354461e-15   1.124208e-03   1.575682e-18   1654234
  1.750973e+00   1.340943e-15   1.126198e-03   1.566857e-18   1662874
  1.754858e+00   1.328204e-15   1.117471e-03   1.554614e-18   1656686
  1.758736e+00   1.314988e-15   1.122008e-03   1.531257e-18   1670898
  1.762622e+00   1.307654e-15   1.123056e-03   1.530163e-18   1678074
  1.766507e+00   1.295317e-15   1.123311e-03   1.526003e-18   1685198
  1.770393e+00   1.287157e-15   1.122996e-03   1.506612e-18   1694524
  1.774282e+00   1.276906e-15   1.120709e-03   1.500429e-18   1701334
  1.778171e+00   1.262284e-15   1.120908e-03   1.477964e-18   1709386
  1.782064e+00   1.249328e-15   1.123720e-03   1.471830e-18   1719994
  1.785953e+00   1.238936e-15   1.121006e-03   1.450186e-18   1721510
  1.789842e+00   1.232597e-15   1.124974e-03   1.443663e-18   1734978
  1.793722e+00   1.220980e-15   1.116124e-03   1.438466e-18   1728646
  1.797599e+00   1.207143e-15   1.122713e-03   1.416438e-18   1746868
  1.801486e+00   1.204582e-15   1.121127e-03   1.418133e-18   1752922
  1.805380e+00   1.194635e-15   1.125234e-03   1.401528e-18   1767862
  1.809271e+00   1.182513e-15   1.119301e-03   1.394646e-18   1765698
  1.813160e+00   1.171383e-15   1.125035e-03   1.373452e-18   1781270
  1.817049e+00   1.160837e-15   1.121176e-03   1.371335e-18   1780650
  1.820932e+00   1.150666e-15   1.124142e-03   1.351602e-18   1792418
  1.824813e+00   1.141898e-15   1.119388e-03   1.346231e-18   1792790
  1.828696e+00   1.132761e-15   1.123591e-03   1.334632e-18   1809852
  1.832585e+00   1.123115e-15   1.120140e-03   1.327941e-18   1812666
  1.836475e+00   1.118686e-15   1.124777e-03   1.320230e-18   1827614
  1.840367e+00   1.107506e-15   1.121640e-03   1.308553e-18   1829970
  1.844251e+00   1.096141e-15   1.120370e-03   1.289120e-18   1835030
  1.848131e+00   1.089038e-15   1.119790e-03   1.290315e-18   1841410
  1.852017e+00   1.078106e-15   1.124723e-03   1.268970e-18   1856626
  1.855900e+00   1.074052e-15   1.118305e-03   1.274875e-18   1854656
  1.859782e+00   1.064170e-15   1.121720e-03   1.259119e-18   1870698
  1.863671e+00   1.057952e-15   1.120553e-03   1.248370e-18   1876998
  1.867559e+00   1.044008e-15   1.120979e-03   1.238587e-18   1884458
  1.871445e+00   1.040874e-15   1.122381e-03   1.240803e-18   1891730
  1.875338e+00   1.030126e-15   1.127317e-03   1.216195e-18   1907574
  1.879232e+00   1.024472e-15   1.122851e-03   1.216288e-18   1907730
  1.883115e+00   1.013938e-15   1.120697e-03   1.202147e-18   1912154
  1.886997e+00   1.009028e-15   1.121764e-03   1.199252e-18   1923216
  1.890888e+00   1.002445e-15   1.124326e-03   1.193160e-18   1936562
  1.894776e+00   9.914121e-16   1.119734e-03   1.175312e-18   1936862
  1.898663e+00   9.852022e-16   1.122747e-03   1.172101e-18   1950114
  1.902549e+00   9.796954e-16   1.121089e-03   1.165082e-18   1953306
  1.906439e+00   9.692345e-16   1.125982e-03   1.157054e-18   1968806
  1.910327e+00   9.633766e-16   1.121186e-03   1.149320e-18   1968818
  1.914211e+00   9.578988e-16   1.121720e-03   1.145541e-18   1980624
  1.918097e+00   9.502352e-16   1.118800e-03   1.137497e-18   1985034
  1.921980e+00   9.424543e-16   1.120281e-03   1.127174e-18   1995242
  1.925870e+00   9.349482e-16   1.123830e-03   1.118035e-18   2007742
  1.929759e+00   9.312367e-16   1.121495e-03   1.118690e-18   2010538
  1.933641e+00   9.237320e-16   1.121298e-03   1.109505e-18   2017390
  1.937531e+00   9.151377e-16   1.126602e-03   1.095230e-18   2034346
  1.941413e+00   9.047834e-16   1.117450e-03   1.084653e-18   2025498
  1.945299e+00   9.047457e-16   1.127850e-03   1.088404e-18   2055248
  1.949189e+00   8.964466e-16   1.116586e-03   1.081664e-18   2045090
  1.953070e+00   8.920773e-16   1.121603e-03   1.075504e-18   2062074
  1.956959e+00   8.828425e-16   1.122727e-03   1.061512e-18   2070190
  1.960848e+00   8.758863e-16   1.123891e-03   1.057023e-18   2079226
  1.964734e+00   8.709923e-16   1.122069e-03   1.053312e-18   2083990
  1.968623e+00   8.644603e-16   1.124515e-03   1.045519e-18   2097898
  1.972507e+00   8.603619e-16   1.118548e-03   1.041419e-18   2095452
  1.976394e+00   8.537124e-16   1.124843e-03   1.030082e-18   2117390
  1.980286e+00   8.462128e-16   1.119656e-03   1.026445e-18   2117066
  1.984162e+00   8.414852e-16   1.115140e-03   1.022245e-18   2117238
  1.988045e+00   8.333841e-16   1.124414e-03   1.012418e-18   2140026
  1.991938e+00   8.253413e-16   1.125139e-03   9.974806e-19   2147234
  1.995825e+00   8.240104e-16   1.122378e-03   1.007355e-18   2150118
  1.999710e+00   8.184433e-16   1.122400e-03   9.973520e-19   2160386
  2.003596e+00   8.142702e-16   1.121122e-03   9.911254e-19   2168256
  2.007488e+00   8.076927e-16   1.124409e-03   9.821100e-19   2183306
  2.011378e+00   8.044895e-16   1.120925e-03   9.857239e-19   2184642
  2.015262e+00   7.950533e-16   1.120511e-03   9.694029e-19   2192318
  2.019141e+00   7.913215e-16   1.118713e-03   9.683434e-19   2196066
  2.023031e+00   7.849188e-16   1.127541e-03   9.593532e-19   2220890
  2.026922e+00   7.783596e-16   1.121128e-03   9.497283e-19   2215758
  2.030810e+00   7.741739e-16   1.124804e-03   9.468109e-19   2233988
  2.034697e+00   7.709411e-16   1.118045e-03   9.464227e-19   2231670
  2.038579e+00   7.682746e-16   1.119728e-03   9.465863e-19   2244338
  2.042469e+00   7.625381e-16   1.123477e-03   9.388320e-19   2258610
  2.046358e+00   7.545656e-16   1.121050e-03   9.313072e-19   2260718
  2.050240e+00   7.502736e-16   1.120914e-03   9.283242e-19   2268162
  2.054123e+00   7.472879e-16   1.121571e-03   9.247983e-19   2277494
  2.058008e+00   7.406809e-16   1.123134e-03   9.129653e-19   2288796
  2.061901e+00   7.377560e-16   1.126253e-03   9.122495e-19   2305226
  2.065791e+00   7.328794e-16   1.119672e-03   9.103985e-19   2301630
  2.069679e+00   7.284231e-16   1.123731e-03   9.046126e-19   2319770
  2.073565e+00   7.227340e-16   1.118309e-03   9.036335e-19   2315610
  2.077447e+00   7.174068e-16   1.124236e-03   8.878617e-19   2334662
  2.081332e+00   7.133612e-16   1.120785e-03   8.879738e-19   2335722
  2.085219e+00   7.078628e-16   1.124829e-03   8.800788e-19   2354102
  2.089107e+00   7.061182e-16   1.120313e-03   8.815502e-19   2355156
  2.092998e+00   7.016327e-16   1.124614e-03   8.757719e-19   2374250
  2.096888e+00   6.955637e-16   1.120068e-03   8.711837e-19   2373102
  2.100776e+00   6.932899e-16   1.122758e-03   8.695013e-19   2388194
  2.104658e+00   6.878786e-16   1.116928e-03   8.647407e-19   2383470
  2.108539e+00   6.833543e-16   1.123618e-03   8.576510e-19   2404994
  2.112426e+00   6.790891e-16   1.121916e-03   8.548771e-19   2408538
  2.116308e+00   6.758702e-16   1.121742e-03   8.528378e-19   2417744
  2.120198e+00   6.715995e-16   1.124446e-03   8.494893e-19   2434578
  2.124090e+00   6.683742e-16   1.121710e-03   8.450558e-19   2438414
  2.127979e+00   6.635950e-16   1.122410e-03   8.413019e-19   2448066
  2.131867e+00   6.592705e-16   1.122662e-03   8.389556e-19   2456018
  2.135751e+00   6.545453e-16   1.121406e-03   8.333022e-19   2461230
  2.139636e+00   6.507825e-16   1.122653e-03   8.305953e-19   2474330
  2.143519e+00   6.456379e-16   1.119652e-03   8.223971e-19   2476498
  2.147405e+00   6.447335e-16   1.124366e-03   8.259813e-19   2497240
  2.151298e+00   6.395039e-16   1.122529e-03   8.182163e-19   2502930
  2.155185e+00   6.358306e-16   1.120390e-03   8.153720e-19   2508470
  2.159072e+00   6.329630e-16   1.121001e-03   8.134261e-19   2518482
  2.162961e+00   6.282484e-16   1.123829e-03   8.073212e-19   2532074
  2.166844e+00   6.251310e-16   1.118275e-03   8.076522e-19   2526678
  2.170724e+00   6.210004e-16   1.124045e-03   8.038474e-19   2549018
  2.174611e+00   6.186078e-16   1.120040e-03   8.034024e-19   2551704
  2.178497e+00   6.155801e-16   1.122028e-03   7.985010e-19   2566226
  2.182386e+00   6.110792e-16   1.122230e-03   7.945673e-19   2573898
  2.186278e+00   6.068697e-16   1.124844e-03   7.873582e-19   2589182
  2.190164e+00   6.032986e-16   1.119195e-03   7.897001e-19   2584890
  2.194049e+00   5.994620e-16   1.124371e-03   7.821861e-19   2605190
  2.197936e+00   5.948424e-16   1.121682e-03   7.763655e-19   2606418
  2.201821e+00   5.921233e-16   1.123741e-03   7.768158e-19   2621186
  2.205707e+00   5.897638e-16   1.120704e-03   7.778367e-19   2626608
  2.209592e+00   5.868936e-16   1.119995e-03   7.770781e-19   2636714
  2.213479e+00   5.828052e-16   1.121274e-03   7.696170e-19   2647482
  2.217374e+00   5.775487e-16   1.127022e-03   7.678934e-19   2668382
  2.221265e+00   5.741897e-16   1.120175e-03   7.639729e-19   2660418
  2.225149e+00   5.704926e-16   1.122869e-03   7.627412e-19   2676662
  2.229029e+00   5.670694e-16   1.117920e-03   7.574227e-19   2674210
  2.232911e+00   5.606223e-16   1.123157e-03   7.488370e-19   2697076
  2.236800e+00   5.629663e-16   1.121599e-03   7.571314e-19   2703558
  2.240687e+00   5.575669e-16   1.121191e-03   7.507053e-19   2713250
  2.244572e+00   5.549812e-16   1.119243e-03   7.540033e-19   2717718
  2.248464e+00   5.487341e-16   1.127021e-03   7.422706e-19   2743178
  2.252353e+00   5.461935e-16   1.120305e-03   7.450816e-19   2732730
  2.256238e+00   5.411887e-16   1.126187e-03   7.357324e-19   2758022
  2.260125e+00   5.387485e-16   1.119041e-03   7.395726e-19   2751994
  2.264006e+00   5.362720e-16   1.121171e-03   7.402607e-19   2769052
  2.267895e+00   5.325222e-16   1.122842e-03   7.350484e-19   2783062
  2.271785e+00   5.298890e-16   1.121645e-03   7.348684e-19   2789362
  2.275674e+00   5.227979e-16   1.121981e-03   7.265873e-19   2799582
  2.279564e+00   5.212332e-16   1.123236e-03   7.289589e-19   2811170
  2.283450e+00   5.150767e-16   1.121033e-03   7.239394e-19   2812658
  2.287338e+00   5.111949e-16   1.125793e-03   7.183130e-19   2833302
  2.291222e+00   5.073163e-16   1.118388e-03   7.172093e-19   2827420
  2.295104e+00   4.544395e-16   1.121018e-03   6.400321e-19   2846710
  2.298989e+00   4.400692e-16   1.120692e-03   6.197396e-19   2846535
  2.302873e+00   4.218743e-16   1.122997e-03   5.881962e-19   2848496
  2.306761e+00   4.046706e-16   1.122225e-03   5.584095e-19   2841084
  2.310652e+00   3.855981e-16   1.124928e-03   5.235636e-19   2843480
  2.314540e+00   3.698355e-16   1.120270e-03   4.996849e-19   2826624
  2.318424e+00   3.545182e-16   1.123352e-03   4.740477e-19   2828732
  2.322310e+00   3.391499e-16   1.121451e-03   4.482845e-19   2819296
  2.326197e+00   3.265561e-16   1.122811e-03   4.285607e-19   2819548
  2.330081e+00   3.123634e-16   1.118959e-03   4.050440e-19   2805192
  2.333967e+00   2.998966e-16   1.123463e-03   3.855154e-19   2811104
  2.337856e+00   2.884623e-16   1.121717e-03   3.657279e-19   2800672
  2.341743e+00   2.768734e-16   1.122654e-03   3.472961e-19   2798080
  2.345628e+00   2.666178e-16   1.120248e-03   3.322123e-19   2786976
  2.349516e+00   2.565162e-16   1.123594e-03   3.160304e-19   2791016
  2.353406e+00   2.478369e-16   1.121382e-03   3.022926e-19   2779360
  2.357287e+00   2.385528e-16   1.119573e-03   2.887255e-19   2768644
  2.361169e+00   2.301336e-16   1.122534e-03   2.757712e-19   2771192
  2.365058e+00   2.229570e-16   1.121875e-03   2.645768e-19   2765028
  2.368946e+00   2.150148e-16   1.122751e-03   2.539653e-19   2760864
  2.372840e+00   2.069241e-16   1.125689e-03   2.410030e-19   2761616
  2.376724e+00   2.004826e-16   1.118525e-03   2.321768e-19   2737932
  2.380610e+00   1.934322e-16   1.125904e-03   2.206368e-19   2752280
  2.384498e+00   1.878871e-16   1.118464e-03   2.126211e-19   2728764
  2.388382e+00   1.818159e-16   1.123937e-03   2.049679e-19   2736368
  2.392268e+00   1.761862e-16   1.119459e-03   1.979247e-19   2719952
  2.396155e+00   1.709984e-16   1.124236e-03   1.897757e-19   2727120
  2.400042e+00   1.659084e-16   1.118614e-03   1.830412e-19   2708400
  2.403932e+00   1.604150e-16   1.125719e-03   1.751020e-19   2718536
  2.407818e+00   1.555998e-16   1.118504e-03   1.689472e-19   2694300
  2.411707e+00   1.514361e-16   1.126793e-03   1.625682e-19   2709440
  2.415596e+00   1.472122e-16   1.117787e-03   1.571456e-19   2682108
  2.419475e+00   1.426215e-16   1.121308e-03   1.511938e-19   2684912
  2.423360e+00   1.389159e-16   1.121998e-03   1.461190e-19   2678868
  2.427246e+00   1.353033e-16   1.122668e-03   1.414532e-19   2674772
  2.431135e+00   1.313802e-16   1.123033e-03   1.363827e-19   2670120
  2.435021e+00   1.280151e-16   1.120804e-03   1.319397e-19   2659532
  2.438909e+00   1.244512e-16   1.123713e-03   1.272903e-19   2659704
  2.442801e+00   1.212416e-16   1.124617e-03   1.236362e-19   2654348
  2.446687e+00   1.180499e-16   1.121000e-03   1.198372e-19   2640276
  2.450572e+00   1.148499e-16   1.121992e-03   1.155732e-19   2638700
  2.454457e+00   1.123261e-16   1.120074e-03   1.125827e-19   2628244
  2.458344e+00   1.090296e-16   1.124115e-03   1.081121e-19   2630920
  2.462234e+00   1.065538e-16   1.121877e-03   1.051791e-19   2618904
  2.466118e+00   1.040241e-16   1.120448e-03   1.022667e-19   2610932
  2.470005e+00   1.014859e-16   1.121951e-03   9.887020e-20   2608464
  2.473895e+00   9.901822e-17   1.123139e-03   9.619977e-20   2603708
  2.477779e+00   9.670800e-17   1.119694e-03   9.350692e-20   2588012
  2.481660e+00   9.453331e-17   1.122196e-03   9.076769e-20   2588364
  2.485545e+00   9.240374e-17   1.120384e-03   8.831031e-20   2579076
  2.489430e+00   9.000222e-17   1.121132e-03   8.528202e-20   2574152
  2.493314e+00   8.839717e-17   1.121505e-03   8.379651e-20   2566812
  2.497207e+00   8.629310e-17   1.127061e-03   8.091432e-20   2573732
  2.501098e+00   8.450743e-17   1.119524e-03   7.911291e-20   2550568
  2.504983e+00   8.254381e-17   1.123035e-03   7.703544e-20   2552068
  2.508870e+00   8.048543e-17   1.121138e-03   7.450305e-20   2539620
  2.512757e+00   7.907970e-17   1.124635e-03   7.311610e-20   2540936
  2.516646e+00   7.735040e-17   1.121040e-03   7.114345e-20   2528032
  2.520531e+00   7.580097e-17   1.120365e-03   6.954721e-20   2521480
  2.524419e+00   7.425995e-17   1.122347e-03   6.758068e-20   2517980
  2.528309e+00   7.264979e-17   1.123011e-03   6.581058e-20   2511744
  2.532195e+00   7.119437e-17   1.120855e-03   6.432774e-20   2500140
  2.536081e+00   6.967041e-17   1.121926e-03   6.274392e-20   2496980
  2.539968e+00   6.836381e-17   1.121125e-03   6.128760e-20   2486924
  2.543856e+00   6.684746e-17   1.124762e-03   5.975069e-20   2487000
  2.547743e+00   6.578573e-17   1.120210e-03   5.864638e-20   2469840
  2.551626e+00   6.437150e-17   1.122637e-03   5.714334e-20   2469656
  2.555511e+00   6.314271e-17   1.119469e-03   5.568871e-20   2456844
  2.559401e+00   6.195745e-17   1.125965e-03   5.460278e-20   2462876
  2.563290e+00   6.082718e-17   1.120472e-03   5.357947e-20   2442136
  2.567174e+00   5.978219e-17   1.123165e-03   5.244840e-20   2441944
  2.571061e+00   5.868308e-17   1.120769e-03   5.119486e-20   2430508
  2.574945e+00   5.757262e-17   1.121157e-03   5.021695e-20   2424352
  2.578832e+00   5.648503e-17   1.123693e-03   4.907640e-20   2421264
  2.582722e+00   5.534701e-17   1.122895e-03   4.795119e-20   2413064
  2.586608e+00   5.453753e-17   1.120676e-03   4.712242e-20   2401572
  2.590492e+00   5.344301e-17   1.121724e-03   4.595758e-20   2397284
  2.594379e+00   5.247585e-17   1.121499e-03   4.499586e-20   2388336
  2.598268e+00   5.168727e-17   1.124943e-03   4.429590e-20   2387204
  2.602153e+00   5.074242e-17   1.119280e-03   4.339019e-20   2368644
  2.606033e+00   5.004817e-17   1.120613e-03   4.273258e-20   2365400
  2.609918e+00   4.906303e-17   1.121690e-03   4.184795e-20   2360072
  2.613808e+00   4.830002e-17   1.123660e-03   4.106272e-20   2356464
  2.617696e+00   4.751087e-17   1.121214e-03   4.026446e-20   2343240
  2.621583e+00   4.669773e-17   1.122605e-03   3.957662e-20   2340248
  2.625468e+00   4.595595e-17   1.118824e-03   3.894294e-20   2325000
  2.629355e+00   4.520741e-17   1.124959e-03   3.807223e-20   2328632
  2.633245e+00   4.457666e-17   1.121910e-03   3.773462e-20   2313220
  2.637134e+00   4.375872e-17   1.124095e-03   3.683326e-20   2310772
  2.641020e+00   4.310296e-17   1.119781e-03   3.636469e-20   2295420
  2.644905e+00   4.236992e-17   1.122584e-03   3.561680e-20   2293592
  2.648791e+00   4.184070e-17   1.120952e-03   3.515125e-20   2281384
  2.652683e+00   4.102903e-17   1.126704e-03   3.428994e-20   2285776
  2.656570e+00   4.068293e-17   1.117325e-03   3.420014e-20   2259408
  2.660455e+00   3.985080e-17   1.124314e-03   3.341597e-20   2266808
  2.664344e+00   3.938388e-17   1.120389e-03   3.302337e-20   2248836
  2.668227e+00   3.881755e-17   1.123045e-03   3.253412e-20   2245244
  2.672111e+00   3.822002e-17   1.120801e-03   3.202052e-20   2233908
  2.675998e+00   3.762609e-17   1.122974e-03   3.147597e-20   2231660
  2.679886e+00   3.713642e-17   1.120422e-03   3.106724e-20   2218544
  2.683775e+00   3.654562e-17   1.124792e-03   3.048416e-20   2218176
  2.687664e+00   3.600980e-17   1.121286e-03   3.013796e-20   2202900
  2.691550e+00   3.548968e-17   1.121747e-03   2.968770e-20   2197472
  2.695433e+00   3.511493e-17   1.118354e-03   2.940360e-20   2181960
  2.699317e+00   3.461858e-17   1.124130e-03   2.893284e-20   2183696
  2.703207e+00   3.412955e-17   1.123719e-03   2.852249e-20   2173416
  2.707096e+00   3.362220e-17   1.122917e-03   2.811571e-20   2165444
  2.710982e+00   3.327889e-17   1.119761e-03   2.797155e-20   2152688
  2.714867e+00   3.281350e-17   1.121777e-03   2.755939e-20   2147628
  2.718754e+00   3.231774e-17   1.122335e-03   2.713920e-20   2139012
  2.722646e+00   3.193194e-17   1.125226e-03   2.668925e-20   2136008
  2.726525e+00   3.148186e-17   1.114594e-03   2.655767e-20   2108656
  2.730404e+00   3.103822e-17   1.123744e-03   2.602564e-20   2117896
  2.734296e+00   3.067150e-17   1.123450e-03   2.573902e-20   2106260
  2.738185e+00   3.027520e-17   1.123855e-03   2.549722e-20   2099088
  2.742075e+00   2.991686e-17   1.121974e-03   2.520563e-20   2088432
  2.745961e+00   2.954348e-17   1.120471e-03   2.498315e-20   2078432
  2.749845e+00   2.923235e-17   1.120708e-03   2.479955e-20   2069048
  2.753732e+00   2.885588e-17   1.123831e-03   2.440988e-20   2064804
  2.757623e+00   2.853943e-17   1.123568e-03   2.412447e-20   2055644
  2.761510e+00   2.821162e-17   1.120700e-03   2.399190e-20   2043000
  2.765392e+00   2.779395e-17   1.120067e-03   2.369500e-20   2032348
  2.769281e+00   2.756063e-17   1.126495e-03   2.346002e-20   2034064
  2.773172e+00   2.719280e-17   1.122211e-03   2.318197e-20   2017740
  2.777059e+00   2.684110e-17   1.121480e-03   2.295105e-20   2010188
  2.780942e+00   2.658106e-17   1.118751e-03   2.280103e-20   1996556
  2.784826e+00   2.628051e-17   1.122456e-03   2.259894e-20   1992816
  2.788712e+00   2.595770e-17   1.122411e-03   2.237601e-20   1982400
  2.792596e+00   2.563400e-17   1.121262e-03   2.206964e-20   1972256
  2.796480e+00   2.535079e-17   1.121000e-03   2.192833e-20   1964384
  2.800370e+00   2.507438e-17   1.122889e-03   2.167408e-20   1958544
  2.804258e+00   2.487008e-17   1.122489e-03   2.158539e-20   1946988
  2.808149e+00   2.457418e-17   1.124629e-03   2.142157e-20   1942532
  2.812034e+00   2.431917e-17   1.117383e-03   2.128527e-20   1921692
  2.815918e+00   2.406749e-17   1.123808e-03   2.110562e-20   1924004
  2.819806e+00   2.382266e-17   1.120365e-03   2.091328e-20   1907344
  2.823695e+00   2.356007e-17   1.126069e-03   2.074512e-20   1907440
  2.827583e+00   2.330324e-17   1.118720e-03   2.067021e-20   1886136
  2.831464e+00   2.308635e-17   1.121920e-03   2.041751e-20   1883144
  2.835353e+00   2.278647e-17   1.122753e-03   2.022526e-20   1874724
  2.839243e+00   2.258300e-17   1.123826e-03   2.010648e-20   1866068
  2.843130e+00   2.243019e-17   1.121455e-03   2.012218e-20   1852980
  2.847017e+00   2.213394e-17   1.122782e-03   1.987257e-20   1847468
  2.850900e+00   2.195269e-17   1.117935e-03   1.979949e-20   1829636
  2.854785e+00   2.169216e-17   1.123959e-03   1.959869e-20   1829688
  2.858675e+00   2.153361e-17   1.122789e-03   1.950291e-20   1817192
  2.862561e+00   2.133872e-17   1.121150e-03   1.941820e-20   1806312
  2.866446e+00   2.105505e-17   1.120289e-03   1.923725e-20   1795984
  2.870334e+00   2.089631e-17   1.123627e-03   1.919413e-20   1791100
  2.874224e+00   2.074694e-17   1.122050e-03   1.910691e-20   1777648
  2.878111e+00   2.053375e-17   1.123043e-03   1.896503e-20   1769848
  2.881996e+00   2.031797e-17   1.119995e-03   1.888159e-20   1756536
  2.885881e+00   2.014039e-17   1.121386e-03   1.881621e-20   1748960
  2.889768e+00   2.001172e-17   1.123014e-03   1.871073e-20   1739952
  2.893658e+00   1.975948e-17   1.124239e-03   1.858716e-20   1732124
  2.897544e+00   1.962998e-17   1.120323e-03   1.851636e-20   1716852
  2.901430e+00   1.938732e-17   1.122735e-03   1.834422e-20   1712276
  2.905319e+00   1.924251e-17   1.121222e-03   1.828793e-20   1698500
  2.909208e+00   1.911624e-17   1.125604e-03   1.828264e-20   1693932
  2.913093e+00   1.892870e-17   1.119232e-03   1.816175e-20   1675204
  2.916975e+00   1.877457e-17   1.121771e-03   1.815885e-20   1670644
  2.920858e+00   1.857937e-17   1.118515e-03   1.801760e-20   1655532
  2.924748e+00   1.844817e-17   1.126990e-03   1.796562e-20   1656860
  2.928637e+00   1.831944e-17   1.119840e-03   1.798323e-20   1635372
  2.932524e+00   1.809726e-17   1.124773e-03   1.780405e-20   1634324
  2.936410e+00   1.793109e-17   1.117372e-03   1.773494e-20   1613676
  2.940295e+00   1.779483e-17   1.124617e-03   1.764616e-20   1613348
  2.944183e+00   1.767280e-17   1.120803e-03   1.770827e-20   1596236
  2.948069e+00   1.753763e-17   1.123999e-03   1.756488e-20   1591476
  2.951956e+00   1.737314e-17   1.119134e-03   1.760256e-20   1575732
  2.955838e+00   1.723513e-17   1.120429e-03   1.752293e-20   1566236
  2.959725e+00   1.712948e-17   1.124724e-03   1.749184e-20   1560292
  2.963618e+00   1.699025e-17   1.124442e-03   1.743365e-20   1550092
  2.967503e+00   1.683553e-17   1.118750e-03   1.737222e-20   1532628
  2.971386e+00   1.669134e-17   1.121507e-03   1.731419e-20   1527332
  2.975274e+00   1.660184e-17   1.121884e-03   1.727655e-20   1515212
  2.979160e+00   1.644913e-17   1.123567e-03   1.723988e-20   1506444
  2.983048e+00   1.631505e-17   1.122261e-03   1.720421e-20   1495116
  2.986928e+00   1.621384e-17   1.117074e-03   1.731650e-20   1479152
  2.990812e+00   1.604917e-17   1.122982e-03   1.713697e-20   1475512
  2.994707e+00   1.598330e-17   1.126591e-03   1.717084e-20   1467820
  2.998598e+00   1.588117e-17   1.121923e-03   1.719263e-20   1451256
  3.002486e+00   1.569575e-17   1.122725e-03   1.706595e-20   1443212
  3.006369e+00   1.554622e-17   1.117256e-03   1.704268e-20   1425680
  3.010254e+00   1.547041e-17   1.124371e-03   1.698178e-20   1422972
  3.014143e+00   1.540627e-17   1.123023e-03   1.705722e-20   1408632
  3.018032e+00   1.521922e-17   1.123941e-03   1.696390e-20   1400984
  3.021918e+00   1.506687e-17   1.117887e-03   1.688741e-20   1383196
  3.025801e+00   1.496950e-17   1.123197e-03   1.695121e-20   1378120
  3.029692e+00   1.494236e-17   1.124450e-03   1.701959e-20   1367272
  3.033584e+00   1.480617e-17   1.124457e-03   1.697389e-20   1356580
  3.037464e+00   1.464015e-17   1.115974e-03   1.686857e-20   1337028
  3.041343e+00   1.452876e-17   1.120802e-03   1.689493e-20   1332500
  3.045230e+00   1.451910e-17   1.122780e-03   1.695886e-20   1321796
  3.049120e+00   1.432109e-17   1.124838e-03   1.684397e-20   1312716
  3.053007e+00   1.420024e-17   1.119942e-03   1.681710e-20   1296580
  3.056896e+00   1.408316e-17   1.124221e-03   1.680200e-20   1291528
  3.060783e+00   1.403906e-17   1.119071e-03   1.687501e-20   1273128
  3.064669e+00   1.393764e-17   1.125633e-03   1.681570e-20   1268720
  3.068560e+00   1.382579e-17   1.122309e-03   1.689324e-20   1254016
  3.072444e+00   1.362873e-17   1.119894e-03   1.684107e-20   1241296
  3.076322e+00   1.353741e-17   1.116955e-03   1.676003e-20   1226712
  3.080211e+00   1.352269e-17   1.128188e-03   1.686151e-20   1226228
  3.084105e+00   1.337556e-17   1.122621e-03   1.682452e-20   1207768
  3.087992e+00   1.324433e-17   1.122433e-03   1.682656e-20   1198336
  3.091874e+00   1.313504e-17   1.117108e-03   1.685376e-20   1181484
  3.095761e+00   1.309449e-17   1.125421e-03   1.686189e-20   1178012
  3.099653e+00   1.297819e-17   1.123268e-03   1.684168e-20   1162564
  3.103535e+00   1.283789e-17   1.120338e-03   1.688477e-20   1149340
  3.107418e+00   1.275651e-17   1.119954e-03   1.679384e-20   1138848
  3.111303e+00   1.258583e-17   1.120192e-03   1.670425e-20   1126748
  3.115189e+00   1.259722e-17   1.123911e-03   1.688457e-20   1117428
  3.119084e+00   1.239069e-17   1.126323e-03   1.674279e-20   1108112
  3.122973e+00   1.232767e-17   1.119549e-03   1.682519e-20   1090596
  3.126857e+00   1.215851e-17   1.120292e-03   1.668909e-20   1081052
  3.130738e+00   1.212761e-17   1.118514e-03   1.690417e-20   1065716
  3.134626e+00   1.199507e-17   1.127732e-03   1.681116e-20   1061940
  3.138518e+00   1.190550e-17   1.121370e-03   1.679802e-20   1044096
  3.142404e+00   1.171934e-17   1.122139e-03   1.665329e-20   1034864
  3.146289e+00   1.161631e-17   1.117591e-03   1.668683e-20   1018308
  3.150179e+00   1.158356e-17   1.129200e-03   1.677801e-20   1014812
  3.154072e+00   1.148171e-17   1.121981e-03   1.684480e-20   996288
  3.157955e+00   1.127880e-17   1.120847e-03   1.663338e-20   985376
  3.161835e+00   1.114348e-17   1.115880e-03   1.658455e-20   969652
  3.165722e+00   1.112299e-17   1.125987e-03   1.668618e-20   964924
  3.169610e+00   1.103969e-17   1.121515e-03   1.678958e-20   947228
  3.173495e+00   1.077775e-17   1.123457e-03   1.641541e-20   939084
  3.177381e+00   1.064129e-17   1.116472e-03   1.642516e-20   921864
  3.181265e+00   1.051100e-17   1.123502e-03   1.634708e-20   914252
  3.185159e+00   1.046988e-17   1.126304e-03   1.642009e-20   902572
  3.189050e+00   1.027428e-17   1.123145e-03   1.634122e-20   888784
  3.192932e+00   1.010073e-17   1.116224e-03   1.625538e-20   872540
  3.196811e+00   9.922406e-18   1.120157e-03   1.601445e-20   862848
  3.200697e+00   9.913954e-18   1.124093e-03   1.620146e-20   851760
  3.204592e+00   9.690699e-18   1.127172e-03   1.588284e-20   841940
  3.208479e+00   9.546176e-18   1.117661e-03   1.590371e-20   823032
  3.212364e+00   9.355146e-18   1.123934e-03   1.563125e-20   816044
  3.216253e+00   9.265100e-18   1.120364e-03   1.567697e-20   799292
  3.220140e+00   9.086299e-18   1.126784e-03   1.547608e-20   791304
  3.224026e+00   8.888604e-18   1.117490e-03   1.514931e-20   772868
  3.227902e+00   8.693097e-18   1.119936e-03   1.497984e-20   762552
  3.231787e+00   8.502456e-18   1.121745e-03   1.456189e-20   750876
  3.235677e+00   8.351767e-18   1.123999e-03   1.446945e-20   739280
  3.239565e+00   8.156472e-18   1.121784e-03   1.405230e-20   724944
  3.243456e+00   7.890763e-18   1.124267e-03   1.354392e-20   714380
  3.247336e+00   7.756077e-18   1.116046e-03   1.343723e-20   695932
  3.251222e+00   7.498161e-18   1.126879e-03   1.270932e-20   690949
  3.255114e+00   7.318682e-18   1.118914e-03   1.233561e-20   673638
  3.258999e+00   7.129153e-18   1.124434e-03   1.203791e-20   666092
  3.262883e+00   7.012217e-18   1.117312e-03   1.175095e-20   651024
  3.266766e+00   6.868998e-18   1.124054e-03   1.139257e-20   644804
  3.270656e+00   6.758972e-18   1.121035e-03   1.128440e-20   632676
  3.274546e+00   6.596474e-18   1.125434e-03   1.099557e-20   624962
  3.278430e+00   6.515426e-18   1.118496e-03   1.084673e-20   611280
  3.282321e+00   6.411816e-18   1.127391e-03   1.069647e-20   607256
  3.286211e+00   6.294866e-18   1.118374e-03   1.046185e-20   592616
  3.290095e+00   6.203747e-18   1.124430e-03   1.033725e-20   587160
  3.293983e+00   6.079138e-18   1.120749e-03   1.003137e-20   575482
  3.297866e+00   5.979530e-18   1.122505e-03   9.944731e-21   568258
  3.301757e+00   5.951606e-18   1.122731e-03   9.925948e-21   559638
  3.305647e+00   5.829047e-18   1.123210e-03   9.772221e-21   551498
  3.309536e+00   5.750849e-18   1.121790e-03   9.559482e-21   542364
  3.313423e+00   5.626266e-18   1.122328e-03   9.344301e-21   534146
  3.317305e+00   5.594292e-18   1.119988e-03   9.360777e-21   524980
  3.321196e+00   5.504738e-18   1.125222e-03   9.216930e-21   519964
  3.325077e+00   5.428564e-18   1.115886e-03   9.112327e-21   507108
  3.328962e+00   5.353741e-18   1.126905e-03   8.940717e-21   504992
  3.332852e+00   5.310330e-18   1.118656e-03   8.980119e-21   492948
  3.336740e+00   5.243638e-18   1.127360e-03   8.803180e-21   489740
  3.340629e+00   5.152577e-18   1.117346e-03   8.636465e-21   477716
  3.344511e+00   5.112831e-18   1.124864e-03   8.660065e-21   473844
  3.348399e+00   5.060290e-18   1.119228e-03   8.621220e-21   464222
  3.352284e+00   4.971697e-18   1.123815e-03   8.439468e-21   459048
  3.356167e+00   4.948040e-18   1.117888e-03   8.406904e-21   449574
  3.360054e+00   4.862711e-18   1.125019e-03   8.230628e-21   445820
  3.363936e+00   4.806548e-18   1.116211e-03   8.229400e-21   435158
  3.367827e+00   4.781700e-18   1.127850e-03   8.217410e-21   433566
  3.371713e+00   4.717638e-18   1.114763e-03   8.123808e-21   421014
  3.375597e+00   4.671857e-18   1.127754e-03   8.045936e-21   419996
  3.379490e+00   4.645765e-18   1.118287e-03   8.089035e-21   409482
  3.383368e+00   4.557882e-18   1.121665e-03   7.916034e-21   404414
  3.387257e+00   4.531555e-18   1.122567e-03   7.930955e-21   398518
  3.391148e+00   4.462830e-18   1.123750e-03   7.841820e-21   392302
  3.395033e+00   4.476299e-18   1.121765e-03   7.935236e-21   385318
  3.398930e+00   4.419320e-18   1.127631e-03   7.816052e-21   381718
  3.402811e+00   4.343143e-18   1.114511e-03   7.776718e-21   370674
  3.406696e+00   4.338632e-18   1.128673e-03   7.794259e-21   370166
  3.410587e+00   4.289780e-18   1.117032e-03   7.726231e-21   359838
  3.414471e+00   4.256035e-18   1.126612e-03   7.673771e-21   357488
  3.418356e+00   4.227604e-18   1.115416e-03   7.717905e-21   348174
  3.422239e+00   4.169141e-18   1.126138e-03   7.556837e-21   346010
  3.426123e+00   4.136419e-18   1.115666e-03   7.647575e-21   336966
  3.430017e+00   4.116716e-18   1.131496e-03   7.592861e-21   336488
  3.433906e+00   4.085658e-18   1.113178e-03   7.602620e-21   325206
  3.437790e+00   4.027227e-18   1.128394e-03   7.485467e-21   324614
  3.441675e+00   4.019233e-18   1.113950e-03   7.575313e-21   314792
  3.445561e+00   4.014914e-18   1.129033e-03   7.539817e-21   314082
  3.449445e+00   3.967639e-18   1.112843e-03   7.594401e-21   303918
  3.453329e+00   3.902896e-18   1.130230e-03   7.441705e-21   303872
  3.457223e+00   3.882131e-18   1.118237e-03   7.463340e-21   295070
  3.461110e+00   3.881284e-18   1.127117e-03   7.488357e-21   292776
  3.464999e+00   3.876075e-18   1.118155e-03   7.589024e-21   285198
  3.468882e+00   3.828557e-18   1.124173e-03   7.506823e-21   282068
  3.472770e+00   3.794502e-18   1.120642e-03   7.532014e-21   276094
  3.476654e+00   3.771341e-18   1.121770e-03   7.491000e-21   271936
  3.480537e+00   3.747727e-18   1.119604e-03   7.532600e-21   266352
  3.484425e+00   3.715790e-18   1.124273e-03   7.477100e-21   263198
  3.488309e+00   3.726869e-18   1.117087e-03   7.642902e-21   256540
  3.492199e+00   3.695250e-18   1.128018e-03   7.553456e-21   254758
  3.496085e+00   3.701904e-18   1.114575e-03   7.666281e-21   246888
  3.499973e+00   3.641125e-18   1.129431e-03   7.517315e-21   245984
  3.503859e+00   3.650985e-18   1.113747e-03   7.732062e-21   237838
  3.507743e+00   3.609041e-18   1.128624e-03   7.588779e-21   236932
  3.511628e+00   3.608539e-18   1.114686e-03   7.747929e-21   229296
  3.515519e+00   3.566339e-18   1.132107e-03   7.646250e-21   228968
  3.519410e+00   3.589694e-18   1.115334e-03   7.784854e-21   220862
  3.523299e+00   3.531442e-18   1.132320e-03   7.723194e-21   220440
  3.527188e+00   3.537576e-18   1.113877e-03   7.826882e-21   212400
  3.531075e+00   3.520678e-18   1.132596e-03   7.774555e-21   212228
  3.534965e+00   3.521367e-18   1.113928e-03   7.966586e-21   204518
  3.538852e+00   3.479253e-18   1.130227e-03   7.822265e-21   203928
  3.542735e+00   3.488426e-18   1.110921e-03   8.005352e-21   196280
  3.546619e+00   3.453141e-18   1.130361e-03   7.873525e-21   196272
  3.550503e+00   3.455052e-18   1.110008e-03   8.125616e-21   188572
  3.554385e+00   3.431651e-18   1.129045e-03   8.025496e-21   188440
  3.558272e+00   3.399192e-18   1.112527e-03   8.063884e-21   181574
  3.562156e+00   3.405546e-18   1.129325e-03   8.113893e-21   180912
  3.566042e+00   3.386699e-18   1.112617e-03   8.241297e-21   174304
  3.569927e+00   3.380882e-18   1.129933e-03   8.216350e-21   173620
  3.573814e+00   3.386524e-18   1.114477e-03   8.386970e-21   167424
  3.577707e+00   3.362380e-18   1.132693e-03   8.282512e-21   166952
  3.581590e+00   3.330674e-18   1.109406e-03   8.424029e-21   159744
  3.585479e+00   3.310852e-18   1.134885e-03   8.347943e-21   160424
  3.589363e+00   3.352154e-18   1.107308e-03   8.654230e-21   152748
  3.593250e+00   3.307497e-18   1.136784e-03   8.522366e-21   153920
  3.597136e+00   3.299173e-18   1.105473e-03   8.685997e-21   146016
  3.601018e+00   3.292165e-18   1.136208e-03   8.659751e-21   147176
  3.604907e+00   3.279148e-18   1.107710e-03   8.817164e-21   139992
  3.608791e+00   3.284106e-18   1.135264e-03   8.805518e-21   140588
  3.612682e+00   3.271996e-18   1.111007e-03   8.968095e-21   134184
  3.616571e+00   3.253053e-18   1.134121e-03   8.947222e-21   134192
  3.620457e+00   3.264309e-18   1.110077e-03   9.170793e-21   127992
  3.624344e+00   3.231647e-18   1.133946e-03   9.038582e-21   128132
  3.628235e+00   3.230012e-18   1.112933e-03   9.329380e-21   122384
  3.632120e+00   3.210180e-18   1.130787e-03   9.238730e-21   121896
  3.636006e+00   3.226306e-18   1.111987e-03   9.484108e-21   116592
  3.639888e+00   3.226111e-18   1.130031e-03   9.542289e-21   116072
  3.643776e+00   3.241771e-18   1.113281e-03   9.784491e-21   111196
  3.647666e+00   3.210714e-18   1.133982e-03   9.652113e-21   110824
  3.651553e+00   3.205083e-18   1.109351e-03   9.906366e-21   105456
  3.655445e+00   3.199584e-18   1.137911e-03   9.888511e-21   105746
  3.659331e+00   3.194673e-18   1.104570e-03   1.004482e-20   99816
  3.663217e+00   3.173870e-18   1.137630e-03   1.006082e-20   100460
  3.667098e+00   3.172150e-18   1.103186e-03   1.030241e-20   94616
  3.670986e+00   3.163153e-18   1.138482e-03   1.029079e-20   95448
  3.674871e+00   3.165979e-18   1.104767e-03   1.049029e-20   89784
  3.678762e+00   3.171255e-18   1.138753e-03   1.056140e-20   90536
  3.682640e+00   3.181881e-18   1.098833e-03   1.093688e-20   84566
  3.686528e+00   3.153383e-18   1.143171e-03   1.082468e-20   86088
  3.690411e+00   3.166101e-18   1.094501e-03   1.123164e-20   79680
  3.694290e+00   3.116365e-18   1.143460e-03   1.100199e-20   81368
  3.698177e+00   3.150743e-18   1.096007e-03   1.152723e-20   75356
  3.702056e+00   3.163687e-18   1.143156e-03   1.134707e-20   76704
  3.705948e+00   3.137555e-18   1.100016e-03   1.169627e-20   71322
  3.709834e+00   3.171431e-18   1.143672e-03   1.189816e-20   72248
  3.713724e+00   3.197368e-18   1.099908e-03   1.240197e-20   67160
  3.717610e+00   3.143294e-18   1.141543e-03   1.204246e-20   67836
  3.721489e+00   3.166264e-18   1.096984e-03   1.263279e-20   62976
  3.725379e+00   3.131672e-18   1.144398e-03   1.232381e-20   63914
  3.729253e+00   3.141379e-18   1.092761e-03   1.278494e-20   58832
  3.733144e+00   3.134909e-18   1.147084e-03   1.277180e-20   60108
  3.737017e+00   3.150314e-18   1.090205e-03   1.337875e-20   54920
  3.740928e+00   3.150435e-18   1.160099e-03   1.332255e-20   56970
  3.744809e+00   3.128884e-18   1.078913e-03   1.394360e-20   50760
  3.748701e+00   3.166732e-18   1.161348e-03   1.374042e-20   53312
  3.752584e+00   3.164612e-18   1.074836e-03   1.449913e-20   47164
  3.756472e+00   3.130918e-18   1.163802e-03   1.412370e-20   49810
  3.760356e+00   3.143963e-18   1.069365e-03   1.499171e-20   43680
  3.764234e+00   3.150287e-18   1.164818e-03   1.469766e-20   46328
  3.768129e+00   3.152289e-18   1.073902e-03   1.564936e-20   40694
  3.772013e+00   3.160717e-18   1.167140e-03   1.522952e-20   42984
  3.775913e+00   3.146763e-18   1.073587e-03   1.623625e-20   37656
  3.779787e+00   3.146803e-18   1.164236e-03   1.595781e-20   39578
  3.783688e+00   3.160219e-18   1.077878e-03   1.683987e-20   34920
  3.787564e+00   3.156846e-18   1.160065e-03   1.672788e-20   36308
  3.791451e+00   3.133923e-18   1.076316e-03   1.753654e-20   32136
  3.795334e+00   3.181781e-18   1.159401e-03   1.764526e-20   33362
  3.799207e+00   3.157820e-18   1.069739e-03   1.864557e-20   29336
  3.803104e+00   3.165421e-18   1.167435e-03   1.817043e-20   30804
  3.806966e+00   3.205570e-18   1.055228e-03   1.971623e-20   26490
  3.810870e+00   3.162882e-18   1.176653e-03   1.885374e-20   28376
  3.814719e+00   3.212184e-18   1.039734e-03   2.069678e-20   23784
  3.818636e+00   3.163916e-18   1.189627e-03   1.966455e-20   26150
  3.822479e+00   3.150221e-18   1.021588e-03   2.158542e-20   21192
  3.826407e+00   3.214605e-18   1.204804e-03   2.075433e-20   24050
  3.830252e+00   3.171512e-18   1.002280e-03   2.288078e-20   18768
  3.834191e+00   3.217782e-18   1.221518e-03   2.177094e-20   22052
  3.838029e+00   3.232131e-18   9.660660e-04   2.537012e-20   16346
  3.841962e+00   3.191241e-18   1.236558e-03   2.252295e-20   20136
  3.845802e+00   3.159428e-18   9.274195e-04   2.689097e-20   14160
  3.849721e+00   3.159815e-18   1.247069e-03   2.315778e-20   18218
  3.853565e+00   3.187482e-18   8.859468e-04   2.896815e-20   12204
  3.857470e+00   3.244515e-18   1.256334e-03   2.520138e-20   16346
  3.861333e+00   3.188972e-18   8.562781e-04   3.070417e-20   10536
  3.865221e+00   3.223889e-18   1.261091e-03   2.719633e-20   14456
  3.869081e+00   3.266369e-18   8.165112e-04   3.363386e-20   8990
  3.872967e+00   3.244543e-18   1.270385e-03   2.910711e-20   12744
  3.876815e+00   3.301201e-18   7.482517e-04   3.853993e-20   7506
  3.880703e+00   3.249267e-18   1.282849e-03   3.046111e-20   11192
  3.884545e+00   3.222654e-18   6.569471e-04   3.952203e-20   6156
  3.888432e+00   3.290335e-18   1.294599e-03   3.347166e-20   9722
  3.892281e+00   3.221134e-18   5.567157e-04   4.632587e-20   4992
  3.896158e+00   3.275251e-18   1.304505e-03   3.561126e-20   8306
  3.900025e+00   3.254799e-18   4.384033e-04   5.181568e-20   3996
  3.903878e+00   3.306002e-18   1.309274e-03   4.058242e-20   6938
  3.907766e+00   3.322549e-18   3.047624e-04   5.869229e-20   3168
  3.911584e+00   3.317653e-18   1.304853e-03   4.418421e-20   5624
  3.915485e+00   3.263283e-18   2.103226e-04   6.537200e-20   2502
  3.919286e+00   3.272711e-18   1.297747e-03   4.874855e-20   4424
  3.923208e+00   3.333956e-18   2.230451e-04   7.058595e-20   1946
  3.926998e+00   3.289618e-18   1.292790e-03   5.810774e-20   3360
  3.930918e+00   3.353863e-18   1.221617e-04   8.554898e-20   1446
  3.934708e+00   3.229493e-18   1.290208e-03   6.357571e-20   2456
  3.938666e+00   3.158449e-18   2.340394e-04   9.999600e-20   1034
  3.942432e+00   3.353359e-18   1.288305e-03   8.329914e-20   1680
  3.946383e+00   3.161491e-18   5.837572e-05   1.254221e-19   678
  3.950143e+00   3.560693e-18   1.286681e-03   9.749163e-20   1064
  3.954177e+00   3.411888e-18   3.540138e-04   1.671006e-19   410
  3.957868e+00   3.273785e-18   1.284749e-03   1.345275e-19   576
  3.961879e+00   3.456834e-18   1.855368e-05   2.451986e-19   198
  3.965528e+00   3.765607e-18   1.272780e-03   2.081386e-19   248
  3.969917e+00   4.161318e-18   8.019490e-04   5.613870e-19   74
  3.973198e+00   3.132908e-18   1.252635e-03   4.164570e-19   48
  3.977405e+00   4.377152e-18   5.034095e-08   1.625552e-18   6
