# power spectrum of phi
# redshift z=99.899076
# k              Pk             sigma(k)       sigma(Pk)      count
  5.727314e-03   3.238285e-10   8.763345e-04   7.227971e-11   18
  1.001182e-02   5.254971e-10   1.059922e-03   7.483432e-11   62
  1.393445e-02   3.745394e-10   7.332271e-04   4.591460e-11   90
  1.764809e-02   3.592780e-10   1.157232e-03   2.371112e-11   170
  2.151286e-02   2.692010e-10   1.202795e-03   1.683198e-11   246
  2.528669e-02   2.024906e-10   1.146703e-03   1.134151e-11   338
  2.901099e-02   1.838318e-10   9.857564e-04   9.066250e-12   432
  3.284683e-02   1.462662e-10   1.010047e-03   6.647312e-12   578
  3.688195e-02   1.111589e-10   1.177086e-03   4.051568e-12   786
  4.101464e-02   8.586245e-11   1.190994e-03   2.751065e-12   974
  4.488954e-02   7.246353e-11   1.031402e-03   2.292602e-12   1002
  4.870958e-02   6.570870e-11   1.179303e-03   1.738833e-12   1334
  5.263577e-02   5.375968e-11   1.134676e-03   1.463295e-12   1458
  5.631027e-02   4.896673e-11   1.072446e-03   1.209443e-12   1604
  6.010158e-02   4.368232e-11   1.088865e-03   1.052787e-12   1974
  6.404851e-02   4.011237e-11   1.067989e-03   8.535979e-13   2234
  6.795611e-02   3.581342e-11   1.092954e-03   7.377853e-13   2490
  7.198483e-02   3.213758e-11   1.200217e-03   6.037873e-13   3014
  7.595394e-02   2.889284e-11   1.093611e-03   5.255574e-13   3018
  7.977896e-02   2.569908e-11   1.131598e-03   4.410466e-13   3446
  8.359600e-02   2.243352e-11   1.085617e-03   3.767023e-13   3626
  8.742004e-02   1.948339e-11   1.125556e-03   3.041983e-13   4164
  9.130612e-02   1.780185e-11   1.090740e-03   2.733549e-13   4470
  9.521636e-02   1.566753e-11   1.115446e-03   2.283598e-13   4970
  9.915211e-02   1.430530e-11   1.127844e-03   1.927893e-13   5366
  1.030785e-01   1.241999e-11   1.144516e-03   1.586125e-13   5778
  1.069619e-01   1.186314e-11   1.149148e-03   1.504727e-13   6162
  1.108671e-01   1.069826e-11   1.158272e-03   1.351283e-13   6734
  1.146806e-01   9.956143e-12   1.074898e-03   1.193268e-13   6756
  1.184510e-01   9.349410e-12   1.088568e-03   1.042084e-13   7502
  1.223464e-01   8.885705e-12   1.105366e-03   9.843428e-14   8154
  1.262469e-01   8.190431e-12   1.103283e-03   8.921203e-14   8618
  1.301909e-01   7.789167e-12   1.146655e-03   8.097894e-14   9390
  1.341197e-01   7.406452e-12   1.126004e-03   7.545429e-14   9722
  1.380051e-01   6.611726e-12   1.126950e-03   6.588525e-14   10242
  1.419007e-01   6.121416e-12   1.149257e-03   5.743228e-14   11006
  1.457777e-01   5.760255e-12   1.106962e-03   5.474347e-14   11348
  1.496576e-01   5.204589e-12   1.105725e-03   4.666971e-14   12150
  1.535164e-01   4.777372e-12   1.078348e-03   4.396017e-14   12498
  1.574072e-01   4.477098e-12   1.129889e-03   3.811205e-14   13586
  1.613096e-01   4.080742e-12   1.132072e-03   3.490838e-14   14006
  1.652381e-01   3.853522e-12   1.166232e-03   3.064207e-14   15162
  1.691226e-01   3.579420e-12   1.101754e-03   2.928365e-14   14990
  1.729750e-01   3.388705e-12   1.143142e-03   2.659045e-14   16380
  1.768610e-01   3.234156e-12   1.105581e-03   2.496088e-14   16666
  1.807168e-01   3.130575e-12   1.110348e-03   2.392194e-14   17638
  1.845996e-01   2.952103e-12   1.100521e-03   2.208650e-14   18354
  1.884710e-01   2.815351e-12   1.102640e-03   2.055389e-14   19034
  1.923685e-01   2.732970e-12   1.144302e-03   1.909302e-14   20270
  1.963174e-01   2.629020e-12   1.155956e-03   1.793945e-14   21258
  2.002141e-01   2.487261e-12   1.111898e-03   1.691168e-14   21350
  2.040863e-01   2.287241e-12   1.123159e-03   1.545046e-14   22644
  2.079681e-01   2.169214e-12   1.101476e-03   1.435194e-14   23114
  2.118390e-01   2.059782e-12   1.118265e-03   1.334692e-14   24342
  2.157382e-01   1.915209e-12   1.117694e-03   1.203480e-14   25194
  2.196235e-01   1.827367e-12   1.116195e-03   1.155517e-14   25982
  2.234724e-01   1.729765e-12   1.109599e-03   1.063744e-14   26506
  2.273806e-01   1.630146e-12   1.167806e-03   9.756109e-15   28738
  2.312750e-01   1.541227e-12   1.110542e-03   9.220738e-15   28296
  2.351662e-01   1.459252e-12   1.143823e-03   8.307121e-15   30554
  2.390501e-01   1.394790e-12   1.084103e-03   8.039639e-15   30094
  2.428824e-01   1.373464e-12   1.109820e-03   7.701318e-15   31738
  2.467836e-01   1.302685e-12   1.134747e-03   7.236053e-15   33306
  2.506613e-01   1.276633e-12   1.104153e-03   6.933008e-15   33422
  2.545365e-01   1.228632e-12   1.131527e-03   6.585637e-15   35298
  2.584714e-01   1.175616e-12   1.143069e-03   6.162803e-15   36650
  2.623670e-01   1.127826e-12   1.115532e-03   5.854934e-15   36888
  2.662651e-01   1.075338e-12   1.131896e-03   5.414310e-15   38834
  2.701697e-01   1.026067e-12   1.107355e-03   5.215470e-15   39246
  2.740453e-01   9.911492e-13   1.111777e-03   4.953897e-15   40466
  2.778984e-01   9.412605e-13   1.108403e-03   4.590404e-15   41106
  2.817847e-01   8.915004e-13   1.145602e-03   4.277396e-15   43598
  2.856833e-01   8.572215e-13   1.116308e-03   4.130638e-15   43650
  2.895471e-01   8.199138e-13   1.120907e-03   3.839313e-15   45272
  2.934575e-01   7.842427e-13   1.131740e-03   3.623537e-15   46994
  2.973636e-01   7.667753e-13   1.124346e-03   3.474012e-15   47850
  3.012447e-01   7.267164e-13   1.115858e-03   3.299901e-15   48846
  3.051030e-01   7.055019e-13   1.105642e-03   3.178533e-15   49706
  3.089532e-01   6.800608e-13   1.113265e-03   3.009700e-15   51198
  3.128464e-01   6.550418e-13   1.134266e-03   2.835885e-15   53402
  3.167281e-01   6.424316e-13   1.111145e-03   2.833710e-15   53634
  3.206428e-01   6.160585e-13   1.143806e-03   2.573456e-15   56888
  3.245618e-01   5.960342e-13   1.106794e-03   2.515512e-15   56474
  3.284581e-01   5.769476e-13   1.130606e-03   2.377599e-15   58962
  3.323510e-01   5.511580e-13   1.114731e-03   2.267239e-15   59214
  3.362265e-01   5.425642e-13   1.127963e-03   2.183423e-15   61250
  3.400938e-01   5.214412e-13   1.110759e-03   2.099606e-15   61694
  3.439480e-01   5.028565e-13   1.120230e-03   2.000530e-15   63618
  3.478512e-01   4.843990e-13   1.140078e-03   1.875593e-15   66284
  3.517691e-01   4.674692e-13   1.123324e-03   1.805395e-15   67014
  3.556494e-01   4.464702e-13   1.113722e-03   1.717524e-15   67930
  3.595371e-01   4.336213e-13   1.127426e-03   1.637359e-15   70294
  3.634200e-01   4.250273e-13   1.114424e-03   1.590966e-15   70658
  3.672742e-01   4.111847e-13   1.121955e-03   1.544027e-15   72522
  3.711539e-01   3.936541e-13   1.125103e-03   1.446327e-15   74550
  3.750359e-01   3.831333e-13   1.112832e-03   1.393083e-15   75674
  3.789191e-01   3.741800e-13   1.116846e-03   1.341305e-15   77708
  3.828461e-01   3.610615e-13   1.136191e-03   1.260833e-15   80622
  3.867545e-01   3.506501e-13   1.112810e-03   1.247760e-15   80330
  3.906423e-01   3.412187e-13   1.128269e-03   1.195195e-15   82974
  3.945313e-01   3.300974e-13   1.118618e-03   1.147158e-15   83666
  3.984084e-01   3.222069e-13   1.126394e-03   1.100556e-15   85746
  4.022765e-01   3.096467e-13   1.118427e-03   1.050053e-15   86702
  4.061542e-01   3.019999e-13   1.126154e-03   1.000390e-15   89556
  4.100569e-01   2.926379e-13   1.118519e-03   9.705737e-16   91038
  4.139484e-01   2.873619e-13   1.117921e-03   9.461673e-16   92522
  4.178268e-01   2.769583e-13   1.119569e-03   9.090830e-16   94034
  4.217415e-01   2.686286e-13   1.145339e-03   8.597020e-16   97758
  4.256173e-01   2.627830e-13   1.103600e-03   8.529445e-16   95770
  4.294627e-01   2.541474e-13   1.123790e-03   8.123394e-16   99646
  4.333400e-01   2.488332e-13   1.115333e-03   7.852643e-16   100980
  4.372362e-01   2.409542e-13   1.127284e-03   7.521133e-16   104258
  4.411386e-01   2.330546e-13   1.114910e-03   7.243656e-16   104998
  4.450377e-01   2.278691e-13   1.124073e-03   6.960588e-16   107866
  4.489311e-01   2.229345e-13   1.113184e-03   6.786062e-16   108154
  4.528161e-01   2.180473e-13   1.135370e-03   6.523850e-16   111622
  4.567076e-01   2.122005e-13   1.122976e-03   6.352043e-16   112146
  4.605727e-01   2.081320e-13   1.119518e-03   6.156059e-16   114014
  4.644440e-01   2.004891e-13   1.115906e-03   5.898607e-16   116220
  4.683319e-01   1.963411e-13   1.119789e-03   5.654707e-16   118682
  4.722291e-01   1.913900e-13   1.126606e-03   5.529288e-16   121118
  4.761348e-01   1.855342e-13   1.124808e-03   5.321933e-16   122994
  4.800157e-01   1.801847e-13   1.114862e-03   5.145013e-16   123574
  4.838959e-01   1.777401e-13   1.131276e-03   5.002243e-16   126922
  4.877763e-01   1.725620e-13   1.124735e-03   4.839008e-16   127906
  4.916481e-01   1.676197e-13   1.121767e-03   4.647347e-16   130432
  4.955333e-01   1.642137e-13   1.114812e-03   4.494869e-16   132642
  4.994186e-01   1.604673e-13   1.110800e-03   4.365247e-16   134534
  5.033164e-01   1.570213e-13   1.124671e-03   4.237324e-16   137778
  5.072392e-01   1.530789e-13   1.135312e-03   4.084519e-16   140786
  5.111285e-01   1.491863e-13   1.110620e-03   3.985251e-16   139590
  5.149976e-01   1.459281e-13   1.125619e-03   3.865889e-16   143546
  5.188865e-01   1.426730e-13   1.125142e-03   3.744391e-16   145338
  5.227635e-01   1.398242e-13   1.120484e-03   3.639868e-16   147272
  5.266520e-01   1.354674e-13   1.122335e-03   3.516698e-16   150330
  5.305485e-01   1.322686e-13   1.118234e-03   3.375712e-16   152318
  5.344262e-01   1.298268e-13   1.111066e-03   3.313473e-16   153202
  5.383243e-01   1.259566e-13   1.138693e-03   3.167184e-16   158626
  5.422165e-01   1.239157e-13   1.116855e-03   3.134063e-16   157350
  5.460935e-01   1.203449e-13   1.131200e-03   3.015416e-16   161906
  5.499589e-01   1.189498e-13   1.105071e-03   2.992532e-16   160872
  5.538418e-01   1.161951e-13   1.133375e-03   2.849133e-16   167858
  5.577463e-01   1.143728e-13   1.114977e-03   2.800842e-16   167514
  5.616201e-01   1.106671e-13   1.113803e-03   2.669014e-16   169862
  5.655108e-01   1.083317e-13   1.124453e-03   2.620246e-16   173602
  5.694083e-01   1.065872e-13   1.123533e-03   2.522566e-16   175258
  5.732959e-01   1.038662e-13   1.127164e-03   2.479055e-16   177654
  5.771897e-01   1.018511e-13   1.130949e-03   2.381629e-16   180698
  5.810773e-01   9.939154e-14   1.119005e-03   2.332394e-16   181968
  5.849616e-01   9.812190e-14   1.118541e-03   2.277089e-16   184850
  5.888448e-01   9.596136e-14   1.119144e-03   2.222369e-16   187034
  5.927421e-01   9.376263e-14   1.129966e-03   2.147822e-16   191238
  5.966308e-01   9.208993e-14   1.116348e-03   2.105589e-16   191042
  6.005065e-01   9.007089e-14   1.126286e-03   2.036093e-16   195102
  6.043812e-01   8.816633e-14   1.117515e-03   1.991943e-16   195786
  6.082630e-01   8.622191e-14   1.131649e-03   1.906042e-16   201164
  6.121481e-01   8.499283e-14   1.112645e-03   1.907189e-16   201070
  6.160242e-01   8.260599e-14   1.118305e-03   1.815685e-16   205234
  6.199111e-01   8.161386e-14   1.116352e-03   1.795445e-16   207342
  6.237987e-01   7.958440e-14   1.121735e-03   1.727482e-16   210602
  6.276909e-01   7.808272e-14   1.124203e-03   1.695809e-16   213130
  6.315953e-01   7.661778e-14   1.133190e-03   1.642447e-16   217318
  6.354807e-01   7.514524e-14   1.113546e-03   1.612967e-16   216306
  6.393491e-01   7.343390e-14   1.119403e-03   1.565827e-16   220652
  6.432430e-01   7.238372e-14   1.124854e-03   1.533773e-16   224502
  6.471454e-01   7.122673e-14   1.125081e-03   1.500840e-16   227186
  6.510345e-01   6.934847e-14   1.118193e-03   1.449078e-16   228398
  6.549165e-01   6.817324e-14   1.122259e-03   1.414623e-16   231642
  6.587972e-01   6.687627e-14   1.122763e-03   1.384816e-16   233946
  6.626908e-01   6.608245e-14   1.132956e-03   1.357181e-16   238694
  6.665707e-01   6.477713e-14   1.114640e-03   1.324190e-16   238068
  6.704525e-01   6.369674e-14   1.124042e-03   1.289616e-16   244190
  6.743498e-01   6.196210e-14   1.116752e-03   1.252520e-16   245362
  6.782313e-01   6.138469e-14   1.120102e-03   1.230878e-16   248362
  6.821206e-01   6.007542e-14   1.124509e-03   1.193767e-16   251966
  6.860099e-01   5.930300e-14   1.120649e-03   1.174006e-16   254034
  6.898855e-01   5.810274e-14   1.117172e-03   1.155577e-16   255818
  6.937781e-01   5.658793e-14   1.132899e-03   1.109515e-16   262254
  6.976722e-01   5.627193e-14   1.116974e-03   1.099839e-16   261980
  7.015718e-01   5.497562e-14   1.129534e-03   1.063728e-16   268566
  7.054538e-01   5.415592e-14   1.104857e-03   1.050015e-16   265538
  7.093286e-01   5.330789e-14   1.128000e-03   1.017647e-16   273330
  7.132165e-01   5.205422e-14   1.121481e-03   9.990885e-17   273718
  7.171069e-01   5.109299e-14   1.132652e-03   9.687862e-17   279658
  7.209986e-01   5.071676e-14   1.120025e-03   9.606590e-17   279670
  7.248700e-01   4.963559e-14   1.119062e-03   9.362184e-17   282964
  7.287608e-01   4.864674e-14   1.126489e-03   9.139042e-17   288362
  7.326540e-01   4.788760e-14   1.118613e-03   8.936475e-17   289686
  7.365333e-01   4.725826e-14   1.116235e-03   8.783695e-17   292234
  7.404015e-01   4.628587e-14   1.112765e-03   8.558032e-17   294190
  7.442845e-01   4.552957e-14   1.127923e-03   8.323956e-17   300642
  7.481851e-01   4.490004e-14   1.128116e-03   8.159493e-17   303386
  7.520700e-01   4.392332e-14   1.119257e-03   7.957083e-17   304662
  7.559583e-01   4.319617e-14   1.122290e-03   7.809679e-17   309812
  7.598513e-01   4.249158e-14   1.117608e-03   7.648056e-17   311714
  7.637547e-01   4.193017e-14   1.130270e-03   7.445857e-17   318126
  7.676398e-01   4.125778e-14   1.111035e-03   7.345529e-17   315114
  7.715118e-01   4.056858e-14   1.127143e-03   7.164038e-17   322622
  7.753932e-01   3.998109e-14   1.117154e-03   7.065321e-17   322850
  7.792787e-01   3.922186e-14   1.131101e-03   6.832333e-17   329802
  7.831716e-01   3.869229e-14   1.123851e-03   6.754397e-17   331104
  7.870696e-01   3.822568e-14   1.127607e-03   6.604929e-17   336986
  7.909587e-01   3.746201e-14   1.111055e-03   6.486786e-17   335870
  7.948355e-01   3.677933e-14   1.120862e-03   6.311561e-17   341610
  7.987215e-01   3.625510e-14   1.121955e-03   6.199291e-17   344370
  8.026031e-01   3.582691e-14   1.122207e-03   6.125285e-17   347606
  8.064886e-01   3.517225e-14   1.124033e-03   5.943586e-17   351650
  8.103706e-01   3.471995e-14   1.118654e-03   5.841541e-17   353760
  8.142669e-01   3.414521e-14   1.129493e-03   5.692365e-17   360970
  8.181738e-01   3.370915e-14   1.123124e-03   5.613956e-17   362818
  8.220521e-01   3.314255e-14   1.110144e-03   5.499359e-17   362334
  8.259414e-01   3.257704e-14   1.129348e-03   5.365201e-17   371642
  8.298275e-01   3.211351e-14   1.114584e-03   5.328821e-17   368778
  8.337006e-01   3.170795e-14   1.128744e-03   5.186737e-17   376526
  8.375857e-01   3.112241e-14   1.121330e-03   5.085712e-17   377786
  8.414675e-01   3.074641e-14   1.123524e-03   4.993407e-17   382968
  8.453573e-01   3.031002e-14   1.120822e-03   4.880923e-17   386146
  8.492503e-01   2.996332e-14   1.124050e-03   4.794077e-17   390826
  8.531392e-01   2.944014e-14   1.119718e-03   4.716795e-17   392662
  8.570302e-01   2.905108e-14   1.125822e-03   4.614607e-17   398242
  8.609051e-01   2.855641e-14   1.111972e-03   4.541092e-17   396726
  8.647781e-01   2.820945e-14   1.124714e-03   4.442282e-17   404738
  8.686664e-01   2.779116e-14   1.122897e-03   4.361917e-17   407628
  8.725545e-01   2.729591e-14   1.121536e-03   4.271996e-17   411734
  8.764395e-01   2.694367e-14   1.117149e-03   4.191161e-17   414242
  8.803359e-01   2.656378e-14   1.126317e-03   4.108018e-17   421434
  8.842333e-01   2.612248e-14   1.120273e-03   4.033633e-17   421918
  8.881244e-01   2.592531e-14   1.128330e-03   3.985964e-17   427810
  8.920157e-01   2.543828e-14   1.123036e-03   3.880209e-17   429470
  8.958948e-01   2.515562e-14   1.119658e-03   3.840488e-17   432282
  8.997746e-01   2.478221e-14   1.122449e-03   3.755688e-17   437260
  9.036583e-01   2.448440e-14   1.120747e-03   3.697726e-17   440758
  9.075489e-01   2.422664e-14   1.124778e-03   3.626325e-17   446370
  9.114474e-01   2.372517e-14   1.123943e-03   3.545272e-17   450182
  9.153288e-01   2.338908e-14   1.115142e-03   3.506063e-17   449850
  9.192089e-01   2.307948e-14   1.127357e-03   3.416660e-17   457898
  9.230929e-01   2.280122e-14   1.119604e-03   3.377447e-17   458662
  9.269737e-01   2.252523e-14   1.121722e-03   3.321804e-17   464620
  9.308545e-01   2.219354e-14   1.114316e-03   3.271579e-17   466302
  9.347441e-01   2.191222e-14   1.124571e-03   3.187378e-17   474314
  9.386369e-01   2.162028e-14   1.120021e-03   3.140781e-17   475530
  9.425348e-01   2.132211e-14   1.129051e-03   3.072980e-17   483206
  9.464328e-01   2.106779e-14   1.121669e-03   3.041510e-17   483530
  9.503142e-01   2.082557e-14   1.121047e-03   2.987955e-17   487002
  9.541966e-01   2.055155e-14   1.124058e-03   2.931501e-17   491774
  9.580774e-01   2.021323e-14   1.120518e-03   2.884505e-17   495084
  9.619601e-01   1.997955e-14   1.119352e-03   2.833903e-17   499438
  9.658473e-01   1.969414e-14   1.122356e-03   2.786387e-17   504682
  9.697357e-01   1.944302e-14   1.121500e-03   2.739672e-17   507738
  9.736321e-01   1.922788e-14   1.130456e-03   2.701759e-17   515174
  9.775214e-01   1.900965e-14   1.119580e-03   2.658516e-17   514234
  9.813957e-01   1.874127e-14   1.119450e-03   2.617513e-17   519022
  9.852705e-01   1.841595e-14   1.117281e-03   2.546734e-17   522636
  9.891535e-01   1.825077e-14   1.121739e-03   2.512332e-17   529442
  9.930474e-01   1.802683e-14   1.122647e-03   2.474557e-17   534078
  9.969375e-01   1.777805e-14   1.118397e-03   2.434553e-17   536666
  1.000817e+00   1.754069e-14   1.116716e-03   2.398421e-17   539142
  1.004715e+00   1.730286e-14   1.134178e-03   2.352656e-17   550658
  1.008615e+00   1.717783e-14   1.121935e-03   2.331508e-17   548298
  1.012495e+00   1.693147e-14   1.123048e-03   2.284352e-17   553694
  1.016374e+00   1.673289e-14   1.116375e-03   2.252934e-17   556116
  1.020264e+00   1.650399e-14   1.125051e-03   2.205923e-17   564890
  1.024148e+00   1.625759e-14   1.116141e-03   2.172308e-17   563718
  1.028036e+00   1.611898e-14   1.128568e-03   2.131053e-17   574298
  1.031929e+00   1.594880e-14   1.120551e-03   2.115508e-17   573966
  1.035814e+00   1.577395e-14   1.126024e-03   2.083867e-17   580586
  1.039699e+00   1.554938e-14   1.122029e-03   2.049881e-17   582666
  1.043587e+00   1.536641e-14   1.125959e-03   2.009663e-17   590648
  1.047474e+00   1.516648e-14   1.114820e-03   1.984690e-17   590394
  1.051350e+00   1.496809e-14   1.116684e-03   1.944070e-17   596174
  1.055234e+00   1.481715e-14   1.120236e-03   1.913911e-17   601674
  1.059126e+00   1.462133e-14   1.125352e-03   1.883999e-17   607682
  1.063019e+00   1.446655e-14   1.124350e-03   1.861163e-17   611166
  1.066910e+00   1.433468e-14   1.124099e-03   1.832529e-17   615626
  1.070791e+00   1.415466e-14   1.119456e-03   1.807265e-17   617290
  1.074678e+00   1.392978e-14   1.126011e-03   1.767157e-17   626344
  1.078566e+00   1.381995e-14   1.117274e-03   1.756581e-17   626658
  1.082451e+00   1.367494e-14   1.122467e-03   1.725645e-17   634022
  1.086331e+00   1.345722e-14   1.116124e-03   1.693944e-17   634554
  1.090218e+00   1.331920e-14   1.128467e-03   1.661238e-17   645026
  1.094107e+00   1.316695e-14   1.122446e-03   1.642838e-17   645102
  1.097993e+00   1.301275e-14   1.126954e-03   1.616346e-17   653018
  1.101879e+00   1.287988e-14   1.119089e-03   1.594557e-17   654384
  1.105770e+00   1.270936e-14   1.123901e-03   1.568415e-17   663194
  1.109660e+00   1.263512e-14   1.117576e-03   1.556492e-17   663834
  1.113540e+00   1.241311e-14   1.118796e-03   1.526773e-17   669158
  1.117424e+00   1.228905e-14   1.120650e-03   1.503386e-17   674490
  1.121304e+00   1.216039e-14   1.118416e-03   1.484821e-17   677222
  1.125193e+00   1.208317e-14   1.128225e-03   1.471238e-17   686874
  1.129092e+00   1.191838e-14   1.126811e-03   1.442552e-17   690722
  1.132980e+00   1.178416e-14   1.118907e-03   1.430457e-17   692008
  1.136871e+00   1.162840e-14   1.124678e-03   1.395558e-17   701386
  1.140761e+00   1.152573e-14   1.117002e-03   1.386249e-17   700778
  1.144643e+00   1.136668e-14   1.123318e-03   1.354528e-17   708774
  1.148529e+00   1.125386e-14   1.121990e-03   1.343016e-17   711690
  1.152418e+00   1.112477e-14   1.126973e-03   1.317268e-17   719606
  1.156298e+00   1.101923e-14   1.116380e-03   1.305048e-17   717762
  1.160181e+00   1.089411e-14   1.127123e-03   1.275667e-17   730460
  1.164073e+00   1.078027e-14   1.119262e-03   1.264923e-17   731070
  1.167968e+00   1.063762e-14   1.125901e-03   1.241492e-17   741170
  1.171853e+00   1.056522e-14   1.112045e-03   1.237783e-17   737094
  1.175730e+00   1.045242e-14   1.122374e-03   1.219415e-17   747698
  1.179618e+00   1.031031e-14   1.122867e-03   1.199041e-17   751658
  1.183501e+00   1.021838e-14   1.121599e-03   1.185355e-17   755574
  1.187383e+00   1.010884e-14   1.122256e-03   1.166220e-17   761442
  1.191279e+00   9.987280e-15   1.126787e-03   1.143895e-17   770816
  1.195171e+00   9.948043e-15   1.117539e-03   1.144163e-17   769274
  1.199064e+00   9.779812e-15   1.129525e-03   1.114118e-17   782130
  1.202947e+00   9.706425e-15   1.112602e-03   1.105651e-17   775230
  1.206825e+00   9.575255e-15   1.126605e-03   1.084134e-17   789866
  1.210710e+00   9.487800e-15   1.118361e-03   1.075579e-17   787914
  1.214592e+00   9.404689e-15   1.128225e-03   1.058257e-17   799598
  1.218486e+00   9.287886e-15   1.124161e-03   1.043535e-17   802980
  1.222371e+00   9.193579e-15   1.117789e-03   1.031933e-17   805622
  1.226254e+00   9.113117e-15   1.119738e-03   1.021571e-17   812050
  1.230147e+00   9.012027e-15   1.126034e-03   1.002628e-17   820954
  1.234035e+00   8.925022e-15   1.118780e-03   9.910207e-18   820062
  1.237911e+00   8.814304e-15   1.119897e-03   9.753888e-18   826298
  1.241794e+00   8.759425e-15   1.121814e-03   9.687087e-18   833118
  1.245672e+00   8.661501e-15   1.117137e-03   9.549163e-18   834812
  1.249560e+00   8.590238e-15   1.126815e-03   9.374665e-18   847858
  1.253469e+00   8.487814e-15   1.127442e-03   9.237865e-18   854278
  1.257361e+00   8.402127e-15   1.116253e-03   9.168849e-18   850978
  1.261241e+00   8.330306e-15   1.121687e-03   9.067136e-18   859186
  1.265131e+00   8.228860e-15   1.127494e-03   8.919876e-18   867126
  1.269018e+00   8.156896e-15   1.121886e-03   8.834104e-18   868274
  1.272897e+00   8.063982e-15   1.120976e-03   8.725283e-18   873606
  1.276776e+00   7.990832e-15   1.119398e-03   8.608880e-18   879284
  1.280663e+00   7.929973e-15   1.122355e-03   8.502997e-18   887170
  1.284564e+00   7.852856e-15   1.128693e-03   8.378826e-18   897526
  1.288458e+00   7.755436e-15   1.117587e-03   8.268755e-18   894258
  1.292341e+00   7.703298e-15   1.122714e-03   8.163564e-18   903374
  1.296223e+00   7.621128e-15   1.118323e-03   8.071336e-18   904338
  1.300103e+00   7.545993e-15   1.123719e-03   7.948138e-18   913586
  1.303982e+00   7.491546e-15   1.118150e-03   7.921139e-18   915416
  1.307871e+00   7.399302e-15   1.124217e-03   7.763439e-18   928122
  1.311759e+00   7.334503e-15   1.115167e-03   7.694486e-18   926094
  1.315654e+00   7.277018e-15   1.130093e-03   7.562380e-18   942890
  1.319549e+00   7.189076e-15   1.118827e-03   7.486671e-18   937266
  1.323433e+00   7.126652e-15   1.126506e-03   7.403285e-18   948854
  1.327319e+00   7.053888e-15   1.120121e-03   7.315953e-18   948714
  1.331197e+00   6.985912e-15   1.122687e-03   7.236524e-18   956186
  1.335082e+00   6.932219e-15   1.124444e-03   7.129551e-18   964272
  1.338973e+00   6.854066e-15   1.121587e-03   7.040687e-18   969458
  1.342859e+00   6.796206e-15   1.118296e-03   6.960934e-18   972750
  1.346749e+00   6.738529e-15   1.124460e-03   6.867245e-18   982706
  1.350635e+00   6.678081e-15   1.119858e-03   6.809484e-18   982906
  1.354527e+00   6.610292e-15   1.129306e-03   6.684281e-18   996622
  1.358414e+00   6.534297e-15   1.117989e-03   6.635641e-18   992378
  1.362284e+00   6.489230e-15   1.117150e-03   6.538081e-18   999000
  1.366168e+00   6.424376e-15   1.122014e-03   6.457098e-18   1010114
  1.370061e+00   6.374729e-15   1.121750e-03   6.410773e-18   1015722
  1.373948e+00   6.311732e-15   1.119290e-03   6.325764e-18   1018742
  1.377843e+00   6.263599e-15   1.127371e-03   6.235349e-18   1031250
  1.381733e+00   6.190684e-15   1.118461e-03   6.190168e-18   1027226
  1.385615e+00   6.140158e-15   1.126435e-03   6.096148e-18   1039734
  1.389500e+00   6.097289e-15   1.120654e-03   6.045658e-18   1039914
  1.393382e+00   6.044655e-15   1.123683e-03   5.958667e-18   1050272
  1.397267e+00   5.975908e-15   1.117473e-03   5.887895e-18   1052306
  1.401154e+00   5.937789e-15   1.122308e-03   5.829825e-18   1062666
  1.405045e+00   5.859267e-15   1.122401e-03   5.747241e-18   1067262
  1.408935e+00   5.835146e-15   1.123952e-03   5.707710e-18   1073906
  1.412823e+00   5.765677e-15   1.122463e-03   5.637914e-18   1078190
  1.416712e+00   5.720240e-15   1.124033e-03   5.547230e-18   1085634
  1.420592e+00   5.672624e-15   1.117456e-03   5.516385e-18   1085508
  1.424480e+00   5.608585e-15   1.126594e-03   5.406859e-18   1101926
  1.428369e+00   5.565517e-15   1.116061e-03   5.380288e-18   1098322
  1.432252e+00   5.525258e-15   1.121199e-03   5.315087e-18   1109878
  1.436144e+00   5.475963e-15   1.122554e-03   5.260167e-18   1115338
  1.440035e+00   5.421264e-15   1.125793e-03   5.196258e-18   1122586
  1.443924e+00   5.378319e-15   1.123292e-03   5.131866e-18   1125862
  1.447810e+00   5.336433e-15   1.122976e-03   5.088850e-18   1132498
  1.451691e+00   5.285779e-15   1.119415e-03   5.046049e-18   1135444
  1.455573e+00   5.241202e-15   1.122581e-03   4.956149e-18   1145374
  1.459464e+00   5.187499e-15   1.123383e-03   4.897070e-18   1152698
  1.463354e+00   5.150452e-15   1.121349e-03   4.861295e-18   1157046
  1.467236e+00   5.114691e-15   1.119148e-03   4.820520e-18   1160226
  1.471127e+00   5.063790e-15   1.127743e-03   4.734857e-18   1174346
  1.475014e+00   5.027803e-15   1.119897e-03   4.720337e-18   1171462
  1.478897e+00   4.965102e-15   1.124033e-03   4.632598e-18   1183828
  1.482778e+00   4.947159e-15   1.114458e-03   4.617960e-18   1181822
  1.486657e+00   4.894456e-15   1.120779e-03   4.547692e-18   1194930
  1.490547e+00   4.854902e-15   1.122593e-03   4.491985e-18   1202010
  1.494437e+00   4.805247e-15   1.122115e-03   4.451888e-18   1207166
  1.498326e+00   4.773328e-15   1.123291e-03   4.403247e-18   1214106
  1.502209e+00   4.733488e-15   1.118748e-03   4.362280e-18   1215302
  1.506095e+00   4.693470e-15   1.126666e-03   4.299204e-18   1229274
  1.509994e+00   4.665901e-15   1.126873e-03   4.277196e-18   1236164
  1.513882e+00   4.617754e-15   1.118916e-03   4.237871e-18   1235326
  1.517764e+00   4.593275e-15   1.120265e-03   4.197774e-18   1244026
  1.521647e+00   4.542461e-15   1.120382e-03   4.131436e-18   1249154
  1.525536e+00   4.507030e-15   1.126025e-03   4.093015e-18   1260558
  1.529421e+00   4.463492e-15   1.119984e-03   4.041110e-18   1260394
  1.533310e+00   4.444777e-15   1.125848e-03   4.008270e-18   1274758
  1.537193e+00   4.393017e-15   1.115594e-03   3.958550e-18   1270188
  1.541083e+00   4.366752e-15   1.128008e-03   3.909953e-18   1291202
  1.544971e+00   4.335285e-15   1.115149e-03   3.902799e-18   1282654
  1.548850e+00   4.297494e-15   1.122198e-03   3.838423e-18   1298242
  1.552739e+00   4.268595e-15   1.120395e-03   3.801623e-18   1301774
  1.556625e+00   4.227015e-15   1.123165e-03   3.766683e-18   1309770
  1.560512e+00   4.190046e-15   1.123502e-03   3.725085e-18   1315714
  1.564403e+00   4.151447e-15   1.124924e-03   3.674849e-18   1325110
  1.568290e+00   4.127408e-15   1.118940e-03   3.655402e-18   1326012
  1.572174e+00   4.087074e-15   1.122090e-03   3.610098e-18   1336154
  1.576069e+00   4.057700e-15   1.126474e-03   3.567198e-18   1347334
  1.579958e+00   4.025391e-15   1.119782e-03   3.536623e-18   1345354
  1.583833e+00   3.995170e-15   1.119555e-03   3.509863e-18   1350998
  1.587719e+00   3.960906e-15   1.125829e-03   3.466458e-18   1365546
  1.591609e+00   3.939729e-15   1.122088e-03   3.430521e-18   1367474
  1.595497e+00   3.903550e-15   1.123693e-03   3.390258e-18   1377984
  1.599384e+00   3.875946e-15   1.118321e-03   3.376066e-18   1379394
  1.603272e+00   3.853833e-15   1.123056e-03   3.346802e-18   1392230
  1.607160e+00   3.812409e-15   1.118740e-03   3.304620e-18   1392634
  1.611042e+00   3.793275e-15   1.122441e-03   3.278444e-18   1402666
  1.614928e+00   3.760683e-15   1.122269e-03   3.247731e-18   1408502
  1.618814e+00   3.723664e-15   1.122041e-03   3.201732e-18   1415418
  1.622692e+00   3.706155e-15   1.117068e-03   3.194150e-18   1416856
  1.626588e+00   3.678283e-15   1.130843e-03   3.132951e-18   1442002
  1.630485e+00   3.643503e-15   1.117858e-03   3.114102e-18   1431634
  1.634367e+00   3.613651e-15   1.122585e-03   3.076455e-18   1444606
  1.638250e+00   3.597042e-15   1.118765e-03   3.058955e-18   1445890
  1.642138e+00   3.563690e-15   1.126997e-03   3.018022e-18   1462210
  1.646026e+00   3.534894e-15   1.120901e-03   2.993388e-18   1459590
  1.649907e+00   3.505957e-15   1.123856e-03   2.953097e-18   1471226
  1.653797e+00   3.486490e-15   1.123379e-03   2.935661e-18   1480072
  1.657690e+00   3.462635e-15   1.121364e-03   2.911387e-18   1486594
  1.661576e+00   3.434071e-15   1.118520e-03   2.886694e-18   1488882
  1.665461e+00   3.411318e-15   1.123128e-03   2.849685e-18   1500854
  1.669353e+00   3.380755e-15   1.123083e-03   2.820017e-18   1506874
  1.673232e+00   3.366433e-15   1.117624e-03   2.812355e-18   1506094
  1.677111e+00   3.334378e-15   1.122855e-03   2.774650e-18   1519682
  1.680997e+00   3.312461e-15   1.122626e-03   2.753366e-18   1526724
  1.684890e+00   3.281207e-15   1.125240e-03   2.708488e-18   1539038
  1.688782e+00   3.260476e-15   1.119859e-03   2.696574e-18   1539810
  1.692664e+00   3.239147e-15   1.119007e-03   2.675595e-18   1545046
  1.696554e+00   3.218667e-15   1.126236e-03   2.649631e-18   1560538
  1.700441e+00   3.192164e-15   1.120507e-03   2.627217e-18   1557506
  1.704322e+00   3.166874e-15   1.124114e-03   2.598109e-18   1570062
  1.708203e+00   3.146758e-15   1.119253e-03   2.577306e-18   1571290
  1.712089e+00   3.122914e-15   1.124856e-03   2.547859e-18   1588228
  1.715982e+00   3.103554e-15   1.121250e-03   2.530706e-18   1591046
  1.719873e+00   3.082964e-15   1.123715e-03   2.507047e-18   1602474
  1.723761e+00   3.057689e-15   1.118014e-03   2.486706e-18   1601646
  1.727642e+00   3.032934e-15   1.120550e-03   2.461393e-18   1611266
  1.731523e+00   3.013196e-15   1.120678e-03   2.438307e-18   1616634
  1.735410e+00   2.987508e-15   1.126166e-03   2.406925e-18   1631366
  1.739297e+00   2.975216e-15   1.119655e-03   2.397796e-18   1631028
  1.743180e+00   2.960140e-15   1.119854e-03   2.380035e-18   1641446
  1.747073e+00   2.934629e-15   1.124208e-03   2.355377e-18   1654234
  1.750973e+00   2.910121e-15   1.126198e-03   2.326265e-18   1662874
  1.754858e+00   2.892474e-15   1.117471e-03   2.316500e-18   1656686
  1.758736e+00   2.869660e-15   1.122008e-03   2.287906e-18   1670898
  1.762622e+00   2.850199e-15   1.123056e-03   2.268319e-18   1678074
  1.766507e+00   2.831646e-15   1.123311e-03   2.255977e-18   1685198
  1.770393e+00   2.809942e-15   1.122996e-03   2.231324e-18   1694524
  1.774282e+00   2.793959e-15   1.120709e-03   2.207772e-18   1701334
  1.778171e+00   2.773504e-15   1.120908e-03   2.189040e-18   1709386
  1.782064e+00   2.750916e-15   1.123720e-03   2.164640e-18   1719994
  1.785953e+00   2.734050e-15   1.121006e-03   2.153306e-18   1721510
  1.789842e+00   2.713655e-15   1.124974e-03   2.131936e-18   1734978
  1.793722e+00   2.695957e-15   1.116124e-03   2.118469e-18   1728646
  1.797599e+00   2.681329e-15   1.122713e-03   2.097414e-18   1746868
  1.801486e+00   2.660212e-15   1.121127e-03   2.079707e-18   1752922
  1.805380e+00   2.644817e-15   1.125234e-03   2.060233e-18   1767862
  1.809271e+00   2.620931e-15   1.119301e-03   2.046071e-18   1765698
  1.813160e+00   2.609807e-15   1.125035e-03   2.025894e-18   1781270
  1.817049e+00   2.591425e-15   1.121176e-03   2.015640e-18   1780650
  1.820932e+00   2.564600e-15   1.124142e-03   1.986154e-18   1792418
  1.824813e+00   2.555194e-15   1.119388e-03   1.977382e-18   1792790
  1.828696e+00   2.534498e-15   1.123591e-03   1.953552e-18   1809852
  1.832585e+00   2.520290e-15   1.120140e-03   1.941035e-18   1812666
  1.836475e+00   2.508878e-15   1.124777e-03   1.922810e-18   1827614
  1.840367e+00   2.491125e-15   1.121640e-03   1.910815e-18   1829970
  1.844251e+00   2.469308e-15   1.120370e-03   1.892654e-18   1835030
  1.848131e+00   2.455332e-15   1.119790e-03   1.876392e-18   1841410
  1.852017e+00   2.439518e-15   1.124723e-03   1.858527e-18   1856626
  1.855900e+00   2.424793e-15   1.118305e-03   1.853282e-18   1854656
  1.859782e+00   2.407272e-15   1.121720e-03   1.830522e-18   1870698
  1.863671e+00   2.396637e-15   1.120553e-03   1.823043e-18   1876998
  1.867559e+00   2.375847e-15   1.120979e-03   1.802433e-18   1884458
  1.871445e+00   2.363494e-15   1.122381e-03   1.789550e-18   1891730
  1.875338e+00   2.344512e-15   1.127317e-03   1.770721e-18   1907574
  1.879232e+00   2.329324e-15   1.122851e-03   1.756995e-18   1907730
  1.883115e+00   2.318999e-15   1.120697e-03   1.747191e-18   1912154
  1.886997e+00   2.302211e-15   1.121764e-03   1.731918e-18   1923216
  1.890888e+00   2.288015e-15   1.124326e-03   1.714530e-18   1936562
  1.894776e+00   2.273106e-15   1.119734e-03   1.705348e-18   1936862
  1.898663e+00   2.252350e-15   1.122747e-03   1.681845e-18   1950114
  1.902549e+00   2.248804e-15   1.121089e-03   1.679226e-18   1953306
  1.906439e+00   2.230016e-15   1.125982e-03   1.660429e-18   1968806
  1.910327e+00   2.210336e-15   1.121186e-03   1.645824e-18   1968818
  1.914211e+00   2.202079e-15   1.121720e-03   1.634888e-18   1980624
  1.918097e+00   2.185978e-15   1.118800e-03   1.624675e-18   1985034
  1.921980e+00   2.175397e-15   1.120281e-03   1.608396e-18   1995242
  1.925870e+00   2.160396e-15   1.123830e-03   1.594614e-18   2007742
  1.929759e+00   2.143232e-15   1.121495e-03   1.579530e-18   2010538
  1.933641e+00   2.130050e-15   1.121298e-03   1.573538e-18   2017390
  1.937531e+00   2.120248e-15   1.126602e-03   1.558631e-18   2034346
  1.941413e+00   2.102777e-15   1.117450e-03   1.548924e-18   2025498
  1.945299e+00   2.094298e-15   1.127850e-03   1.533180e-18   2055248
  1.949189e+00   2.079486e-15   1.116586e-03   1.527367e-18   2045090
  1.953070e+00   2.071634e-15   1.121603e-03   1.514867e-18   2062074
  1.956959e+00   2.053225e-15   1.122727e-03   1.500199e-18   2070190
  1.960848e+00   2.043809e-15   1.123891e-03   1.487714e-18   2079226
  1.964734e+00   2.032605e-15   1.122069e-03   1.480029e-18   2083990
  1.968623e+00   2.021271e-15   1.124515e-03   1.468679e-18   2097898
  1.972507e+00   2.005692e-15   1.118548e-03   1.457773e-18   2095452
  1.976394e+00   1.992891e-15   1.124843e-03   1.439687e-18   2117390
  1.980286e+00   1.980994e-15   1.119656e-03   1.434336e-18   2117066
  1.984162e+00   1.966835e-15   1.115140e-03   1.423247e-18   2117238
  1.988045e+00   1.957959e-15   1.124414e-03   1.411261e-18   2140026
  1.991938e+00   1.945995e-15   1.125139e-03   1.400182e-18   2147234
  1.995825e+00   1.932291e-15   1.122378e-03   1.390630e-18   2150118
  1.999710e+00   1.924055e-15   1.122400e-03   1.382391e-18   2160386
  2.003596e+00   1.912263e-15   1.121122e-03   1.371146e-18   2168256
  2.007488e+00   1.898247e-15   1.124409e-03   1.356288e-18   2183306
  2.011378e+00   1.891980e-15   1.120925e-03   1.353354e-18   2184642
  2.015262e+00   1.878516e-15   1.120511e-03   1.341211e-18   2192318
  2.019141e+00   1.865810e-15   1.118713e-03   1.330383e-18   2196066
  2.023031e+00   1.854549e-15   1.127541e-03   1.317485e-18   2220890
  2.026922e+00   1.841049e-15   1.121128e-03   1.307023e-18   2215758
  2.030810e+00   1.834861e-15   1.124804e-03   1.300554e-18   2233988
  2.034697e+00   1.824562e-15   1.118045e-03   1.294527e-18   2231670
  2.038579e+00   1.812547e-15   1.119728e-03   1.282689e-18   2244338
  2.042469e+00   1.802237e-15   1.123477e-03   1.270612e-18   2258610
  2.046358e+00   1.788020e-15   1.121050e-03   1.261245e-18   2260718
  2.050240e+00   1.782453e-15   1.120914e-03   1.258703e-18   2268162
  2.054123e+00   1.771519e-15   1.121571e-03   1.246828e-18   2277494
  2.058008e+00   1.760528e-15   1.123134e-03   1.237678e-18   2288796
  2.061901e+00   1.752628e-15   1.126253e-03   1.226207e-18   2305226
  2.065791e+00   1.741427e-15   1.119672e-03   1.218415e-18   2301630
  2.069679e+00   1.731499e-15   1.123731e-03   1.210160e-18   2319770
  2.073565e+00   1.719781e-15   1.118309e-03   1.204771e-18   2315610
  2.077447e+00   1.711810e-15   1.124236e-03   1.194641e-18   2334662
  2.081332e+00   1.703038e-15   1.120785e-03   1.186348e-18   2335722
  2.085219e+00   1.692437e-15   1.124829e-03   1.176473e-18   2354102
  2.089107e+00   1.685036e-15   1.120313e-03   1.170168e-18   2355156
  2.092998e+00   1.670859e-15   1.124614e-03   1.157596e-18   2374250
  2.096888e+00   1.665243e-15   1.120068e-03   1.155125e-18   2373102
  2.100776e+00   1.652014e-15   1.122758e-03   1.144125e-18   2388194
  2.104658e+00   1.642742e-15   1.116928e-03   1.137021e-18   2383470
  2.108539e+00   1.638335e-15   1.123618e-03   1.127862e-18   2404994
  2.112426e+00   1.624854e-15   1.121916e-03   1.121588e-18   2408538
  2.116308e+00   1.617863e-15   1.121742e-03   1.112033e-18   2417744
  2.120198e+00   1.610646e-15   1.124446e-03   1.106752e-18   2434578
  2.124090e+00   1.598465e-15   1.121710e-03   1.098693e-18   2438414
  2.127979e+00   1.591741e-15   1.122410e-03   1.088983e-18   2448066
  2.131867e+00   1.580953e-15   1.122662e-03   1.083940e-18   2456018
  2.135751e+00   1.572329e-15   1.121406e-03   1.075295e-18   2461230
  2.139636e+00   1.565254e-15   1.122653e-03   1.067526e-18   2474330
  2.143519e+00   1.555388e-15   1.119652e-03   1.061497e-18   2476498
  2.147405e+00   1.548592e-15   1.124366e-03   1.054358e-18   2497240
  2.151298e+00   1.539595e-15   1.122529e-03   1.048210e-18   2502930
  2.155185e+00   1.528190e-15   1.120390e-03   1.038982e-18   2508470
  2.159072e+00   1.520767e-15   1.121001e-03   1.033705e-18   2518482
  2.162961e+00   1.514839e-15   1.123829e-03   1.026634e-18   2532074
  2.166844e+00   1.506147e-15   1.118275e-03   1.020869e-18   2526678
  2.170724e+00   1.497137e-15   1.124045e-03   1.013514e-18   2549018
  2.174611e+00   1.491099e-15   1.120040e-03   1.007754e-18   2551704
  2.178497e+00   1.482245e-15   1.122028e-03   9.976627e-19   2566226
  2.182386e+00   1.473573e-15   1.122230e-03   9.939093e-19   2573898
  2.186278e+00   1.468383e-15   1.124844e-03   9.880776e-19   2589182
  2.190164e+00   1.459232e-15   1.119195e-03   9.818092e-19   2584890
  2.194049e+00   1.451116e-15   1.124371e-03   9.725730e-19   2605190
  2.197936e+00   1.441382e-15   1.121682e-03   9.686413e-19   2606418
  2.201821e+00   1.433262e-15   1.123741e-03   9.615157e-19   2621186
  2.205707e+00   1.424711e-15   1.120704e-03   9.530798e-19   2626608
  2.209592e+00   1.419172e-15   1.119995e-03   9.485124e-19   2636714
  2.213479e+00   1.412361e-15   1.121274e-03   9.429139e-19   2647482
  2.217374e+00   1.406048e-15   1.127022e-03   9.362593e-19   2668382
  2.221265e+00   1.397290e-15   1.120175e-03   9.297830e-19   2660418
  2.225149e+00   1.391515e-15   1.122869e-03   9.260557e-19   2676662
  2.229029e+00   1.383718e-15   1.117920e-03   9.220462e-19   2674210
  2.232911e+00   1.373159e-15   1.123157e-03   9.103214e-19   2697076
  2.236800e+00   1.366475e-15   1.121599e-03   9.064053e-19   2703558
  2.240687e+00   1.362101e-15   1.121191e-03   9.016594e-19   2713250
  2.244572e+00   1.353890e-15   1.119243e-03   8.973729e-19   2717718
  2.248464e+00   1.346226e-15   1.127021e-03   8.885426e-19   2743178
  2.252353e+00   1.340673e-15   1.120305e-03   8.869428e-19   2732730
  2.256238e+00   1.331066e-15   1.126187e-03   8.772957e-19   2758022
  2.260125e+00   1.326403e-15   1.119041e-03   8.761150e-19   2751994
  2.264006e+00   1.319782e-15   1.121171e-03   8.705051e-19   2769052
  2.267895e+00   1.311797e-15   1.122842e-03   8.618736e-19   2783062
  2.271785e+00   1.304456e-15   1.121645e-03   8.574670e-19   2789362
  2.275674e+00   1.297380e-15   1.121981e-03   8.529256e-19   2799582
  2.279564e+00   1.288705e-15   1.123236e-03   8.462819e-19   2811170
  2.283450e+00   1.281545e-15   1.121033e-03   8.391603e-19   2812658
  2.287338e+00   1.274815e-15   1.125793e-03   8.339698e-19   2833302
  2.291222e+00   1.267756e-15   1.118388e-03   8.296454e-19   2827420
  2.295104e+00   6.932328e-17   1.121018e-03   2.423496e-19   2846710
  2.298989e+00   7.847653e-18   1.120692e-03   5.814217e-21   2846535
  2.302873e+00   7.227416e-18   1.122997e-03   5.386947e-21   2848496
  2.306761e+00   6.661143e-18   1.122225e-03   4.978524e-21   2841084
  2.310652e+00   6.178645e-18   1.124928e-03   4.626357e-21   2843480
  2.314540e+00   5.762034e-18   1.120270e-03   4.318444e-21   2826624
  2.318424e+00   5.422478e-18   1.123352e-03   4.054955e-21   2828732
  2.322310e+00   5.116603e-18   1.121451e-03   3.826738e-21   2819296
  2.326197e+00   4.838856e-18   1.122811e-03   3.606131e-21   2819548
  2.330081e+00   4.603083e-18   1.118959e-03   3.434665e-21   2805192
  2.333967e+00   4.406924e-18   1.123463e-03   3.280718e-21   2811104
  2.337856e+00   4.215875e-18   1.121717e-03   3.133720e-21   2800672
  2.341743e+00   4.038019e-18   1.122654e-03   2.989162e-21   2798080
  2.345628e+00   3.869561e-18   1.120248e-03   2.862783e-21   2786976
  2.349516e+00   3.722590e-18   1.123594e-03   2.742416e-21   2791016
  2.353406e+00   3.588405e-18   1.121382e-03   2.639866e-21   2779360
  2.357287e+00   3.460645e-18   1.119573e-03   2.540940e-21   2768644
  2.361169e+00   3.339998e-18   1.122534e-03   2.439275e-21   2771192
  2.365058e+00   3.228165e-18   1.121875e-03   2.352931e-21   2765028
  2.368946e+00   3.132261e-18   1.122751e-03   2.277673e-21   2760864
  2.372840e+00   3.042620e-18   1.125689e-03   2.199393e-21   2761616
  2.376724e+00   2.952768e-18   1.118525e-03   2.141526e-21   2737932
  2.380610e+00   2.864938e-18   1.125904e-03   2.058319e-21   2752280
  2.384498e+00   2.784108e-18   1.118464e-03   2.003024e-21   2728764
  2.388382e+00   2.719867e-18   1.123937e-03   1.946516e-21   2736368
  2.392268e+00   2.654129e-18   1.119459e-03   1.898188e-21   2719952
  2.396155e+00   2.586278e-18   1.124236e-03   1.842024e-21   2727120
  2.400042e+00   2.527108e-18   1.118614e-03   1.796126e-21   2708400
  2.403932e+00   2.473073e-18   1.125719e-03   1.749673e-21   2718536
  2.407818e+00   2.417117e-18   1.118504e-03   1.711188e-21   2694300
  2.411707e+00   2.362430e-18   1.126793e-03   1.659415e-21   2709440
  2.415596e+00   2.312705e-18   1.117787e-03   1.628378e-21   2682108
  2.419475e+00   2.264030e-18   1.121308e-03   1.585215e-21   2684912
  2.423360e+00   2.222402e-18   1.121998e-03   1.553949e-21   2678868
  2.427246e+00   2.182782e-18   1.122668e-03   1.519948e-21   2674772
  2.431135e+00   2.133383e-18   1.123033e-03   1.484037e-21   2670120
  2.435021e+00   2.095952e-18   1.120804e-03   1.456202e-21   2659532
  2.438909e+00   2.060263e-18   1.123713e-03   1.425913e-21   2659704
  2.442801e+00   2.024499e-18   1.124617e-03   1.400773e-21   2654348
  2.446687e+00   1.988265e-18   1.121000e-03   1.372372e-21   2640276
  2.450572e+00   1.953917e-18   1.121992e-03   1.344627e-21   2638700
  2.454457e+00   1.924028e-18   1.120074e-03   1.325467e-21   2628244
  2.458344e+00   1.897671e-18   1.124115e-03   1.300115e-21   2630920
  2.462234e+00   1.866698e-18   1.121877e-03   1.279306e-21   2618904
  2.466118e+00   1.836310e-18   1.120448e-03   1.257706e-21   2610932
  2.470005e+00   1.808229e-18   1.121951e-03   1.233987e-21   2608464
  2.473895e+00   1.781041e-18   1.123139e-03   1.214636e-21   2603708
  2.477779e+00   1.755466e-18   1.119694e-03   1.194388e-21   2588012
  2.481660e+00   1.730161e-18   1.122196e-03   1.174462e-21   2588364
  2.485545e+00   1.705093e-18   1.120384e-03   1.156689e-21   2579076
  2.489430e+00   1.685578e-18   1.121132e-03   1.142797e-21   2574152
  2.493314e+00   1.660975e-18   1.121505e-03   1.125856e-21   2566812
  2.497207e+00   1.638085e-18   1.127061e-03   1.105598e-21   2573732
  2.501098e+00   1.616752e-18   1.119524e-03   1.093487e-21   2550568
  2.504983e+00   1.594773e-18   1.123035e-03   1.078290e-21   2552068
  2.508870e+00   1.577872e-18   1.121138e-03   1.067532e-21   2539620
  2.512757e+00   1.557562e-18   1.124635e-03   1.050168e-21   2540936
  2.516646e+00   1.539596e-18   1.121040e-03   1.039464e-21   2528032
  2.520531e+00   1.515931e-18   1.120365e-03   1.021765e-21   2521480
  2.524419e+00   1.503080e-18   1.122347e-03   1.013071e-21   2517980
  2.528309e+00   1.483852e-18   1.123011e-03   1.000541e-21   2511744
  2.532195e+00   1.469097e-18   1.120855e-03   9.923732e-22   2500140
  2.536081e+00   1.450342e-18   1.121926e-03   9.790225e-22   2496980
  2.539968e+00   1.434396e-18   1.121125e-03   9.687760e-22   2486924
  2.543856e+00   1.419252e-18   1.124762e-03   9.569113e-22   2487000
  2.547743e+00   1.401088e-18   1.120210e-03   9.471768e-22   2469840
  2.551626e+00   1.386323e-18   1.122637e-03   9.358378e-22   2469656
  2.555511e+00   1.373838e-18   1.119469e-03   9.302760e-22   2456844
  2.559401e+00   1.358338e-18   1.125965e-03   9.178541e-22   2462876
  2.563290e+00   1.344813e-18   1.120472e-03   9.123327e-22   2442136
  2.567174e+00   1.330069e-18   1.123165e-03   9.014010e-22   2441944
  2.571061e+00   1.316100e-18   1.120769e-03   8.948170e-22   2430508
  2.574945e+00   1.302535e-18   1.121157e-03   8.857444e-22   2424352
  2.578832e+00   1.291069e-18   1.123693e-03   8.776614e-22   2421264
  2.582722e+00   1.277667e-18   1.122895e-03   8.699238e-22   2413064
  2.586608e+00   1.265316e-18   1.120676e-03   8.640028e-22   2401572
  2.590492e+00   1.254102e-18   1.121724e-03   8.583084e-22   2397284
  2.594379e+00   1.241184e-18   1.121499e-03   8.497623e-22   2388336
  2.598268e+00   1.227146e-18   1.124943e-03   8.406528e-22   2387204
  2.602153e+00   1.216704e-18   1.119280e-03   8.376875e-22   2368644
  2.606033e+00   1.205683e-18   1.120613e-03   8.317323e-22   2365400
  2.609918e+00   1.197269e-18   1.121690e-03   8.254099e-22   2360072
  2.613808e+00   1.183410e-18   1.123660e-03   8.185341e-22   2356464
  2.617696e+00   1.174644e-18   1.121214e-03   8.137765e-22   2343240
  2.621583e+00   1.161921e-18   1.122605e-03   8.044502e-22   2340248
  2.625468e+00   1.150383e-18   1.118824e-03   7.995426e-22   2325000
  2.629355e+00   1.141338e-18   1.124959e-03   7.943694e-22   2328632
  2.633245e+00   1.132853e-18   1.121910e-03   7.923871e-22   2313220
  2.637134e+00   1.119173e-18   1.124095e-03   7.826542e-22   2310772
  2.641020e+00   1.110663e-18   1.119781e-03   7.814732e-22   2295420
  2.644905e+00   1.100003e-18   1.122584e-03   7.734560e-22   2293592
  2.648791e+00   1.091925e-18   1.120952e-03   7.713316e-22   2281384
  2.652683e+00   1.082099e-18   1.126704e-03   7.651047e-22   2285776
  2.656570e+00   1.071493e-18   1.117325e-03   7.628628e-22   2259408
  2.660455e+00   1.063293e-18   1.124314e-03   7.575362e-22   2266808
  2.664344e+00   1.054437e-18   1.120389e-03   7.552119e-22   2248836
  2.668227e+00   1.043704e-18   1.123045e-03   7.491364e-22   2245244
  2.672111e+00   1.035392e-18   1.120801e-03   7.451304e-22   2233908
  2.675998e+00   1.026459e-18   1.122974e-03   7.389195e-22   2231660
  2.679886e+00   1.017914e-18   1.120422e-03   7.388147e-22   2218544
  2.683775e+00   1.009813e-18   1.124792e-03   7.329932e-22   2218176
  2.687664e+00   1.001361e-18   1.121286e-03   7.296426e-22   2202900
  2.691550e+00   9.938264e-19   1.121747e-03   7.278732e-22   2197472
  2.695433e+00   9.854018e-19   1.118354e-03   7.237539e-22   2181960
  2.699317e+00   9.771173e-19   1.124130e-03   7.182615e-22   2183696
  2.703207e+00   9.702359e-19   1.123719e-03   7.181011e-22   2173416
  2.707096e+00   9.626014e-19   1.122917e-03   7.146965e-22   2165444
  2.710982e+00   9.520036e-19   1.119761e-03   7.096577e-22   2152688
  2.714867e+00   9.461503e-19   1.121777e-03   7.076216e-22   2147628
  2.718754e+00   9.385814e-19   1.122335e-03   7.049112e-22   2139012
  2.722646e+00   9.307421e-19   1.125226e-03   7.007911e-22   2136008
  2.726525e+00   9.204386e-19   1.114594e-03   6.984008e-22   2108656
  2.730404e+00   9.152678e-19   1.123744e-03   6.933213e-22   2117896
  2.734296e+00   9.089091e-19   1.123450e-03   6.916529e-22   2106260
  2.738185e+00   9.007778e-19   1.123855e-03   6.886989e-22   2099088
  2.742075e+00   8.909114e-19   1.121974e-03   6.857300e-22   2088432
  2.745961e+00   8.837838e-19   1.120471e-03   6.814748e-22   2078432
  2.749845e+00   8.777642e-19   1.120708e-03   6.796919e-22   2069048
  2.753732e+00   8.725716e-19   1.123831e-03   6.792693e-22   2064804
  2.757623e+00   8.638635e-19   1.123568e-03   6.744463e-22   2055644
  2.761510e+00   8.582257e-19   1.120700e-03   6.735625e-22   2043000
  2.765392e+00   8.497841e-19   1.120067e-03   6.689857e-22   2032348
  2.769281e+00   8.452553e-19   1.126495e-03   6.657873e-22   2034064
  2.773172e+00   8.401069e-19   1.122211e-03   6.681281e-22   2017740
  2.777059e+00   8.297143e-19   1.121480e-03   6.609682e-22   2010188
  2.780942e+00   8.238452e-19   1.118751e-03   6.599314e-22   1996556
  2.784826e+00   8.201191e-19   1.122456e-03   6.600164e-22   1992816
  2.788712e+00   8.118865e-19   1.122411e-03   6.564036e-22   1982400
  2.792596e+00   8.063051e-19   1.121262e-03   6.561722e-22   1972256
  2.796480e+00   7.997860e-19   1.121000e-03   6.515689e-22   1964384
  2.800370e+00   7.924995e-19   1.122889e-03   6.486074e-22   1958544
  2.804258e+00   7.899261e-19   1.122489e-03   6.504949e-22   1946988
  2.808149e+00   7.814080e-19   1.124629e-03   6.468402e-22   1942532
  2.812034e+00   7.764133e-19   1.117383e-03   6.461010e-22   1921692
  2.815918e+00   7.694525e-19   1.123808e-03   6.415734e-22   1924004
  2.819806e+00   7.645255e-19   1.120365e-03   6.424377e-22   1907344
  2.823695e+00   7.574829e-19   1.126069e-03   6.380457e-22   1907440
  2.827583e+00   7.525103e-19   1.118720e-03   6.390019e-22   1886136
  2.831464e+00   7.464936e-19   1.121920e-03   6.367482e-22   1883144
  2.835353e+00   7.397827e-19   1.122753e-03   6.307408e-22   1874724
  2.839243e+00   7.378199e-19   1.123826e-03   6.343709e-22   1866068
  2.843130e+00   7.288649e-19   1.121455e-03   6.303640e-22   1852980
  2.847017e+00   7.231970e-19   1.122782e-03   6.289021e-22   1847468
  2.850900e+00   7.191585e-19   1.117935e-03   6.280335e-22   1829636
  2.854785e+00   7.117616e-19   1.123959e-03   6.243570e-22   1829688
  2.858675e+00   7.074186e-19   1.122789e-03   6.246198e-22   1817192
  2.862561e+00   7.036149e-19   1.121150e-03   6.253895e-22   1806312
  2.866446e+00   6.969800e-19   1.120289e-03   6.222628e-22   1795984
  2.870334e+00   6.925971e-19   1.123627e-03   6.208411e-22   1791100
  2.874224e+00   6.889536e-19   1.122050e-03   6.223974e-22   1777648
  2.878111e+00   6.817566e-19   1.123043e-03   6.185261e-22   1769848
  2.881996e+00   6.769897e-19   1.119995e-03   6.179239e-22   1756536
  2.885881e+00   6.722499e-19   1.121386e-03   6.180840e-22   1748960
  2.889768e+00   6.684864e-19   1.123014e-03   6.168209e-22   1739952
  2.893658e+00   6.607350e-19   1.124239e-03   6.124901e-22   1732124
  2.897544e+00   6.567097e-19   1.120323e-03   6.121426e-22   1716852
  2.901430e+00   6.514366e-19   1.122735e-03   6.113888e-22   1712276
  2.905319e+00   6.467318e-19   1.121222e-03   6.106017e-22   1698500
  2.909208e+00   6.427397e-19   1.125604e-03   6.075828e-22   1693932
  2.913093e+00   6.381998e-19   1.119232e-03   6.100780e-22   1675204
  2.916975e+00   6.321314e-19   1.121771e-03   6.078278e-22   1670644
  2.920858e+00   6.285688e-19   1.118515e-03   6.101112e-22   1655532
  2.924748e+00   6.253385e-19   1.126990e-03   6.071810e-22   1656860
  2.928637e+00   6.211324e-19   1.119840e-03   6.096640e-22   1635372
  2.932524e+00   6.136005e-19   1.124773e-03   6.036321e-22   1634324
  2.936410e+00   6.106383e-19   1.117372e-03   6.056830e-22   1613676
  2.940295e+00   6.052366e-19   1.124617e-03   6.029382e-22   1613348
  2.944183e+00   6.017635e-19   1.120803e-03   6.048084e-22   1596236
  2.948069e+00   5.964846e-19   1.123999e-03   6.032681e-22   1591476
  2.951956e+00   5.925388e-19   1.119134e-03   6.037834e-22   1575732
  2.955838e+00   5.862350e-19   1.120429e-03   6.006650e-22   1566236
  2.959725e+00   5.860218e-19   1.124724e-03   6.034624e-22   1560292
  2.963618e+00   5.783388e-19   1.124442e-03   6.001679e-22   1550092
  2.967503e+00   5.755226e-19   1.118750e-03   6.035043e-22   1532628
  2.971386e+00   5.702908e-19   1.121507e-03   5.984253e-22   1527332
  2.975274e+00   5.673915e-19   1.121884e-03   6.019878e-22   1515212
  2.979160e+00   5.639578e-19   1.123567e-03   6.012552e-22   1506444
  2.983048e+00   5.587117e-19   1.122261e-03   5.998334e-22   1495116
  2.986928e+00   5.529941e-19   1.117074e-03   6.003027e-22   1479152
  2.990812e+00   5.488308e-19   1.122982e-03   5.971595e-22   1475512
  2.994707e+00   5.481282e-19   1.126591e-03   6.012244e-22   1467820
  2.998598e+00   5.417774e-19   1.121923e-03   5.974344e-22   1451256
  3.002486e+00   5.371884e-19   1.122725e-03   5.978565e-22   1443212
  3.006369e+00   5.326302e-19   1.117256e-03   5.958655e-22   1425680
  3.010254e+00   5.283484e-19   1.124371e-03   5.976588e-22   1422972
  3.014143e+00   5.275192e-19   1.123023e-03   6.009732e-22   1408632
  3.018032e+00   5.207820e-19   1.123941e-03   5.963000e-22   1400984
  3.021918e+00   5.172252e-19   1.117887e-03   5.983964e-22   1383196
  3.025801e+00   5.130684e-19   1.123197e-03   5.954663e-22   1378120
  3.029692e+00   5.107823e-19   1.124450e-03   6.005229e-22   1367272
  3.033584e+00   5.066134e-19   1.124457e-03   5.995364e-22   1356580
  3.037464e+00   5.006405e-19   1.115974e-03   5.971759e-22   1337028
  3.041343e+00   4.953563e-19   1.120802e-03   5.956618e-22   1332500
  3.045230e+00   4.942474e-19   1.122780e-03   5.981589e-22   1321796
  3.049120e+00   4.895313e-19   1.124838e-03   5.989482e-22   1312716
  3.053007e+00   4.857466e-19   1.119942e-03   6.007667e-22   1296580
  3.056896e+00   4.796268e-19   1.124221e-03   5.948757e-22   1291528
  3.060783e+00   4.766027e-19   1.119071e-03   5.991123e-22   1273128
  3.064669e+00   4.743371e-19   1.125633e-03   6.011550e-22   1268720
  3.068560e+00   4.693936e-19   1.122309e-03   5.982819e-22   1254016
  3.072444e+00   4.640218e-19   1.119894e-03   5.992472e-22   1241296
  3.076322e+00   4.598937e-19   1.116955e-03   5.952905e-22   1226712
  3.080211e+00   4.573970e-19   1.128188e-03   5.984516e-22   1226228
  3.084105e+00   4.552204e-19   1.122621e-03   6.042017e-22   1207768
  3.087992e+00   4.486162e-19   1.122433e-03   6.004129e-22   1198336
  3.091874e+00   4.451434e-19   1.117108e-03   6.007640e-22   1181484
  3.095761e+00   4.392769e-19   1.125421e-03   5.984575e-22   1178012
  3.099653e+00   4.393767e-19   1.123268e-03   6.048924e-22   1162564
  3.103535e+00   4.320320e-19   1.120338e-03   6.020530e-22   1149340
  3.107418e+00   4.276921e-19   1.119954e-03   5.986586e-22   1138848
  3.111303e+00   4.233461e-19   1.120192e-03   6.017880e-22   1126748
  3.115189e+00   4.232158e-19   1.123911e-03   6.076555e-22   1117428
  3.119084e+00   4.169376e-19   1.126323e-03   6.015349e-22   1108112
  3.122973e+00   4.107764e-19   1.119549e-03   6.008860e-22   1090596
  3.126857e+00   4.050564e-19   1.120292e-03   5.977821e-22   1081052
  3.130738e+00   4.041827e-19   1.118514e-03   6.062693e-22   1065716
  3.134626e+00   4.008516e-19   1.127732e-03   6.026067e-22   1061940
  3.138518e+00   3.954704e-19   1.121370e-03   6.055686e-22   1044096
  3.142404e+00   3.867652e-19   1.122139e-03   5.958836e-22   1034864
  3.146289e+00   3.844929e-19   1.117591e-03   5.986804e-22   1018308
  3.150179e+00   3.831735e-19   1.129200e-03   6.051535e-22   1014812
  3.154072e+00   3.763921e-19   1.121981e-03   6.035539e-22   996288
  3.157955e+00   3.696747e-19   1.120847e-03   5.982566e-22   985376
  3.161835e+00   3.656030e-19   1.115880e-03   5.994089e-22   969652
  3.165722e+00   3.627226e-19   1.125987e-03   6.002913e-22   964924
  3.169610e+00   3.590297e-19   1.121515e-03   6.037752e-22   947228
  3.173495e+00   3.495664e-19   1.123457e-03   5.929765e-22   939084
  3.177381e+00   3.438195e-19   1.116472e-03   5.849317e-22   921864
  3.181265e+00   3.396706e-19   1.123502e-03   5.876003e-22   914252
  3.185159e+00   3.386121e-19   1.126304e-03   5.949761e-22   902572
  3.189050e+00   3.298007e-19   1.123145e-03   5.848961e-22   888784
  3.192932e+00   3.215363e-19   1.116224e-03   5.747002e-22   872540
  3.196811e+00   3.165194e-19   1.120157e-03   5.742948e-22   862848
  3.200697e+00   3.154303e-19   1.124093e-03   5.827505e-22   851760
  3.204592e+00   3.065401e-19   1.127172e-03   5.688444e-22   841940
  3.208479e+00   2.990904e-19   1.117661e-03   5.625331e-22   823032
  3.212364e+00   2.924707e-19   1.123934e-03   5.572205e-22   816044
  3.216253e+00   2.876421e-19   1.120364e-03   5.552615e-22   799292
  3.220140e+00   2.810080e-19   1.126784e-03   5.499552e-22   791304
  3.224026e+00   2.726523e-19   1.117490e-03   5.363856e-22   772868
  3.227902e+00   2.641642e-19   1.119936e-03   5.251872e-22   762552
  3.231787e+00   2.588940e-19   1.121745e-03   5.182546e-22   750876
  3.235677e+00   2.517664e-19   1.123999e-03   5.108145e-22   739280
  3.239565e+00   2.427593e-19   1.121784e-03   4.943862e-22   724944
  3.243456e+00   2.335381e-19   1.124267e-03   4.781079e-22   714380
  3.247336e+00   2.251387e-19   1.116046e-03   4.603000e-22   695932
  3.251222e+00   2.169105e-19   1.126879e-03   4.397028e-22   690949
  3.255114e+00   2.089319e-19   1.118914e-03   4.212753e-22   673638
  3.258999e+00   2.014966e-19   1.124434e-03   4.075746e-22   666092
  3.262883e+00   1.975359e-19   1.117312e-03   4.012519e-22   651024
  3.266766e+00   1.907307e-19   1.124054e-03   3.856501e-22   644804
  3.270656e+00   1.855111e-19   1.121035e-03   3.760000e-22   632676
  3.274546e+00   1.799418e-19   1.125434e-03   3.674588e-22   624962
  3.278430e+00   1.742749e-19   1.118496e-03   3.501305e-22   611280
  3.282321e+00   1.706436e-19   1.127391e-03   3.464132e-22   607256
  3.286211e+00   1.664992e-19   1.118374e-03   3.409934e-22   592616
  3.290095e+00   1.619705e-19   1.124430e-03   3.322689e-22   587160
  3.293983e+00   1.569038e-19   1.120749e-03   3.216757e-22   575482
  3.297866e+00   1.531302e-19   1.122505e-03   3.171980e-22   568258
  3.301757e+00   1.497241e-19   1.122731e-03   3.086892e-22   559638
  3.305647e+00   1.456618e-19   1.123210e-03   3.022574e-22   551498
  3.309536e+00   1.423146e-19   1.121790e-03   2.925631e-22   542364
  3.313423e+00   1.377364e-19   1.122328e-03   2.863623e-22   534146
  3.317305e+00   1.353743e-19   1.119988e-03   2.823547e-22   524980
  3.321196e+00   1.308434e-19   1.125222e-03   2.740182e-22   519964
  3.325077e+00   1.275682e-19   1.115886e-03   2.659874e-22   507108
  3.328962e+00   1.245174e-19   1.126905e-03   2.582241e-22   504992
  3.332852e+00   1.219009e-19   1.118656e-03   2.556773e-22   492948
  3.336740e+00   1.188258e-19   1.127360e-03   2.487705e-22   489740
  3.340629e+00   1.159669e-19   1.117346e-03   2.456200e-22   477716
  3.344511e+00   1.124920e-19   1.124864e-03   2.381617e-22   473844
  3.348399e+00   1.106417e-19   1.119228e-03   2.320894e-22   464222
  3.352284e+00   1.066880e-19   1.123815e-03   2.261558e-22   459048
  3.356167e+00   1.057109e-19   1.117888e-03   2.239961e-22   449574
  3.360054e+00   1.018949e-19   1.125019e-03   2.174266e-22   445820
  3.363936e+00   1.002873e-19   1.116211e-03   2.173861e-22   435158
  3.367827e+00   9.811076e-20   1.127850e-03   2.120898e-22   433566
  3.371713e+00   9.530327e-20   1.114763e-03   2.067719e-22   421014
  3.375597e+00   9.301946e-20   1.127754e-03   2.027170e-22   419996
  3.379490e+00   9.108254e-20   1.118287e-03   1.973336e-22   409482
  3.383368e+00   8.767101e-20   1.121665e-03   1.910237e-22   404414
  3.387257e+00   8.707049e-20   1.122567e-03   1.892927e-22   398518
  3.391148e+00   8.359867e-20   1.123750e-03   1.822901e-22   392302
  3.395033e+00   8.294677e-20   1.121765e-03   1.831046e-22   385318
  3.398930e+00   8.014480e-20   1.127631e-03   1.774156e-22   381718
  3.402811e+00   7.803227e-20   1.114511e-03   1.740293e-22   370674
  3.406696e+00   7.705618e-20   1.128673e-03   1.736051e-22   370166
  3.410587e+00   7.543444e-20   1.117032e-03   1.688851e-22   359838
  3.414471e+00   7.307946e-20   1.126612e-03   1.639869e-22   357488
  3.418356e+00   7.214965e-20   1.115416e-03   1.643975e-22   348174
  3.422239e+00   6.945688e-20   1.126138e-03   1.574531e-22   346010
  3.426123e+00   6.866990e-20   1.115666e-03   1.575399e-22   336966
  3.430017e+00   6.634681e-20   1.131496e-03   1.512342e-22   336488
  3.433906e+00   6.527056e-20   1.113178e-03   1.511005e-22   325206
  3.437790e+00   6.352066e-20   1.128394e-03   1.465592e-22   324614
  3.441675e+00   6.200034e-20   1.113950e-03   1.444505e-22   314792
  3.445561e+00   6.028778e-20   1.129033e-03   1.407398e-22   314082
  3.449445e+00   5.895114e-20   1.112843e-03   1.401431e-22   303918
  3.453329e+00   5.796481e-20   1.130230e-03   1.362126e-22   303872
  3.457223e+00   5.664436e-20   1.118237e-03   1.338103e-22   295070
  3.461110e+00   5.497291e-20   1.127117e-03   1.301692e-22   292776
  3.464999e+00   5.380700e-20   1.118155e-03   1.281180e-22   285198
  3.468882e+00   5.221500e-20   1.124173e-03   1.254894e-22   282068
  3.472770e+00   5.123978e-20   1.120642e-03   1.230888e-22   276094
  3.476654e+00   4.977585e-20   1.121770e-03   1.213690e-22   271936
  3.480537e+00   4.875478e-20   1.119604e-03   1.188289e-22   266352
  3.484425e+00   4.770305e-20   1.124273e-03   1.156663e-22   263198
  3.488309e+00   4.697308e-20   1.117087e-03   1.168652e-22   256540
  3.492199e+00   4.564686e-20   1.128018e-03   1.126318e-22   254758
  3.496085e+00   4.449753e-20   1.114575e-03   1.112428e-22   246888
  3.499973e+00   4.352365e-20   1.129431e-03   1.092649e-22   245984
  3.503859e+00   4.230476e-20   1.113747e-03   1.064901e-22   237838
  3.507743e+00   4.120201e-20   1.128624e-03   1.046140e-22   236932
  3.511628e+00   4.050743e-20   1.114686e-03   1.026580e-22   229296
  3.515519e+00   3.935889e-20   1.132107e-03   1.013455e-22   228968
  3.519410e+00   3.870245e-20   1.115334e-03   9.978479e-23   220862
  3.523299e+00   3.750517e-20   1.132320e-03   9.767446e-23   220440
  3.527188e+00   3.704122e-20   1.113877e-03   9.682943e-23   212400
  3.531075e+00   3.577078e-20   1.132596e-03   9.327057e-23   212228
  3.534965e+00   3.531793e-20   1.113928e-03   9.346872e-23   204518
  3.538852e+00   3.415445e-20   1.130227e-03   9.165812e-23   203928
  3.542735e+00   3.351093e-20   1.110921e-03   8.968114e-23   196280
  3.546619e+00   3.229594e-20   1.130361e-03   8.619923e-23   196272
  3.550503e+00   3.208230e-20   1.110008e-03   8.719899e-23   188572
  3.554385e+00   3.086373e-20   1.129045e-03   8.376471e-23   188440
  3.558272e+00   3.044398e-20   1.112527e-03   8.448693e-23   181574
  3.562156e+00   2.952543e-20   1.129325e-03   8.082431e-23   180912
  3.566042e+00   2.923132e-20   1.112617e-03   8.167880e-23   174304
  3.569927e+00   2.815812e-20   1.129933e-03   7.909136e-23   173620
  3.573814e+00   2.804908e-20   1.114477e-03   7.947807e-23   167424
  3.577707e+00   2.687555e-20   1.132693e-03   7.635985e-23   166952
  3.581590e+00   2.657042e-20   1.109406e-03   7.685061e-23   159744
  3.585479e+00   2.568088e-20   1.134885e-03   7.385019e-23   160424
  3.589363e+00   2.549451e-20   1.107308e-03   7.441187e-23   152748
  3.593250e+00   2.456842e-20   1.136784e-03   7.238344e-23   153920
  3.597136e+00   2.411754e-20   1.105473e-03   7.099173e-23   146016
  3.601018e+00   2.332229e-20   1.136208e-03   6.899459e-23   147176
  3.604907e+00   2.302308e-20   1.107710e-03   6.946041e-23   139992
  3.608791e+00   2.249776e-20   1.135264e-03   6.824777e-23   140588
  3.612682e+00   2.213629e-20   1.111007e-03   6.810521e-23   134184
  3.616571e+00   2.123346e-20   1.134121e-03   6.480356e-23   134192
  3.620457e+00   2.106005e-20   1.110077e-03   6.633461e-23   127992
  3.624344e+00   2.051720e-20   1.133946e-03   6.353294e-23   128132
  3.628235e+00   2.011654e-20   1.112933e-03   6.475225e-23   122384
  3.632120e+00   1.937641e-20   1.130787e-03   6.107251e-23   121896
  3.636006e+00   1.924975e-20   1.111987e-03   6.251592e-23   116592
  3.639888e+00   1.862706e-20   1.130031e-03   6.003451e-23   116072
  3.643776e+00   1.844356e-20   1.113281e-03   6.137675e-23   111196
  3.647666e+00   1.763438e-20   1.133982e-03   5.808540e-23   110824
  3.651553e+00   1.767914e-20   1.109351e-03   6.002553e-23   105456
  3.655445e+00   1.693296e-20   1.137911e-03   5.702052e-23   105746
  3.659331e+00   1.673595e-20   1.104570e-03   5.756368e-23   99816
  3.663217e+00   1.631040e-20   1.137630e-03   5.579999e-23   100460
  3.667098e+00   1.604080e-20   1.103186e-03   5.663445e-23   94616
  3.670986e+00   1.570951e-20   1.138482e-03   5.525512e-23   95448
  3.674871e+00   1.536852e-20   1.104767e-03   5.504292e-23   89784
  3.678762e+00   1.479963e-20   1.138753e-03   5.296910e-23   90536
  3.682640e+00   1.479533e-20   1.098833e-03   5.455820e-23   84566
  3.686528e+00   1.426829e-20   1.143171e-03   5.243796e-23   86088
  3.690411e+00   1.400617e-20   1.094501e-03   5.274246e-23   79680
  3.694290e+00   1.374837e-20   1.143460e-03   5.123991e-23   81368
  3.698177e+00   1.353385e-20   1.096007e-03   5.225879e-23   75356
  3.702056e+00   1.301373e-20   1.143156e-03   4.964379e-23   76704
  3.705948e+00   1.299419e-20   1.100016e-03   5.135052e-23   71322
  3.709834e+00   1.251012e-20   1.143672e-03   4.877124e-23   72248
  3.713724e+00   1.248773e-20   1.099908e-03   5.062202e-23   67160
  3.717610e+00   1.205292e-20   1.141543e-03   4.883126e-23   67836
  3.721489e+00   1.182478e-20   1.096984e-03   4.928019e-23   62976
  3.725379e+00   1.150085e-20   1.144398e-03   4.761371e-23   63914
  3.729253e+00   1.140409e-20   1.092761e-03   4.925410e-23   58832
  3.733144e+00   1.107101e-20   1.147084e-03   4.734552e-23   60108
  3.737017e+00   1.106618e-20   1.090205e-03   4.855233e-23   54920
  3.740928e+00   1.073596e-20   1.160099e-03   4.646645e-23   56970
  3.744809e+00   1.068675e-20   1.078913e-03   4.903415e-23   50760
  3.748701e+00   1.024734e-20   1.161348e-03   4.591134e-23   53312
  3.752584e+00   1.023035e-20   1.074836e-03   4.851711e-23   47164
  3.756472e+00   9.855013e-21   1.163802e-03   4.551490e-23   49810
  3.760356e+00   9.880266e-21   1.069365e-03   4.868714e-23   43680
  3.764234e+00   9.556071e-21   1.164818e-03   4.595166e-23   46328
  3.768129e+00   9.353692e-21   1.073902e-03   4.792529e-23   40694
  3.772013e+00   9.172603e-21   1.167140e-03   4.424135e-23   42984
  3.775913e+00   9.064050e-21   1.073587e-03   4.796867e-23   37656
  3.779787e+00   8.892803e-21   1.164236e-03   4.598490e-23   39578
  3.783688e+00   8.782052e-21   1.077878e-03   4.755729e-23   34920
  3.787564e+00   8.554546e-21   1.160065e-03   4.531172e-23   36308
  3.791451e+00   8.629607e-21   1.076316e-03   4.891635e-23   32136
  3.795334e+00   8.290305e-21   1.159401e-03   4.584486e-23   33362
  3.799207e+00   8.320367e-21   1.069739e-03   4.913668e-23   29336
  3.803104e+00   7.967386e-21   1.167435e-03   4.582799e-23   30804
  3.806966e+00   8.002379e-21   1.055228e-03   4.992501e-23   26490
  3.810870e+00   7.652045e-21   1.176653e-03   4.615784e-23   28376
  3.814719e+00   7.764091e-21   1.039734e-03   5.172799e-23   23784
  3.818636e+00   7.574534e-21   1.189627e-03   4.661189e-23   26150
  3.822479e+00   7.559114e-21   1.021588e-03   5.170218e-23   21192
  3.826407e+00   7.332424e-21   1.204804e-03   4.716235e-23   24050
  3.830252e+00   7.277643e-21   1.002280e-03   5.314153e-23   18768
  3.834191e+00   7.101532e-21   1.221518e-03   4.806970e-23   22052
  3.838029e+00   7.174369e-21   9.660660e-04   5.727728e-23   16346
  3.841962e+00   6.915995e-21   1.236558e-03   4.989888e-23   20136
  3.845802e+00   6.956428e-21   9.274195e-04   5.858455e-23   14160
  3.849721e+00   6.805498e-21   1.247069e-03   5.147377e-23   18218
  3.853565e+00   6.814841e-21   8.859468e-04   6.248851e-23   12204
  3.857470e+00   6.615932e-21   1.256334e-03   5.183553e-23   16346
  3.861333e+00   6.837991e-21   8.562781e-04   6.706589e-23   10536
  3.865221e+00   6.457443e-21   1.261091e-03   5.343677e-23   14456
  3.869081e+00   6.599489e-21   8.165112e-04   7.075061e-23   8990
  3.872967e+00   6.431010e-21   1.270385e-03   5.674998e-23   12744
  3.876815e+00   6.219358e-21   7.482517e-04   7.186482e-23   7506
  3.880703e+00   6.320476e-21   1.282849e-03   6.160442e-23   11192
  3.884545e+00   6.293536e-21   6.569471e-04   8.040955e-23   6156
  3.888432e+00   6.122066e-21   1.294599e-03   6.268529e-23   9722
  3.892281e+00   6.270652e-21   5.567157e-04   8.894432e-23   4992
  3.896158e+00   6.153722e-21   1.304505e-03   6.774840e-23   8306
  3.900025e+00   5.992065e-21   4.384033e-04   9.628656e-23   3996
  3.903878e+00   6.150711e-21   1.309274e-03   7.424395e-23   6938
  3.907766e+00   6.382662e-21   3.047624e-04   1.116476e-22   3168
  3.911584e+00   6.034671e-21   1.304853e-03   7.905974e-23   5624
  3.915485e+00   5.801060e-21   2.103226e-04   1.125969e-22   2502
  3.919286e+00   5.844904e-21   1.297747e-03   9.189956e-23   4424
  3.923208e+00   6.240284e-21   2.230451e-04   1.372481e-22   1946
  3.926998e+00   5.779386e-21   1.292790e-03   1.025644e-22   3360
  3.930918e+00   6.102195e-21   1.221617e-04   1.543126e-22   1446
  3.934708e+00   5.627034e-21   1.290208e-03   1.098112e-22   2456
  3.938666e+00   5.920692e-21   2.340394e-04   1.700414e-22   1034
  3.942432e+00   5.971106e-21   1.288305e-03   1.477826e-22   1680
  3.946383e+00   5.367172e-21   5.837572e-05   2.024206e-22   678
  3.950143e+00   6.130228e-21   1.286681e-03   2.029958e-22   1064
  3.954177e+00   5.974446e-21   3.540138e-04   3.009382e-22   410
  3.957868e+00   5.480040e-21   1.284749e-03   2.283442e-22   576
  3.961879e+00   5.277477e-21   1.855368e-05   3.343909e-22   198
  3.965528e+00   5.477981e-21   1.272780e-03   3.280952e-22   248
  3.969917e+00   5.553689e-21   8.019490e-04   7.714966e-22   74
  3.973198e+00   4.409812e-21   1.252635e-03   5.658191e-22   48
  3.977405e+00   1.338453e-20   5.034095e-08   1.059312e-21   6
