# power spectrum of delta_kessence
# redshift z=49.697465
# k              Pk             sigma(k)       sigma(Pk)      count
  5.727314e-03   1.032473e-10   8.763345e-04   1.906184e-11   18
  1.001182e-02   1.021971e-09   1.059922e-03   1.567106e-10   62
  1.393445e-02   2.139499e-09   7.332271e-04   2.751474e-10   90
  1.764809e-02   4.808854e-09   1.157232e-03   3.276010e-10   170
  2.151286e-02   7.446755e-09   1.202795e-03   4.366195e-10   246
  2.528669e-02   1.072570e-08   1.146703e-03   5.925778e-10   338
  2.901099e-02   1.661911e-08   9.857564e-04   8.345423e-10   432
  3.284683e-02   2.149562e-08   1.010047e-03   9.495066e-10   578
  3.688195e-02   2.583633e-08   1.177086e-03   9.344354e-10   786
  4.101464e-02   3.044487e-08   1.190994e-03   9.831356e-10   974
  4.488954e-02   3.677316e-08   1.031402e-03   1.173915e-09   1002
  4.870958e-02   4.629844e-08   1.179303e-03   1.255478e-09   1334
  5.263577e-02   5.096933e-08   1.134676e-03   1.380536e-09   1458
  5.631027e-02   6.091583e-08   1.072446e-03   1.508116e-09   1604
  6.010158e-02   7.009283e-08   1.088865e-03   1.699660e-09   1974
  6.404851e-02   8.288161e-08   1.067989e-03   1.767651e-09   2234
  6.795611e-02   9.362424e-08   1.092954e-03   1.935014e-09   2490
  7.198483e-02   1.054124e-07   1.200217e-03   1.968282e-09   3014
  7.595394e-02   1.174491e-07   1.093611e-03   2.132428e-09   3018
  7.977896e-02   1.272454e-07   1.131598e-03   2.190235e-09   3446
  8.359600e-02   1.335668e-07   1.085617e-03   2.234851e-09   3626
  8.742004e-02   1.391067e-07   1.125556e-03   2.173671e-09   4164
  9.130612e-02   1.512054e-07   1.090740e-03   2.320833e-09   4470
  9.521636e-02   1.572663e-07   1.115446e-03   2.290691e-09   4970
  9.915211e-02   1.689521e-07   1.127844e-03   2.271983e-09   5366
  1.030785e-01   1.713529e-07   1.144516e-03   2.188878e-09   5778
  1.069619e-01   1.895394e-07   1.149148e-03   2.399122e-09   6162
  1.108671e-01   1.969152e-07   1.158272e-03   2.484291e-09   6734
  1.146806e-01   2.097049e-07   1.074898e-03   2.511288e-09   6756
  1.184510e-01   2.240367e-07   1.088568e-03   2.502527e-09   7502
  1.223464e-01   2.418280e-07   1.105366e-03   2.680050e-09   8154
  1.262469e-01   2.521055e-07   1.103283e-03   2.738403e-09   8618
  1.301909e-01   2.713092e-07   1.146655e-03   2.828270e-09   9390
  1.341197e-01   2.900464e-07   1.126004e-03   2.951370e-09   9722
  1.380051e-01   2.902094e-07   1.126950e-03   2.887282e-09   10242
  1.419007e-01   3.001983e-07   1.149257e-03   2.810496e-09   11006
  1.457777e-01   3.147778e-07   1.106962e-03   2.993980e-09   11348
  1.496576e-01   3.160692e-07   1.105725e-03   2.831242e-09   12150
  1.535164e-01   3.216200e-07   1.078348e-03   2.961624e-09   12498
  1.574072e-01   3.329603e-07   1.129889e-03   2.831380e-09   13586
  1.613096e-01   3.347966e-07   1.132072e-03   2.867596e-09   14006
  1.652381e-01   3.476789e-07   1.166232e-03   2.758167e-09   15162
  1.691226e-01   3.544864e-07   1.101754e-03   2.903443e-09   14990
  1.729750e-01   3.666641e-07   1.143142e-03   2.876465e-09   16380
  1.768610e-01   3.822339e-07   1.105581e-03   2.950599e-09   16666
  1.807168e-01   4.029482e-07   1.110348e-03   3.079953e-09   17638
  1.845996e-01   4.132353e-07   1.100521e-03   3.094853e-09   18354
  1.884710e-01   4.275978e-07   1.102640e-03   3.121973e-09   19034
  1.923685e-01   4.501474e-07   1.144302e-03   3.146645e-09   20270
  1.963174e-01   4.692321e-07   1.155956e-03   3.199223e-09   21258
  2.002141e-01   4.801309e-07   1.111898e-03   3.265295e-09   21350
  2.040863e-01   4.763206e-07   1.123159e-03   3.214998e-09   22644
  2.079681e-01   4.870974e-07   1.101476e-03   3.222774e-09   23114
  2.118390e-01   4.978627e-07   1.118265e-03   3.225437e-09   24342
  2.157382e-01   4.978971e-07   1.117694e-03   3.129062e-09   25194
  2.196235e-01   5.102136e-07   1.116195e-03   3.227013e-09   25982
  2.234724e-01   5.174527e-07   1.109599e-03   3.181257e-09   26506
  2.273806e-01   5.224840e-07   1.167806e-03   3.127475e-09   28738
  2.312750e-01   5.283165e-07   1.110542e-03   3.161829e-09   28296
  2.351662e-01   5.342881e-07   1.143823e-03   3.042417e-09   30554
  2.390501e-01   5.446115e-07   1.084103e-03   3.137371e-09   30094
  2.428824e-01   5.711691e-07   1.109820e-03   3.203913e-09   31738
  2.467836e-01   5.767869e-07   1.134747e-03   3.203971e-09   33306
  2.506613e-01   6.010076e-07   1.104153e-03   3.262971e-09   33422
  2.545365e-01   6.144919e-07   1.131527e-03   3.292990e-09   35298
  2.584714e-01   6.248623e-07   1.143069e-03   3.276778e-09   36650
  2.623670e-01   6.358915e-07   1.115532e-03   3.304359e-09   36888
  2.662651e-01   6.425408e-07   1.131896e-03   3.235453e-09   38834
  2.701697e-01   6.493685e-07   1.107355e-03   3.298788e-09   39246
  2.740453e-01   6.637954e-07   1.111777e-03   3.317145e-09   40466
  2.778984e-01   6.662454e-07   1.108403e-03   3.249710e-09   41106
  2.817847e-01   6.667711e-07   1.145602e-03   3.198790e-09   43598
  2.856833e-01   6.768853e-07   1.116308e-03   3.260146e-09   43650
  2.895471e-01   6.827006e-07   1.120907e-03   3.195457e-09   45272
  2.934575e-01   6.884320e-07   1.131740e-03   3.179262e-09   46994
  2.973636e-01   7.092552e-07   1.124346e-03   3.213886e-09   47850
  3.012447e-01   7.073745e-07   1.115858e-03   3.211226e-09   48846
  3.051030e-01   7.219393e-07   1.105642e-03   3.253475e-09   49706
  3.089532e-01   7.308417e-07   1.113265e-03   3.232609e-09   51198
  3.128464e-01   7.393917e-07   1.134266e-03   3.200157e-09   53402
  3.167281e-01   7.612192e-07   1.111145e-03   3.359050e-09   53634
  3.206428e-01   7.659825e-07   1.143806e-03   3.198347e-09   56888
  3.245618e-01   7.772792e-07   1.106794e-03   3.281810e-09   56474
  3.284581e-01   7.883744e-07   1.130606e-03   3.248355e-09   58962
  3.323510e-01   7.888249e-07   1.114731e-03   3.243884e-09   59214
  3.362265e-01   8.128793e-07   1.127963e-03   3.272000e-09   61250
  3.400938e-01   8.170131e-07   1.110759e-03   3.288852e-09   61694
  3.439480e-01   8.234483e-07   1.120230e-03   3.273614e-09   63618
  3.478512e-01   8.291403e-07   1.140078e-03   3.209391e-09   66284
  3.517691e-01   8.362434e-07   1.123324e-03   3.228437e-09   67014
  3.556494e-01   8.337910e-07   1.113722e-03   3.206757e-09   67930
  3.595371e-01   8.452325e-07   1.127426e-03   3.192707e-09   70294
  3.634200e-01   8.637820e-07   1.114424e-03   3.231869e-09   70658
  3.672742e-01   8.710712e-07   1.121955e-03   3.272742e-09   72522
  3.711539e-01   8.686759e-07   1.125103e-03   3.191564e-09   74550
  3.750359e-01   8.803703e-07   1.112832e-03   3.201557e-09   75674
  3.789191e-01   8.949711e-07   1.116846e-03   3.207288e-09   77708
  3.828461e-01   8.990422e-07   1.136191e-03   3.139236e-09   80622
  3.867545e-01   9.084183e-07   1.112810e-03   3.232121e-09   80330
  3.906423e-01   9.191688e-07   1.128269e-03   3.219056e-09   82974
  3.945313e-01   9.241683e-07   1.118618e-03   3.212279e-09   83666
  3.984084e-01   9.370336e-07   1.126394e-03   3.199770e-09   85746
  4.022765e-01   9.348146e-07   1.118427e-03   3.167701e-09   86702
  4.061542e-01   9.466644e-07   1.126154e-03   3.136038e-09   89556
  4.100569e-01   9.520989e-07   1.118519e-03   3.158000e-09   91038
  4.139484e-01   9.699268e-07   1.117921e-03   3.193675e-09   92522
  4.178268e-01   9.693764e-07   1.119569e-03   3.181763e-09   94034
  4.217415e-01   9.748276e-07   1.145339e-03   3.118541e-09   97758
  4.256173e-01   9.881031e-07   1.103600e-03   3.207352e-09   95770
  4.294627e-01   9.894207e-07   1.123790e-03   3.162264e-09   99646
  4.333400e-01   1.003023e-06   1.115333e-03   3.164439e-09   100980
  4.372362e-01   1.005660e-06   1.127284e-03   3.139800e-09   104258
  4.411386e-01   1.006542e-06   1.114910e-03   3.128322e-09   104998
  4.450377e-01   1.018273e-06   1.124073e-03   3.110066e-09   107866
  4.489311e-01   1.030283e-06   1.113184e-03   3.137035e-09   108154
  4.528161e-01   1.041710e-06   1.135370e-03   3.114560e-09   111622
  4.567076e-01   1.048048e-06   1.122976e-03   3.137743e-09   112146
  4.605727e-01   1.061927e-06   1.119518e-03   3.141132e-09   114014
  4.644440e-01   1.056146e-06   1.115906e-03   3.106396e-09   116220
  4.683319e-01   1.068287e-06   1.119789e-03   3.076419e-09   118682
  4.722291e-01   1.075048e-06   1.126606e-03   3.105177e-09   121118
  4.761348e-01   1.076007e-06   1.124808e-03   3.086546e-09   122994
  4.800157e-01   1.077796e-06   1.114862e-03   3.076839e-09   123574
  4.838959e-01   1.096745e-06   1.131276e-03   3.085503e-09   126922
  4.877763e-01   1.097983e-06   1.124735e-03   3.078350e-09   127906
  4.916481e-01   1.099474e-06   1.121767e-03   3.048632e-09   130432
  4.955333e-01   1.110006e-06   1.114812e-03   3.038080e-09   132642
  4.994186e-01   1.117657e-06   1.110800e-03   3.039694e-09   134534
  5.033164e-01   1.126724e-06   1.124671e-03   3.039810e-09   137778
  5.072392e-01   1.131588e-06   1.135312e-03   3.018186e-09   140786
  5.111285e-01   1.135467e-06   1.110620e-03   3.032600e-09   139590
  5.149976e-01   1.143205e-06   1.125619e-03   3.027100e-09   143546
  5.188865e-01   1.150349e-06   1.125142e-03   3.018789e-09   145338
  5.227635e-01   1.159687e-06   1.120484e-03   3.017361e-09   147272
  5.266520e-01   1.155703e-06   1.122335e-03   2.999640e-09   150330
  5.305485e-01   1.160909e-06   1.118234e-03   2.962923e-09   152318
  5.344262e-01   1.171481e-06   1.111066e-03   2.988904e-09   153202
  5.383243e-01   1.168385e-06   1.138693e-03   2.937924e-09   158626
  5.422165e-01   1.181333e-06   1.116855e-03   2.986969e-09   157350
  5.460935e-01   1.178979e-06   1.131200e-03   2.953486e-09   161906
  5.499589e-01   1.196573e-06   1.105071e-03   3.007753e-09   160872
  5.538418e-01   1.200671e-06   1.133375e-03   2.943631e-09   167858
  5.577463e-01   1.213927e-06   1.114977e-03   2.971949e-09   167514
  5.616201e-01   1.205412e-06   1.113803e-03   2.904288e-09   169862
  5.655108e-01   1.211490e-06   1.124453e-03   2.928997e-09   173602
  5.694083e-01   1.223448e-06   1.123533e-03   2.895343e-09   175258
  5.732959e-01   1.223300e-06   1.127164e-03   2.919406e-09   177654
  5.771897e-01   1.230795e-06   1.130949e-03   2.877303e-09   180698
  5.810773e-01   1.231617e-06   1.119005e-03   2.889308e-09   181968
  5.849616e-01   1.246873e-06   1.118541e-03   2.891912e-09   184850
  5.888448e-01   1.249926e-06   1.119144e-03   2.893073e-09   187034
  5.927421e-01   1.252399e-06   1.129966e-03   2.867429e-09   191238
  5.966308e-01   1.260484e-06   1.116348e-03   2.880934e-09   191042
  6.005065e-01   1.263318e-06   1.126286e-03   2.854284e-09   195102
  6.043812e-01   1.267050e-06   1.117515e-03   2.861522e-09   195786
  6.082630e-01   1.269178e-06   1.131649e-03   2.804550e-09   201164
  6.121481e-01   1.280936e-06   1.112645e-03   2.872350e-09   201070
  6.160242e-01   1.274985e-06   1.118305e-03   2.801987e-09   205234
  6.199111e-01   1.289814e-06   1.116352e-03   2.837111e-09   207342
  6.237987e-01   1.287503e-06   1.121735e-03   2.793333e-09   210602
  6.276909e-01   1.292527e-06   1.124203e-03   2.805092e-09   213130
  6.315953e-01   1.298503e-06   1.133190e-03   2.781932e-09   217318
  6.354807e-01   1.303063e-06   1.113546e-03   2.796944e-09   216306
  6.393491e-01   1.302383e-06   1.119403e-03   2.775713e-09   220652
  6.432430e-01   1.313048e-06   1.124854e-03   2.780564e-09   224502
  6.471454e-01   1.321578e-06   1.125081e-03   2.783905e-09   227186
  6.510345e-01   1.315721e-06   1.118193e-03   2.747919e-09   228398
  6.549165e-01   1.322237e-06   1.122259e-03   2.743221e-09   231642
  6.587972e-01   1.326056e-06   1.122763e-03   2.744805e-09   233946
  6.626908e-01   1.339151e-06   1.132956e-03   2.748808e-09   238694
  6.665707e-01   1.341498e-06   1.114640e-03   2.740460e-09   238068
  6.704525e-01   1.347880e-06   1.124042e-03   2.728558e-09   244190
  6.743498e-01   1.339242e-06   1.116752e-03   2.704745e-09   245362
  6.782313e-01   1.355388e-06   1.120102e-03   2.715567e-09   248362
  6.821206e-01   1.354826e-06   1.124509e-03   2.691522e-09   251966
  6.860099e-01   1.365406e-06   1.120649e-03   2.700671e-09   254034
  6.898855e-01   1.365830e-06   1.117172e-03   2.714463e-09   255818
  6.937781e-01   1.358153e-06   1.132899e-03   2.660679e-09   262254
  6.976722e-01   1.378620e-06   1.116974e-03   2.692160e-09   261980
  7.015718e-01   1.374662e-06   1.129534e-03   2.657734e-09   268566
  7.054538e-01   1.382026e-06   1.104857e-03   2.678476e-09   265538
  7.093286e-01   1.388185e-06   1.128000e-03   2.647980e-09   273330
  7.132165e-01   1.382832e-06   1.121481e-03   2.652455e-09   273718
  7.171069e-01   1.384655e-06   1.132652e-03   2.622811e-09   279658
  7.209986e-01   1.401872e-06   1.120025e-03   2.653338e-09   279670
  7.248700e-01   1.399098e-06   1.119062e-03   2.636416e-09   282964
  7.287608e-01   1.398196e-06   1.126489e-03   2.625082e-09   288362
  7.326540e-01   1.403317e-06   1.118613e-03   2.617050e-09   289686
  7.365333e-01   1.411847e-06   1.116235e-03   2.623328e-09   292234
  7.404015e-01   1.409260e-06   1.112765e-03   2.603405e-09   294190
  7.442845e-01   1.413147e-06   1.127923e-03   2.582152e-09   300642
  7.481851e-01   1.419985e-06   1.128116e-03   2.577462e-09   303386
  7.520700e-01   1.415488e-06   1.119257e-03   2.561431e-09   304662
  7.559583e-01   1.418130e-06   1.122290e-03   2.560217e-09   309812
  7.598513e-01   1.421061e-06   1.117608e-03   2.555827e-09   311714
  7.637547e-01   1.428704e-06   1.130270e-03   2.534981e-09   318126
  7.676398e-01   1.431890e-06   1.111035e-03   2.547024e-09   315114
  7.715118e-01   1.433653e-06   1.127143e-03   2.529086e-09   322622
  7.753932e-01   1.438556e-06   1.117154e-03   2.539536e-09   322850
  7.792787e-01   1.437082e-06   1.131101e-03   2.499829e-09   329802
  7.831716e-01   1.443203e-06   1.123851e-03   2.516042e-09   331104
  7.870696e-01   1.451701e-06   1.127607e-03   2.505964e-09   336986
  7.909587e-01   1.447616e-06   1.111055e-03   2.504590e-09   335870
  7.948355e-01   1.446820e-06   1.120862e-03   2.480590e-09   341610
  7.987215e-01   1.451183e-06   1.121955e-03   2.478815e-09   344370
  8.026031e-01   1.459076e-06   1.122207e-03   2.490599e-09   347606
  8.064886e-01   1.456971e-06   1.124033e-03   2.458304e-09   351650
  8.103706e-01   1.463507e-06   1.118654e-03   2.459869e-09   353760
  8.142669e-01   1.464009e-06   1.129493e-03   2.437118e-09   360970
  8.181738e-01   1.470083e-06   1.123124e-03   2.445053e-09   362818
  8.220521e-01   1.469543e-06   1.110144e-03   2.435422e-09   362334
  8.259414e-01   1.469018e-06   1.129348e-03   2.415597e-09   371642
  8.298275e-01   1.472051e-06   1.114584e-03   2.437418e-09   368778
  8.337006e-01   1.478519e-06   1.128744e-03   2.415794e-09   376526
  8.375857e-01   1.475040e-06   1.121330e-03   2.406947e-09   377786
  8.414675e-01   1.481045e-06   1.123524e-03   2.401862e-09   382968
  8.453573e-01   1.484026e-06   1.120822e-03   2.387195e-09   386146
  8.492503e-01   1.490895e-06   1.124050e-03   2.382171e-09   390826
  8.531392e-01   1.488646e-06   1.119718e-03   2.381635e-09   392662
  8.570302e-01   1.492707e-06   1.125822e-03   2.366705e-09   398242
  8.609051e-01   1.490653e-06   1.111972e-03   2.366529e-09   396726
  8.647781e-01   1.496195e-06   1.124714e-03   2.352006e-09   404738
  8.686664e-01   1.497084e-06   1.122897e-03   2.346373e-09   407628
  8.725545e-01   1.493770e-06   1.121536e-03   2.334179e-09   411734
  8.764395e-01   1.497132e-06   1.117149e-03   2.324830e-09   414242
  8.803359e-01   1.499417e-06   1.126317e-03   2.314449e-09   421434
  8.842333e-01   1.497494e-06   1.120273e-03   2.308809e-09   421918
  8.881244e-01   1.508918e-06   1.128330e-03   2.316156e-09   427810
  8.920157e-01   1.503586e-06   1.123036e-03   2.289230e-09   429470
  8.958948e-01   1.509440e-06   1.119658e-03   2.300659e-09   432282
  8.997746e-01   1.509003e-06   1.122449e-03   2.282336e-09   437260
  9.036583e-01   1.513526e-06   1.120747e-03   2.281545e-09   440758
  9.075489e-01   1.519709e-06   1.124778e-03   2.269982e-09   446370
  9.114474e-01   1.510821e-06   1.123943e-03   2.252358e-09   450182
  9.153288e-01   1.511056e-06   1.115142e-03   2.260060e-09   449850
  9.192089e-01   1.513417e-06   1.127357e-03   2.236174e-09   457898
  9.230929e-01   1.516898e-06   1.119604e-03   2.242997e-09   458662
  9.269737e-01   1.519939e-06   1.121722e-03   2.234657e-09   464620
  9.308545e-01   1.519113e-06   1.114316e-03   2.234337e-09   466302
  9.347441e-01   1.521795e-06   1.124571e-03   2.209528e-09   474314
  9.386369e-01   1.522850e-06   1.120021e-03   2.207176e-09   475530
  9.425348e-01   1.523668e-06   1.129051e-03   2.191737e-09   483206
  9.464328e-01   1.526542e-06   1.121669e-03   2.198081e-09   483530
  9.503142e-01   1.530299e-06   1.121047e-03   2.191038e-09   487002
  9.541966e-01   1.531798e-06   1.124058e-03   2.180692e-09   491774
  9.580774e-01   1.526887e-06   1.120518e-03   2.173479e-09   495084
  9.619601e-01   1.529966e-06   1.119352e-03   2.165816e-09   499438
  9.658473e-01   1.528826e-06   1.122356e-03   2.156313e-09   504682
  9.697357e-01   1.530085e-06   1.121500e-03   2.149761e-09   507738
  9.736321e-01   1.534124e-06   1.130456e-03   2.149844e-09   515174
  9.775214e-01   1.537120e-06   1.119580e-03   2.144839e-09   514234
  9.813957e-01   1.535592e-06   1.119450e-03   2.138875e-09   519022
  9.852705e-01   1.529270e-06   1.117281e-03   2.109145e-09   522636
  9.891535e-01   1.535482e-06   1.121739e-03   2.107644e-09   529442
  9.930474e-01   1.536761e-06   1.122647e-03   2.104261e-09   534078
  9.969375e-01   1.535875e-06   1.118397e-03   2.098155e-09   536666
  1.000817e+00   1.534856e-06   1.116716e-03   2.092925e-09   539142
  1.004715e+00   1.534157e-06   1.134178e-03   2.078949e-09   550658
  1.008615e+00   1.542918e-06   1.121935e-03   2.088267e-09   548298
  1.012495e+00   1.540514e-06   1.123048e-03   2.073026e-09   553694
  1.016374e+00   1.540960e-06   1.116375e-03   2.067939e-09   556116
  1.020264e+00   1.539968e-06   1.125051e-03   2.052003e-09   564890
  1.024148e+00   1.535781e-06   1.116141e-03   2.045529e-09   563718
  1.028036e+00   1.542252e-06   1.128568e-03   2.031243e-09   574298
  1.031929e+00   1.545165e-06   1.120551e-03   2.043895e-09   573966
  1.035814e+00   1.547595e-06   1.126024e-03   2.037359e-09   580586
  1.039699e+00   1.544198e-06   1.122029e-03   2.028355e-09   582666
  1.043587e+00   1.544397e-06   1.125959e-03   2.011010e-09   590648
  1.047474e+00   1.542533e-06   1.114820e-03   2.010117e-09   590394
  1.051350e+00   1.541672e-06   1.116684e-03   1.995158e-09   596174
  1.055234e+00   1.545036e-06   1.120236e-03   1.989262e-09   601674
  1.059126e+00   1.543197e-06   1.125352e-03   1.982485e-09   607682
  1.063019e+00   1.544541e-06   1.124350e-03   1.979495e-09   611166
  1.066910e+00   1.549139e-06   1.124099e-03   1.971886e-09   615626
  1.070791e+00   1.547862e-06   1.119456e-03   1.968566e-09   617290
  1.074678e+00   1.541806e-06   1.126011e-03   1.950249e-09   626344
  1.078566e+00   1.546873e-06   1.117274e-03   1.958752e-09   626658
  1.082451e+00   1.548755e-06   1.122467e-03   1.945605e-09   634022
  1.086331e+00   1.541846e-06   1.116124e-03   1.932689e-09   634554
  1.090218e+00   1.543996e-06   1.128467e-03   1.919057e-09   645026
  1.094107e+00   1.543914e-06   1.122446e-03   1.918123e-09   645102
  1.097993e+00   1.543547e-06   1.126954e-03   1.908329e-09   653018
  1.101879e+00   1.544630e-06   1.119089e-03   1.904022e-09   654384
  1.105770e+00   1.541728e-06   1.123901e-03   1.894228e-09   663194
  1.109660e+00   1.549933e-06   1.117576e-03   1.901294e-09   663834
  1.113540e+00   1.539589e-06   1.118796e-03   1.884343e-09   669158
  1.117424e+00   1.540925e-06   1.120650e-03   1.875301e-09   674490
  1.121304e+00   1.542331e-06   1.118416e-03   1.873586e-09   677222
  1.125193e+00   1.549264e-06   1.128225e-03   1.876230e-09   686874
  1.129092e+00   1.545688e-06   1.126811e-03   1.862254e-09   690722
  1.132980e+00   1.544064e-06   1.118907e-03   1.864443e-09   692008
  1.136871e+00   1.540278e-06   1.124678e-03   1.838329e-09   701386
  1.140761e+00   1.543785e-06   1.117002e-03   1.846874e-09   700778
  1.144643e+00   1.539061e-06   1.123318e-03   1.824112e-09   708774
  1.148529e+00   1.539723e-06   1.121990e-03   1.828714e-09   711690
  1.152418e+00   1.538417e-06   1.126973e-03   1.812534e-09   719606
  1.156298e+00   1.540324e-06   1.116380e-03   1.814817e-09   717762
  1.160181e+00   1.538674e-06   1.127123e-03   1.791320e-09   730460
  1.164073e+00   1.537992e-06   1.119262e-03   1.794198e-09   731070
  1.167968e+00   1.533792e-06   1.125901e-03   1.779764e-09   741170
  1.171853e+00   1.539261e-06   1.112045e-03   1.793003e-09   737094
  1.175730e+00   1.538786e-06   1.122374e-03   1.785552e-09   747698
  1.179618e+00   1.533140e-06   1.122867e-03   1.772754e-09   751658
  1.183501e+00   1.535475e-06   1.121599e-03   1.770206e-09   755574
  1.187383e+00   1.534382e-06   1.122256e-03   1.760312e-09   761442
  1.191279e+00   1.530953e-06   1.126787e-03   1.742182e-09   770816
  1.195171e+00   1.540223e-06   1.117539e-03   1.759970e-09   769274
  1.199064e+00   1.529527e-06   1.129525e-03   1.730703e-09   782130
  1.202947e+00   1.533224e-06   1.112602e-03   1.735438e-09   775230
  1.206825e+00   1.527403e-06   1.126605e-03   1.719538e-09   789866
  1.210710e+00   1.528751e-06   1.118361e-03   1.722612e-09   787914
  1.214592e+00   1.530228e-06   1.128225e-03   1.711477e-09   799598
  1.218486e+00   1.525480e-06   1.124161e-03   1.701912e-09   802980
  1.222371e+00   1.524648e-06   1.117789e-03   1.699467e-09   805622
  1.226254e+00   1.525564e-06   1.119738e-03   1.698488e-09   812050
  1.230147e+00   1.523929e-06   1.126034e-03   1.684834e-09   820954
  1.234035e+00   1.523270e-06   1.118780e-03   1.678996e-09   820062
  1.237911e+00   1.519030e-06   1.119897e-03   1.669319e-09   826298
  1.241794e+00   1.523375e-06   1.121814e-03   1.671967e-09   833118
  1.245672e+00   1.520853e-06   1.117137e-03   1.663702e-09   834812
  1.249560e+00   1.522507e-06   1.126815e-03   1.650524e-09   847858
  1.253469e+00   1.518153e-06   1.127442e-03   1.639338e-09   854278
  1.257361e+00   1.516840e-06   1.116253e-03   1.642383e-09   850978
  1.261241e+00   1.517542e-06   1.121687e-03   1.637955e-09   859186
  1.265131e+00   1.512778e-06   1.127494e-03   1.626036e-09   867126
  1.269018e+00   1.514023e-06   1.121886e-03   1.627333e-09   868274
  1.272897e+00   1.509800e-06   1.120976e-03   1.619941e-09   873606
  1.276776e+00   1.509501e-06   1.119398e-03   1.613797e-09   879284
  1.280663e+00   1.511304e-06   1.122355e-03   1.607267e-09   887170
  1.284564e+00   1.510226e-06   1.128693e-03   1.598465e-09   897526
  1.288458e+00   1.504441e-06   1.117587e-03   1.590329e-09   894258
  1.292341e+00   1.507983e-06   1.122714e-03   1.585836e-09   903374
  1.296223e+00   1.505166e-06   1.118323e-03   1.581672e-09   904338
  1.300103e+00   1.503264e-06   1.123719e-03   1.569151e-09   913586
  1.303982e+00   1.504884e-06   1.118150e-03   1.577116e-09   915416
  1.307871e+00   1.499741e-06   1.124217e-03   1.559872e-09   928122
  1.311759e+00   1.498631e-06   1.115167e-03   1.557857e-09   926094
  1.315654e+00   1.500765e-06   1.130093e-03   1.546615e-09   942890
  1.319549e+00   1.495570e-06   1.118827e-03   1.543685e-09   937266
  1.323433e+00   1.494173e-06   1.126506e-03   1.537165e-09   948854
  1.327319e+00   1.491888e-06   1.120121e-03   1.532909e-09   948714
  1.331197e+00   1.489911e-06   1.122687e-03   1.527557e-09   956186
  1.335082e+00   1.490903e-06   1.124444e-03   1.519679e-09   964272
  1.338973e+00   1.486105e-06   1.121587e-03   1.511371e-09   969458
  1.342859e+00   1.485714e-06   1.118296e-03   1.507598e-09   972750
  1.346749e+00   1.485585e-06   1.124460e-03   1.499383e-09   982706
  1.350635e+00   1.483874e-06   1.119858e-03   1.496626e-09   982906
  1.354527e+00   1.480800e-06   1.129306e-03   1.481412e-09   996622
  1.358414e+00   1.476107e-06   1.117989e-03   1.483761e-09   992378
  1.362284e+00   1.477706e-06   1.117150e-03   1.473863e-09   999000
  1.366168e+00   1.474298e-06   1.122014e-03   1.466934e-09   1010114
  1.370061e+00   1.474276e-06   1.121750e-03   1.466033e-09   1015722
  1.373948e+00   1.471656e-06   1.119290e-03   1.458333e-09   1018742
  1.377843e+00   1.472201e-06   1.127371e-03   1.449838e-09   1031250
  1.381733e+00   1.466155e-06   1.118461e-03   1.448206e-09   1027226
  1.385615e+00   1.466169e-06   1.126435e-03   1.438425e-09   1039734
  1.389500e+00   1.467223e-06   1.120654e-03   1.438610e-09   1039914
  1.393382e+00   1.465614e-06   1.123683e-03   1.428218e-09   1050272
  1.397267e+00   1.459659e-06   1.117473e-03   1.421668e-09   1052306
  1.401154e+00   1.461742e-06   1.122308e-03   1.418220e-09   1062666
  1.405045e+00   1.453520e-06   1.122401e-03   1.408610e-09   1067262
  1.408935e+00   1.458591e-06   1.123952e-03   1.408510e-09   1073906
  1.412823e+00   1.452301e-06   1.122463e-03   1.403612e-09   1078190
  1.416712e+00   1.451717e-06   1.124033e-03   1.389990e-09   1085634
  1.420592e+00   1.450142e-06   1.117456e-03   1.392271e-09   1085508
  1.424480e+00   1.444684e-06   1.126594e-03   1.375493e-09   1101926
  1.428369e+00   1.443124e-06   1.116061e-03   1.376677e-09   1098322
  1.432252e+00   1.443669e-06   1.121199e-03   1.370429e-09   1109878
  1.436144e+00   1.441719e-06   1.122554e-03   1.366939e-09   1115338
  1.440035e+00   1.437614e-06   1.125793e-03   1.359729e-09   1122586
  1.443924e+00   1.436214e-06   1.123292e-03   1.352127e-09   1125862
  1.447810e+00   1.435981e-06   1.122976e-03   1.350392e-09   1132498
  1.451691e+00   1.431622e-06   1.119415e-03   1.347173e-09   1135444
  1.455573e+00   1.430110e-06   1.122581e-03   1.333414e-09   1145374
  1.459464e+00   1.425329e-06   1.123383e-03   1.326749e-09   1152698
  1.463354e+00   1.424970e-06   1.121349e-03   1.325302e-09   1157046
  1.467236e+00   1.424757e-06   1.119148e-03   1.322349e-09   1160226
  1.471127e+00   1.421280e-06   1.127743e-03   1.309076e-09   1174346
  1.475014e+00   1.421198e-06   1.119897e-03   1.315264e-09   1171462
  1.478897e+00   1.412941e-06   1.124033e-03   1.299267e-09   1183828
  1.482778e+00   1.416847e-06   1.114458e-03   1.301941e-09   1181822
  1.486657e+00   1.410938e-06   1.120779e-03   1.290607e-09   1194930
  1.490547e+00   1.409789e-06   1.122593e-03   1.284952e-09   1202010
  1.494437e+00   1.404638e-06   1.122115e-03   1.280627e-09   1207166
  1.498326e+00   1.404804e-06   1.123291e-03   1.276103e-09   1214106
  1.502209e+00   1.402697e-06   1.118748e-03   1.272376e-09   1215302
  1.506095e+00   1.399740e-06   1.126666e-03   1.261163e-09   1229274
  1.509994e+00   1.400627e-06   1.126873e-03   1.262199e-09   1236164
  1.513882e+00   1.395019e-06   1.118916e-03   1.258934e-09   1235326
  1.517764e+00   1.396622e-06   1.120265e-03   1.253969e-09   1244026
  1.521647e+00   1.391042e-06   1.120382e-03   1.245080e-09   1249154
  1.525536e+00   1.388613e-06   1.126025e-03   1.240398e-09   1260558
  1.529421e+00   1.384517e-06   1.119984e-03   1.232875e-09   1260394
  1.533310e+00   1.387107e-06   1.125848e-03   1.229184e-09   1274758
  1.537193e+00   1.379546e-06   1.115594e-03   1.221463e-09   1270188
  1.541083e+00   1.380176e-06   1.128008e-03   1.214174e-09   1291202
  1.544971e+00   1.378620e-06   1.115149e-03   1.219425e-09   1282654
  1.548850e+00   1.375370e-06   1.122198e-03   1.206566e-09   1298242
  1.552739e+00   1.374180e-06   1.120395e-03   1.201229e-09   1301774
  1.556625e+00   1.369962e-06   1.123165e-03   1.198408e-09   1309770
  1.560512e+00   1.366359e-06   1.123502e-03   1.191723e-09   1315714
  1.564403e+00   1.361905e-06   1.124924e-03   1.182783e-09   1325110
  1.568290e+00   1.361422e-06   1.118940e-03   1.182670e-09   1326012
  1.572174e+00   1.356943e-06   1.122090e-03   1.175331e-09   1336154
  1.576069e+00   1.355303e-06   1.126474e-03   1.167946e-09   1347334
  1.579958e+00   1.352484e-06   1.119782e-03   1.165320e-09   1345354
  1.583833e+00   1.350300e-06   1.119555e-03   1.163062e-09   1350998
  1.587719e+00   1.347026e-06   1.125829e-03   1.154992e-09   1365546
  1.591609e+00   1.347617e-06   1.122088e-03   1.150707e-09   1367474
  1.595497e+00   1.343245e-06   1.123693e-03   1.143963e-09   1377984
  1.599384e+00   1.340766e-06   1.118321e-03   1.143529e-09   1379394
  1.603272e+00   1.340663e-06   1.123056e-03   1.138941e-09   1392230
  1.607160e+00   1.334067e-06   1.118740e-03   1.132302e-09   1392634
  1.611042e+00   1.335282e-06   1.122441e-03   1.129075e-09   1402666
  1.614928e+00   1.331079e-06   1.122269e-03   1.124135e-09   1408502
  1.618814e+00   1.325952e-06   1.122041e-03   1.114410e-09   1415418
  1.622692e+00   1.326812e-06   1.117068e-03   1.118966e-09   1416856
  1.626588e+00   1.323938e-06   1.130843e-03   1.102512e-09   1442002
  1.630485e+00   1.318744e-06   1.117858e-03   1.102406e-09   1431634
  1.634367e+00   1.315591e-06   1.122585e-03   1.094429e-09   1444606
  1.638250e+00   1.317233e-06   1.118765e-03   1.095889e-09   1445890
  1.642138e+00   1.312280e-06   1.126997e-03   1.086609e-09   1462210
  1.646026e+00   1.308391e-06   1.120901e-03   1.082082e-09   1459590
  1.649907e+00   1.304918e-06   1.123856e-03   1.073937e-09   1471226
  1.653797e+00   1.303580e-06   1.123379e-03   1.071637e-09   1480072
  1.657690e+00   1.301879e-06   1.121364e-03   1.068268e-09   1486594
  1.661576e+00   1.297385e-06   1.118520e-03   1.062727e-09   1488882
  1.665461e+00   1.296501e-06   1.123128e-03   1.056154e-09   1500854
  1.669353e+00   1.292429e-06   1.123083e-03   1.053991e-09   1506874
  1.673232e+00   1.292835e-06   1.117624e-03   1.053411e-09   1506094
  1.677111e+00   1.287002e-06   1.122855e-03   1.043361e-09   1519682
  1.680997e+00   1.285880e-06   1.122626e-03   1.042165e-09   1526724
  1.684890e+00   1.279692e-06   1.125240e-03   1.030257e-09   1539038
  1.688782e+00   1.278586e-06   1.119859e-03   1.031307e-09   1539810
  1.692664e+00   1.276251e-06   1.119007e-03   1.027364e-09   1545046
  1.696554e+00   1.274761e-06   1.126236e-03   1.021606e-09   1560538
  1.700441e+00   1.270733e-06   1.120507e-03   1.017907e-09   1557506
  1.704322e+00   1.267712e-06   1.124114e-03   1.012744e-09   1570062
  1.708203e+00   1.265405e-06   1.119253e-03   1.009086e-09   1571290
  1.712089e+00   1.261564e-06   1.124856e-03   1.001297e-09   1588228
  1.715982e+00   1.259721e-06   1.121250e-03   9.976966e-10   1591046
  1.719873e+00   1.257897e-06   1.123715e-03   9.941930e-10   1602474
  1.723761e+00   1.253593e-06   1.118014e-03   9.909480e-10   1601646
  1.727642e+00   1.249221e-06   1.120550e-03   9.842230e-10   1611266
  1.731523e+00   1.247631e-06   1.120678e-03   9.810011e-10   1616634
  1.735410e+00   1.243020e-06   1.126166e-03   9.724765e-10   1631366
  1.739297e+00   1.243694e-06   1.119655e-03   9.741304e-10   1631028
  1.743180e+00   1.242012e-06   1.119854e-03   9.680285e-10   1641446
  1.747073e+00   1.237496e-06   1.124208e-03   9.635092e-10   1654234
  1.750973e+00   1.233169e-06   1.126198e-03   9.555180e-10   1662874
  1.754858e+00   1.231520e-06   1.117471e-03   9.569800e-10   1656686
  1.758736e+00   1.227792e-06   1.122008e-03   9.497412e-10   1670898
  1.762622e+00   1.224791e-06   1.123056e-03   9.448548e-10   1678074
  1.766507e+00   1.222564e-06   1.123311e-03   9.431944e-10   1685198
  1.770393e+00   1.217902e-06   1.122996e-03   9.367777e-10   1694524
  1.774282e+00   1.216507e-06   1.120709e-03   9.313239e-10   1701334
  1.778171e+00   1.212790e-06   1.120908e-03   9.273342e-10   1709386
  1.782064e+00   1.209895e-06   1.123720e-03   9.223304e-10   1719994
  1.785953e+00   1.206581e-06   1.121006e-03   9.198998e-10   1721510
  1.789842e+00   1.203042e-06   1.124974e-03   9.137858e-10   1734978
  1.793722e+00   1.200872e-06   1.116124e-03   9.128734e-10   1728646
  1.797599e+00   1.199418e-06   1.122713e-03   9.067656e-10   1746868
  1.801486e+00   1.194460e-06   1.121127e-03   9.021163e-10   1752922
  1.805380e+00   1.192881e-06   1.125234e-03   8.974574e-10   1767862
  1.809271e+00   1.186838e-06   1.119301e-03   8.944499e-10   1765698
  1.813160e+00   1.186949e-06   1.125035e-03   8.886423e-10   1781270
  1.817049e+00   1.183186e-06   1.121176e-03   8.879728e-10   1780650
  1.820932e+00   1.176661e-06   1.124142e-03   8.792968e-10   1792418
  1.824813e+00   1.176800e-06   1.119388e-03   8.783975e-10   1792790
  1.828696e+00   1.171869e-06   1.123591e-03   8.703500e-10   1809852
  1.832585e+00   1.170196e-06   1.120140e-03   8.695300e-10   1812666
  1.836475e+00   1.169743e-06   1.124777e-03   8.641919e-10   1827614
  1.840367e+00   1.166267e-06   1.121640e-03   8.617760e-10   1829970
  1.844251e+00   1.160677e-06   1.120370e-03   8.567250e-10   1835030
  1.848131e+00   1.158546e-06   1.119790e-03   8.524416e-10   1841410
  1.852017e+00   1.156061e-06   1.124723e-03   8.485248e-10   1856626
  1.855900e+00   1.153110e-06   1.118305e-03   8.473524e-10   1854656
  1.859782e+00   1.149470e-06   1.121720e-03   8.408324e-10   1870698
  1.863671e+00   1.147866e-06   1.120553e-03   8.380733e-10   1876998
  1.867559e+00   1.143393e-06   1.120979e-03   8.337829e-10   1884458
  1.871445e+00   1.141718e-06   1.122381e-03   8.307380e-10   1891730
  1.875338e+00   1.137274e-06   1.127317e-03   8.251247e-10   1907574
  1.879232e+00   1.133889e-06   1.122851e-03   8.209139e-10   1907730
  1.883115e+00   1.133387e-06   1.120697e-03   8.192996e-10   1912154
  1.886997e+00   1.128732e-06   1.121764e-03   8.147132e-10   1923216
  1.890888e+00   1.126243e-06   1.124326e-03   8.098205e-10   1936562
  1.894776e+00   1.122921e-06   1.119734e-03   8.083496e-10   1936862
  1.898663e+00   1.116745e-06   1.122747e-03   7.991866e-10   1950114
  1.902549e+00   1.118555e-06   1.121089e-03   7.991829e-10   1953306
  1.906439e+00   1.113657e-06   1.125982e-03   7.936711e-10   1968806
  1.910327e+00   1.108029e-06   1.121186e-03   7.904062e-10   1968818
  1.914211e+00   1.107682e-06   1.121720e-03   7.867135e-10   1980624
  1.918097e+00   1.103076e-06   1.118800e-03   7.843311e-10   1985034
  1.921980e+00   1.102254e-06   1.120281e-03   7.802853e-10   1995242
  1.925870e+00   1.098178e-06   1.123830e-03   7.748214e-10   2007742
  1.929759e+00   1.093702e-06   1.121495e-03   7.707701e-10   2010538
  1.933641e+00   1.090070e-06   1.121298e-03   7.693617e-10   2017390
  1.937531e+00   1.088743e-06   1.126602e-03   7.637130e-10   2034346
  1.941413e+00   1.083962e-06   1.117450e-03   7.620381e-10   2025498
  1.945299e+00   1.082728e-06   1.127850e-03   7.558141e-10   2055248
  1.949189e+00   1.078532e-06   1.116586e-03   7.553669e-10   2045090
  1.953070e+00   1.077901e-06   1.121603e-03   7.504264e-10   2062074
  1.956959e+00   1.072444e-06   1.122727e-03   7.467327e-10   2070190
  1.960848e+00   1.070999e-06   1.123891e-03   7.427005e-10   2079226
  1.964734e+00   1.068021e-06   1.122069e-03   7.398897e-10   2083990
  1.968623e+00   1.065681e-06   1.124515e-03   7.359156e-10   2097898
  1.972507e+00   1.061029e-06   1.118548e-03   7.337932e-10   2095452
  1.976394e+00   1.057135e-06   1.124843e-03   7.257688e-10   2117390
  1.980286e+00   1.054344e-06   1.119656e-03   7.257257e-10   2117066
  1.984162e+00   1.050431e-06   1.115140e-03   7.224502e-10   2117238
  1.988045e+00   1.048151e-06   1.124414e-03   7.165460e-10   2140026
  1.991938e+00   1.045723e-06   1.125139e-03   7.137758e-10   2147234
  1.995825e+00   1.041690e-06   1.122378e-03   7.121368e-10   2150118
  1.999710e+00   1.040215e-06   1.122400e-03   7.086945e-10   2160386
  2.003596e+00   1.036311e-06   1.121122e-03   7.038224e-10   2168256
  2.007488e+00   1.031895e-06   1.124409e-03   6.980384e-10   2183306
  2.011378e+00   1.031281e-06   1.120925e-03   6.979047e-10   2184642
  2.015262e+00   1.028002e-06   1.120511e-03   6.953678e-10   2192318
  2.019141e+00   1.023220e-06   1.118713e-03   6.906242e-10   2196066
  2.023031e+00   1.020575e-06   1.127541e-03   6.855137e-10   2220890
  2.026922e+00   1.016592e-06   1.121128e-03   6.829375e-10   2215758
  2.030810e+00   1.015315e-06   1.124804e-03   6.798749e-10   2233988
  2.034697e+00   1.011669e-06   1.118045e-03   6.767635e-10   2231670
  2.038579e+00   1.008163e-06   1.119728e-03   6.734323e-10   2244338
  2.042469e+00   1.005895e-06   1.123477e-03   6.701002e-10   2258610
  2.046358e+00   1.000516e-06   1.121050e-03   6.657019e-10   2260718
  2.050240e+00   9.999221e-07   1.120914e-03   6.652146e-10   2268162
  2.054123e+00   9.965510e-07   1.121571e-03   6.608519e-10   2277494
  2.058008e+00   9.928732e-07   1.123134e-03   6.567117e-10   2288796
  2.061901e+00   9.912231e-07   1.126253e-03   6.525633e-10   2305226
  2.065791e+00   9.872131e-07   1.119672e-03   6.501435e-10   2301630
  2.069679e+00   9.844780e-07   1.123731e-03   6.475258e-10   2319770
  2.073565e+00   9.807894e-07   1.118309e-03   6.460310e-10   2315610
  2.077447e+00   9.779449e-07   1.124236e-03   6.405001e-10   2334662
  2.081332e+00   9.758915e-07   1.120785e-03   6.381171e-10   2335722
  2.085219e+00   9.724719e-07   1.124829e-03   6.345412e-10   2354102
  2.089107e+00   9.701782e-07   1.120313e-03   6.318279e-10   2355156
  2.092998e+00   9.643446e-07   1.124614e-03   6.259951e-10   2374250
  2.096888e+00   9.636451e-07   1.120068e-03   6.267606e-10   2373102
  2.100776e+00   9.583492e-07   1.122758e-03   6.209757e-10   2388194
  2.104658e+00   9.555316e-07   1.116928e-03   6.193454e-10   2383470
  2.108539e+00   9.555347e-07   1.123618e-03   6.158279e-10   2404994
  2.112426e+00   9.494038e-07   1.121916e-03   6.122326e-10   2408538
  2.116308e+00   9.480874e-07   1.121742e-03   6.096643e-10   2417744
  2.120198e+00   9.452917e-07   1.124446e-03   6.061702e-10   2434578
  2.124090e+00   9.407391e-07   1.121710e-03   6.038631e-10   2438414
  2.127979e+00   9.390014e-07   1.122410e-03   5.996976e-10   2448066
  2.131867e+00   9.351234e-07   1.122662e-03   5.974610e-10   2456018
  2.135751e+00   9.321197e-07   1.121406e-03   5.948003e-10   2461230
  2.139636e+00   9.300854e-07   1.122653e-03   5.910282e-10   2474330
  2.143519e+00   9.261231e-07   1.119652e-03   5.884449e-10   2476498
  2.147405e+00   9.236761e-07   1.124366e-03   5.846580e-10   2497240
  2.151298e+00   9.203820e-07   1.122529e-03   5.824981e-10   2502930
  2.155185e+00   9.157728e-07   1.120390e-03   5.790336e-10   2508470
  2.159072e+00   9.131120e-07   1.121001e-03   5.766318e-10   2518482
  2.162961e+00   9.116439e-07   1.123829e-03   5.734446e-10   2532074
  2.166844e+00   9.085721e-07   1.118275e-03   5.719353e-10   2526678
  2.170724e+00   9.049538e-07   1.124045e-03   5.676540e-10   2549018
  2.174611e+00   9.024041e-07   1.120040e-03   5.651009e-10   2551704
  2.178497e+00   8.997264e-07   1.122028e-03   5.612009e-10   2566226
  2.182386e+00   8.958515e-07   1.122230e-03   5.591700e-10   2573898
  2.186278e+00   8.946257e-07   1.124844e-03   5.568237e-10   2589182
  2.190164e+00   8.908901e-07   1.119195e-03   5.544056e-10   2584890
  2.194049e+00   8.879598e-07   1.124371e-03   5.503639e-10   2605190
  2.197936e+00   8.837932e-07   1.121682e-03   5.483804e-10   2606418
  2.201821e+00   8.803879e-07   1.123741e-03   5.446606e-10   2621186
  2.205707e+00   8.765922e-07   1.120704e-03   5.411629e-10   2626608
  2.209592e+00   8.746752e-07   1.119995e-03   5.385804e-10   2636714
  2.213479e+00   8.722080e-07   1.121274e-03   5.363054e-10   2647482
  2.217374e+00   8.702458e-07   1.127022e-03   5.337928e-10   2668382
  2.221265e+00   8.664854e-07   1.120175e-03   5.312079e-10   2660418
  2.225149e+00   8.645109e-07   1.122869e-03   5.286279e-10   2676662
  2.229029e+00   8.608281e-07   1.117920e-03   5.266096e-10   2674210
  2.232911e+00   8.564771e-07   1.123157e-03   5.220157e-10   2697076
  2.236800e+00   8.531611e-07   1.121599e-03   5.194032e-10   2703558
  2.240687e+00   8.520673e-07   1.121191e-03   5.174682e-10   2713250
  2.244572e+00   8.483304e-07   1.119243e-03   5.154727e-10   2717718
  2.248464e+00   8.451672e-07   1.127021e-03   5.105478e-10   2743178
  2.252353e+00   8.432001e-07   1.120305e-03   5.109372e-10   2732730
  2.256238e+00   8.388682e-07   1.126187e-03   5.055704e-10   2758022
  2.260125e+00   8.366727e-07   1.119041e-03   5.047308e-10   2751994
  2.264006e+00   8.339387e-07   1.121171e-03   5.014299e-10   2769052
  2.267895e+00   8.305322e-07   1.122842e-03   4.981861e-10   2783062
  2.271785e+00   8.270168e-07   1.121645e-03   4.962559e-10   2789362
  2.275674e+00   8.241610e-07   1.121981e-03   4.934938e-10   2799582
  2.279564e+00   8.198388e-07   1.123236e-03   4.896176e-10   2811170
  2.283450e+00   8.174766e-07   1.121033e-03   4.871464e-10   2812658
  2.287338e+00   8.148173e-07   1.125793e-03   4.846875e-10   2833302
  2.291222e+00   8.110860e-07   1.118388e-03   4.821047e-10   2827420
  2.295104e+00   4.208736e-08   1.121018e-03   1.462661e-10   2846710
  2.298989e+00   3.043752e-09   1.120692e-03   2.363530e-12   2846535
  2.302873e+00   2.844373e-09   1.122997e-03   2.217613e-12   2848496
  2.306761e+00   2.651246e-09   1.122225e-03   2.070482e-12   2841084
  2.310652e+00   2.483243e-09   1.124928e-03   1.940222e-12   2843480
  2.314540e+00   2.335538e-09   1.120270e-03   1.824378e-12   2826624
  2.318424e+00   2.214527e-09   1.123352e-03   1.724306e-12   2828732
  2.322310e+00   2.104363e-09   1.121451e-03   1.635102e-12   2819296
  2.326197e+00   2.004624e-09   1.122811e-03   1.552101e-12   2819548
  2.330081e+00   1.919460e-09   1.118959e-03   1.486008e-12   2805192
  2.333967e+00   1.848977e-09   1.123463e-03   1.426545e-12   2811104
  2.337856e+00   1.779517e-09   1.121717e-03   1.368513e-12   2800672
  2.341743e+00   1.715106e-09   1.122654e-03   1.313264e-12   2798080
  2.345628e+00   1.652350e-09   1.120248e-03   1.262460e-12   2786976
  2.349516e+00   1.599108e-09   1.123594e-03   1.216776e-12   2791016
  2.353406e+00   1.549669e-09   1.121382e-03   1.174809e-12   2779360
  2.357287e+00   1.503141e-09   1.119573e-03   1.136798e-12   2768644
  2.361169e+00   1.458346e-09   1.122534e-03   1.096634e-12   2771192
  2.365058e+00   1.417628e-09   1.121875e-03   1.063046e-12   2765028
  2.368946e+00   1.381724e-09   1.122751e-03   1.032390e-12   2760864
  2.372840e+00   1.349731e-09   1.125689e-03   1.001781e-12   2761616
  2.376724e+00   1.316303e-09   1.118525e-03   9.796862e-13   2737932
  2.380610e+00   1.283297e-09   1.125904e-03   9.456977e-13   2752280
  2.384498e+00   1.252890e-09   1.118464e-03   9.234450e-13   2728764
  2.388382e+00   1.230031e-09   1.123937e-03   9.013391e-13   2736368
  2.392268e+00   1.205861e-09   1.119459e-03   8.826143e-13   2719952
  2.396155e+00   1.180505e-09   1.124236e-03   8.594798e-13   2727120
  2.400042e+00   1.158382e-09   1.118614e-03   8.416471e-13   2708400
  2.403932e+00   1.138774e-09   1.125719e-03   8.226376e-13   2718536
  2.407818e+00   1.118020e-09   1.118504e-03   8.073486e-13   2694300
  2.411707e+00   1.097498e-09   1.126793e-03   7.859034e-13   2709440
  2.415596e+00   1.078686e-09   1.117787e-03   7.740785e-13   2682108
  2.419475e+00   1.061093e-09   1.121308e-03   7.566864e-13   2684912
  2.423360e+00   1.045474e-09   1.121998e-03   7.436525e-13   2678868
  2.427246e+00   1.031293e-09   1.122668e-03   7.298584e-13   2674772
  2.431135e+00   1.011767e-09   1.123033e-03   7.150329e-13   2670120
  2.435021e+00   9.982096e-10   1.120804e-03   7.038444e-13   2659532
  2.438909e+00   9.850751e-10   1.123713e-03   6.918792e-13   2659704
  2.442801e+00   9.717629e-10   1.124617e-03   6.818284e-13   2654348
  2.446687e+00   9.579304e-10   1.121000e-03   6.697344e-13   2640276
  2.450572e+00   9.452254e-10   1.121992e-03   6.585695e-13   2638700
  2.454457e+00   9.339261e-10   1.120074e-03   6.509143e-13   2628244
  2.458344e+00   9.248619e-10   1.124115e-03   6.409343e-13   2630920
  2.462234e+00   9.128803e-10   1.121877e-03   6.322153e-13   2618904
  2.466118e+00   9.015465e-10   1.120448e-03   6.233863e-13   2610932
  2.470005e+00   8.909657e-10   1.121951e-03   6.133441e-13   2608464
  2.473895e+00   8.805819e-10   1.123139e-03   6.054085e-13   2603708
  2.477779e+00   8.709806e-10   1.119694e-03   5.968485e-13   2588012
  2.481660e+00   8.616277e-10   1.122196e-03   5.888383e-13   2588364
  2.485545e+00   8.520043e-10   1.120384e-03   5.815158e-13   2579076
  2.489430e+00   8.451597e-10   1.121132e-03   5.757244e-13   2574152
  2.493314e+00   8.355160e-10   1.121505e-03   5.688004e-13   2566812
  2.497207e+00   8.271203e-10   1.127061e-03   5.603125e-13   2573732
  2.501098e+00   8.190115e-10   1.119524e-03   5.557692e-13   2550568
  2.504983e+00   8.109201e-10   1.123035e-03   5.497115e-13   2552068
  2.508870e+00   8.045461e-10   1.121138e-03   5.452551e-13   2539620
  2.512757e+00   7.968071e-10   1.124635e-03   5.374469e-13   2540936
  2.516646e+00   7.900619e-10   1.121040e-03   5.333934e-13   2528032
  2.520531e+00   7.807190e-10   1.120365e-03   5.257972e-13   2521480
  2.524419e+00   7.764062e-10   1.122347e-03   5.223814e-13   2517980
  2.528309e+00   7.689225e-10   1.123011e-03   5.172100e-13   2511744
  2.532195e+00   7.635398e-10   1.120855e-03   5.141420e-13   2500140
  2.536081e+00   7.564903e-10   1.121926e-03   5.085092e-13   2496980
  2.539968e+00   7.501085e-10   1.121125e-03   5.040343e-13   2486924
  2.543856e+00   7.447626e-10   1.124762e-03   4.993678e-13   2487000
  2.547743e+00   7.373417e-10   1.120210e-03   4.951921e-13   2469840
  2.551626e+00   7.317922e-10   1.122637e-03   4.904330e-13   2469656
  2.555511e+00   7.275341e-10   1.119469e-03   4.888458e-13   2456844
  2.559401e+00   7.213508e-10   1.125965e-03   4.829712e-13   2462876
  2.563290e+00   7.163222e-10   1.120472e-03   4.812846e-13   2442136
  2.567174e+00   7.106409e-10   1.123165e-03   4.764819e-13   2441944
  2.571061e+00   7.051775e-10   1.120769e-03   4.738625e-13   2430508
  2.574945e+00   7.000346e-10   1.121157e-03   4.702050e-13   2424352
  2.578832e+00   6.956968e-10   1.123693e-03   4.665308e-13   2421264
  2.582722e+00   6.906355e-10   1.122895e-03   4.638270e-13   2413064
  2.586608e+00   6.857036e-10   1.120676e-03   4.611277e-13   2401572
  2.590492e+00   6.816770e-10   1.121724e-03   4.590901e-13   2397284
  2.594379e+00   6.765440e-10   1.121499e-03   4.556578e-13   2388336
  2.598268e+00   6.707380e-10   1.124943e-03   4.514085e-13   2387204
  2.602153e+00   6.669603e-10   1.119280e-03   4.508344e-13   2368644
  2.606033e+00   6.627042e-10   1.120613e-03   4.481808e-13   2365400
  2.609918e+00   6.598992e-10   1.121690e-03   4.458735e-13   2360072
  2.613808e+00   6.542196e-10   1.123660e-03   4.431317e-13   2356464
  2.617696e+00   6.510209e-10   1.121214e-03   4.413396e-13   2343240
  2.621583e+00   6.458903e-10   1.122605e-03   4.372058e-13   2340248
  2.625468e+00   6.411317e-10   1.118824e-03   4.353814e-13   2325000
  2.629355e+00   6.377904e-10   1.124959e-03   4.333167e-13   2328632
  2.633245e+00   6.346426e-10   1.121910e-03   4.327733e-13   2313220
  2.637134e+00   6.287027e-10   1.124095e-03   4.283973e-13   2310772
  2.641020e+00   6.255791e-10   1.119781e-03   4.284430e-13   2295420
  2.644905e+00   6.214296e-10   1.122584e-03   4.250413e-13   2293592
  2.648791e+00   6.181446e-10   1.120952e-03   4.245614e-13   2281384
  2.652683e+00   6.143073e-10   1.126704e-03   4.219235e-13   2285776
  2.656570e+00   6.097909e-10   1.117325e-03   4.213609e-13   2259408
  2.660455e+00   6.067771e-10   1.124314e-03   4.191146e-13   2266808
  2.664344e+00   6.031778e-10   1.120389e-03   4.186296e-13   2248836
  2.668227e+00   5.986234e-10   1.123045e-03   4.160184e-13   2245244
  2.672111e+00   5.953432e-10   1.120801e-03   4.144598e-13   2233908
  2.675998e+00   5.918757e-10   1.122974e-03   4.119566e-13   2231660
  2.679886e+00   5.881307e-10   1.120422e-03   4.121942e-13   2218544
  2.683775e+00   5.850615e-10   1.124792e-03   4.100169e-13   2218176
  2.687664e+00   5.815016e-10   1.121286e-03   4.085718e-13   2202900
  2.691550e+00   5.787594e-10   1.121747e-03   4.085044e-13   2197472
  2.695433e+00   5.751320e-10   1.118354e-03   4.068123e-13   2181960
  2.699317e+00   5.715372e-10   1.124130e-03   4.041867e-13   2183696
  2.703207e+00   5.688133e-10   1.123719e-03   4.048062e-13   2173416
  2.707096e+00   5.659359e-10   1.122917e-03   4.037502e-13   2165444
  2.710982e+00   5.610807e-10   1.119761e-03   4.015760e-13   2152688
  2.714867e+00   5.588471e-10   1.121777e-03   4.009625e-13   2147628
  2.718754e+00   5.555294e-10   1.122335e-03   3.998284e-13   2139012
  2.722646e+00   5.523469e-10   1.125226e-03   3.983056e-13   2136008
  2.726525e+00   5.475895e-10   1.114594e-03   3.978025e-13   2108656
  2.730404e+00   5.457669e-10   1.123744e-03   3.955704e-13   2117896
  2.734296e+00   5.429360e-10   1.123450e-03   3.949999e-13   2106260
  2.738185e+00   5.395609e-10   1.123855e-03   3.942627e-13   2099088
  2.742075e+00   5.348663e-10   1.121974e-03   3.931494e-13   2088432
  2.745961e+00   5.317829e-10   1.120471e-03   3.913671e-13   2078432
  2.749845e+00   5.293525e-10   1.120708e-03   3.907959e-13   2069048
  2.753732e+00   5.271945e-10   1.123831e-03   3.910334e-13   2064804
  2.757623e+00   5.232788e-10   1.123568e-03   3.890429e-13   2055644
  2.761510e+00   5.209664e-10   1.120700e-03   3.889758e-13   2043000
  2.765392e+00   5.169587e-10   1.120067e-03   3.869541e-13   2032348
  2.769281e+00   5.152631e-10   1.126495e-03   3.857769e-13   2034064
  2.773172e+00   5.132157e-10   1.122211e-03   3.875463e-13   2017740
  2.777059e+00   5.081304e-10   1.121480e-03   3.838693e-13   2010188
  2.780942e+00   5.054853e-10   1.118751e-03   3.840042e-13   1996556
  2.784826e+00   5.043522e-10   1.122456e-03   3.846379e-13   1992816
  2.788712e+00   5.001544e-10   1.122411e-03   3.830852e-13   1982400
  2.792596e+00   4.976843e-10   1.121262e-03   3.833947e-13   1972256
  2.796480e+00   4.948856e-10   1.121000e-03   3.815108e-13   1964384
  2.800370e+00   4.914412e-10   1.122889e-03   3.802787e-13   1958544
  2.804258e+00   4.906285e-10   1.122489e-03   3.817350e-13   1946988
  2.808149e+00   4.863667e-10   1.124629e-03   3.800343e-13   1942532
  2.812034e+00   4.841574e-10   1.117383e-03   3.800060e-13   1921692
  2.815918e+00   4.810002e-10   1.123808e-03   3.780508e-13   1924004
  2.819806e+00   4.786942e-10   1.120365e-03   3.790274e-13   1907344
  2.823695e+00   4.751721e-10   1.126069e-03   3.770154e-13   1907440
  2.827583e+00   4.730229e-10   1.118720e-03   3.781240e-13   1886136
  2.831464e+00   4.702384e-10   1.121920e-03   3.772834e-13   1883144
  2.835353e+00   4.670832e-10   1.122753e-03   3.744726e-13   1874724
  2.839243e+00   4.662787e-10   1.123826e-03   3.764601e-13   1866068
  2.843130e+00   4.615907e-10   1.121455e-03   3.747562e-13   1852980
  2.847017e+00   4.590836e-10   1.122782e-03   3.744679e-13   1847468
  2.850900e+00   4.571751e-10   1.117935e-03   3.743100e-13   1829636
  2.854785e+00   4.534102e-10   1.123959e-03   3.726800e-13   1829688
  2.858675e+00   4.512331e-10   1.122789e-03   3.730771e-13   1817192
  2.862561e+00   4.496148e-10   1.121150e-03   3.739280e-13   1806312
  2.866446e+00   4.465049e-10   1.120289e-03   3.728828e-13   1795984
  2.870334e+00   4.442857e-10   1.123627e-03   3.722848e-13   1791100
  2.874224e+00   4.425387e-10   1.122050e-03   3.732941e-13   1777648
  2.878111e+00   4.390072e-10   1.123043e-03   3.716583e-13   1769848
  2.881996e+00   4.365035e-10   1.119995e-03   3.715711e-13   1756536
  2.885881e+00   4.343602e-10   1.121386e-03   3.721536e-13   1748960
  2.889768e+00   4.323439e-10   1.123014e-03   3.717375e-13   1739952
  2.893658e+00   4.283860e-10   1.124239e-03   3.697863e-13   1732124
  2.897544e+00   4.263742e-10   1.120323e-03   3.699117e-13   1716852
  2.901430e+00   4.237837e-10   1.122735e-03   3.697613e-13   1712276
  2.905319e+00   4.212723e-10   1.121222e-03   3.695375e-13   1698500
  2.909208e+00   4.193514e-10   1.125604e-03   3.682401e-13   1693932
  2.913093e+00   4.170544e-10   1.119232e-03   3.697724e-13   1675204
  2.916975e+00   4.137612e-10   1.121771e-03   3.687560e-13   1670644
  2.920858e+00   4.121254e-10   1.118515e-03   3.705809e-13   1655532
  2.924748e+00   4.104318e-10   1.126990e-03   3.690823e-13   1656860
  2.928637e+00   4.083885e-10   1.119840e-03   3.709844e-13   1635372
  2.932524e+00   4.041581e-10   1.124773e-03   3.677213e-13   1634324
  2.936410e+00   4.029661e-10   1.117372e-03   3.694352e-13   1613676
  2.940295e+00   3.998325e-10   1.124617e-03   3.677451e-13   1613348
  2.944183e+00   3.980582e-10   1.120803e-03   3.692169e-13   1596236
  2.948069e+00   3.952112e-10   1.123999e-03   3.685888e-13   1591476
  2.951956e+00   3.932307e-10   1.119134e-03   3.694180e-13   1575732
  2.955838e+00   3.897758e-10   1.120429e-03   3.676181e-13   1566236
  2.959725e+00   3.897868e-10   1.124724e-03   3.693113e-13   1560292
  2.963618e+00   3.855825e-10   1.124442e-03   3.679246e-13   1550092
  2.967503e+00   3.839505e-10   1.118750e-03   3.701508e-13   1532628
  2.971386e+00   3.813772e-10   1.121507e-03   3.675852e-13   1527332
  2.975274e+00   3.796693e-10   1.121884e-03   3.695883e-13   1515212
  2.979160e+00   3.778992e-10   1.123567e-03   3.695748e-13   1506444
  2.983048e+00   3.751056e-10   1.122261e-03   3.691169e-13   1495116
  2.986928e+00   3.718730e-10   1.117074e-03   3.695266e-13   1479152
  2.990812e+00   3.695109e-10   1.122982e-03   3.681921e-13   1475512
  2.994707e+00   3.693809e-10   1.126591e-03   3.706442e-13   1467820
  2.998598e+00   3.656343e-10   1.121923e-03   3.686731e-13   1451256
  3.002486e+00   3.632680e-10   1.122725e-03   3.692704e-13   1443212
  3.006369e+00   3.606836e-10   1.117256e-03   3.684247e-13   1425680
  3.010254e+00   3.580270e-10   1.124371e-03   3.692419e-13   1422972
  3.014143e+00   3.577011e-10   1.123023e-03   3.713753e-13   1408632
  3.018032e+00   3.540138e-10   1.123941e-03   3.691735e-13   1400984
  3.021918e+00   3.519727e-10   1.117887e-03   3.705711e-13   1383196
  3.025801e+00   3.496796e-10   1.123197e-03   3.692364e-13   1378120
  3.029692e+00   3.484491e-10   1.124450e-03   3.724088e-13   1367272
  3.033584e+00   3.460292e-10   1.124457e-03   3.718425e-13   1356580
  3.037464e+00   3.425794e-10   1.115974e-03   3.709688e-13   1337028
  3.041343e+00   3.396612e-10   1.120802e-03   3.705429e-13   1332500
  3.045230e+00   3.387977e-10   1.122780e-03   3.715141e-13   1321796
  3.049120e+00   3.360520e-10   1.124838e-03   3.723666e-13   1312716
  3.053007e+00   3.340661e-10   1.119942e-03   3.737313e-13   1296580
  3.056896e+00   3.305384e-10   1.124221e-03   3.706112e-13   1291528
  3.060783e+00   3.286519e-10   1.119071e-03   3.730533e-13   1273128
  3.064669e+00   3.272885e-10   1.125633e-03   3.743613e-13   1268720
  3.068560e+00   3.245495e-10   1.122309e-03   3.730183e-13   1254016
  3.072444e+00   3.212928e-10   1.119894e-03   3.737353e-13   1241296
  3.076322e+00   3.192032e-10   1.116955e-03   3.724625e-13   1226712
  3.080211e+00   3.174351e-10   1.128188e-03   3.733634e-13   1226228
  3.084105e+00   3.161838e-10   1.122621e-03   3.773130e-13   1207768
  3.087992e+00   3.123673e-10   1.122433e-03   3.753544e-13   1198336
  3.091874e+00   3.106941e-10   1.117108e-03   3.766294e-13   1181484
  3.095761e+00   3.066959e-10   1.125421e-03   3.746979e-13   1178012
  3.099653e+00   3.069956e-10   1.123268e-03   3.789076e-13   1162564
  3.103535e+00   3.024156e-10   1.120338e-03   3.774267e-13   1149340
  3.107418e+00   3.000674e-10   1.119954e-03   3.758883e-13   1138848
  3.111303e+00   2.972867e-10   1.120192e-03   3.775908e-13   1126748
  3.115189e+00   2.972962e-10   1.123911e-03   3.812832e-13   1117428
  3.119084e+00   2.935813e-10   1.126323e-03   3.779540e-13   1108112
  3.122973e+00   2.898393e-10   1.119549e-03   3.778128e-13   1090596
  3.126857e+00   2.864397e-10   1.120292e-03   3.766957e-13   1081052
  3.130738e+00   2.859111e-10   1.118514e-03   3.816118e-13   1065716
  3.134626e+00   2.839579e-10   1.127732e-03   3.792358e-13   1061940
  3.138518e+00   2.806541e-10   1.121370e-03   3.818057e-13   1044096
  3.142404e+00   2.755806e-10   1.122139e-03   3.771050e-13   1034864
  3.146289e+00   2.743462e-10   1.117591e-03   3.787888e-13   1018308
  3.150179e+00   2.731734e-10   1.129200e-03   3.820829e-13   1014812
  3.154072e+00   2.690881e-10   1.121981e-03   3.818262e-13   996288
  3.157955e+00   2.652237e-10   1.120847e-03   3.792893e-13   985376
  3.161835e+00   2.630590e-10   1.115880e-03   3.810379e-13   969652
  3.165722e+00   2.607066e-10   1.125987e-03   3.799965e-13   964924
  3.169610e+00   2.585229e-10   1.121515e-03   3.826367e-13   947228
  3.173495e+00   2.530383e-10   1.123457e-03   3.775439e-13   939084
  3.177381e+00   2.498371e-10   1.116472e-03   3.742117e-13   921864
  3.181265e+00   2.469718e-10   1.123502e-03   3.753742e-13   914252
  3.185159e+00   2.462153e-10   1.126304e-03   3.794569e-13   902572
  3.189050e+00   2.411427e-10   1.123145e-03   3.748795e-13   888784
  3.192932e+00   2.360548e-10   1.116224e-03   3.691928e-13   872540
  3.196811e+00   2.329691e-10   1.120157e-03   3.692004e-13   862848
  3.200697e+00   2.320014e-10   1.124093e-03   3.738886e-13   851760
  3.204592e+00   2.269324e-10   1.127172e-03   3.673385e-13   841940
  3.208479e+00   2.224526e-10   1.117661e-03   3.648628e-13   823032
  3.212364e+00   2.185194e-10   1.123934e-03   3.620384e-13   816044
  3.216253e+00   2.152700e-10   1.120364e-03   3.613710e-13   799292
  3.220140e+00   2.113588e-10   1.126784e-03   3.589590e-13   791304
  3.224026e+00   2.062923e-10   1.117490e-03   3.523387e-13   772868
  3.227902e+00   2.011278e-10   1.119936e-03   3.472118e-13   762552
  3.231787e+00   1.981498e-10   1.121745e-03   3.439279e-13   750876
  3.235677e+00   1.934849e-10   1.123999e-03   3.400044e-13   739280
  3.239565e+00   1.880906e-10   1.121784e-03   3.320260e-13   724944
  3.243456e+00   1.822972e-10   1.124267e-03   3.241640e-13   714380
  3.247336e+00   1.772576e-10   1.116046e-03   3.157615e-13   695932
  3.251222e+00   1.721670e-10   1.126879e-03   3.053702e-13   690949
  3.255114e+00   1.672191e-10   1.118914e-03   2.961302e-13   673638
  3.258999e+00   1.624441e-10   1.124434e-03   2.893401e-13   666092
  3.262883e+00   1.599468e-10   1.117312e-03   2.872036e-13   651024
  3.266766e+00   1.555785e-10   1.124054e-03   2.787113e-13   644804
  3.270656e+00   1.522004e-10   1.121035e-03   2.740831e-13   632676
  3.274546e+00   1.483500e-10   1.125434e-03   2.694773e-13   624962
  3.278430e+00   1.445850e-10   1.118496e-03   2.596414e-13   611280
  3.282321e+00   1.420651e-10   1.127391e-03   2.577580e-13   607256
  3.286211e+00   1.393198e-10   1.118374e-03   2.553422e-13   592616
  3.290095e+00   1.362333e-10   1.124430e-03   2.506813e-13   587160
  3.293983e+00   1.327254e-10   1.120749e-03   2.448037e-13   575482
  3.297866e+00   1.300085e-10   1.122505e-03   2.423492e-13   568258
  3.301757e+00   1.277044e-10   1.122731e-03   2.375334e-13   559638
  3.305647e+00   1.248040e-10   1.123210e-03   2.345174e-13   551498
  3.309536e+00   1.225561e-10   1.121790e-03   2.287697e-13   542364
  3.313423e+00   1.191448e-10   1.122328e-03   2.252581e-13   534146
  3.317305e+00   1.174552e-10   1.119988e-03   2.226573e-13   524980
  3.321196e+00   1.141151e-10   1.125222e-03   2.174104e-13   519964
  3.325077e+00   1.117142e-10   1.115886e-03   2.129018e-13   507108
  3.328962e+00   1.094925e-10   1.126905e-03   2.078922e-13   504992
  3.332852e+00   1.075726e-10   1.118656e-03   2.068087e-13   492948
  3.336740e+00   1.052598e-10   1.127360e-03   2.022360e-13   489740
  3.340629e+00   1.031034e-10   1.117346e-03   2.007309e-13   477716
  3.344511e+00   1.004487e-10   1.124864e-03   1.957098e-13   473844
  3.348399e+00   9.916454e-11   1.119228e-03   1.921807e-13   464222
  3.352284e+00   9.601291e-11   1.123815e-03   1.879353e-13   459048
  3.356167e+00   9.542070e-11   1.117888e-03   1.871804e-13   449574
  3.360054e+00   9.239628e-11   1.125019e-03   1.826520e-13   445820
  3.363936e+00   9.118870e-11   1.116211e-03   1.830182e-13   435158
  3.367827e+00   8.939720e-11   1.127850e-03   1.794453e-13   433566
  3.371713e+00   8.731370e-11   1.114763e-03   1.759084e-13   421014
  3.375597e+00   8.541841e-11   1.127754e-03   1.727868e-13   419996
  3.379490e+00   8.394306e-11   1.118287e-03   1.692384e-13   409482
  3.383368e+00   8.121428e-11   1.121665e-03   1.649109e-13   404414
  3.387257e+00   8.074475e-11   1.122567e-03   1.641279e-13   398518
  3.391148e+00   7.798327e-11   1.123750e-03   1.593235e-13   392302
  3.395033e+00   7.744022e-11   1.121765e-03   1.599690e-13   385318
  3.398930e+00   7.514045e-11   1.127631e-03   1.558657e-13   381718
  3.402811e+00   7.351241e-11   1.114511e-03   1.538989e-13   370674
  3.406696e+00   7.260505e-11   1.128673e-03   1.534354e-13   370166
  3.410587e+00   7.148014e-11   1.117032e-03   1.504141e-13   359838
  3.414471e+00   6.942722e-11   1.126612e-03   1.465348e-13   357488
  3.418356e+00   6.867037e-11   1.115416e-03   1.472770e-13   348174
  3.422239e+00   6.649070e-11   1.126138e-03   1.423047e-13   346010
  3.426123e+00   6.577653e-11   1.115666e-03   1.421592e-13   336966
  3.430017e+00   6.388937e-11   1.131496e-03   1.374140e-13   336488
  3.433906e+00   6.301360e-11   1.113178e-03   1.377061e-13   325206
  3.437790e+00   6.150299e-11   1.128394e-03   1.341794e-13   324614
  3.441675e+00   6.021389e-11   1.113950e-03   1.327483e-13   314792
  3.445561e+00   5.873359e-11   1.129033e-03   1.297027e-13   314082
  3.449445e+00   5.760030e-11   1.112843e-03   1.298700e-13   303918
  3.453329e+00   5.683176e-11   1.130230e-03   1.267607e-13   303872
  3.457223e+00   5.570695e-11   1.118237e-03   1.249902e-13   295070
  3.461110e+00   5.423509e-11   1.127117e-03   1.219087e-13   292776
  3.464999e+00   5.328051e-11   1.118155e-03   1.206401e-13   285198
  3.468882e+00   5.187050e-11   1.124173e-03   1.187195e-13   282068
  3.472770e+00   5.103852e-11   1.120642e-03   1.169963e-13   276094
  3.476654e+00   4.970679e-11   1.121770e-03   1.154267e-13   271936
  3.480537e+00   4.885074e-11   1.119604e-03   1.136336e-13   266352
  3.484425e+00   4.798070e-11   1.124273e-03   1.109669e-13   263198
  3.488309e+00   4.735584e-11   1.117087e-03   1.123356e-13   256540
  3.492199e+00   4.621372e-11   1.128018e-03   1.088787e-13   254758
  3.496085e+00   4.515741e-11   1.114575e-03   1.079160e-13   246888
  3.499973e+00   4.432088e-11   1.129431e-03   1.062295e-13   245984
  3.503859e+00   4.323709e-11   1.113747e-03   1.041979e-13   237838
  3.507743e+00   4.223178e-11   1.128624e-03   1.025257e-13   236932
  3.511628e+00   4.161737e-11   1.114686e-03   1.009314e-13   229296
  3.515519e+00   4.059722e-11   1.132107e-03   1.000554e-13   228968
  3.519410e+00   4.003971e-11   1.115334e-03   9.897161e-14   220862
  3.523299e+00   3.895356e-11   1.132320e-03   9.719488e-14   220440
  3.527188e+00   3.855402e-11   1.113877e-03   9.649956e-14   212400
  3.531075e+00   3.735814e-11   1.132596e-03   9.338648e-14   212228
  3.534965e+00   3.700023e-11   1.113928e-03   9.399736e-14   204518
  3.538852e+00   3.592840e-11   1.130227e-03   9.247188e-14   203928
  3.542735e+00   3.535251e-11   1.110921e-03   9.099221e-14   196280
  3.546619e+00   3.424430e-11   1.130361e-03   8.780485e-14   196272
  3.550503e+00   3.410196e-11   1.110008e-03   8.918902e-14   188572
  3.554385e+00   3.295904e-11   1.129045e-03   8.612500e-14   188440
  3.558272e+00   3.260171e-11   1.112527e-03   8.708248e-14   181574
  3.562156e+00   3.175849e-11   1.129325e-03   8.374714e-14   180912
  3.566042e+00   3.150147e-11   1.112617e-03   8.479439e-14   174304
  3.569927e+00   3.046125e-11   1.129933e-03   8.229628e-14   173620
  3.573814e+00   3.044765e-11   1.114477e-03   8.306695e-14   167424
  3.577707e+00   2.931716e-11   1.132693e-03   8.016246e-14   166952
  3.581590e+00   2.905104e-11   1.109406e-03   8.094851e-14   159744
  3.585479e+00   2.824793e-11   1.134885e-03   7.826990e-14   160424
  3.589363e+00   2.809333e-11   1.107308e-03   7.912538e-14   152748
  3.593250e+00   2.720346e-11   1.136784e-03   7.715230e-14   153920
  3.597136e+00   2.678704e-11   1.105473e-03   7.622900e-14   146016
  3.601018e+00   2.606356e-11   1.136208e-03   7.448903e-14   147176
  3.604907e+00   2.579179e-11   1.107710e-03   7.524091e-14   139992
  3.608791e+00   2.530990e-11   1.135264e-03   7.399266e-14   140588
  3.612682e+00   2.501103e-11   1.111007e-03   7.451846e-14   134184
  3.616571e+00   2.411352e-11   1.134121e-03   7.124092e-14   134192
  3.620457e+00   2.398586e-11   1.110077e-03   7.301375e-14   127992
  3.624344e+00   2.347334e-11   1.133946e-03   7.047846e-14   128132
  3.628235e+00   2.307874e-11   1.112933e-03   7.183966e-14   122384
  3.632120e+00   2.240222e-11   1.130787e-03   6.840964e-14   121896
  3.636006e+00   2.226655e-11   1.111987e-03   7.013302e-14   116592
  3.639888e+00   2.174130e-11   1.130031e-03   6.803883e-14   116072
  3.643776e+00   2.152433e-11   1.113281e-03   6.947841e-14   111196
  3.647666e+00   2.076587e-11   1.133982e-03   6.636473e-14   110824
  3.651553e+00   2.083849e-11   1.109351e-03   6.878672e-14   105456
  3.655445e+00   2.012513e-11   1.137911e-03   6.577469e-14   105746
  3.659331e+00   1.995721e-11   1.104570e-03   6.666043e-14   99816
  3.663217e+00   1.956260e-11   1.137630e-03   6.509318e-14   100460
  3.667098e+00   1.927094e-11   1.103186e-03   6.615209e-14   94616
  3.670986e+00   1.900873e-11   1.138482e-03   6.488548e-14   95448
  3.674871e+00   1.866559e-11   1.104767e-03   6.512968e-14   89784
  3.678762e+00   1.810498e-11   1.138753e-03   6.318783e-14   90536
  3.682640e+00   1.817868e-11   1.098833e-03   6.525065e-14   84566
  3.686528e+00   1.763481e-11   1.143171e-03   6.316812e-14   86088
  3.690411e+00   1.740229e-11   1.094501e-03   6.415685e-14   79680
  3.694290e+00   1.716577e-11   1.143460e-03   6.240668e-14   81368
  3.698177e+00   1.700923e-11   1.096007e-03   6.435487e-14   75356
  3.702056e+00   1.644769e-11   1.143156e-03   6.124158e-14   76704
  3.705948e+00   1.647295e-11   1.100016e-03   6.368778e-14   71322
  3.709834e+00   1.596986e-11   1.143672e-03   6.080995e-14   72248
  3.713724e+00   1.602042e-11   1.099908e-03   6.366526e-14   67160
  3.717610e+00   1.556629e-11   1.141543e-03   6.150979e-14   67836
  3.721489e+00   1.531619e-11   1.096984e-03   6.254065e-14   62976
  3.725379e+00   1.504964e-11   1.144398e-03   6.089260e-14   63914
  3.729253e+00   1.494183e-11   1.092761e-03   6.318252e-14   58832
  3.733144e+00   1.464770e-11   1.147084e-03   6.131150e-14   60108
  3.737017e+00   1.466006e-11   1.090205e-03   6.301941e-14   54920
  3.740928e+00   1.437785e-11   1.160099e-03   6.119135e-14   56970
  3.744809e+00   1.437899e-11   1.078913e-03   6.491541e-14   50760
  3.748701e+00   1.388331e-11   1.161348e-03   6.131914e-14   53312
  3.752584e+00   1.391088e-11   1.074836e-03   6.498959e-14   47164
  3.756472e+00   1.355216e-11   1.163802e-03   6.179411e-14   49810
  3.760356e+00   1.359084e-11   1.069365e-03   6.589781e-14   43680
  3.764234e+00   1.329179e-11   1.164818e-03   6.321580e-14   46328
  3.768129e+00   1.304533e-11   1.073902e-03   6.579873e-14   40694
  3.772013e+00   1.294506e-11   1.167140e-03   6.170398e-14   42984
  3.775913e+00   1.280239e-11   1.073587e-03   6.725800e-14   37656
  3.779787e+00   1.271224e-11   1.164236e-03   6.481343e-14   39578
  3.783688e+00   1.256588e-11   1.077878e-03   6.702307e-14   34920
  3.787564e+00   1.237559e-11   1.160065e-03   6.497329e-14   36308
  3.791451e+00   1.248761e-11   1.076316e-03   7.002313e-14   32136
  3.795334e+00   1.216043e-11   1.159401e-03   6.650645e-14   33362
  3.799207e+00   1.222102e-11   1.069739e-03   7.190427e-14   29336
  3.803104e+00   1.183222e-11   1.167435e-03   6.737645e-14   30804
  3.806966e+00   1.188279e-11   1.055228e-03   7.366501e-14   26490
  3.810870e+00   1.147740e-11   1.176653e-03   6.839782e-14   28376
  3.814719e+00   1.162889e-11   1.039734e-03   7.711809e-14   23784
  3.818636e+00   1.154362e-11   1.189627e-03   7.057030e-14   26150
  3.822479e+00   1.150298e-11   1.021588e-03   7.841798e-14   21192
  3.826407e+00   1.130161e-11   1.204804e-03   7.217639e-14   24050
  3.830252e+00   1.119452e-11   1.002280e-03   8.224668e-14   18768
  3.834191e+00   1.110256e-11   1.221518e-03   7.470272e-14   22052
  3.838029e+00   1.115713e-11   9.660660e-04   8.821846e-14   16346
  3.841962e+00   1.092166e-11   1.236558e-03   7.864310e-14   20136
  3.845802e+00   1.100961e-11   9.274195e-04   9.244440e-14   14160
  3.849721e+00   1.084839e-11   1.247069e-03   8.149928e-14   18218
  3.853565e+00   1.081911e-11   8.859468e-04   9.810970e-14   12204
  3.857470e+00   1.067371e-11   1.256334e-03   8.399173e-14   16346
  3.861333e+00   1.100392e-11   8.562781e-04   1.072378e-13   10536
  3.865221e+00   1.047002e-11   1.261091e-03   8.674054e-14   14456
  3.869081e+00   1.071410e-11   8.165112e-04   1.150480e-13   8990
  3.872967e+00   1.057669e-11   1.270385e-03   9.341154e-14   12744
  3.876815e+00   1.027254e-11   7.482517e-04   1.180565e-13   7506
  3.880703e+00   1.054343e-11   1.282849e-03   1.031194e-13   11192
  3.884545e+00   1.041147e-11   6.569471e-04   1.338418e-13   6156
  3.888432e+00   1.025600e-11   1.294599e-03   1.052894e-13   9722
  3.892281e+00   1.047159e-11   5.567157e-04   1.480125e-13   4992
  3.896158e+00   1.036915e-11   1.304505e-03   1.142132e-13   8306
  3.900025e+00   1.016717e-11   4.384033e-04   1.637348e-13   3996
  3.903878e+00   1.046364e-11   1.309274e-03   1.262784e-13   6938
  3.907766e+00   1.095488e-11   3.047624e-04   1.934073e-13   3168
  3.911584e+00   1.028818e-11   1.304853e-03   1.348940e-13   5624
  3.915485e+00   9.911892e-12   2.103226e-04   1.912614e-13   2502
  3.919286e+00   1.002840e-11   1.297747e-03   1.593649e-13   4424
  3.923208e+00   1.077060e-11   2.230451e-04   2.382681e-13   1946
  3.926998e+00   1.000701e-11   1.292790e-03   1.787124e-13   3360
  3.930918e+00   1.067193e-11   1.221617e-04   2.678497e-13   1446
  3.934708e+00   9.859748e-12   1.290208e-03   1.963399e-13   2456
  3.938666e+00   1.033945e-11   2.340394e-04   2.987899e-13   1034
  3.942432e+00   1.049281e-11   1.288305e-03   2.600170e-13   1680
  3.946383e+00   9.299053e-12   5.837572e-05   3.444311e-13   678
  3.950143e+00   1.072661e-11   1.286681e-03   3.569191e-13   1064
  3.954177e+00   1.047272e-11   3.540138e-04   5.336631e-13   410
  3.957868e+00   9.516810e-12   1.284749e-03   3.911738e-13   576
  3.961879e+00   9.247033e-12   1.855368e-05   5.969721e-13   198
  3.965528e+00   9.657545e-12   1.272780e-03   5.836057e-13   248
  3.969917e+00   9.902630e-12   8.019490e-04   1.267969e-12   74
  3.973198e+00   7.944242e-12   1.252635e-03   1.045494e-12   48
  3.977405e+00   2.411830e-11   5.034095e-08   3.183298e-12   6
