# power spectrum of zeta (dimensionless)
# redshift z=5.964582
# k              Pk             sigma(k)       sigma(Pk)      count
  5.727314e-03   2.171562e-19   8.763345e-04   4.263658e-20   18
  1.001182e-02   3.877997e-18   1.059922e-03   6.038899e-19   62
  1.393445e-02   9.320014e-18   7.332271e-04   1.206601e-18   90
  1.764809e-02   2.235234e-17   1.157232e-03   1.531588e-18   170
  2.151286e-02   3.588911e-17   1.202795e-03   2.103100e-18   246
  2.528669e-02   5.275588e-17   1.146703e-03   2.917342e-18   338
  2.901099e-02   8.280133e-17   9.857564e-04   4.159171e-18   432
  3.284683e-02   1.079668e-16   1.010047e-03   4.766377e-18   578
  3.688195e-02   1.304617e-16   1.177086e-03   4.723583e-18   786
  4.101464e-02   1.547492e-16   1.190994e-03   5.004023e-18   974
  4.488954e-02   1.873685e-16   1.031402e-03   5.979488e-18   1002
  4.870958e-02   2.368419e-16   1.179303e-03   6.408757e-18   1334
  5.263577e-02   2.613833e-16   1.134676e-03   7.088558e-18   1458
  5.631027e-02   3.136586e-16   1.072446e-03   7.752824e-18   1604
  6.010158e-02   3.613431e-16   1.088865e-03   8.743737e-18   1974
  6.404851e-02   4.269178e-16   1.067989e-03   9.102805e-18   2234
  6.795611e-02   4.846205e-16   1.092954e-03   9.995238e-18   2490
  7.198483e-02   5.449384e-16   1.200217e-03   1.018961e-17   3014
  7.595394e-02   6.067854e-16   1.093611e-03   1.102714e-17   3018
  7.977896e-02   6.566298e-16   1.131598e-03   1.132472e-17   3446
  8.359600e-02   6.883320e-16   1.085617e-03   1.153128e-17   3626
  8.742004e-02   7.160223e-16   1.125556e-03   1.119986e-17   4164
  9.130612e-02   7.790307e-16   1.090740e-03   1.195473e-17   4470
  9.521636e-02   8.068201e-16   1.115446e-03   1.177087e-17   4970
  9.915211e-02   8.679956e-16   1.127844e-03   1.166670e-17   5366
  1.030785e-01   8.786748e-16   1.144516e-03   1.123216e-17   5778
  1.069619e-01   9.716682e-16   1.149148e-03   1.230310e-17   6162
  1.108671e-01   1.011887e-15   1.158272e-03   1.278889e-17   6734
  1.146806e-01   1.074291e-15   1.074898e-03   1.286209e-17   6756
  1.184510e-01   1.150908e-15   1.088568e-03   1.286238e-17   7502
  1.223464e-01   1.241668e-15   1.105366e-03   1.377908e-17   8154
  1.262469e-01   1.292755e-15   1.103283e-03   1.403292e-17   8618
  1.301909e-01   1.392830e-15   1.146655e-03   1.454099e-17   9390
  1.341197e-01   1.485713e-15   1.126004e-03   1.510002e-17   9722
  1.380051e-01   1.483620e-15   1.126950e-03   1.475387e-17   10242
  1.419007e-01   1.530759e-15   1.149257e-03   1.435330e-17   11006
  1.457777e-01   1.605456e-15   1.106962e-03   1.525799e-17   11348
  1.496576e-01   1.608542e-15   1.105725e-03   1.441749e-17   12150
  1.535164e-01   1.632323e-15   1.078348e-03   1.499525e-17   12498
  1.574072e-01   1.684701e-15   1.129889e-03   1.431039e-17   13586
  1.613096e-01   1.695606e-15   1.132072e-03   1.451468e-17   14006
  1.652381e-01   1.756548e-15   1.166232e-03   1.390447e-17   15162
  1.691226e-01   1.789335e-15   1.101754e-03   1.465554e-17   14990
  1.729750e-01   1.850037e-15   1.143142e-03   1.450606e-17   16380
  1.768610e-01   1.928723e-15   1.105581e-03   1.487079e-17   16666
  1.807168e-01   2.029700e-15   1.110348e-03   1.549351e-17   17638
  1.845996e-01   2.084082e-15   1.100521e-03   1.558366e-17   18354
  1.884710e-01   2.151281e-15   1.102640e-03   1.576070e-17   19034
  1.923685e-01   2.260415e-15   1.144302e-03   1.573198e-17   20270
  1.963174e-01   2.353302e-15   1.155956e-03   1.601787e-17   21258
  2.002141e-01   2.399091e-15   1.111898e-03   1.633981e-17   21350
  2.040863e-01   2.380026e-15   1.123159e-03   1.606600e-17   22644
  2.079681e-01   2.431710e-15   1.101476e-03   1.609272e-17   23114
  2.118390e-01   2.476257e-15   1.118265e-03   1.605110e-17   24342
  2.157382e-01   2.472373e-15   1.117694e-03   1.554332e-17   25194
  2.196235e-01   2.522097e-15   1.116195e-03   1.598874e-17   25982
  2.234724e-01   2.554964e-15   1.109599e-03   1.572618e-17   26506
  2.273806e-01   2.582812e-15   1.167806e-03   1.542985e-17   28738
  2.312750e-01   2.605024e-15   1.110542e-03   1.558011e-17   28296
  2.351662e-01   2.627629e-15   1.143823e-03   1.497815e-17   30554
  2.390501e-01   2.669363e-15   1.084103e-03   1.539018e-17   30094
  2.428824e-01   2.799931e-15   1.109820e-03   1.572964e-17   31738
  2.467836e-01   2.816753e-15   1.134747e-03   1.563098e-17   33306
  2.506613e-01   2.933803e-15   1.104153e-03   1.588360e-17   33422
  2.545365e-01   2.993647e-15   1.131527e-03   1.604748e-17   35298
  2.584714e-01   3.037304e-15   1.143069e-03   1.595442e-17   36650
  2.623670e-01   3.086894e-15   1.115532e-03   1.597560e-17   36888
  2.662651e-01   3.109118e-15   1.131896e-03   1.569027e-17   38834
  2.701697e-01   3.138798e-15   1.107355e-03   1.589483e-17   39246
  2.740453e-01   3.196940e-15   1.111777e-03   1.598399e-17   40466
  2.778984e-01   3.209472e-15   1.108403e-03   1.569864e-17   41106
  2.817847e-01   3.200974e-15   1.145602e-03   1.537825e-17   43598
  2.856833e-01   3.240973e-15   1.116308e-03   1.559455e-17   43650
  2.895471e-01   3.256282e-15   1.120907e-03   1.526069e-17   45272
  2.934575e-01   3.286940e-15   1.131740e-03   1.519986e-17   46994
  2.973636e-01   3.371220e-15   1.124346e-03   1.531615e-17   47850
  3.012447e-01   3.353146e-15   1.115858e-03   1.521987e-17   48846
  3.051030e-01   3.419344e-15   1.105642e-03   1.541409e-17   49706
  3.089532e-01   3.456131e-15   1.113265e-03   1.534719e-17   51198
  3.128464e-01   3.474410e-15   1.134266e-03   1.507184e-17   53402
  3.167281e-01   3.573810e-15   1.111145e-03   1.573577e-17   53634
  3.206428e-01   3.581331e-15   1.143806e-03   1.494841e-17   56888
  3.245618e-01   3.629931e-15   1.106794e-03   1.534938e-17   56474
  3.284581e-01   3.674865e-15   1.130606e-03   1.517369e-17   58962
  3.323510e-01   3.665685e-15   1.114731e-03   1.506931e-17   59214
  3.362265e-01   3.758580e-15   1.127963e-03   1.518905e-17   61250
  3.400938e-01   3.772346e-15   1.110759e-03   1.522830e-17   61694
  3.439480e-01   3.800957e-15   1.120230e-03   1.514906e-17   63618
  3.478512e-01   3.804588e-15   1.140078e-03   1.469187e-17   66284
  3.517691e-01   3.832009e-15   1.123324e-03   1.480053e-17   67014
  3.556494e-01   3.803075e-15   1.113722e-03   1.465452e-17   67930
  3.595371e-01   3.839148e-15   1.127426e-03   1.452148e-17   70294
  3.634200e-01   3.926319e-15   1.114424e-03   1.469616e-17   70658
  3.672742e-01   3.932042e-15   1.121955e-03   1.476753e-17   72522
  3.711539e-01   3.918862e-15   1.125103e-03   1.439138e-17   74550
  3.750359e-01   3.961488e-15   1.112832e-03   1.439589e-17   75674
  3.789191e-01   4.014192e-15   1.116846e-03   1.442006e-17   77708
  3.828461e-01   4.018090e-15   1.136191e-03   1.407371e-17   80622
  3.867545e-01   4.039246e-15   1.112810e-03   1.439566e-17   80330
  3.906423e-01   4.076566e-15   1.128269e-03   1.424472e-17   82974
  3.945313e-01   4.085766e-15   1.118618e-03   1.416237e-17   83666
  3.984084e-01   4.136906e-15   1.126394e-03   1.412362e-17   85746
  4.022765e-01   4.114124e-15   1.118427e-03   1.401689e-17   86702
  4.061542e-01   4.150171e-15   1.126154e-03   1.373179e-17   89556
  4.100569e-01   4.168472e-15   1.118519e-03   1.383182e-17   91038
  4.139484e-01   4.230970e-15   1.117921e-03   1.393461e-17   92522
  4.178268e-01   4.210562e-15   1.119569e-03   1.379657e-17   94034
  4.217415e-01   4.214359e-15   1.145339e-03   1.355536e-17   97758
  4.256173e-01   4.258092e-15   1.103600e-03   1.376379e-17   95770
  4.294627e-01   4.251265e-15   1.123790e-03   1.359855e-17   99646
  4.333400e-01   4.302153e-15   1.115333e-03   1.356048e-17   100980
  4.372362e-01   4.286134e-15   1.127284e-03   1.342740e-17   104258
  4.411386e-01   4.286344e-15   1.114910e-03   1.329121e-17   104998
  4.450377e-01   4.315315e-15   1.124073e-03   1.319561e-17   107866
  4.489311e-01   4.354344e-15   1.113184e-03   1.324265e-17   108154
  4.528161e-01   4.393649e-15   1.135370e-03   1.322386e-17   111622
  4.567076e-01   4.388683e-15   1.122976e-03   1.314064e-17   112146
  4.605727e-01   4.433245e-15   1.119518e-03   1.314543e-17   114014
  4.644440e-01   4.399960e-15   1.115906e-03   1.298520e-17   116220
  4.683319e-01   4.424874e-15   1.119789e-03   1.274612e-17   118682
  4.722291e-01   4.434193e-15   1.126606e-03   1.284800e-17   121118
  4.761348e-01   4.414512e-15   1.124808e-03   1.265929e-17   122994
  4.800157e-01   4.413629e-15   1.114862e-03   1.261001e-17   123574
  4.838959e-01   4.476585e-15   1.131276e-03   1.264432e-17   126922
  4.877763e-01   4.467248e-15   1.124735e-03   1.253888e-17   127906
  4.916481e-01   4.457782e-15   1.121767e-03   1.234157e-17   130432
  4.955333e-01   4.465660e-15   1.114812e-03   1.227265e-17   132642
  4.994186e-01   4.495688e-15   1.110800e-03   1.225311e-17   134534
  5.033164e-01   4.510357e-15   1.124671e-03   1.218169e-17   137778
  5.072392e-01   4.516967e-15   1.135312e-03   1.208816e-17   140786
  5.111285e-01   4.511436e-15   1.110620e-03   1.206487e-17   139590
  5.149976e-01   4.524680e-15   1.125619e-03   1.201854e-17   143546
  5.188865e-01   4.528003e-15   1.125142e-03   1.185722e-17   145338
  5.227635e-01   4.538919e-15   1.120484e-03   1.187013e-17   147272
  5.266520e-01   4.520464e-15   1.122335e-03   1.171973e-17   150330
  5.305485e-01   4.511438e-15   1.118234e-03   1.155553e-17   152318
  5.344262e-01   4.529557e-15   1.111066e-03   1.160009e-17   153202
  5.383243e-01   4.512774e-15   1.138693e-03   1.136163e-17   158626
  5.422165e-01   4.534775e-15   1.116855e-03   1.150849e-17   157350
  5.460935e-01   4.507267e-15   1.131200e-03   1.128871e-17   161906
  5.499589e-01   4.552152e-15   1.105071e-03   1.147157e-17   160872
  5.538418e-01   4.555969e-15   1.133375e-03   1.119740e-17   167858
  5.577463e-01   4.581647e-15   1.114977e-03   1.122663e-17   167514
  5.616201e-01   4.535665e-15   1.113803e-03   1.101875e-17   169862
  5.655108e-01   4.531438e-15   1.124453e-03   1.097937e-17   173602
  5.694083e-01   4.551316e-15   1.123533e-03   1.081166e-17   175258
  5.732959e-01   4.542819e-15   1.127164e-03   1.083603e-17   177654
  5.771897e-01   4.533948e-15   1.130949e-03   1.064179e-17   180698
  5.810773e-01   4.536792e-15   1.119005e-03   1.066312e-17   181968
  5.849616e-01   4.559352e-15   1.118541e-03   1.061882e-17   184850
  5.888448e-01   4.558028e-15   1.119144e-03   1.058986e-17   187034
  5.927421e-01   4.540074e-15   1.129966e-03   1.042086e-17   191238
  5.966308e-01   4.555871e-15   1.116348e-03   1.045975e-17   191042
  6.005065e-01   4.545096e-15   1.126286e-03   1.028410e-17   195102
  6.043812e-01   4.533985e-15   1.117515e-03   1.030176e-17   195786
  6.082630e-01   4.504995e-15   1.131649e-03   9.982986e-18   201164
  6.121481e-01   4.533307e-15   1.112645e-03   1.017967e-17   201070
  6.160242e-01   4.487669e-15   1.118305e-03   9.906479e-18   205234
  6.199111e-01   4.512761e-15   1.116352e-03   9.904733e-18   207342
  6.237987e-01   4.489211e-15   1.121735e-03   9.790861e-18   210602
  6.276909e-01   4.494674e-15   1.124203e-03   9.774761e-18   213130
  6.315953e-01   4.490286e-15   1.133190e-03   9.647940e-18   217318
  6.354807e-01   4.479599e-15   1.113546e-03   9.625606e-18   216306
  6.393491e-01   4.448461e-15   1.119403e-03   9.510875e-18   220652
  6.432430e-01   4.468643e-15   1.124854e-03   9.486301e-18   224502
  6.471454e-01   4.478215e-15   1.125081e-03   9.433144e-18   227186
  6.510345e-01   4.434254e-15   1.118193e-03   9.323672e-18   228398
  6.549165e-01   4.429818e-15   1.122259e-03   9.231979e-18   231642
  6.587972e-01   4.427269e-15   1.122763e-03   9.206461e-18   233946
  6.626908e-01   4.432887e-15   1.132956e-03   9.117863e-18   238694
  6.665707e-01   4.415664e-15   1.114640e-03   9.097748e-18   238068
  6.704525e-01   4.409414e-15   1.124042e-03   8.953610e-18   244190
  6.743498e-01   4.383500e-15   1.116752e-03   8.903160e-18   245362
  6.782313e-01   4.406466e-15   1.120102e-03   8.894273e-18   248362
  6.821206e-01   4.377084e-15   1.124509e-03   8.755282e-18   251966
  6.860099e-01   4.385714e-15   1.120649e-03   8.680626e-18   254034
  6.898855e-01   4.370327e-15   1.117172e-03   8.708649e-18   255818
  6.937781e-01   4.332943e-15   1.132899e-03   8.535129e-18   262254
  6.976722e-01   4.351867e-15   1.116974e-03   8.558953e-18   261980
  7.015718e-01   4.327641e-15   1.129534e-03   8.423784e-18   268566
  7.054538e-01   4.333987e-15   1.104857e-03   8.432238e-18   265538
  7.093286e-01   4.318822e-15   1.128000e-03   8.282917e-18   273330
  7.132165e-01   4.285503e-15   1.121481e-03   8.266559e-18   273718
  7.171069e-01   4.270656e-15   1.132652e-03   8.121858e-18   279658
  7.209986e-01   4.295214e-15   1.120025e-03   8.183884e-18   279670
  7.248700e-01   4.272335e-15   1.119062e-03   8.113885e-18   282964
  7.287608e-01   4.244563e-15   1.126489e-03   7.984918e-18   288362
  7.326540e-01   4.241859e-15   1.118613e-03   7.941816e-18   289686
  7.365333e-01   4.231895e-15   1.116235e-03   7.905106e-18   292234
  7.404015e-01   4.209374e-15   1.112765e-03   7.826684e-18   294190
  7.442845e-01   4.186512e-15   1.127923e-03   7.671418e-18   300642
  7.481851e-01   4.182257e-15   1.128116e-03   7.644551e-18   303386
  7.520700e-01   4.148237e-15   1.119257e-03   7.566207e-18   304662
  7.559583e-01   4.136467e-15   1.122290e-03   7.539001e-18   309812
  7.598513e-01   4.123846e-15   1.117608e-03   7.467702e-18   311714
  7.637547e-01   4.115461e-15   1.130270e-03   7.360826e-18   318126
  7.676398e-01   4.103339e-15   1.111035e-03   7.379630e-18   315114
  7.715118e-01   4.079320e-15   1.127143e-03   7.264488e-18   322622
  7.753932e-01   4.081346e-15   1.117154e-03   7.277070e-18   322850
  7.792787e-01   4.065984e-15   1.131101e-03   7.159693e-18   329802
  7.831716e-01   4.047556e-15   1.123851e-03   7.109449e-18   331104
  7.870696e-01   4.030663e-15   1.127607e-03   7.012187e-18   336986
  7.909587e-01   4.013255e-15   1.111055e-03   7.003006e-18   335870
  7.948355e-01   3.982236e-15   1.120862e-03   6.910989e-18   341610
  7.987215e-01   3.971493e-15   1.121955e-03   6.836358e-18   344370
  8.026031e-01   3.973915e-15   1.122207e-03   6.824227e-18   347606
  8.064886e-01   3.948318e-15   1.124033e-03   6.727294e-18   351650
  8.103706e-01   3.942419e-15   1.118654e-03   6.704145e-18   353760
  8.142669e-01   3.908240e-15   1.129493e-03   6.599940e-18   360970
  8.181738e-01   3.904618e-15   1.123124e-03   6.554706e-18   362818
  8.220521e-01   3.885241e-15   1.110144e-03   6.510679e-18   362334
  8.259414e-01   3.862131e-15   1.129348e-03   6.434172e-18   371642
  8.298275e-01   3.846178e-15   1.114584e-03   6.447417e-18   368778
  8.337006e-01   3.836214e-15   1.128744e-03   6.335530e-18   376526
  8.375857e-01   3.804793e-15   1.121330e-03   6.270618e-18   377786
  8.414675e-01   3.796176e-15   1.123524e-03   6.213316e-18   382968
  8.453573e-01   3.783166e-15   1.120822e-03   6.150368e-18   386146
  8.492503e-01   3.776236e-15   1.124050e-03   6.111437e-18   390826
  8.531392e-01   3.751390e-15   1.119718e-03   6.078552e-18   392662
  8.570302e-01   3.735424e-15   1.125822e-03   6.008615e-18   398242
  8.609051e-01   3.709735e-15   1.111972e-03   5.990740e-18   396726
  8.647781e-01   3.694168e-15   1.124714e-03   5.907465e-18   404738
  8.686664e-01   3.683701e-15   1.122897e-03   5.849410e-18   407628
  8.725545e-01   3.647579e-15   1.121536e-03   5.765832e-18   411734
  8.764395e-01   3.636356e-15   1.117149e-03   5.730080e-18   414242
  8.803359e-01   3.612834e-15   1.126317e-03   5.643466e-18   421434
  8.842333e-01   3.604044e-15   1.120273e-03   5.638244e-18   421918
  8.881244e-01   3.593761e-15   1.128330e-03   5.584879e-18   427810
  8.920157e-01   3.556376e-15   1.123036e-03   5.510734e-18   429470
  8.958948e-01   3.547570e-15   1.119658e-03   5.486812e-18   432282
  8.997746e-01   3.521823e-15   1.122449e-03   5.420949e-18   437260
  9.036583e-01   3.511846e-15   1.120747e-03   5.392624e-18   440758
  9.075489e-01   3.506661e-15   1.124778e-03   5.340925e-18   446370
  9.114474e-01   3.463733e-15   1.123943e-03   5.274157e-18   450182
  9.153288e-01   3.442011e-15   1.115142e-03   5.233157e-18   449850
  9.192089e-01   3.433880e-15   1.127357e-03   5.178733e-18   457898
  9.230929e-01   3.409550e-15   1.119604e-03   5.142166e-18   458662
  9.269737e-01   3.387394e-15   1.121722e-03   5.105357e-18   464620
  9.308545e-01   3.388289e-15   1.114316e-03   5.088870e-18   466302
  9.347441e-01   3.356905e-15   1.124571e-03   4.967225e-18   474314
  9.386369e-01   3.331012e-15   1.120021e-03   4.914820e-18   475530
  9.425348e-01   3.306881e-15   1.129051e-03   4.859449e-18   483206
  9.464328e-01   3.298275e-15   1.121669e-03   4.857648e-18   483530
  9.503142e-01   3.287523e-15   1.121047e-03   4.808837e-18   487002
  9.541966e-01   3.261349e-15   1.124058e-03   4.757293e-18   491774
  9.580774e-01   3.239628e-15   1.120518e-03   4.713415e-18   495084
  9.619601e-01   3.232114e-15   1.119352e-03   4.676096e-18   499438
  9.658473e-01   3.203883e-15   1.122356e-03   4.637897e-18   504682
  9.697357e-01   3.187882e-15   1.121500e-03   4.601905e-18   507738
  9.736321e-01   3.169133e-15   1.130456e-03   4.535064e-18   515174
  9.775214e-01   3.152786e-15   1.119580e-03   4.501614e-18   514234
  9.813957e-01   3.130511e-15   1.119450e-03   4.486122e-18   519022
  9.852705e-01   3.104148e-15   1.117281e-03   4.405067e-18   522636
  9.891535e-01   3.093525e-15   1.121739e-03   4.380020e-18   529442
  9.930474e-01   3.078285e-15   1.122647e-03   4.340034e-18   534078
  9.969375e-01   3.057592e-15   1.118397e-03   4.298514e-18   536666
  1.000817e+00   3.034224e-15   1.116716e-03   4.260751e-18   539142
  1.004715e+00   3.011306e-15   1.134178e-03   4.192232e-18   550658
  1.008615e+00   3.002451e-15   1.121935e-03   4.192918e-18   548298
  1.012495e+00   2.976147e-15   1.123048e-03   4.116761e-18   553694
  1.016374e+00   2.958181e-15   1.116375e-03   4.099453e-18   556116
  1.020264e+00   2.942351e-15   1.125051e-03   4.037192e-18   564890
  1.024148e+00   2.915199e-15   1.116141e-03   4.002775e-18   563718
  1.028036e+00   2.905975e-15   1.128568e-03   3.947220e-18   574298
  1.031929e+00   2.883106e-15   1.120551e-03   3.937292e-18   573966
  1.035814e+00   2.874406e-15   1.126024e-03   3.909511e-18   580586
  1.039699e+00   2.843356e-15   1.122029e-03   3.866444e-18   582666
  1.043587e+00   2.828998e-15   1.125959e-03   3.815009e-18   590648
  1.047474e+00   2.810348e-15   1.114820e-03   3.791675e-18   590394
  1.051350e+00   2.792076e-15   1.116684e-03   3.752068e-18   596174
  1.055234e+00   2.769047e-15   1.120236e-03   3.699550e-18   601674
  1.059126e+00   2.756068e-15   1.125352e-03   3.664669e-18   607682
  1.063019e+00   2.738611e-15   1.124350e-03   3.646162e-18   611166
  1.066910e+00   2.721804e-15   1.124099e-03   3.608547e-18   615626
  1.070791e+00   2.702736e-15   1.119456e-03   3.569957e-18   617290
  1.074678e+00   2.683838e-15   1.126011e-03   3.530980e-18   626344
  1.078566e+00   2.670785e-15   1.117274e-03   3.518102e-18   626658
  1.082451e+00   2.649211e-15   1.122467e-03   3.485389e-18   634022
  1.086331e+00   2.632186e-15   1.116124e-03   3.443136e-18   634554
  1.090218e+00   2.609987e-15   1.128467e-03   3.388711e-18   645026
  1.094107e+00   2.584123e-15   1.122446e-03   3.347453e-18   645102
  1.097993e+00   2.569462e-15   1.126954e-03   3.318711e-18   653018
  1.101879e+00   2.562626e-15   1.119089e-03   3.312399e-18   654384
  1.105770e+00   2.532172e-15   1.123901e-03   3.249720e-18   663194
  1.109660e+00   2.523095e-15   1.117576e-03   3.241039e-18   663834
  1.113540e+00   2.499123e-15   1.118796e-03   3.206076e-18   669158
  1.117424e+00   2.484802e-15   1.120650e-03   3.172235e-18   674490
  1.121304e+00   2.461922e-15   1.118416e-03   3.143670e-18   677222
  1.125193e+00   2.449186e-15   1.128225e-03   3.115030e-18   686874
  1.129092e+00   2.433355e-15   1.126811e-03   3.081385e-18   690722
  1.132980e+00   2.413198e-15   1.118907e-03   3.052190e-18   692008
  1.136871e+00   2.398834e-15   1.124678e-03   3.022009e-18   701386
  1.140761e+00   2.380225e-15   1.117002e-03   3.001269e-18   700778
  1.144643e+00   2.358503e-15   1.123318e-03   2.952281e-18   708774
  1.148529e+00   2.347094e-15   1.121990e-03   2.940076e-18   711690
  1.152418e+00   2.330795e-15   1.126973e-03   2.892733e-18   719606
  1.156298e+00   2.314572e-15   1.116380e-03   2.883978e-18   717762
  1.160181e+00   2.290945e-15   1.127123e-03   2.836586e-18   730460
  1.164073e+00   2.282783e-15   1.119262e-03   2.829204e-18   731070
  1.167968e+00   2.260823e-15   1.125901e-03   2.777827e-18   741170
  1.171853e+00   2.248087e-15   1.112045e-03   2.776846e-18   737094
  1.175730e+00   2.228005e-15   1.122374e-03   2.745147e-18   747698
  1.179618e+00   2.215635e-15   1.122867e-03   2.718988e-18   751658
  1.183501e+00   2.197279e-15   1.121599e-03   2.695852e-18   755574
  1.187383e+00   2.182302e-15   1.122256e-03   2.659543e-18   761442
  1.191279e+00   2.166325e-15   1.126787e-03   2.631902e-18   770816
  1.195171e+00   2.155419e-15   1.117539e-03   2.622031e-18   769274
  1.199064e+00   2.129805e-15   1.129525e-03   2.570196e-18   782130
  1.202947e+00   2.119473e-15   1.112602e-03   2.574919e-18   775230
  1.206825e+00   2.098931e-15   1.126605e-03   2.521928e-18   789866
  1.210710e+00   2.089396e-15   1.118361e-03   2.516807e-18   787914
  1.214592e+00   2.072165e-15   1.128225e-03   2.482616e-18   799598
  1.218486e+00   2.052810e-15   1.124161e-03   2.455957e-18   802980
  1.222371e+00   2.036337e-15   1.117789e-03   2.442358e-18   805622
  1.226254e+00   2.029863e-15   1.119738e-03   2.424002e-18   812050
  1.230147e+00   2.006199e-15   1.126034e-03   2.379915e-18   820954
  1.234035e+00   1.989725e-15   1.118780e-03   2.359234e-18   820062
  1.237911e+00   1.971514e-15   1.119897e-03   2.341337e-18   826298
  1.241794e+00   1.961409e-15   1.121814e-03   2.318664e-18   833118
  1.245672e+00   1.945243e-15   1.117137e-03   2.298658e-18   834812
  1.249560e+00   1.935598e-15   1.126815e-03   2.272234e-18   847858
  1.253469e+00   1.917005e-15   1.127442e-03   2.239719e-18   854278
  1.257361e+00   1.903476e-15   1.116253e-03   2.236225e-18   850978
  1.261241e+00   1.888656e-15   1.121687e-03   2.215468e-18   859186
  1.265131e+00   1.870249e-15   1.127494e-03   2.187164e-18   867126
  1.269018e+00   1.852417e-15   1.121886e-03   2.164001e-18   868274
  1.272897e+00   1.841908e-15   1.120976e-03   2.147961e-18   873606
  1.276776e+00   1.837460e-15   1.119398e-03   2.134955e-18   879284
  1.280663e+00   1.819387e-15   1.122355e-03   2.099403e-18   887170
  1.284564e+00   1.807149e-15   1.128693e-03   2.086130e-18   897526
  1.288458e+00   1.787330e-15   1.117587e-03   2.071615e-18   894258
  1.292341e+00   1.775267e-15   1.122714e-03   2.046820e-18   903374
  1.296223e+00   1.757325e-15   1.118323e-03   2.024783e-18   904338
  1.300103e+00   1.745780e-15   1.123719e-03   2.008718e-18   913586
  1.303982e+00   1.731974e-15   1.118150e-03   1.988294e-18   915416
  1.307871e+00   1.719310e-15   1.124217e-03   1.965983e-18   928122
  1.311759e+00   1.708832e-15   1.115167e-03   1.954850e-18   926094
  1.315654e+00   1.692956e-15   1.130093e-03   1.924492e-18   942890
  1.319549e+00   1.678154e-15   1.118827e-03   1.911127e-18   937266
  1.323433e+00   1.664553e-15   1.126506e-03   1.887031e-18   948854
  1.327319e+00   1.649197e-15   1.120121e-03   1.867691e-18   948714
  1.331197e+00   1.639161e-15   1.122687e-03   1.861714e-18   956186
  1.335082e+00   1.625370e-15   1.124444e-03   1.838766e-18   964272
  1.338973e+00   1.610925e-15   1.121587e-03   1.817547e-18   969458
  1.342859e+00   1.596747e-15   1.118296e-03   1.800588e-18   972750
  1.346749e+00   1.588549e-15   1.124460e-03   1.787569e-18   982706
  1.350635e+00   1.575795e-15   1.119858e-03   1.780657e-18   982906
  1.354527e+00   1.564422e-15   1.129306e-03   1.755413e-18   996622
  1.358414e+00   1.548695e-15   1.117989e-03   1.745177e-18   992378
  1.362284e+00   1.537356e-15   1.117150e-03   1.723574e-18   999000
  1.366168e+00   1.528229e-15   1.122014e-03   1.706144e-18   1010114
  1.370061e+00   1.515549e-15   1.121750e-03   1.694890e-18   1015722
  1.373948e+00   1.502835e-15   1.119290e-03   1.675478e-18   1018742
  1.377843e+00   1.490842e-15   1.127371e-03   1.657939e-18   1031250
  1.381733e+00   1.469757e-15   1.118461e-03   1.637962e-18   1027226
  1.385615e+00   1.462893e-15   1.126435e-03   1.616333e-18   1039734
  1.389500e+00   1.454348e-15   1.120654e-03   1.613894e-18   1039914
  1.393382e+00   1.440959e-15   1.123683e-03   1.594117e-18   1050272
  1.397267e+00   1.431527e-15   1.117473e-03   1.588307e-18   1052306
  1.401154e+00   1.419419e-15   1.122308e-03   1.566202e-18   1062666
  1.405045e+00   1.400261e-15   1.122401e-03   1.541870e-18   1067262
  1.408935e+00   1.395963e-15   1.123952e-03   1.537728e-18   1073906
  1.412823e+00   1.380190e-15   1.122463e-03   1.516781e-18   1078190
  1.416712e+00   1.370001e-15   1.124033e-03   1.505784e-18   1085634
  1.420592e+00   1.363555e-15   1.117456e-03   1.498579e-18   1085508
  1.424480e+00   1.348519e-15   1.126594e-03   1.472904e-18   1101926
  1.428369e+00   1.338378e-15   1.116061e-03   1.472990e-18   1098322
  1.432252e+00   1.329891e-15   1.121199e-03   1.456574e-18   1109878
  1.436144e+00   1.317023e-15   1.122554e-03   1.443673e-18   1115338
  1.440035e+00   1.304257e-15   1.125793e-03   1.423941e-18   1122586
  1.443924e+00   1.295033e-15   1.123292e-03   1.412149e-18   1125862
  1.447810e+00   1.285784e-15   1.122976e-03   1.404426e-18   1132498
  1.451691e+00   1.273800e-15   1.119415e-03   1.392296e-18   1135444
  1.455573e+00   1.269095e-15   1.122581e-03   1.381776e-18   1145374
  1.459464e+00   1.253383e-15   1.123383e-03   1.356491e-18   1152698
  1.463354e+00   1.245100e-15   1.121349e-03   1.355043e-18   1157046
  1.467236e+00   1.236396e-15   1.119148e-03   1.339934e-18   1160226
  1.471127e+00   1.225007e-15   1.127743e-03   1.322813e-18   1174346
  1.475014e+00   1.216451e-15   1.119897e-03   1.322524e-18   1171462
  1.478897e+00   1.203819e-15   1.124033e-03   1.299731e-18   1183828
  1.482778e+00   1.196125e-15   1.114458e-03   1.295908e-18   1181822
  1.486657e+00   1.185724e-15   1.120779e-03   1.285499e-18   1194930
  1.490547e+00   1.175946e-15   1.122593e-03   1.263873e-18   1202010
  1.494437e+00   1.163917e-15   1.122115e-03   1.253770e-18   1207166
  1.498326e+00   1.155644e-15   1.123291e-03   1.244067e-18   1214106
  1.502209e+00   1.146590e-15   1.118748e-03   1.235487e-18   1215302
  1.506095e+00   1.137801e-15   1.126666e-03   1.220553e-18   1229274
  1.509994e+00   1.128851e-15   1.126873e-03   1.211865e-18   1236164
  1.513882e+00   1.118810e-15   1.118916e-03   1.201183e-18   1235326
  1.517764e+00   1.111537e-15   1.120265e-03   1.193563e-18   1244026
  1.521647e+00   1.101220e-15   1.120382e-03   1.182356e-18   1249154
  1.525536e+00   1.091927e-15   1.126025e-03   1.164808e-18   1260558
  1.529421e+00   1.084562e-15   1.119984e-03   1.158838e-18   1260394
  1.533310e+00   1.075753e-15   1.125848e-03   1.148561e-18   1274758
  1.537193e+00   1.065907e-15   1.115594e-03   1.141994e-18   1270188
  1.541083e+00   1.059611e-15   1.128008e-03   1.133136e-18   1291202
  1.544971e+00   1.050382e-15   1.115149e-03   1.121404e-18   1282654
  1.548850e+00   1.041022e-15   1.122198e-03   1.110002e-18   1298242
  1.552739e+00   1.034327e-15   1.120395e-03   1.107258e-18   1301774
  1.556625e+00   1.023651e-15   1.123165e-03   1.088615e-18   1309770
  1.560512e+00   1.013137e-15   1.123502e-03   1.079628e-18   1315714
  1.564403e+00   1.007015e-15   1.124924e-03   1.073582e-18   1325110
  1.568290e+00   1.000804e-15   1.118940e-03   1.065708e-18   1326012
  1.572174e+00   9.898303e-16   1.122090e-03   1.056097e-18   1336154
  1.576069e+00   9.836766e-16   1.126474e-03   1.044610e-18   1347334
  1.579958e+00   9.751628e-16   1.119782e-03   1.040322e-18   1345354
  1.583833e+00   9.654805e-16   1.119555e-03   1.027537e-18   1350998
  1.587719e+00   9.584941e-16   1.125829e-03   1.016616e-18   1365546
  1.591609e+00   9.518784e-16   1.122088e-03   1.009870e-18   1367474
  1.595497e+00   9.444379e-16   1.123693e-03   1.001033e-18   1377984
  1.599384e+00   9.388576e-16   1.118321e-03   9.968493e-19   1379394
  1.603272e+00   9.308074e-16   1.123056e-03   9.912096e-19   1392230
  1.607160e+00   9.230263e-16   1.118740e-03   9.803688e-19   1392634
  1.611042e+00   9.150658e-16   1.122441e-03   9.701042e-19   1402666
  1.614928e+00   9.072564e-16   1.122269e-03   9.623106e-19   1408502
  1.618814e+00   8.994692e-16   1.122041e-03   9.546977e-19   1415418
  1.622692e+00   8.941427e-16   1.117068e-03   9.499177e-19   1416856
  1.626588e+00   8.882724e-16   1.130843e-03   9.387297e-19   1442002
  1.630485e+00   8.779759e-16   1.117858e-03   9.312732e-19   1431634
  1.634367e+00   8.737791e-16   1.122585e-03   9.259788e-19   1444606
  1.638250e+00   8.639550e-16   1.118765e-03   9.152544e-19   1445890
  1.642138e+00   8.576108e-16   1.126997e-03   9.057546e-19   1462210
  1.646026e+00   8.501275e-16   1.120901e-03   9.006383e-19   1459590
  1.649907e+00   8.429481e-16   1.123856e-03   8.875023e-19   1471226
  1.653797e+00   8.389983e-16   1.123379e-03   8.863194e-19   1480072
  1.657690e+00   8.319150e-16   1.121364e-03   8.823736e-19   1486594
  1.661576e+00   8.241776e-16   1.118520e-03   8.730360e-19   1488882
  1.665461e+00   8.201634e-16   1.123128e-03   8.699374e-19   1500854
  1.669353e+00   8.108536e-16   1.123083e-03   8.570249e-19   1506874
  1.673232e+00   8.064015e-16   1.117624e-03   8.544815e-19   1506094
  1.677111e+00   7.981122e-16   1.122855e-03   8.447047e-19   1519682
  1.680997e+00   7.915737e-16   1.122626e-03   8.372469e-19   1526724
  1.684890e+00   7.861431e-16   1.125240e-03   8.255056e-19   1539038
  1.688782e+00   7.819867e-16   1.119859e-03   8.285850e-19   1539810
  1.692664e+00   7.742053e-16   1.119007e-03   8.190757e-19   1545046
  1.696554e+00   7.674801e-16   1.126236e-03   8.086133e-19   1560538
  1.700441e+00   7.628787e-16   1.120507e-03   8.091481e-19   1557506
  1.704322e+00   7.549263e-16   1.124114e-03   7.979599e-19   1570062
  1.708203e+00   7.492443e-16   1.119253e-03   7.900929e-19   1571290
  1.712089e+00   7.430202e-16   1.124856e-03   7.862672e-19   1588228
  1.715982e+00   7.399633e-16   1.121250e-03   7.830652e-19   1591046
  1.719873e+00   7.332199e-16   1.123715e-03   7.745916e-19   1602474
  1.723761e+00   7.272439e-16   1.118014e-03   7.687710e-19   1601646
  1.727642e+00   7.232627e-16   1.120550e-03   7.644185e-19   1611266
  1.731523e+00   7.146573e-16   1.120678e-03   7.560380e-19   1616634
  1.735410e+00   7.087951e-16   1.126166e-03   7.473572e-19   1631366
  1.739297e+00   7.051873e-16   1.119655e-03   7.450654e-19   1631028
  1.743180e+00   7.013662e-16   1.119854e-03   7.438134e-19   1641446
  1.747073e+00   6.950243e-16   1.124208e-03   7.327052e-19   1654234
  1.750973e+00   6.892118e-16   1.126198e-03   7.299589e-19   1662874
  1.754858e+00   6.839319e-16   1.117471e-03   7.255818e-19   1656686
  1.758736e+00   6.770643e-16   1.122008e-03   7.140731e-19   1670898
  1.762622e+00   6.737729e-16   1.123056e-03   7.143267e-19   1678074
  1.766507e+00   6.683325e-16   1.123311e-03   7.124158e-19   1685198
  1.770393e+00   6.649634e-16   1.122996e-03   7.049655e-19   1694524
  1.774282e+00   6.598431e-16   1.120709e-03   7.018885e-19   1701334
  1.778171e+00   6.525099e-16   1.120908e-03   6.917381e-19   1709386
  1.782064e+00   6.466681e-16   1.123720e-03   6.882299e-19   1719994
  1.785953e+00   6.421509e-16   1.121006e-03   6.805336e-19   1721510
  1.789842e+00   6.390772e-16   1.124974e-03   6.777573e-19   1734978
  1.793722e+00   6.334003e-16   1.116124e-03   6.744583e-19   1728646
  1.797599e+00   6.269595e-16   1.122713e-03   6.652491e-19   1746868
  1.801486e+00   6.252680e-16   1.121127e-03   6.647200e-19   1752922
  1.805380e+00   6.203839e-16   1.125234e-03   6.576095e-19   1767862
  1.809271e+00   6.149403e-16   1.119301e-03   6.563469e-19   1765698
  1.813160e+00   6.102938e-16   1.125035e-03   6.484051e-19   1781270
  1.817049e+00   6.050268e-16   1.121176e-03   6.457607e-19   1780650
  1.820932e+00   6.001751e-16   1.124142e-03   6.385379e-19   1792418
  1.824813e+00   5.960979e-16   1.119388e-03   6.361611e-19   1792790
  1.828696e+00   5.914061e-16   1.123591e-03   6.310277e-19   1809852
  1.832585e+00   5.869294e-16   1.120140e-03   6.280230e-19   1812666
  1.836475e+00   5.837991e-16   1.124777e-03   6.216831e-19   1827614
  1.840367e+00   5.787701e-16   1.121640e-03   6.186012e-19   1829970
  1.844251e+00   5.738166e-16   1.120370e-03   6.116274e-19   1835030
  1.848131e+00   5.698620e-16   1.119790e-03   6.098562e-19   1841410
  1.852017e+00   5.647069e-16   1.124723e-03   6.004047e-19   1856626
  1.855900e+00   5.628944e-16   1.118305e-03   6.035514e-19   1854656
  1.859782e+00   5.578688e-16   1.121720e-03   5.965920e-19   1870698
  1.863671e+00   5.548241e-16   1.120553e-03   5.920218e-19   1876998
  1.867559e+00   5.479440e-16   1.120979e-03   5.870282e-19   1884458
  1.871445e+00   5.466689e-16   1.122381e-03   5.882353e-19   1891730
  1.875338e+00   5.409242e-16   1.127317e-03   5.769835e-19   1907574
  1.879232e+00   5.389353e-16   1.122851e-03   5.789639e-19   1907730
  1.883115e+00   5.335726e-16   1.120697e-03   5.718038e-19   1912154
  1.886997e+00   5.310805e-16   1.121764e-03   5.699300e-19   1923216
  1.890888e+00   5.273782e-16   1.124326e-03   5.672897e-19   1936562
  1.894776e+00   5.225273e-16   1.119734e-03   5.602456e-19   1936862
  1.898663e+00   5.191178e-16   1.122747e-03   5.584507e-19   1950114
  1.902549e+00   5.165279e-16   1.121089e-03   5.553798e-19   1953306
  1.906439e+00   5.107042e-16   1.125982e-03   5.506834e-19   1968806
  1.910327e+00   5.081749e-16   1.121186e-03   5.473227e-19   1968818
  1.914211e+00   5.048897e-16   1.121720e-03   5.451788e-19   1980624
  1.918097e+00   5.017396e-16   1.118800e-03   5.425201e-19   1985034
  1.921980e+00   4.968218e-16   1.120281e-03   5.349980e-19   1995242
  1.925870e+00   4.937762e-16   1.123830e-03   5.326273e-19   2007742
  1.929759e+00   4.914879e-16   1.121495e-03   5.330377e-19   2010538
  1.933641e+00   4.879598e-16   1.121298e-03   5.290254e-19   2017390
  1.937531e+00   4.836731e-16   1.126602e-03   5.234915e-19   2034346
  1.941413e+00   4.783093e-16   1.117450e-03   5.172752e-19   2025498
  1.945299e+00   4.776156e-16   1.127850e-03   5.178840e-19   2055248
  1.949189e+00   4.737315e-16   1.116586e-03   5.168587e-19   2045090
  1.953070e+00   4.715902e-16   1.121603e-03   5.135627e-19   2062074
  1.956959e+00   4.670409e-16   1.122727e-03   5.061884e-19   2070190
  1.960848e+00   4.633132e-16   1.123891e-03   5.039932e-19   2079226
  1.964734e+00   4.604717e-16   1.122069e-03   5.021460e-19   2083990
  1.968623e+00   4.576755e-16   1.124515e-03   4.993930e-19   2097898
  1.972507e+00   4.552095e-16   1.118548e-03   4.965953e-19   2095452
  1.976394e+00   4.516611e-16   1.124843e-03   4.925614e-19   2117390
  1.980286e+00   4.484522e-16   1.119656e-03   4.916049e-19   2117066
  1.984162e+00   4.450346e-16   1.115140e-03   4.877683e-19   2117238
  1.988045e+00   4.416146e-16   1.124414e-03   4.839873e-19   2140026
  1.991938e+00   4.371807e-16   1.125139e-03   4.767381e-19   2147234
  1.995825e+00   4.362512e-16   1.122378e-03   4.817573e-19   2150118
  1.999710e+00   4.331172e-16   1.122400e-03   4.765571e-19   2160386
  2.003596e+00   4.306948e-16   1.121122e-03   4.733232e-19   2168256
  2.007488e+00   4.277029e-16   1.124409e-03   4.703615e-19   2183306
  2.011378e+00   4.256000e-16   1.120925e-03   4.703506e-19   2184642
  2.015262e+00   4.208646e-16   1.120511e-03   4.638400e-19   2192318
  2.019141e+00   4.192742e-16   1.118713e-03   4.630163e-19   2196066
  2.023031e+00   4.156249e-16   1.127541e-03   4.595972e-19   2220890
  2.026922e+00   4.124241e-16   1.121128e-03   4.549650e-19   2215758
  2.030810e+00   4.098873e-16   1.124804e-03   4.525934e-19   2233988
  2.034697e+00   4.079863e-16   1.118045e-03   4.521795e-19   2231670
  2.038579e+00   4.064422e-16   1.119728e-03   4.523453e-19   2244338
  2.042469e+00   4.030861e-16   1.123477e-03   4.481257e-19   2258610
  2.046358e+00   3.990885e-16   1.121050e-03   4.448598e-19   2260718
  2.050240e+00   3.970380e-16   1.120914e-03   4.437720e-19   2268162
  2.054123e+00   3.950002e-16   1.121571e-03   4.415241e-19   2277494
  2.058008e+00   3.915864e-16   1.123134e-03   4.363765e-19   2288796
  2.061901e+00   3.899886e-16   1.126253e-03   4.364158e-19   2305226
  2.065791e+00   3.874688e-16   1.119672e-03   4.347640e-19   2301630
  2.069679e+00   3.851363e-16   1.123731e-03   4.326519e-19   2319770
  2.073565e+00   3.816253e-16   1.118309e-03   4.307064e-19   2315610
  2.077447e+00   3.791946e-16   1.124236e-03   4.254915e-19   2334662
  2.081332e+00   3.770262e-16   1.120785e-03   4.243167e-19   2335722
  2.085219e+00   3.736327e-16   1.124829e-03   4.199643e-19   2354102
  2.089107e+00   3.722193e-16   1.120313e-03   4.201704e-19   2355156
  2.092998e+00   3.700087e-16   1.124614e-03   4.173140e-19   2374250
  2.096888e+00   3.668792e-16   1.120068e-03   4.160524e-19   2373102
  2.100776e+00   3.652919e-16   1.122758e-03   4.149250e-19   2388194
  2.104658e+00   3.627214e-16   1.116928e-03   4.132567e-19   2383470
  2.108539e+00   3.602898e-16   1.123618e-03   4.092314e-19   2404994
  2.112426e+00   3.576906e-16   1.121916e-03   4.073833e-19   2408538
  2.116308e+00   3.558983e-16   1.121742e-03   4.069917e-19   2417744
  2.120198e+00   3.530870e-16   1.124446e-03   4.034530e-19   2434578
  2.124090e+00   3.513268e-16   1.121710e-03   4.018538e-19   2438414
  2.127979e+00   3.486699e-16   1.122410e-03   3.993204e-19   2448066
  2.131867e+00   3.466889e-16   1.122662e-03   3.995087e-19   2456018
  2.135751e+00   3.441397e-16   1.121406e-03   3.971250e-19   2461230
  2.139636e+00   3.417064e-16   1.122653e-03   3.946960e-19   2474330
  2.143519e+00   3.389738e-16   1.119652e-03   3.915117e-19   2476498
  2.147405e+00   3.385291e-16   1.124366e-03   3.929859e-19   2497240
  2.151298e+00   3.353788e-16   1.122529e-03   3.891034e-19   2502930
  2.155185e+00   3.330259e-16   1.120390e-03   3.873667e-19   2508470
  2.159072e+00   3.312794e-16   1.121001e-03   3.861090e-19   2518482
  2.162961e+00   3.287967e-16   1.123829e-03   3.840007e-19   2532074
  2.166844e+00   3.268411e-16   1.118275e-03   3.826343e-19   2526678
  2.170724e+00   3.244281e-16   1.124045e-03   3.810311e-19   2549018
  2.174611e+00   3.226815e-16   1.120040e-03   3.802153e-19   2551704
  2.178497e+00   3.209225e-16   1.122028e-03   3.778983e-19   2566226
  2.182386e+00   3.188086e-16   1.122230e-03   3.759559e-19   2573898
  2.186278e+00   3.160659e-16   1.124844e-03   3.724590e-19   2589182
  2.190164e+00   3.141742e-16   1.119195e-03   3.727459e-19   2584890
  2.194049e+00   3.121987e-16   1.124371e-03   3.704771e-19   2605190
  2.197936e+00   3.095855e-16   1.121682e-03   3.676149e-19   2606418
  2.201821e+00   3.081022e-16   1.123741e-03   3.671599e-19   2621186
  2.205707e+00   3.060881e-16   1.120704e-03   3.665748e-19   2626608
  2.209592e+00   3.042613e-16   1.119995e-03   3.670157e-19   2636714
  2.213479e+00   3.021167e-16   1.121274e-03   3.637613e-19   2647482
  2.217374e+00   2.987664e-16   1.127022e-03   3.610276e-19   2668382
  2.221265e+00   2.971814e-16   1.120175e-03   3.601656e-19   2660418
  2.225149e+00   2.948904e-16   1.122869e-03   3.591211e-19   2676662
  2.229029e+00   2.926996e-16   1.117920e-03   3.562062e-19   2674210
  2.232911e+00   2.897176e-16   1.123157e-03   3.522931e-19   2697076
  2.236800e+00   2.897016e-16   1.121599e-03   3.547959e-19   2703558
  2.240687e+00   2.872096e-16   1.121191e-03   3.525650e-19   2713250
  2.244572e+00   2.861047e-16   1.119243e-03   3.549171e-19   2717718
  2.248464e+00   2.822413e-16   1.127021e-03   3.478486e-19   2743178
  2.252353e+00   2.807994e-16   1.120305e-03   3.494748e-19   2732730
  2.256238e+00   2.777405e-16   1.126187e-03   3.452524e-19   2758022
  2.260125e+00   2.758471e-16   1.119041e-03   3.451730e-19   2751994
  2.264006e+00   2.743198e-16   1.121171e-03   3.450318e-19   2769052
  2.267895e+00   2.722431e-16   1.122842e-03   3.435630e-19   2783062
  2.271785e+00   2.707353e-16   1.121645e-03   3.437361e-19   2789362
  2.275674e+00   2.673087e-16   1.121981e-03   3.400323e-19   2799582
  2.279564e+00   2.662907e-16   1.123236e-03   3.409034e-19   2811170
  2.283450e+00   2.623256e-16   1.121033e-03   3.370302e-19   2812658
  2.287338e+00   2.602748e-16   1.125793e-03   3.348121e-19   2833302
  2.291222e+00   2.578717e-16   1.118388e-03   3.333965e-19   2827420
  2.295104e+00   2.283648e-16   1.121018e-03   2.845352e-19   2846710
  2.298989e+00   2.212953e-16   1.120692e-03   2.745669e-19   2846535
  2.302873e+00   2.132344e-16   1.122997e-03   2.617464e-19   2848496
  2.306761e+00   2.052733e-16   1.122225e-03   2.502261e-19   2841084
  2.310652e+00   1.970450e-16   1.124928e-03   2.362960e-19   2843480
  2.314540e+00   1.898488e-16   1.120270e-03   2.260734e-19   2826624
  2.318424e+00   1.831505e-16   1.123352e-03   2.159433e-19   2828732
  2.322310e+00   1.760214e-16   1.121451e-03   2.047399e-19   2819296
  2.326197e+00   1.700768e-16   1.122811e-03   1.961516e-19   2819548
  2.330081e+00   1.637252e-16   1.118959e-03   1.871922e-19   2805192
  2.333967e+00   1.580062e-16   1.123463e-03   1.783543e-19   2811104
  2.337856e+00   1.524664e-16   1.121717e-03   1.697279e-19   2800672
  2.341743e+00   1.471256e-16   1.122654e-03   1.621653e-19   2798080
  2.345628e+00   1.422231e-16   1.120248e-03   1.555742e-19   2786976
  2.349516e+00   1.374360e-16   1.123594e-03   1.482150e-19   2791016
  2.353406e+00   1.331815e-16   1.121382e-03   1.424911e-19   2779360
  2.357287e+00   1.290831e-16   1.119573e-03   1.371570e-19   2768644
  2.361169e+00   1.249388e-16   1.122534e-03   1.310110e-19   2771192
  2.365058e+00   1.215831e-16   1.121875e-03   1.265964e-19   2765028
  2.368946e+00   1.177566e-16   1.122751e-03   1.220244e-19   2760864
  2.372840e+00   1.139834e-16   1.125689e-03   1.162603e-19   2761616
  2.376724e+00   1.108437e-16   1.118525e-03   1.128591e-19   2737932
  2.380610e+00   1.072346e-16   1.125904e-03   1.073739e-19   2752280
  2.384498e+00   1.043872e-16   1.118464e-03   1.038729e-19   2728764
  2.388382e+00   1.014500e-16   1.123937e-03   1.001196e-19   2736368
  2.392268e+00   9.897436e-17   1.119459e-03   9.767265e-20   2719952
  2.396155e+00   9.627564e-17   1.124236e-03   9.365746e-20   2727120
  2.400042e+00   9.370959e-17   1.118614e-03   9.068292e-20   2708400
  2.403932e+00   9.098335e-17   1.125719e-03   8.718215e-20   2718536
  2.407818e+00   8.862024e-17   1.118504e-03   8.450742e-20   2694300
  2.411707e+00   8.657514e-17   1.126793e-03   8.173758e-20   2709440
  2.415596e+00   8.442091e-17   1.117787e-03   7.940431e-20   2682108
  2.419475e+00   8.212368e-17   1.121308e-03   7.656189e-20   2684912
  2.423360e+00   8.018740e-17   1.121998e-03   7.440407e-20   2678868
  2.427246e+00   7.814891e-17   1.122668e-03   7.209769e-20   2674772
  2.431135e+00   7.631498e-17   1.123033e-03   6.982253e-20   2670120
  2.435021e+00   7.469784e-17   1.120804e-03   6.784145e-20   2659532
  2.438909e+00   7.293661e-17   1.123713e-03   6.582089e-20   2659704
  2.442801e+00   7.125183e-17   1.124617e-03   6.414208e-20   2654348
  2.446687e+00   6.960261e-17   1.121000e-03   6.237710e-20   2640276
  2.450572e+00   6.791776e-17   1.121992e-03   6.035775e-20   2638700
  2.454457e+00   6.651654e-17   1.120074e-03   5.887230e-20   2628244
  2.458344e+00   6.487303e-17   1.124115e-03   5.707592e-20   2630920
  2.462234e+00   6.361689e-17   1.121877e-03   5.578158e-20   2618904
  2.466118e+00   6.225025e-17   1.120448e-03   5.441349e-20   2610932
  2.470005e+00   6.087202e-17   1.121951e-03   5.264260e-20   2608464
  2.473895e+00   5.958625e-17   1.123139e-03   5.134521e-20   2603708
  2.477779e+00   5.834892e-17   1.119694e-03   5.018484e-20   2588012
  2.481660e+00   5.720867e-17   1.122196e-03   4.883687e-20   2588364
  2.485545e+00   5.603498e-17   1.120384e-03   4.764875e-20   2579076
  2.489430e+00   5.481297e-17   1.121132e-03   4.644974e-20   2574152
  2.493314e+00   5.391536e-17   1.121505e-03   4.563696e-20   2566812
  2.497207e+00   5.272063e-17   1.127061e-03   4.426772e-20   2573732
  2.501098e+00   5.182894e-17   1.119524e-03   4.348031e-20   2550568
  2.504983e+00   5.073060e-17   1.123035e-03   4.248413e-20   2552068
  2.508870e+00   4.969923e-17   1.121138e-03   4.136351e-20   2539620
  2.512757e+00   4.887990e-17   1.124635e-03   4.059122e-20   2540936
  2.516646e+00   4.796487e-17   1.121040e-03   3.960868e-20   2528032
  2.520531e+00   4.706573e-17   1.120365e-03   3.891938e-20   2521480
  2.524419e+00   4.623221e-17   1.122347e-03   3.795280e-20   2517980
  2.528309e+00   4.534116e-17   1.123011e-03   3.715834e-20   2511744
  2.532195e+00   4.457611e-17   1.120855e-03   3.644926e-20   2500140
  2.536081e+00   4.371762e-17   1.121926e-03   3.564848e-20   2496980
  2.539968e+00   4.299905e-17   1.121125e-03   3.494979e-20   2486924
  2.543856e+00   4.217410e-17   1.124762e-03   3.412777e-20   2487000
  2.547743e+00   4.157323e-17   1.120210e-03   3.367255e-20   2469840
  2.551626e+00   4.082275e-17   1.122637e-03   3.290661e-20   2469656
  2.555511e+00   4.010333e-17   1.119469e-03   3.230824e-20   2456844
  2.559401e+00   3.940630e-17   1.125965e-03   3.163439e-20   2462876
  2.563290e+00   3.880726e-17   1.120472e-03   3.123759e-20   2442136
  2.567174e+00   3.814886e-17   1.123165e-03   3.055243e-20   2441944
  2.571061e+00   3.756643e-17   1.120769e-03   2.999709e-20   2430508
  2.574945e+00   3.693274e-17   1.121157e-03   2.947454e-20   2424352
  2.578832e+00   3.631697e-17   1.123693e-03   2.899670e-20   2421264
  2.582722e+00   3.572159e-17   1.122895e-03   2.841941e-20   2413064
  2.586608e+00   3.517026e-17   1.120676e-03   2.795727e-20   2401572
  2.590492e+00   3.460805e-17   1.121724e-03   2.747829e-20   2397284
  2.594379e+00   3.402622e-17   1.121499e-03   2.694218e-20   2388336
  2.598268e+00   3.353613e-17   1.124943e-03   2.645048e-20   2387204
  2.602153e+00   3.298491e-17   1.119280e-03   2.610369e-20   2368644
  2.606033e+00   3.256582e-17   1.120613e-03   2.576433e-20   2365400
  2.609918e+00   3.206262e-17   1.121690e-03   2.534993e-20   2360072
  2.613808e+00   3.158111e-17   1.123660e-03   2.489424e-20   2356464
  2.617696e+00   3.108124e-17   1.121214e-03   2.448890e-20   2343240
  2.621583e+00   3.067349e-17   1.122605e-03   2.417295e-20   2340248
  2.625468e+00   3.015097e-17   1.118824e-03   2.375107e-20   2325000
  2.629355e+00   2.975031e-17   1.124959e-03   2.337785e-20   2328632
  2.633245e+00   2.935284e-17   1.121910e-03   2.317603e-20   2313220
  2.637134e+00   2.890484e-17   1.124095e-03   2.264328e-20   2310772
  2.641020e+00   2.851710e-17   1.119781e-03   2.242816e-20   2295420
  2.644905e+00   2.805992e-17   1.122584e-03   2.200221e-20   2293592
  2.648791e+00   2.770704e-17   1.120952e-03   2.177198e-20   2281384
  2.652683e+00   2.729765e-17   1.126704e-03   2.140133e-20   2285776
  2.656570e+00   2.700130e-17   1.117325e-03   2.126501e-20   2259408
  2.660455e+00   2.653583e-17   1.124314e-03   2.079586e-20   2266808
  2.664344e+00   2.630247e-17   1.120389e-03   2.071502e-20   2248836
  2.668227e+00   2.587619e-17   1.123045e-03   2.036716e-20   2245244
  2.672111e+00   2.558172e-17   1.120801e-03   2.014084e-20   2233908
  2.675998e+00   2.517371e-17   1.122974e-03   1.976671e-20   2231660
  2.679886e+00   2.488682e-17   1.120422e-03   1.965827e-20   2218544
  2.683775e+00   2.452394e-17   1.124792e-03   1.928932e-20   2218176
  2.687664e+00   2.421192e-17   1.121286e-03   1.910351e-20   2202900
  2.691550e+00   2.389407e-17   1.121747e-03   1.883105e-20   2197472
  2.695433e+00   2.361187e-17   1.118354e-03   1.867580e-20   2181960
  2.699317e+00   2.332804e-17   1.124130e-03   1.844270e-20   2183696
  2.703207e+00   2.301725e-17   1.123719e-03   1.818880e-20   2173416
  2.707096e+00   2.271262e-17   1.122917e-03   1.799184e-20   2165444
  2.710982e+00   2.249662e-17   1.119761e-03   1.787859e-20   2152688
  2.714867e+00   2.219144e-17   1.121777e-03   1.764774e-20   2147628
  2.718754e+00   2.184632e-17   1.122335e-03   1.741678e-20   2139012
  2.722646e+00   2.162739e-17   1.125226e-03   1.719103e-20   2136008
  2.726525e+00   2.136876e-17   1.114594e-03   1.709202e-20   2108656
  2.730404e+00   2.110239e-17   1.123744e-03   1.685293e-20   2117896
  2.734296e+00   2.087261e-17   1.123450e-03   1.670384e-20   2106260
  2.738185e+00   2.059508e-17   1.123855e-03   1.650844e-20   2099088
  2.742075e+00   2.039466e-17   1.121974e-03   1.639105e-20   2088432
  2.745961e+00   2.011191e-17   1.120471e-03   1.614367e-20   2078432
  2.749845e+00   1.993763e-17   1.120708e-03   1.609404e-20   2069048
  2.753732e+00   1.969755e-17   1.123831e-03   1.590689e-20   2064804
  2.757623e+00   1.950281e-17   1.123568e-03   1.576708e-20   2055644
  2.761510e+00   1.925290e-17   1.120700e-03   1.561520e-20   2043000
  2.765392e+00   1.901759e-17   1.120067e-03   1.548161e-20   2032348
  2.769281e+00   1.883552e-17   1.126495e-03   1.534027e-20   2034064
  2.773172e+00   1.860272e-17   1.122211e-03   1.518783e-20   2017740
  2.777059e+00   1.835764e-17   1.121480e-03   1.501266e-20   2010188
  2.780942e+00   1.822936e-17   1.118751e-03   1.491876e-20   1996556
  2.784826e+00   1.803356e-17   1.122456e-03   1.484227e-20   1992816
  2.788712e+00   1.783844e-17   1.122411e-03   1.469216e-20   1982400
  2.792596e+00   1.762163e-17   1.121262e-03   1.452327e-20   1972256
  2.796480e+00   1.742845e-17   1.121000e-03   1.444116e-20   1964384
  2.800370e+00   1.723477e-17   1.122889e-03   1.430489e-20   1958544
  2.804258e+00   1.707194e-17   1.122489e-03   1.421023e-20   1946988
  2.808149e+00   1.691126e-17   1.124629e-03   1.414637e-20   1942532
  2.812034e+00   1.673800e-17   1.117383e-03   1.403222e-20   1921692
  2.815918e+00   1.656044e-17   1.123808e-03   1.391852e-20   1924004
  2.819806e+00   1.640208e-17   1.120365e-03   1.382310e-20   1907344
  2.823695e+00   1.621762e-17   1.126069e-03   1.368901e-20   1907440
  2.827583e+00   1.606642e-17   1.118720e-03   1.367792e-20   1886136
  2.831464e+00   1.591107e-17   1.121920e-03   1.351477e-20   1883144
  2.835353e+00   1.575169e-17   1.122753e-03   1.346083e-20   1874724
  2.839243e+00   1.557009e-17   1.123826e-03   1.334764e-20   1866068
  2.843130e+00   1.544294e-17   1.121455e-03   1.328283e-20   1852980
  2.847017e+00   1.526823e-17   1.122782e-03   1.315465e-20   1847468
  2.850900e+00   1.514537e-17   1.117935e-03   1.312570e-20   1829636
  2.854785e+00   1.500204e-17   1.123959e-03   1.304076e-20   1829688
  2.858675e+00   1.485912e-17   1.122789e-03   1.296180e-20   1817192
  2.862561e+00   1.469024e-17   1.121150e-03   1.285550e-20   1806312
  2.866446e+00   1.461619e-17   1.120289e-03   1.285758e-20   1795984
  2.870334e+00   1.443767e-17   1.123627e-03   1.272238e-20   1791100
  2.874224e+00   1.431808e-17   1.122050e-03   1.266333e-20   1777648
  2.878111e+00   1.415618e-17   1.123043e-03   1.260507e-20   1769848
  2.881996e+00   1.407779e-17   1.119995e-03   1.260657e-20   1756536
  2.885881e+00   1.388278e-17   1.121386e-03   1.248210e-20   1748960
  2.889768e+00   1.380800e-17   1.123014e-03   1.241716e-20   1739952
  2.893658e+00   1.366957e-17   1.124239e-03   1.236030e-20   1732124
  2.897544e+00   1.354151e-17   1.120323e-03   1.229540e-20   1716852
  2.901430e+00   1.340892e-17   1.122735e-03   1.221868e-20   1712276
  2.905319e+00   1.330092e-17   1.121222e-03   1.218864e-20   1698500
  2.909208e+00   1.317791e-17   1.125604e-03   1.211150e-20   1693932
  2.913093e+00   1.305548e-17   1.119232e-03   1.207788e-20   1675204
  2.916975e+00   1.294031e-17   1.121771e-03   1.202976e-20   1670644
  2.920858e+00   1.284029e-17   1.118515e-03   1.200030e-20   1655532
  2.924748e+00   1.275300e-17   1.126990e-03   1.193381e-20   1656860
  2.928637e+00   1.261791e-17   1.119840e-03   1.190605e-20   1635372
  2.932524e+00   1.250406e-17   1.124773e-03   1.187147e-20   1634324
  2.936410e+00   1.237874e-17   1.117372e-03   1.178435e-20   1613676
  2.940295e+00   1.228524e-17   1.124617e-03   1.175548e-20   1613348
  2.944183e+00   1.219206e-17   1.120803e-03   1.174110e-20   1596236
  2.948069e+00   1.207301e-17   1.123999e-03   1.167582e-20   1591476
  2.951956e+00   1.200283e-17   1.119134e-03   1.168279e-20   1575732
  2.955838e+00   1.191931e-17   1.120429e-03   1.168311e-20   1566236
  2.959725e+00   1.180186e-17   1.124724e-03   1.158760e-20   1560292
  2.963618e+00   1.170135e-17   1.124442e-03   1.154108e-20   1550092
  2.967503e+00   1.160919e-17   1.118750e-03   1.156688e-20   1532628
  2.971386e+00   1.146375e-17   1.121507e-03   1.145505e-20   1527332
  2.975274e+00   1.142413e-17   1.121884e-03   1.145005e-20   1515212
  2.979160e+00   1.133408e-17   1.123567e-03   1.144950e-20   1506444
  2.983048e+00   1.124983e-17   1.122261e-03   1.143832e-20   1495116
  2.986928e+00   1.114332e-17   1.117074e-03   1.143131e-20   1479152
  2.990812e+00   1.105216e-17   1.122982e-03   1.135519e-20   1475512
  2.994707e+00   1.097663e-17   1.126591e-03   1.137972e-20   1467820
  2.998598e+00   1.088304e-17   1.121923e-03   1.138914e-20   1451256
  3.002486e+00   1.077747e-17   1.122725e-03   1.129302e-20   1443212
  3.006369e+00   1.069429e-17   1.117256e-03   1.130517e-20   1425680
  3.010254e+00   1.061492e-17   1.124371e-03   1.122705e-20   1422972
  3.014143e+00   1.056274e-17   1.123023e-03   1.124244e-20   1408632
  3.018032e+00   1.043977e-17   1.123941e-03   1.118560e-20   1400984
  3.021918e+00   1.036698e-17   1.117887e-03   1.121666e-20   1383196
  3.025801e+00   1.028361e-17   1.123197e-03   1.121212e-20   1378120
  3.029692e+00   1.023024e-17   1.124450e-03   1.121478e-20   1367272
  3.033584e+00   1.014730e-17   1.124457e-03   1.120755e-20   1356580
  3.037464e+00   1.005320e-17   1.115974e-03   1.119594e-20   1337028
  3.041343e+00   9.941617e-18   1.120802e-03   1.117478e-20   1332500
  3.045230e+00   9.909211e-18   1.122780e-03   1.115335e-20   1321796
  3.049120e+00   9.812225e-18   1.124838e-03   1.117638e-20   1312716
  3.053007e+00   9.722129e-18   1.119942e-03   1.113592e-20   1296580
  3.056896e+00   9.647267e-18   1.124221e-03   1.110693e-20   1291528
  3.060783e+00   9.618503e-18   1.119071e-03   1.121538e-20   1273128
  3.064669e+00   9.528384e-18   1.125633e-03   1.113237e-20   1268720
  3.068560e+00   9.456546e-18   1.122309e-03   1.116945e-20   1254016
  3.072444e+00   9.323728e-18   1.119894e-03   1.111349e-20   1241296
  3.076322e+00   9.262466e-18   1.116955e-03   1.109954e-20   1226712
  3.080211e+00   9.232875e-18   1.128188e-03   1.110431e-20   1226228
  3.084105e+00   9.136651e-18   1.122621e-03   1.108090e-20   1207768
  3.087992e+00   9.053142e-18   1.122433e-03   1.110090e-20   1198336
  3.091874e+00   8.988469e-18   1.117108e-03   1.110735e-20   1181484
  3.095761e+00   8.915607e-18   1.125421e-03   1.111073e-20   1178012
  3.099653e+00   8.857329e-18   1.123268e-03   1.110212e-20   1162564
  3.103535e+00   8.739693e-18   1.120338e-03   1.104203e-20   1149340
  3.107418e+00   8.679681e-18   1.119954e-03   1.105971e-20   1138848
  3.111303e+00   8.582207e-18   1.120192e-03   1.104520e-20   1126748
  3.115189e+00   8.550856e-18   1.123911e-03   1.107799e-20   1117428
  3.119084e+00   8.455317e-18   1.126323e-03   1.106388e-20   1108112
  3.122973e+00   8.390184e-18   1.119549e-03   1.107492e-20   1090596
  3.126857e+00   8.281909e-18   1.120292e-03   1.102473e-20   1081052
  3.130738e+00   8.225895e-18   1.118514e-03   1.104786e-20   1065716
  3.134626e+00   8.163446e-18   1.127732e-03   1.104580e-20   1061940
  3.138518e+00   8.081190e-18   1.121370e-03   1.104823e-20   1044096
  3.142404e+00   7.944898e-18   1.122139e-03   1.091139e-20   1034864
  3.146289e+00   7.887290e-18   1.117591e-03   1.092744e-20   1018308
  3.150179e+00   7.866868e-18   1.129200e-03   1.103449e-20   1014812
  3.154072e+00   7.790224e-18   1.121981e-03   1.107240e-20   996288
  3.157955e+00   7.644320e-18   1.120847e-03   1.090885e-20   985376
  3.161835e+00   7.546306e-18   1.115880e-03   1.091702e-20   969652
  3.165722e+00   7.508564e-18   1.125987e-03   1.093188e-20   964924
  3.169610e+00   7.489442e-18   1.121515e-03   1.109890e-20   947228
  3.173495e+00   7.305302e-18   1.123457e-03   1.083134e-20   939084
  3.177381e+00   7.225566e-18   1.116472e-03   1.082462e-20   921864
  3.181265e+00   7.132352e-18   1.123502e-03   1.077772e-20   914252
  3.185159e+00   7.115187e-18   1.126304e-03   1.086310e-20   902572
  3.189050e+00   6.963651e-18   1.123145e-03   1.072911e-20   888784
  3.192932e+00   6.837098e-18   1.116224e-03   1.060095e-20   872540
  3.196811e+00   6.734606e-18   1.120157e-03   1.053061e-20   862848
  3.200697e+00   6.727187e-18   1.124093e-03   1.068272e-20   851760
  3.204592e+00   6.573535e-18   1.127172e-03   1.045762e-20   841940
  3.208479e+00   6.448708e-18   1.117661e-03   1.033887e-20   823032
  3.212364e+00   6.321948e-18   1.123934e-03   1.020329e-20   816044
  3.216253e+00   6.285216e-18   1.120364e-03   1.034406e-20   799292
  3.220140e+00   6.159641e-18   1.126784e-03   1.018645e-20   791304
  3.224026e+00   6.009862e-18   1.117490e-03   9.936681e-21   772868
  3.227902e+00   5.888863e-18   1.119936e-03   9.793694e-21   762552
  3.231787e+00   5.772614e-18   1.121745e-03   9.679349e-21   750876
  3.235677e+00   5.686217e-18   1.123999e-03   9.593690e-21   739280
  3.239565e+00   5.522743e-18   1.121784e-03   9.285480e-21   724944
  3.243456e+00   5.363486e-18   1.124267e-03   8.954939e-21   714380
  3.247336e+00   5.254715e-18   1.116046e-03   8.737755e-21   695932
  3.251222e+00   5.096762e-18   1.126879e-03   8.454680e-21   690949
  3.255114e+00   4.944801e-18   1.118914e-03   8.099013e-21   673638
  3.258999e+00   4.858027e-18   1.124434e-03   8.027291e-21   666092
  3.262883e+00   4.795861e-18   1.117312e-03   7.905946e-21   651024
  3.266766e+00   4.674379e-18   1.124054e-03   7.638426e-21   644804
  3.270656e+00   4.591462e-18   1.121035e-03   7.503501e-21   632676
  3.274546e+00   4.490831e-18   1.125434e-03   7.335584e-21   624962
  3.278430e+00   4.421237e-18   1.118496e-03   7.227598e-21   611280
  3.282321e+00   4.360900e-18   1.127391e-03   7.143999e-21   607256
  3.286211e+00   4.279438e-18   1.118374e-03   7.022812e-21   592616
  3.290095e+00   4.192721e-18   1.124430e-03   6.771340e-21   587160
  3.293983e+00   4.130617e-18   1.120749e-03   6.764011e-21   575482
  3.297866e+00   4.060711e-18   1.122505e-03   6.651007e-21   568258
  3.301757e+00   4.023028e-18   1.122731e-03   6.635956e-21   559638
  3.305647e+00   3.956687e-18   1.123210e-03   6.484587e-21   551498
  3.309536e+00   3.911544e-18   1.121790e-03   6.430590e-21   542364
  3.313423e+00   3.812430e-18   1.122328e-03   6.272670e-21   534146
  3.317305e+00   3.806939e-18   1.119988e-03   6.288710e-21   524980
  3.321196e+00   3.722453e-18   1.125222e-03   6.130458e-21   519964
  3.325077e+00   3.697434e-18   1.115886e-03   6.107642e-21   507108
  3.328962e+00   3.614928e-18   1.126905e-03   5.961865e-21   504992
  3.332852e+00   3.584837e-18   1.118656e-03   5.942358e-21   492948
  3.336740e+00   3.525432e-18   1.127360e-03   5.888465e-21   489740
  3.340629e+00   3.494211e-18   1.117346e-03   5.821191e-21   477716
  3.344511e+00   3.437201e-18   1.124864e-03   5.740887e-21   473844
  3.348399e+00   3.436494e-18   1.119228e-03   5.758799e-21   464222
  3.352284e+00   3.360455e-18   1.123815e-03   5.664789e-21   459048
  3.356167e+00   3.334931e-18   1.117888e-03   5.660720e-21   449574
  3.360054e+00   3.283395e-18   1.125019e-03   5.529009e-21   445820
  3.363936e+00   3.253962e-18   1.116211e-03   5.509546e-21   435158
  3.367827e+00   3.220901e-18   1.127850e-03   5.489600e-21   433566
  3.371713e+00   3.161478e-18   1.114763e-03   5.392003e-21   421014
  3.375597e+00   3.156231e-18   1.127754e-03   5.385585e-21   419996
  3.379490e+00   3.123372e-18   1.118287e-03   5.383003e-21   409482
  3.383368e+00   3.063630e-18   1.121665e-03   5.285002e-21   404414
  3.387257e+00   3.062704e-18   1.122567e-03   5.301285e-21   398518
  3.391148e+00   3.009823e-18   1.123750e-03   5.196044e-21   392302
  3.395033e+00   3.005918e-18   1.121765e-03   5.273912e-21   385318
  3.398930e+00   2.956758e-18   1.127631e-03   5.207708e-21   381718
  3.402811e+00   2.921095e-18   1.114511e-03   5.164695e-21   370674
  3.406696e+00   2.919985e-18   1.128673e-03   5.208786e-21   370166
  3.410587e+00   2.881681e-18   1.117032e-03   5.162904e-21   359838
  3.414471e+00   2.848939e-18   1.126612e-03   5.076709e-21   357488
  3.418356e+00   2.830192e-18   1.115416e-03   5.107045e-21   348174
  3.422239e+00   2.791669e-18   1.126138e-03   5.030436e-21   346010
  3.426123e+00   2.789606e-18   1.115666e-03   5.108216e-21   336966
  3.430017e+00   2.752229e-18   1.131496e-03   5.001068e-21   336488
  3.433906e+00   2.749376e-18   1.113178e-03   5.087961e-21   325206
  3.437790e+00   2.709255e-18   1.128394e-03   5.025785e-21   324614
  3.441675e+00   2.691335e-18   1.113950e-03   5.039892e-21   314792
  3.445561e+00   2.664060e-18   1.129033e-03   5.004344e-21   314082
  3.449445e+00   2.662404e-18   1.112843e-03   5.073959e-21   303918
  3.453329e+00   2.619112e-18   1.130230e-03   4.982846e-21   303872
  3.457223e+00   2.621615e-18   1.118237e-03   5.037455e-21   295070
  3.461110e+00   2.594264e-18   1.127117e-03   4.986643e-21   292776
  3.464999e+00   2.584599e-18   1.118155e-03   5.051636e-21   285198
  3.468882e+00   2.563111e-18   1.124173e-03   5.030508e-21   282068
  3.472770e+00   2.558442e-18   1.120642e-03   5.027395e-21   276094
  3.476654e+00   2.538915e-18   1.121770e-03   5.058755e-21   271936
  3.480537e+00   2.511915e-18   1.119604e-03   5.028779e-21   266352
  3.484425e+00   2.488386e-18   1.124273e-03   5.018032e-21   263198
  3.488309e+00   2.474403e-18   1.117087e-03   5.030907e-21   256540
  3.492199e+00   2.457381e-18   1.128018e-03   4.996381e-21   254758
  3.496085e+00   2.452922e-18   1.114575e-03   5.054891e-21   246888
  3.499973e+00   2.449256e-18   1.129431e-03   5.063524e-21   245984
  3.503859e+00   2.440779e-18   1.113747e-03   5.115264e-21   237838
  3.507743e+00   2.411034e-18   1.128624e-03   5.068323e-21   236932
  3.511628e+00   2.413830e-18   1.114686e-03   5.144745e-21   229296
  3.515519e+00   2.376537e-18   1.132107e-03   5.081554e-21   228968
  3.519410e+00   2.377458e-18   1.115334e-03   5.151051e-21   220862
  3.523299e+00   2.359958e-18   1.132320e-03   5.142340e-21   220440
  3.527188e+00   2.344064e-18   1.113877e-03   5.169691e-21   212400
  3.531075e+00   2.354116e-18   1.132596e-03   5.199850e-21   212228
  3.534965e+00   2.339882e-18   1.113928e-03   5.236138e-21   204518
  3.538852e+00   2.329299e-18   1.130227e-03   5.214992e-21   203928
  3.542735e+00   2.307619e-18   1.110921e-03   5.287156e-21   196280
  3.546619e+00   2.305672e-18   1.130361e-03   5.284590e-21   196272
  3.550503e+00   2.298479e-18   1.110008e-03   5.349992e-21   188572
  3.554385e+00   2.275189e-18   1.129045e-03   5.348892e-21   188440
  3.558272e+00   2.283296e-18   1.112527e-03   5.399599e-21   181574
  3.562156e+00   2.263814e-18   1.129325e-03   5.370984e-21   180912
  3.566042e+00   2.267701e-18   1.112617e-03   5.485918e-21   174304
  3.569927e+00   2.259518e-18   1.129933e-03   5.442079e-21   173620
  3.573814e+00   2.239811e-18   1.114477e-03   5.508277e-21   167424
  3.577707e+00   2.246034e-18   1.132693e-03   5.517562e-21   166952
  3.581590e+00   2.238868e-18   1.109406e-03   5.667066e-21   159744
  3.585479e+00   2.231300e-18   1.134885e-03   5.638520e-21   160424
  3.589363e+00   2.227242e-18   1.107308e-03   5.750304e-21   152748
  3.593250e+00   2.214642e-18   1.136784e-03   5.682682e-21   153920
  3.597136e+00   2.205767e-18   1.105473e-03   5.756696e-21   146016
  3.601018e+00   2.204082e-18   1.136208e-03   5.777970e-21   147176
  3.604907e+00   2.199439e-18   1.107710e-03   5.925448e-21   139992
  3.608791e+00   2.195076e-18   1.135264e-03   5.863143e-21   140588
  3.612682e+00   2.191293e-18   1.111007e-03   5.990527e-21   134184
  3.616571e+00   2.175858e-18   1.134121e-03   5.950853e-21   134192
  3.620457e+00   2.175283e-18   1.110077e-03   6.095806e-21   127992
  3.624344e+00   2.167473e-18   1.133946e-03   6.070284e-21   128132
  3.628235e+00   2.165741e-18   1.112933e-03   6.242958e-21   122384
  3.632120e+00   2.158754e-18   1.130787e-03   6.235582e-21   121896
  3.636006e+00   2.153874e-18   1.111987e-03   6.351500e-21   116592
  3.639888e+00   2.162873e-18   1.130031e-03   6.338403e-21   116072
  3.643776e+00   2.157686e-18   1.113281e-03   6.527626e-21   111196
  3.647666e+00   2.143717e-18   1.133982e-03   6.439334e-21   110824
  3.651553e+00   2.143215e-18   1.109351e-03   6.588048e-21   105456
  3.655445e+00   2.145023e-18   1.137911e-03   6.578893e-21   105746
  3.659331e+00   2.142126e-18   1.104570e-03   6.851321e-21   99816
  3.663217e+00   2.123911e-18   1.137630e-03   6.686612e-21   100460
  3.667098e+00   2.148487e-18   1.103186e-03   6.995867e-21   94616
  3.670986e+00   2.126673e-18   1.138482e-03   6.960127e-21   95448
  3.674871e+00   2.122737e-18   1.104767e-03   7.155467e-21   89784
  3.678762e+00   2.125620e-18   1.138753e-03   7.080641e-21   90536
  3.682640e+00   2.137086e-18   1.098833e-03   7.362550e-21   84566
  3.686528e+00   2.135920e-18   1.143171e-03   7.310599e-21   86088
  3.690411e+00   2.120484e-18   1.094501e-03   7.537219e-21   79680
  3.694290e+00   2.129929e-18   1.143460e-03   7.473283e-21   81368
  3.698177e+00   2.127182e-18   1.096007e-03   7.707945e-21   75356
  3.702056e+00   2.124501e-18   1.143156e-03   7.713539e-21   76704
  3.705948e+00   2.133117e-18   1.100016e-03   7.962651e-21   71322
  3.709834e+00   2.116595e-18   1.143672e-03   7.962761e-21   72248
  3.713724e+00   2.136500e-18   1.099908e-03   8.306809e-21   67160
  3.717610e+00   2.124452e-18   1.141543e-03   8.173952e-21   67836
  3.721489e+00   2.131561e-18   1.096984e-03   8.483513e-21   62976
  3.725379e+00   2.115156e-18   1.144398e-03   8.381500e-21   63914
  3.729253e+00   2.118919e-18   1.092761e-03   8.773939e-21   58832
  3.733144e+00   2.102202e-18   1.147084e-03   8.543565e-21   60108
  3.737017e+00   2.095507e-18   1.090205e-03   9.011739e-21   54920
  3.740928e+00   2.128604e-18   1.160099e-03   8.838762e-21   56970
  3.744809e+00   2.104751e-18   1.078913e-03   9.354660e-21   50760
  3.748701e+00   2.134039e-18   1.161348e-03   9.162352e-21   53312
  3.752584e+00   2.139314e-18   1.074836e-03   9.893577e-21   47164
  3.756472e+00   2.142905e-18   1.163802e-03   9.617493e-21   49810
  3.760356e+00   2.119946e-18   1.069365e-03   1.016205e-20   43680
  3.764234e+00   2.132577e-18   1.164818e-03   9.959438e-21   46328
  3.768129e+00   2.138995e-18   1.073902e-03   1.056470e-20   40694
  3.772013e+00   2.140815e-18   1.167140e-03   1.033304e-20   42984
  3.775913e+00   2.116600e-18   1.073587e-03   1.098605e-20   37656
  3.779787e+00   2.161922e-18   1.164236e-03   1.094953e-20   39578
  3.783688e+00   2.174803e-18   1.077878e-03   1.167248e-20   34920
  3.787564e+00   2.158033e-18   1.160065e-03   1.139026e-20   36308
  3.791451e+00   2.158788e-18   1.076316e-03   1.196759e-20   32136
  3.795334e+00   2.120353e-18   1.159401e-03   1.178341e-20   33362
  3.799207e+00   2.156349e-18   1.069739e-03   1.260371e-20   29336
  3.803104e+00   2.166155e-18   1.167435e-03   1.222398e-20   30804
  3.806966e+00   2.149430e-18   1.055228e-03   1.332259e-20   26490
  3.810870e+00   2.145819e-18   1.176653e-03   1.276516e-20   28376
  3.814719e+00   2.177245e-18   1.039734e-03   1.386516e-20   23784
  3.818636e+00   2.158476e-18   1.189627e-03   1.367650e-20   26150
  3.822479e+00   2.182411e-18   1.021588e-03   1.491707e-20   21192
  3.826407e+00   2.200536e-18   1.204804e-03   1.404438e-20   24050
  3.830252e+00   2.165976e-18   1.002280e-03   1.575391e-20   18768
  3.834191e+00   2.156155e-18   1.221518e-03   1.451035e-20   22052
  3.838029e+00   2.155386e-18   9.660660e-04   1.667127e-20   16346
  3.841962e+00   2.193475e-18   1.236558e-03   1.567697e-20   20136
  3.845802e+00   2.178208e-18   9.274195e-04   1.833847e-20   14160
  3.849721e+00   2.179461e-18   1.247069e-03   1.630444e-20   18218
  3.853565e+00   2.227433e-18   8.859468e-04   2.017870e-20   12204
  3.857470e+00   2.185221e-18   1.256334e-03   1.744164e-20   16346
  3.861333e+00   2.195553e-18   8.562781e-04   2.096728e-20   10536
  3.865221e+00   2.149082e-18   1.261091e-03   1.741549e-20   14456
  3.869081e+00   2.286617e-18   8.165112e-04   2.358363e-20   8990
  3.872967e+00   2.168914e-18   1.270385e-03   1.952748e-20   12744
  3.876815e+00   2.240972e-18   7.482517e-04   2.630888e-20   7506
  3.880703e+00   2.264273e-18   1.282849e-03   2.113927e-20   11192
  3.884545e+00   2.302377e-18   6.569471e-04   2.898033e-20   6156
  3.888432e+00   2.218983e-18   1.294599e-03   2.310750e-20   9722
  3.892281e+00   2.171183e-18   5.567157e-04   3.138132e-20   4992
  3.896158e+00   2.217236e-18   1.304505e-03   2.372841e-20   8306
  3.900025e+00   2.201581e-18   4.384033e-04   3.481523e-20   3996
  3.903878e+00   2.257898e-18   1.309274e-03   2.752746e-20   6938
  3.907766e+00   2.247900e-18   3.047624e-04   4.112084e-20   3168
  3.911584e+00   2.213441e-18   1.304853e-03   2.879158e-20   5624
  3.915485e+00   2.269490e-18   2.103226e-04   4.740898e-20   2502
  3.919286e+00   2.242330e-18   1.297747e-03   3.351344e-20   4424
  3.923208e+00   2.328805e-18   2.230451e-04   5.352270e-20   1946
  3.926998e+00   2.264545e-18   1.292790e-03   3.907875e-20   3360
  3.930918e+00   2.234979e-18   1.221617e-04   6.160081e-20   1446
  3.934708e+00   2.295144e-18   1.290208e-03   4.747576e-20   2456
  3.938666e+00   2.374463e-18   2.340394e-04   7.437363e-20   1034
  3.942432e+00   2.229984e-18   1.288305e-03   5.211081e-20   1680
  3.946383e+00   2.224221e-18   5.837572e-05   8.762693e-20   678
  3.950143e+00   2.242554e-18   1.286681e-03   6.567588e-20   1064
  3.954177e+00   2.516858e-18   3.540138e-04   1.159207e-19   410
  3.957868e+00   2.104566e-18   1.284749e-03   8.748119e-20   576
  3.961879e+00   2.259447e-18   1.855368e-05   1.451323e-19   198
  3.965528e+00   2.166188e-18   1.272780e-03   1.418120e-19   248
  3.969917e+00   2.556557e-18   8.019490e-04   2.920492e-19   74
  3.973198e+00   1.708099e-18   1.252635e-03   2.164655e-19   48
  3.977405e+00   1.379410e-18   5.034095e-08   6.213968e-19   6
