# power spectrum of zeta (dimensionless)
# redshift z=-0.007172
# k              Pk             sigma(k)       sigma(Pk)      count
  5.727314e-03   3.031283e-18   8.763345e-04   5.903612e-19   18
  1.001182e-02   5.208429e-17   1.059922e-03   8.111180e-18   62
  1.393445e-02   1.239953e-16   7.332271e-04   1.600346e-17   90
  1.764809e-02   2.960184e-16   1.157232e-03   2.033726e-17   170
  2.151286e-02   4.768836e-16   1.202795e-03   2.789501e-17   246
  2.528669e-02   6.959373e-16   1.146703e-03   3.852226e-17   338
  2.901099e-02   1.092136e-15   9.857564e-04   5.473598e-17   432
  3.284683e-02   1.418856e-15   1.010047e-03   6.250066e-17   578
  3.688195e-02   1.701461e-15   1.177086e-03   6.200233e-17   786
  4.101464e-02   2.032970e-15   1.190994e-03   6.606270e-17   974
  4.488954e-02   2.441356e-15   1.031402e-03   7.762255e-17   1002
  4.870958e-02   3.081665e-15   1.179303e-03   8.237465e-17   1334
  5.263577e-02   3.388903e-15   1.134676e-03   9.247515e-17   1458
  5.631027e-02   4.083500e-15   1.072446e-03   1.001870e-16   1604
  6.010158e-02   4.663360e-15   1.088865e-03   1.112724e-16   1974
  6.404851e-02   5.423472e-15   1.067989e-03   1.156098e-16   2234
  6.795611e-02   6.242150e-15   1.092954e-03   1.274885e-16   2490
  7.198483e-02   6.957689e-15   1.200217e-03   1.307631e-16   3014
  7.595394e-02   7.718881e-15   1.093611e-03   1.404937e-16   3018
  7.977896e-02   8.295686e-15   1.131598e-03   1.445287e-16   3446
  8.359600e-02   8.665958e-15   1.085617e-03   1.465910e-16   3626
  8.742004e-02   9.035206e-15   1.125556e-03   1.423310e-16   4164
  9.130612e-02   9.913428e-15   1.090740e-03   1.516756e-16   4470
  9.521636e-02   1.009949e-14   1.115446e-03   1.482437e-16   4970
  9.915211e-02   1.094389e-14   1.127844e-03   1.476277e-16   5366
  1.030785e-01   1.106388e-14   1.144516e-03   1.427294e-16   5778
  1.069619e-01   1.211489e-14   1.149148e-03   1.528464e-16   6162
  1.108671e-01   1.276508e-14   1.158272e-03   1.614114e-16   6734
  1.146806e-01   1.321520e-14   1.074898e-03   1.599080e-16   6756
  1.184510e-01   1.436128e-14   1.088568e-03   1.609649e-16   7502
  1.223464e-01   1.532698e-14   1.105366e-03   1.714897e-16   8154
  1.262469e-01   1.583250e-14   1.103283e-03   1.709567e-16   8618
  1.301909e-01   1.699964e-14   1.146655e-03   1.769240e-16   9390
  1.341197e-01   1.799784e-14   1.126004e-03   1.823921e-16   9722
  1.380051e-01   1.793494e-14   1.126950e-03   1.770133e-16   10242
  1.419007e-01   1.842934e-14   1.149257e-03   1.748217e-16   11006
  1.457777e-01   1.929017e-14   1.106962e-03   1.828828e-16   11348
  1.496576e-01   1.931279e-14   1.105725e-03   1.732571e-16   12150
  1.535164e-01   1.941732e-14   1.078348e-03   1.766428e-16   12498
  1.574072e-01   2.003473e-14   1.129889e-03   1.693506e-16   13586
  1.613096e-01   2.031007e-14   1.132072e-03   1.730665e-16   14006
  1.652381e-01   2.099112e-14   1.166232e-03   1.674736e-16   15162
  1.691226e-01   2.129536e-14   1.101754e-03   1.748841e-16   14990
  1.729750e-01   2.176995e-14   1.143142e-03   1.696538e-16   16380
  1.768610e-01   2.284667e-14   1.105581e-03   1.778498e-16   16666
  1.807168e-01   2.355433e-14   1.110348e-03   1.780541e-16   17638
  1.845996e-01   2.443850e-14   1.100521e-03   1.815746e-16   18354
  1.884710e-01   2.482106e-14   1.102640e-03   1.840316e-16   19034
  1.923685e-01   2.593529e-14   1.144302e-03   1.788880e-16   20270
  1.963174e-01   2.674955e-14   1.155956e-03   1.820774e-16   21258
  2.002141e-01   2.694825e-14   1.111898e-03   1.829373e-16   21350
  2.040863e-01   2.698430e-14   1.123159e-03   1.810054e-16   22644
  2.079681e-01   2.759508e-14   1.101476e-03   1.819556e-16   23114
  2.118390e-01   2.778134e-14   1.118265e-03   1.809410e-16   24342
  2.157382e-01   2.759638e-14   1.117694e-03   1.750467e-16   25194
  2.196235e-01   2.793833e-14   1.116195e-03   1.757238e-16   25982
  2.234724e-01   2.862528e-14   1.109599e-03   1.758367e-16   26506
  2.273806e-01   2.900814e-14   1.167806e-03   1.716105e-16   28738
  2.312750e-01   2.923473e-14   1.110542e-03   1.744213e-16   28296
  2.351662e-01   2.909024e-14   1.143823e-03   1.655587e-16   30554
  2.390501e-01   2.923222e-14   1.084103e-03   1.695056e-16   30094
  2.428824e-01   3.044578e-14   1.109820e-03   1.716388e-16   31738
  2.467836e-01   3.044274e-14   1.134747e-03   1.676520e-16   33306
  2.506613e-01   3.128513e-14   1.104153e-03   1.687836e-16   33422
  2.545365e-01   3.183401e-14   1.131527e-03   1.698177e-16   35298
  2.584714e-01   3.192711e-14   1.143069e-03   1.672465e-16   36650
  2.623670e-01   3.206413e-14   1.115532e-03   1.658586e-16   36888
  2.662651e-01   3.236964e-14   1.131896e-03   1.637827e-16   38834
  2.701697e-01   3.266022e-14   1.107355e-03   1.654003e-16   39246
  2.740453e-01   3.287031e-14   1.111777e-03   1.630592e-16   40466
  2.778984e-01   3.330642e-14   1.108403e-03   1.642273e-16   41106
  2.817847e-01   3.318200e-14   1.145602e-03   1.596944e-16   43598
  2.856833e-01   3.359153e-14   1.116308e-03   1.603480e-16   43650
  2.895471e-01   3.315938e-14   1.120907e-03   1.564209e-16   45272
  2.934575e-01   3.395132e-14   1.131740e-03   1.573066e-16   46994
  2.973636e-01   3.411697e-14   1.124346e-03   1.560780e-16   47850
  3.012447e-01   3.409357e-14   1.115858e-03   1.552377e-16   48846
  3.051030e-01   3.416194e-14   1.105642e-03   1.542434e-16   49706
  3.089532e-01   3.455439e-14   1.113265e-03   1.534916e-16   51198
  3.128464e-01   3.429716e-14   1.134266e-03   1.509942e-16   53402
  3.167281e-01   3.516495e-14   1.111145e-03   1.512239e-16   53634
  3.206428e-01   3.522295e-14   1.143806e-03   1.475996e-16   56888
  3.245618e-01   3.525580e-14   1.106794e-03   1.488334e-16   56474
  3.284581e-01   3.527047e-14   1.130606e-03   1.448301e-16   58962
  3.323510e-01   3.544159e-14   1.114731e-03   1.458034e-16   59214
  3.362265e-01   3.555415e-14   1.127963e-03   1.447225e-16   61250
  3.400938e-01   3.562533e-14   1.110759e-03   1.450613e-16   61694
  3.439480e-01   3.590707e-14   1.120230e-03   1.429200e-16   63618
  3.478512e-01   3.576638e-14   1.140078e-03   1.396276e-16   66284
  3.517691e-01   3.566223e-14   1.123324e-03   1.381078e-16   67014
  3.556494e-01   3.536807e-14   1.113722e-03   1.354270e-16   67930
  3.595371e-01   3.594388e-14   1.127426e-03   1.353374e-16   70294
  3.634200e-01   3.611448e-14   1.114424e-03   1.366937e-16   70658
  3.672742e-01   3.553721e-14   1.121955e-03   1.330324e-16   72522
  3.711539e-01   3.590886e-14   1.125103e-03   1.334082e-16   74550
  3.750359e-01   3.606671e-14   1.112832e-03   1.318740e-16   75674
  3.789191e-01   3.581451e-14   1.116846e-03   1.273988e-16   77708
  3.828461e-01   3.622157e-14   1.136191e-03   1.261486e-16   80622
  3.867545e-01   3.599317e-14   1.112810e-03   1.267258e-16   80330
  3.906423e-01   3.609868e-14   1.128269e-03   1.248954e-16   82974
  3.945313e-01   3.589454e-14   1.118618e-03   1.240685e-16   83666
  3.984084e-01   3.626659e-14   1.126394e-03   1.242882e-16   85746
  4.022765e-01   3.599079e-14   1.118427e-03   1.230925e-16   86702
  4.061542e-01   3.593642e-14   1.126154e-03   1.194904e-16   89556
  4.100569e-01   3.605508e-14   1.118519e-03   1.198225e-16   91038
  4.139484e-01   3.611912e-14   1.117921e-03   1.185560e-16   92522
  4.178268e-01   3.578574e-14   1.119569e-03   1.163829e-16   94034
  4.217415e-01   3.588148e-14   1.145339e-03   1.155041e-16   97758
  4.256173e-01   3.589205e-14   1.103600e-03   1.155474e-16   95770
  4.294627e-01   3.581320e-14   1.123790e-03   1.135811e-16   99646
  4.333400e-01   3.605360e-14   1.115333e-03   1.135334e-16   100980
  4.372362e-01   3.570931e-14   1.127284e-03   1.107814e-16   104258
  4.411386e-01   3.580162e-14   1.114910e-03   1.111723e-16   104998
  4.450377e-01   3.573328e-14   1.124073e-03   1.086231e-16   107866
  4.489311e-01   3.580037e-14   1.113184e-03   1.092360e-16   108154
  4.528161e-01   3.577230e-14   1.135370e-03   1.071365e-16   111622
  4.567076e-01   3.563886e-14   1.122976e-03   1.063228e-16   112146
  4.605727e-01   3.526966e-14   1.119518e-03   1.049792e-16   114014
  4.644440e-01   3.540239e-14   1.115906e-03   1.046899e-16   116220
  4.683319e-01   3.520138e-14   1.119789e-03   1.022377e-16   118682
  4.722291e-01   3.542804e-14   1.126606e-03   1.025726e-16   121118
  4.761348e-01   3.525019e-14   1.124808e-03   1.001844e-16   122994
  4.800157e-01   3.516519e-14   1.114862e-03   1.003829e-16   123574
  4.838959e-01   3.535879e-14   1.131276e-03   9.930498e-17   126922
  4.877763e-01   3.500855e-14   1.124735e-03   9.794787e-17   127906
  4.916481e-01   3.487569e-14   1.121767e-03   9.575097e-17   130432
  4.955333e-01   3.483261e-14   1.114812e-03   9.611067e-17   132642
  4.994186e-01   3.477091e-14   1.110800e-03   9.519019e-17   134534
  5.033164e-01   3.448872e-14   1.124671e-03   9.332609e-17   137778
  5.072392e-01   3.435313e-14   1.135312e-03   9.194012e-17   140786
  5.111285e-01   3.469010e-14   1.110620e-03   9.297905e-17   139590
  5.149976e-01   3.439799e-14   1.125619e-03   9.100494e-17   143546
  5.188865e-01   3.442357e-14   1.125142e-03   9.032359e-17   145338
  5.227635e-01   3.418432e-14   1.120484e-03   8.857720e-17   147272
  5.266520e-01   3.404846e-14   1.122335e-03   8.791041e-17   150330
  5.305485e-01   3.427525e-14   1.118234e-03   8.783698e-17   152318
  5.344262e-01   3.408127e-14   1.111066e-03   8.646148e-17   153202
  5.383243e-01   3.362812e-14   1.138693e-03   8.423351e-17   158626
  5.422165e-01   3.385937e-14   1.116855e-03   8.516538e-17   157350
  5.460935e-01   3.352554e-14   1.131200e-03   8.294657e-17   161906
  5.499589e-01   3.356088e-14   1.105071e-03   8.355752e-17   160872
  5.538418e-01   3.363993e-14   1.133375e-03   8.188679e-17   167858
  5.577463e-01   3.337388e-14   1.114977e-03   8.210415e-17   167514
  5.616201e-01   3.315280e-14   1.113803e-03   8.059920e-17   169862
  5.655108e-01   3.304543e-14   1.124453e-03   7.948749e-17   173602
  5.694083e-01   3.287604e-14   1.123533e-03   7.890819e-17   175258
  5.732959e-01   3.293846e-14   1.127164e-03   7.823664e-17   177654
  5.771897e-01   3.261539e-14   1.130949e-03   7.684103e-17   180698
  5.810773e-01   3.282497e-14   1.119005e-03   7.696866e-17   181968
  5.849616e-01   3.263852e-14   1.118541e-03   7.583807e-17   184850
  5.888448e-01   3.257413e-14   1.119144e-03   7.562520e-17   187034
  5.927421e-01   3.237875e-14   1.129966e-03   7.353362e-17   191238
  5.966308e-01   3.222148e-14   1.116348e-03   7.393692e-17   191042
  6.005065e-01   3.210117e-14   1.126286e-03   7.268898e-17   195102
  6.043812e-01   3.212420e-14   1.117515e-03   7.241878e-17   195786
  6.082630e-01   3.190418e-14   1.131649e-03   7.127706e-17   201164
  6.121481e-01   3.181262e-14   1.112645e-03   7.119887e-17   201070
  6.160242e-01   3.191022e-14   1.118305e-03   7.045599e-17   205234
  6.199111e-01   3.172956e-14   1.116352e-03   6.963853e-17   207342
  6.237987e-01   3.143912e-14   1.121735e-03   6.865610e-17   210602
  6.276909e-01   3.121048e-14   1.124203e-03   6.760252e-17   213130
  6.315953e-01   3.126910e-14   1.133190e-03   6.692221e-17   217318
  6.354807e-01   3.107545e-14   1.113546e-03   6.684810e-17   216306
  6.393491e-01   3.109147e-14   1.119403e-03   6.625977e-17   220652
  6.432430e-01   3.099021e-14   1.124854e-03   6.539426e-17   224502
  6.471454e-01   3.077076e-14   1.125081e-03   6.483753e-17   227186
  6.510345e-01   3.074270e-14   1.118193e-03   6.464597e-17   228398
  6.549165e-01   3.056678e-14   1.122259e-03   6.365830e-17   231642
  6.587972e-01   3.043442e-14   1.122763e-03   6.292989e-17   233946
  6.626908e-01   3.018779e-14   1.132956e-03   6.184501e-17   238694
  6.665707e-01   3.019016e-14   1.114640e-03   6.229804e-17   238068
  6.704525e-01   3.011847e-14   1.124042e-03   6.088408e-17   244190
  6.743498e-01   2.990144e-14   1.116752e-03   6.049968e-17   245362
  6.782313e-01   2.988351e-14   1.120102e-03   6.013638e-17   248362
  6.821206e-01   2.980410e-14   1.124509e-03   5.973176e-17   251966
  6.860099e-01   2.973522e-14   1.120649e-03   5.896654e-17   254034
  6.898855e-01   2.966821e-14   1.117172e-03   5.897825e-17   255818
  6.937781e-01   2.943782e-14   1.132899e-03   5.778657e-17   262254
  6.976722e-01   2.924835e-14   1.116974e-03   5.716464e-17   261980
  7.015718e-01   2.910782e-14   1.129534e-03   5.627409e-17   268566
  7.054538e-01   2.903109e-14   1.104857e-03   5.630407e-17   265538
  7.093286e-01   2.895825e-14   1.128000e-03   5.563381e-17   273330
  7.132165e-01   2.880722e-14   1.121481e-03   5.529925e-17   273718
  7.171069e-01   2.870936e-14   1.132652e-03   5.434815e-17   279658
  7.209986e-01   2.856493e-14   1.120025e-03   5.406244e-17   279670
  7.248700e-01   2.851156e-14   1.119062e-03   5.375401e-17   282964
  7.287608e-01   2.844197e-14   1.126489e-03   5.297360e-17   288362
  7.326540e-01   2.822356e-14   1.118613e-03   5.253764e-17   289686
  7.365333e-01   2.820046e-14   1.116235e-03   5.230295e-17   292234
  7.404015e-01   2.792732e-14   1.112765e-03   5.169179e-17   294190
  7.442845e-01   2.792275e-14   1.127923e-03   5.096040e-17   300642
  7.481851e-01   2.769009e-14   1.128116e-03   5.035992e-17   303386
  7.520700e-01   2.767593e-14   1.119257e-03   5.023077e-17   304662
  7.559583e-01   2.764023e-14   1.122290e-03   4.978859e-17   309812
  7.598513e-01   2.748565e-14   1.117608e-03   4.939739e-17   311714
  7.637547e-01   2.735092e-14   1.130270e-03   4.868812e-17   318126
  7.676398e-01   2.727073e-14   1.111035e-03   4.879400e-17   315114
  7.715118e-01   2.715366e-14   1.127143e-03   4.773844e-17   322622
  7.753932e-01   2.690279e-14   1.117154e-03   4.724828e-17   322850
  7.792787e-01   2.684072e-14   1.131101e-03   4.693609e-17   329802
  7.831716e-01   2.675105e-14   1.123851e-03   4.648954e-17   331104
  7.870696e-01   2.662473e-14   1.127607e-03   4.608197e-17   336986
  7.909587e-01   2.653312e-14   1.111055e-03   4.576325e-17   335870
  7.948355e-01   2.634961e-14   1.120862e-03   4.511226e-17   341610
  7.987215e-01   2.640993e-14   1.121955e-03   4.499047e-17   344370
  8.026031e-01   2.611943e-14   1.122207e-03   4.448600e-17   347606
  8.064886e-01   2.609635e-14   1.124033e-03   4.406401e-17   351650
  8.103706e-01   2.599762e-14   1.118654e-03   4.371312e-17   353760
  8.142669e-01   2.581867e-14   1.129493e-03   4.316379e-17   360970
  8.181738e-01   2.578228e-14   1.123124e-03   4.299563e-17   362818
  8.220521e-01   2.558776e-14   1.110144e-03   4.254065e-17   362334
  8.259414e-01   2.550124e-14   1.129348e-03   4.199709e-17   371642
  8.298275e-01   2.531386e-14   1.114584e-03   4.181021e-17   368778
  8.337006e-01   2.514159e-14   1.128744e-03   4.116501e-17   376526
  8.375857e-01   2.516168e-14   1.121330e-03   4.110907e-17   377786
  8.414675e-01   2.498916e-14   1.123524e-03   4.052920e-17   382968
  8.453573e-01   2.482816e-14   1.120822e-03   4.014275e-17   386146
  8.492503e-01   2.481227e-14   1.124050e-03   3.973182e-17   390826
  8.531392e-01   2.471410e-14   1.119718e-03   3.961655e-17   392662
  8.570302e-01   2.456737e-14   1.125822e-03   3.917297e-17   398242
  8.609051e-01   2.445466e-14   1.111972e-03   3.891958e-17   396726
  8.647781e-01   2.430342e-14   1.124714e-03   3.818709e-17   404738
  8.686664e-01   2.423881e-14   1.122897e-03   3.805045e-17   407628
  8.725545e-01   2.411576e-14   1.121536e-03   3.760028e-17   411734
  8.764395e-01   2.404023e-14   1.117149e-03   3.741530e-17   414242
  8.803359e-01   2.388373e-14   1.126317e-03   3.691419e-17   421434
  8.842333e-01   2.371692e-14   1.120273e-03   3.667345e-17   421918
  8.881244e-01   2.365899e-14   1.128330e-03   3.624249e-17   427810
  8.920157e-01   2.346622e-14   1.123036e-03   3.593396e-17   429470
  8.958948e-01   2.349162e-14   1.119658e-03   3.579192e-17   432282
  8.997746e-01   2.336900e-14   1.122449e-03   3.541893e-17   437260
  9.036583e-01   2.327477e-14   1.120747e-03   3.531998e-17   440758
  9.075489e-01   2.314613e-14   1.124778e-03   3.472229e-17   446370
  9.114474e-01   2.301671e-14   1.123943e-03   3.452608e-17   450182
  9.153288e-01   2.290875e-14   1.115142e-03   3.416675e-17   449850
  9.192089e-01   2.280779e-14   1.127357e-03   3.382726e-17   457898
  9.230929e-01   2.257564e-14   1.119604e-03   3.336525e-17   458662
  9.269737e-01   2.251546e-14   1.121722e-03   3.314260e-17   464620
  9.308545e-01   2.244577e-14   1.114316e-03   3.301480e-17   466302
  9.347441e-01   2.231439e-14   1.124571e-03   3.245311e-17   474314
  9.386369e-01   2.222413e-14   1.120021e-03   3.235557e-17   475530
  9.425348e-01   2.211951e-14   1.129051e-03   3.182647e-17   483206
  9.464328e-01   2.210650e-14   1.121669e-03   3.182409e-17   483530
  9.503142e-01   2.194447e-14   1.121047e-03   3.155159e-17   487002
  9.541966e-01   2.181911e-14   1.124058e-03   3.115587e-17   491774
  9.580774e-01   2.172908e-14   1.120518e-03   3.097704e-17   495084
  9.619601e-01   2.160396e-14   1.119352e-03   3.069891e-17   499438
  9.658473e-01   2.146926e-14   1.122356e-03   3.029222e-17   504682
  9.697357e-01   2.137265e-14   1.121500e-03   3.018233e-17   507738
  9.736321e-01   2.119155e-14   1.130456e-03   2.956066e-17   515174
  9.775214e-01   2.115417e-14   1.119580e-03   2.957563e-17   514234
  9.813957e-01   2.107358e-14   1.119450e-03   2.939664e-17   519022
  9.852705e-01   2.095872e-14   1.117281e-03   2.914399e-17   522636
  9.891535e-01   2.085437e-14   1.121739e-03   2.874254e-17   529442
  9.930474e-01   2.067570e-14   1.122647e-03   2.839318e-17   534078
  9.969375e-01   2.062009e-14   1.118397e-03   2.821496e-17   536666
  1.000817e+00   2.048954e-14   1.116716e-03   2.802883e-17   539142
  1.004715e+00   2.045094e-14   1.134178e-03   2.771186e-17   550658
  1.008615e+00   2.029194e-14   1.121935e-03   2.742447e-17   548298
  1.012495e+00   2.023598e-14   1.123048e-03   2.731584e-17   553694
  1.016374e+00   2.004604e-14   1.116375e-03   2.705406e-17   556116
  1.020264e+00   2.006459e-14   1.125051e-03   2.679490e-17   564890
  1.024148e+00   1.988416e-14   1.116141e-03   2.652801e-17   563718
  1.028036e+00   1.972622e-14   1.128568e-03   2.603077e-17   574298
  1.031929e+00   1.977722e-14   1.120551e-03   2.611768e-17   573966
  1.035814e+00   1.954644e-14   1.126024e-03   2.570280e-17   580586
  1.039699e+00   1.946107e-14   1.122029e-03   2.557047e-17   582666
  1.043587e+00   1.938611e-14   1.125959e-03   2.534575e-17   590648
  1.047474e+00   1.929058e-14   1.114820e-03   2.517727e-17   590394
  1.051350e+00   1.914213e-14   1.116684e-03   2.488487e-17   596174
  1.055234e+00   1.907744e-14   1.120236e-03   2.467447e-17   601674
  1.059126e+00   1.893375e-14   1.125352e-03   2.428356e-17   607682
  1.063019e+00   1.884936e-14   1.124350e-03   2.417912e-17   611166
  1.066910e+00   1.877377e-14   1.124099e-03   2.390501e-17   615626
  1.070791e+00   1.863508e-14   1.119456e-03   2.377840e-17   617290
  1.074678e+00   1.856622e-14   1.126011e-03   2.346836e-17   626344
  1.078566e+00   1.846476e-14   1.117274e-03   2.344441e-17   626658
  1.082451e+00   1.833531e-14   1.122467e-03   2.316888e-17   634022
  1.086331e+00   1.823232e-14   1.116124e-03   2.291993e-17   634554
  1.090218e+00   1.816615e-14   1.128467e-03   2.266757e-17   645026
  1.094107e+00   1.803069e-14   1.122446e-03   2.248709e-17   645102
  1.097993e+00   1.792448e-14   1.126954e-03   2.224141e-17   653018
  1.101879e+00   1.781967e-14   1.119089e-03   2.211886e-17   654384
  1.105770e+00   1.777987e-14   1.123901e-03   2.194462e-17   663194
  1.109660e+00   1.763026e-14   1.117576e-03   2.171276e-17   663834
  1.113540e+00   1.755691e-14   1.118796e-03   2.151446e-17   669158
  1.117424e+00   1.741274e-14   1.120650e-03   2.128308e-17   674490
  1.121304e+00   1.732437e-14   1.118416e-03   2.120542e-17   677222
  1.125193e+00   1.728983e-14   1.128225e-03   2.091665e-17   686874
  1.129092e+00   1.718078e-14   1.126811e-03   2.079561e-17   690722
  1.132980e+00   1.709188e-14   1.118907e-03   2.066823e-17   692008
  1.136871e+00   1.697216e-14   1.124678e-03   2.038744e-17   701386
  1.140761e+00   1.685911e-14   1.117002e-03   2.024070e-17   700778
  1.144643e+00   1.680665e-14   1.123318e-03   2.006569e-17   708774
  1.148529e+00   1.665178e-14   1.121990e-03   1.979326e-17   711690
  1.152418e+00   1.655393e-14   1.126973e-03   1.963445e-17   719606
  1.156298e+00   1.645471e-14   1.116380e-03   1.951236e-17   717762
  1.160181e+00   1.639900e-14   1.127123e-03   1.930826e-17   730460
  1.164073e+00   1.630562e-14   1.119262e-03   1.911368e-17   731070
  1.167968e+00   1.618487e-14   1.125901e-03   1.886452e-17   741170
  1.171853e+00   1.607702e-14   1.112045e-03   1.878272e-17   737094
  1.175730e+00   1.604777e-14   1.122374e-03   1.869377e-17   747698
  1.179618e+00   1.598056e-14   1.122867e-03   1.846699e-17   751658
  1.183501e+00   1.582298e-14   1.121599e-03   1.829887e-17   755574
  1.187383e+00   1.568452e-14   1.122256e-03   1.802063e-17   761442
  1.191279e+00   1.561162e-14   1.126787e-03   1.785879e-17   770816
  1.195171e+00   1.554125e-14   1.117539e-03   1.777112e-17   769274
  1.199064e+00   1.544140e-14   1.129525e-03   1.758446e-17   782130
  1.202947e+00   1.534270e-14   1.112602e-03   1.755262e-17   775230
  1.206825e+00   1.533623e-14   1.126605e-03   1.739129e-17   789866
  1.210710e+00   1.522206e-14   1.118361e-03   1.726509e-17   787914
  1.214592e+00   1.510280e-14   1.128225e-03   1.697834e-17   799598
  1.218486e+00   1.496801e-14   1.124161e-03   1.676766e-17   802980
  1.222371e+00   1.499159e-14   1.117789e-03   1.680620e-17   805622
  1.226254e+00   1.486464e-14   1.119738e-03   1.660374e-17   812050
  1.230147e+00   1.478864e-14   1.126034e-03   1.641786e-17   820954
  1.234035e+00   1.470750e-14   1.118780e-03   1.632227e-17   820062
  1.237911e+00   1.457806e-14   1.119897e-03   1.611527e-17   826298
  1.241794e+00   1.447541e-14   1.121814e-03   1.597503e-17   833118
  1.245672e+00   1.437718e-14   1.117137e-03   1.586617e-17   834812
  1.249560e+00   1.431455e-14   1.126815e-03   1.560072e-17   847858
  1.253469e+00   1.426903e-14   1.127442e-03   1.554452e-17   854278
  1.257361e+00   1.413889e-14   1.116253e-03   1.541892e-17   850978
  1.261241e+00   1.401835e-14   1.121687e-03   1.524631e-17   859186
  1.265131e+00   1.399317e-14   1.127494e-03   1.509420e-17   867126
  1.269018e+00   1.390407e-14   1.121886e-03   1.502083e-17   868274
  1.272897e+00   1.384199e-14   1.120976e-03   1.491562e-17   873606
  1.276776e+00   1.372904e-14   1.119398e-03   1.472560e-17   879284
  1.280663e+00   1.362875e-14   1.122355e-03   1.457630e-17   887170
  1.284564e+00   1.354869e-14   1.128693e-03   1.439281e-17   897526
  1.288458e+00   1.349067e-14   1.117587e-03   1.432227e-17   894258
  1.292341e+00   1.339470e-14   1.122714e-03   1.416243e-17   903374
  1.296223e+00   1.336214e-14   1.118323e-03   1.415384e-17   904338
  1.300103e+00   1.324478e-14   1.123719e-03   1.394856e-17   913586
  1.303982e+00   1.317361e-14   1.118150e-03   1.382995e-17   915416
  1.307871e+00   1.306999e-14   1.124217e-03   1.364710e-17   928122
  1.311759e+00   1.301125e-14   1.115167e-03   1.366613e-17   926094
  1.315654e+00   1.294117e-14   1.130093e-03   1.337650e-17   942890
  1.319549e+00   1.284685e-14   1.118827e-03   1.336539e-17   937266
  1.323433e+00   1.277043e-14   1.126506e-03   1.320858e-17   948854
  1.327319e+00   1.268847e-14   1.120121e-03   1.310514e-17   948714
  1.331197e+00   1.261100e-14   1.122687e-03   1.299897e-17   956186
  1.335082e+00   1.252541e-14   1.124444e-03   1.286933e-17   964272
  1.338973e+00   1.244580e-14   1.121587e-03   1.269911e-17   969458
  1.342859e+00   1.235402e-14   1.118296e-03   1.263983e-17   972750
  1.346749e+00   1.228345e-14   1.124460e-03   1.250514e-17   982706
  1.350635e+00   1.218976e-14   1.119858e-03   1.235917e-17   982906
  1.354527e+00   1.215697e-14   1.129306e-03   1.224266e-17   996622
  1.358414e+00   1.204982e-14   1.117989e-03   1.217993e-17   992378
  1.362284e+00   1.201195e-14   1.117150e-03   1.210667e-17   999000
  1.366168e+00   1.191843e-14   1.122014e-03   1.192849e-17   1010114
  1.370061e+00   1.184981e-14   1.121750e-03   1.184488e-17   1015722
  1.373948e+00   1.176824e-14   1.119290e-03   1.173186e-17   1018742
  1.377843e+00   1.168742e-14   1.127371e-03   1.159767e-17   1031250
  1.381733e+00   1.162093e-14   1.118461e-03   1.158670e-17   1027226
  1.385615e+00   1.154577e-14   1.126435e-03   1.140573e-17   1039734
  1.389500e+00   1.148019e-14   1.120654e-03   1.134088e-17   1039914
  1.393382e+00   1.138027e-14   1.123683e-03   1.117040e-17   1050272
  1.397267e+00   1.133049e-14   1.117473e-03   1.114807e-17   1052306
  1.401154e+00   1.125053e-14   1.122308e-03   1.101994e-17   1062666
  1.405045e+00   1.119714e-14   1.122401e-03   1.094700e-17   1067262
  1.408935e+00   1.112234e-14   1.123952e-03   1.083540e-17   1073906
  1.412823e+00   1.106980e-14   1.122463e-03   1.074930e-17   1078190
  1.416712e+00   1.096516e-14   1.124033e-03   1.059654e-17   1085634
  1.420592e+00   1.090925e-14   1.117456e-03   1.055768e-17   1085508
  1.424480e+00   1.083862e-14   1.126594e-03   1.042770e-17   1101926
  1.428369e+00   1.077643e-14   1.116061e-03   1.034384e-17   1098322
  1.432252e+00   1.072214e-14   1.121199e-03   1.028421e-17   1109878
  1.436144e+00   1.061386e-14   1.122554e-03   1.015608e-17   1115338
  1.440035e+00   1.057471e-14   1.125793e-03   1.007192e-17   1122586
  1.443924e+00   1.047782e-14   1.123292e-03   9.986982e-18   1125862
  1.447810e+00   1.043856e-14   1.122976e-03   9.890133e-18   1132498
  1.451691e+00   1.035456e-14   1.119415e-03   9.812638e-18   1135444
  1.455573e+00   1.030844e-14   1.122581e-03   9.710762e-18   1145374
  1.459464e+00   1.021984e-14   1.123383e-03   9.607191e-18   1152698
  1.463354e+00   1.014975e-14   1.121349e-03   9.535657e-18   1157046
  1.467236e+00   1.007543e-14   1.119148e-03   9.421596e-18   1160226
  1.471127e+00   1.002932e-14   1.127743e-03   9.362081e-18   1174346
  1.475014e+00   9.962240e-15   1.119897e-03   9.298599e-18   1171462
  1.478897e+00   9.899359e-15   1.124033e-03   9.213149e-18   1183828
  1.482778e+00   9.816518e-15   1.114458e-03   9.129888e-18   1181822
  1.486657e+00   9.781064e-15   1.120779e-03   9.048044e-18   1194930
  1.490547e+00   9.720227e-15   1.122593e-03   8.958394e-18   1202010
  1.494437e+00   9.661005e-15   1.122115e-03   8.893960e-18   1207166
  1.498326e+00   9.591331e-15   1.123291e-03   8.822022e-18   1214106
  1.502209e+00   9.537229e-15   1.118748e-03   8.763047e-18   1215302
  1.506095e+00   9.457926e-15   1.126666e-03   8.612750e-18   1229274
  1.509994e+00   9.373150e-15   1.126873e-03   8.532881e-18   1236164
  1.513882e+00   9.334349e-15   1.118916e-03   8.481426e-18   1235326
  1.517764e+00   9.272950e-15   1.120265e-03   8.406824e-18   1244026
  1.521647e+00   9.206473e-15   1.120382e-03   8.320503e-18   1249154
  1.525536e+00   9.162928e-15   1.126025e-03   8.268950e-18   1260558
  1.529421e+00   9.112181e-15   1.119984e-03   8.211453e-18   1260394
  1.533310e+00   9.032593e-15   1.125848e-03   8.097695e-18   1274758
  1.537193e+00   8.967412e-15   1.115594e-03   8.042964e-18   1270188
  1.541083e+00   8.905602e-15   1.128008e-03   7.946449e-18   1291202
  1.544971e+00   8.855824e-15   1.115149e-03   7.904625e-18   1282654
  1.548850e+00   8.783628e-15   1.122198e-03   7.792171e-18   1298242
  1.552739e+00   8.751678e-15   1.120395e-03   7.772677e-18   1301774
  1.556625e+00   8.693072e-15   1.123165e-03   7.704856e-18   1309770
  1.560512e+00   8.626865e-15   1.123502e-03   7.622877e-18   1315714
  1.564403e+00   8.556826e-15   1.124924e-03   7.528831e-18   1325110
  1.568290e+00   8.516462e-15   1.118940e-03   7.490742e-18   1326012
  1.572174e+00   8.460221e-15   1.122090e-03   7.411710e-18   1336154
  1.576069e+00   8.394606e-15   1.126474e-03   7.324757e-18   1347334
  1.579958e+00   8.331847e-15   1.119782e-03   7.283961e-18   1345354
  1.583833e+00   8.300894e-15   1.119555e-03   7.258585e-18   1350998
  1.587719e+00   8.229283e-15   1.125829e-03   7.145878e-18   1365546
  1.591609e+00   8.182719e-15   1.122088e-03   7.100540e-18   1367474
  1.595497e+00   8.120550e-15   1.123693e-03   7.020560e-18   1377984
  1.599384e+00   8.068300e-15   1.118321e-03   6.965957e-18   1379394
  1.603272e+00   8.020342e-15   1.123056e-03   6.893429e-18   1392230
  1.607160e+00   7.974494e-15   1.118740e-03   6.866159e-18   1392634
  1.611042e+00   7.914652e-15   1.122441e-03   6.774210e-18   1402666
  1.614928e+00   7.859378e-15   1.122269e-03   6.712702e-18   1408502
  1.618814e+00   7.825329e-15   1.122041e-03   6.669742e-18   1415418
  1.622692e+00   7.763829e-15   1.117068e-03   6.630195e-18   1416856
  1.626588e+00   7.692264e-15   1.130843e-03   6.507471e-18   1442002
  1.630485e+00   7.647250e-15   1.117858e-03   6.498751e-18   1431634
  1.634367e+00   7.598848e-15   1.122585e-03   6.412070e-18   1444606
  1.638250e+00   7.567534e-15   1.118765e-03   6.394036e-18   1445890
  1.642138e+00   7.499575e-15   1.126997e-03   6.322005e-18   1462210
  1.646026e+00   7.441530e-15   1.120901e-03   6.264177e-18   1459590
  1.649907e+00   7.402605e-15   1.123856e-03   6.207533e-18   1471226
  1.653797e+00   7.348620e-15   1.123379e-03   6.140587e-18   1480072
  1.657690e+00   7.300475e-15   1.121364e-03   6.103551e-18   1486594
  1.661576e+00   7.259380e-15   1.118520e-03   6.056293e-18   1488882
  1.665461e+00   7.223754e-15   1.123128e-03   5.997226e-18   1500854
  1.669353e+00   7.159988e-15   1.123083e-03   5.933018e-18   1506874
  1.673232e+00   7.108182e-15   1.117624e-03   5.906756e-18   1506094
  1.677111e+00   7.047723e-15   1.122855e-03   5.821758e-18   1519682
  1.680997e+00   7.015367e-15   1.122626e-03   5.779053e-18   1526724
  1.684890e+00   6.965947e-15   1.125240e-03   5.723005e-18   1539038
  1.688782e+00   6.923990e-15   1.119859e-03   5.689519e-18   1539810
  1.692664e+00   6.883133e-15   1.119007e-03   5.650185e-18   1545046
  1.696554e+00   6.823161e-15   1.126236e-03   5.573425e-18   1560538
  1.700441e+00   6.776602e-15   1.120507e-03   5.544503e-18   1557506
  1.704322e+00   6.746055e-15   1.124114e-03   5.478453e-18   1570062
  1.708203e+00   6.688130e-15   1.119253e-03   5.441369e-18   1571290
  1.712089e+00   6.648408e-15   1.124856e-03   5.384889e-18   1588228
  1.715982e+00   6.607117e-15   1.121250e-03   5.346552e-18   1591046
  1.719873e+00   6.566730e-15   1.123715e-03   5.281622e-18   1602474
  1.723761e+00   6.522183e-15   1.118014e-03   5.278093e-18   1601646
  1.727642e+00   6.469188e-15   1.120550e-03   5.209687e-18   1611266
  1.731523e+00   6.430220e-15   1.120678e-03   5.172231e-18   1616634
  1.735410e+00   6.382411e-15   1.126166e-03   5.110419e-18   1631366
  1.739297e+00   6.346410e-15   1.119655e-03   5.077201e-18   1631028
  1.743180e+00   6.297028e-15   1.119854e-03   5.025631e-18   1641446
  1.747073e+00   6.264365e-15   1.124208e-03   4.982292e-18   1654234
  1.750973e+00   6.211345e-15   1.126198e-03   4.937317e-18   1662874
  1.754858e+00   6.183324e-15   1.117471e-03   4.906448e-18   1656686
  1.758736e+00   6.144834e-15   1.122008e-03   4.860270e-18   1670898
  1.762622e+00   6.094532e-15   1.123056e-03   4.824837e-18   1678074
  1.766507e+00   6.052139e-15   1.123311e-03   4.765284e-18   1685198
  1.770393e+00   6.014920e-15   1.122996e-03   4.739612e-18   1694524
  1.774282e+00   5.975410e-15   1.120709e-03   4.694995e-18   1701334
  1.778171e+00   5.940648e-15   1.120908e-03   4.658920e-18   1709386
  1.782064e+00   5.893423e-15   1.123720e-03   4.594871e-18   1719994
  1.785953e+00   5.854723e-15   1.121006e-03   4.575815e-18   1721510
  1.789842e+00   5.821471e-15   1.124974e-03   4.535758e-18   1734978
  1.793722e+00   5.778182e-15   1.116124e-03   4.508208e-18   1728646
  1.797599e+00   5.751215e-15   1.122713e-03   4.466979e-18   1746868
  1.801486e+00   5.700927e-15   1.121127e-03   4.419593e-18   1752922
  1.805380e+00   5.672645e-15   1.125234e-03   4.377005e-18   1767862
  1.809271e+00   5.633129e-15   1.119301e-03   4.357663e-18   1765698
  1.813160e+00   5.581176e-15   1.125035e-03   4.293584e-18   1781270
  1.817049e+00   5.558466e-15   1.121176e-03   4.284977e-18   1780650
  1.820932e+00   5.514933e-15   1.124142e-03   4.236769e-18   1792418
  1.824813e+00   5.473698e-15   1.119388e-03   4.205276e-18   1792790
  1.828696e+00   5.438235e-15   1.123591e-03   4.156972e-18   1809852
  1.832585e+00   5.415053e-15   1.120140e-03   4.140715e-18   1812666
  1.836475e+00   5.377705e-15   1.124777e-03   4.095487e-18   1827614
  1.840367e+00   5.334300e-15   1.121640e-03   4.056719e-18   1829970
  1.844251e+00   5.295390e-15   1.120370e-03   4.022395e-18   1835030
  1.848131e+00   5.269343e-15   1.119790e-03   4.001653e-18   1841410
  1.852017e+00   5.240002e-15   1.124723e-03   3.970270e-18   1856626
  1.855900e+00   5.190518e-15   1.118305e-03   3.926567e-18   1854656
  1.859782e+00   5.160812e-15   1.121720e-03   3.897254e-18   1870698
  1.863671e+00   5.131260e-15   1.120553e-03   3.862530e-18   1876998
  1.867559e+00   5.103634e-15   1.120979e-03   3.841324e-18   1884458
  1.871445e+00   5.061762e-15   1.122381e-03   3.799617e-18   1891730
  1.875338e+00   5.033150e-15   1.127317e-03   3.774601e-18   1907574
  1.879232e+00   4.988443e-15   1.122851e-03   3.735639e-18   1907730
  1.883115e+00   4.969448e-15   1.120697e-03   3.718432e-18   1912154
  1.886997e+00   4.932534e-15   1.121764e-03   3.682825e-18   1923216
  1.890888e+00   4.901783e-15   1.124326e-03   3.652452e-18   1936562
  1.894776e+00   4.866264e-15   1.119734e-03   3.623840e-18   1936862
  1.898663e+00   4.834121e-15   1.122747e-03   3.588537e-18   1950114
  1.902549e+00   4.805053e-15   1.121089e-03   3.567569e-18   1953306
  1.906439e+00   4.780676e-15   1.125982e-03   3.536861e-18   1968806
  1.910327e+00   4.741733e-15   1.121186e-03   3.508918e-18   1968818
  1.914211e+00   4.711040e-15   1.121720e-03   3.476035e-18   1980624
  1.918097e+00   4.685969e-15   1.118800e-03   3.459199e-18   1985034
  1.921980e+00   4.657583e-15   1.120281e-03   3.431837e-18   1995242
  1.925870e+00   4.631792e-15   1.123830e-03   3.406878e-18   2007742
  1.929759e+00   4.595599e-15   1.121495e-03   3.374094e-18   2010538
  1.933641e+00   4.570652e-15   1.121298e-03   3.354259e-18   2017390
  1.937531e+00   4.532570e-15   1.126602e-03   3.311915e-18   2034346
  1.941413e+00   4.507976e-15   1.117450e-03   3.311283e-18   2025498
  1.945299e+00   4.486085e-15   1.127850e-03   3.266243e-18   2055248
  1.949189e+00   4.454535e-15   1.116586e-03   3.249638e-18   2045090
  1.953070e+00   4.429563e-15   1.121603e-03   3.225561e-18   2062074
  1.956959e+00   4.398259e-15   1.122727e-03   3.194159e-18   2070190
  1.960848e+00   4.376746e-15   1.123891e-03   3.185035e-18   2079226
  1.964734e+00   4.339951e-15   1.122069e-03   3.153242e-18   2083990
  1.968623e+00   4.312277e-15   1.124515e-03   3.123492e-18   2097898
  1.972507e+00   4.283091e-15   1.118548e-03   3.104433e-18   2095452
  1.976394e+00   4.263116e-15   1.124843e-03   3.073892e-18   2117390
  1.980286e+00   4.240365e-15   1.119656e-03   3.062779e-18   2117066
  1.984162e+00   4.212256e-15   1.115140e-03   3.041604e-18   2117238
  1.988045e+00   4.188881e-15   1.124414e-03   3.012915e-18   2140026
  1.991938e+00   4.160679e-15   1.125139e-03   2.988640e-18   2147234
  1.995825e+00   4.140310e-15   1.122378e-03   2.974328e-18   2150118
  1.999710e+00   4.108563e-15   1.122400e-03   2.946816e-18   2160386
  2.003596e+00   4.082463e-15   1.121122e-03   2.931208e-18   2168256
  2.007488e+00   4.062645e-15   1.124409e-03   2.907091e-18   2183306
  2.011378e+00   4.036577e-15   1.120925e-03   2.888066e-18   2184642
  2.015262e+00   4.012076e-15   1.120511e-03   2.868951e-18   2192318
  2.019141e+00   3.993268e-15   1.118713e-03   2.850114e-18   2196066
  2.023031e+00   3.967784e-15   1.127541e-03   2.826125e-18   2220890
  2.026922e+00   3.941437e-15   1.121128e-03   2.809180e-18   2215758
  2.030810e+00   3.922740e-15   1.124804e-03   2.797842e-18   2233988
  2.034697e+00   3.895229e-15   1.118045e-03   2.769921e-18   2231670
  2.038579e+00   3.871103e-15   1.119728e-03   2.748886e-18   2244338
  2.042469e+00   3.853492e-15   1.123477e-03   2.725383e-18   2258610
  2.046358e+00   3.828287e-15   1.121050e-03   2.709057e-18   2260718
  2.050240e+00   3.809315e-15   1.120914e-03   2.698741e-18   2268162
  2.054123e+00   3.787892e-15   1.121571e-03   2.678752e-18   2277494
  2.058008e+00   3.760519e-15   1.123134e-03   2.657078e-18   2288796
  2.061901e+00   3.742220e-15   1.126253e-03   2.640605e-18   2305226
  2.065791e+00   3.721752e-15   1.119672e-03   2.626873e-18   2301630
  2.069679e+00   3.697997e-15   1.123731e-03   2.603850e-18   2319770
  2.073565e+00   3.677136e-15   1.118309e-03   2.598796e-18   2315610
  2.077447e+00   3.662555e-15   1.124236e-03   2.583498e-18   2334662
  2.081332e+00   3.637458e-15   1.120785e-03   2.559285e-18   2335722
  2.085219e+00   3.618764e-15   1.124829e-03   2.541936e-18   2354102
  2.089107e+00   3.598632e-15   1.120313e-03   2.530336e-18   2355156
  2.092998e+00   3.583247e-15   1.124614e-03   2.514009e-18   2374250
  2.096888e+00   3.557266e-15   1.120068e-03   2.501228e-18   2373102
  2.100776e+00   3.541985e-15   1.122758e-03   2.483365e-18   2388194
  2.104658e+00   3.521741e-15   1.116928e-03   2.476882e-18   2383470
  2.108539e+00   3.500875e-15   1.123618e-03   2.452002e-18   2404994
  2.112426e+00   3.482241e-15   1.121916e-03   2.441095e-18   2408538
  2.116308e+00   3.470348e-15   1.121742e-03   2.437627e-18   2417744
  2.120198e+00   3.451138e-15   1.124446e-03   2.414646e-18   2434578
  2.124090e+00   3.429733e-15   1.121710e-03   2.398649e-18   2438414
  2.127979e+00   3.417477e-15   1.122410e-03   2.393116e-18   2448066
  2.131867e+00   3.389268e-15   1.122662e-03   2.371663e-18   2456018
  2.135751e+00   3.378437e-15   1.121406e-03   2.365001e-18   2461230
  2.139636e+00   3.365307e-15   1.122653e-03   2.348928e-18   2474330
  2.143519e+00   3.346798e-15   1.119652e-03   2.343126e-18   2476498
  2.147405e+00   3.328279e-15   1.124366e-03   2.318287e-18   2497240
  2.151298e+00   3.312416e-15   1.122529e-03   2.316050e-18   2502930
  2.155185e+00   3.300621e-15   1.120390e-03   2.310695e-18   2508470
  2.159072e+00   3.280841e-15   1.121001e-03   2.292875e-18   2518482
  2.162961e+00   3.262125e-15   1.123829e-03   2.279359e-18   2532074
  2.166844e+00   3.252574e-15   1.118275e-03   2.274098e-18   2526678
  2.170724e+00   3.236604e-15   1.124045e-03   2.257135e-18   2549018
  2.174611e+00   3.221329e-15   1.120040e-03   2.253181e-18   2551704
  2.178497e+00   3.208227e-15   1.122028e-03   2.242816e-18   2566226
  2.182386e+00   3.191019e-15   1.122230e-03   2.228950e-18   2573898
  2.186278e+00   3.182218e-15   1.124844e-03   2.225880e-18   2589182
  2.190164e+00   3.165931e-15   1.119195e-03   2.218715e-18   2584890
  2.194049e+00   3.145847e-15   1.124371e-03   2.196465e-18   2605190
  2.197936e+00   3.135280e-15   1.121682e-03   2.198165e-18   2606418
  2.201821e+00   3.119569e-15   1.123741e-03   2.182066e-18   2621186
  2.205707e+00   3.112324e-15   1.120704e-03   2.184223e-18   2626608
  2.209592e+00   3.102618e-15   1.119995e-03   2.176177e-18   2636714
  2.213479e+00   3.080567e-15   1.121274e-03   2.158143e-18   2647482
  2.217374e+00   3.071216e-15   1.127022e-03   2.154121e-18   2668382
  2.221265e+00   3.060037e-15   1.120175e-03   2.150046e-18   2660418
  2.225149e+00   3.046698e-15   1.122869e-03   2.136384e-18   2676662
  2.229029e+00   3.036097e-15   1.117920e-03   2.142122e-18   2674210
  2.232911e+00   3.020922e-15   1.123157e-03   2.126542e-18   2697076
  2.236800e+00   3.016659e-15   1.121599e-03   2.124110e-18   2703558
  2.240687e+00   2.998730e-15   1.121191e-03   2.114014e-18   2713250
  2.244572e+00   2.991613e-15   1.119243e-03   2.111051e-18   2717718
  2.248464e+00   2.977604e-15   1.127021e-03   2.097382e-18   2743178
  2.252353e+00   2.967388e-15   1.120305e-03   2.098763e-18   2732730
  2.256238e+00   2.961872e-15   1.126187e-03   2.094933e-18   2758022
  2.260125e+00   2.947084e-15   1.119041e-03   2.089485e-18   2751994
  2.264006e+00   2.941485e-15   1.121171e-03   2.088949e-18   2769052
  2.267895e+00   2.930596e-15   1.122842e-03   2.081774e-18   2783062
  2.271785e+00   2.921147e-15   1.121645e-03   2.077872e-18   2789362
  2.275674e+00   2.909302e-15   1.121981e-03   2.068910e-18   2799582
  2.279564e+00   2.903885e-15   1.123236e-03   2.072141e-18   2811170
  2.283450e+00   2.890771e-15   1.121033e-03   2.059831e-18   2812658
  2.287338e+00   2.881431e-15   1.125793e-03   2.059144e-18   2833302
  2.291222e+00   2.877638e-15   1.118388e-03   2.064743e-18   2827420
  2.295104e+00   2.870756e-15   1.121018e-03   2.056364e-18   2846710
  2.298989e+00   2.853717e-15   1.120692e-03   2.051115e-18   2846535
  2.302873e+00   2.818173e-15   1.122997e-03   2.021103e-18   2848496
  2.306761e+00   2.794594e-15   1.122225e-03   2.000057e-18   2841084
  2.310652e+00   2.767500e-15   1.124928e-03   1.977529e-18   2843480
  2.314540e+00   2.734896e-15   1.120270e-03   1.955535e-18   2826624
  2.318424e+00   2.702814e-15   1.123352e-03   1.925374e-18   2828732
  2.322310e+00   2.668178e-15   1.121451e-03   1.900275e-18   2819296
  2.326197e+00   2.644881e-15   1.122811e-03   1.874807e-18   2819548
  2.330081e+00   2.615245e-15   1.118959e-03   1.857893e-18   2805192
  2.333967e+00   2.589284e-15   1.123463e-03   1.833209e-18   2811104
  2.337856e+00   2.562513e-15   1.121717e-03   1.811533e-18   2800672
  2.341743e+00   2.536855e-15   1.122654e-03   1.791107e-18   2798080
  2.345628e+00   2.506018e-15   1.120248e-03   1.766358e-18   2786976
  2.349516e+00   2.474366e-15   1.123594e-03   1.742032e-18   2791016
  2.353406e+00   2.456650e-15   1.121382e-03   1.728473e-18   2779360
  2.357287e+00   2.429443e-15   1.119573e-03   1.710803e-18   2768644
  2.361169e+00   2.406587e-15   1.122534e-03   1.694185e-18   2771192
  2.365058e+00   2.385595e-15   1.121875e-03   1.675127e-18   2765028
  2.368946e+00   2.359837e-15   1.122751e-03   1.656225e-18   2760864
  2.372840e+00   2.330229e-15   1.125689e-03   1.630952e-18   2761616
  2.376724e+00   2.310684e-15   1.118525e-03   1.619569e-18   2737932
  2.380610e+00   2.287129e-15   1.125904e-03   1.598682e-18   2752280
  2.384498e+00   2.259065e-15   1.118464e-03   1.582130e-18   2728764
  2.388382e+00   2.234107e-15   1.123937e-03   1.556921e-18   2736368
  2.392268e+00   2.215416e-15   1.119459e-03   1.552845e-18   2719952
  2.396155e+00   2.199002e-15   1.124236e-03   1.534781e-18   2727120
  2.400042e+00   2.172032e-15   1.118614e-03   1.513475e-18   2708400
  2.403932e+00   2.150742e-15   1.125719e-03   1.492737e-18   2718536
  2.407818e+00   2.129130e-15   1.118504e-03   1.486070e-18   2694300
  2.411707e+00   2.110062e-15   1.126793e-03   1.467347e-18   2709440
  2.415596e+00   2.088178e-15   1.117787e-03   1.455979e-18   2682108
  2.419475e+00   2.066293e-15   1.121308e-03   1.438608e-18   2684912
  2.423360e+00   2.046989e-15   1.121998e-03   1.422393e-18   2678868
  2.427246e+00   2.024437e-15   1.122668e-03   1.408811e-18   2674772
  2.431135e+00   2.005927e-15   1.123033e-03   1.393501e-18   2670120
  2.435021e+00   1.987264e-15   1.120804e-03   1.381147e-18   2659532
  2.438909e+00   1.964399e-15   1.123713e-03   1.363209e-18   2659704
  2.442801e+00   1.947446e-15   1.124617e-03   1.351544e-18   2654348
  2.446687e+00   1.930627e-15   1.121000e-03   1.339254e-18   2640276
  2.450572e+00   1.912272e-15   1.121992e-03   1.329819e-18   2638700
  2.454457e+00   1.889852e-15   1.120074e-03   1.311614e-18   2628244
  2.458344e+00   1.870520e-15   1.124115e-03   1.297154e-18   2630920
  2.462234e+00   1.856225e-15   1.121877e-03   1.286082e-18   2618904
  2.466118e+00   1.840040e-15   1.120448e-03   1.274678e-18   2610932
  2.470005e+00   1.824227e-15   1.121951e-03   1.264231e-18   2608464
  2.473895e+00   1.802575e-15   1.123139e-03   1.250506e-18   2603708
  2.477779e+00   1.784728e-15   1.119694e-03   1.239720e-18   2588012
  2.481660e+00   1.769078e-15   1.122196e-03   1.226512e-18   2588364
  2.485545e+00   1.753038e-15   1.120384e-03   1.218322e-18   2579076
  2.489430e+00   1.736512e-15   1.121132e-03   1.203450e-18   2574152
  2.493314e+00   1.721066e-15   1.121505e-03   1.196005e-18   2566812
  2.497207e+00   1.704069e-15   1.127061e-03   1.180565e-18   2573732
  2.501098e+00   1.693202e-15   1.119524e-03   1.180434e-18   2550568
  2.504983e+00   1.674797e-15   1.123035e-03   1.162582e-18   2552068
  2.508870e+00   1.659217e-15   1.121138e-03   1.151337e-18   2539620
  2.512757e+00   1.640635e-15   1.124635e-03   1.140283e-18   2540936
  2.516646e+00   1.628939e-15   1.121040e-03   1.130280e-18   2528032
  2.520531e+00   1.611924e-15   1.120365e-03   1.120373e-18   2521480
  2.524419e+00   1.597864e-15   1.122347e-03   1.109570e-18   2517980
  2.528309e+00   1.582530e-15   1.123011e-03   1.102846e-18   2511744
  2.532195e+00   1.571175e-15   1.120855e-03   1.094025e-18   2500140
  2.536081e+00   1.554045e-15   1.121926e-03   1.081928e-18   2496980
  2.539968e+00   1.542357e-15   1.121125e-03   1.076286e-18   2486924
  2.543856e+00   1.528304e-15   1.124762e-03   1.064527e-18   2487000
  2.547743e+00   1.511708e-15   1.120210e-03   1.055241e-18   2469840
  2.551626e+00   1.498244e-15   1.122637e-03   1.044187e-18   2469656
  2.555511e+00   1.486743e-15   1.119469e-03   1.038356e-18   2456844
  2.559401e+00   1.472677e-15   1.125965e-03   1.024740e-18   2462876
  2.563290e+00   1.462114e-15   1.120472e-03   1.023187e-18   2442136
  2.567174e+00   1.447139e-15   1.123165e-03   1.010767e-18   2441944
  2.571061e+00   1.434138e-15   1.120769e-03   1.003290e-18   2430508
  2.574945e+00   1.423614e-15   1.121157e-03   9.989169e-19   2424352
  2.578832e+00   1.409460e-15   1.123693e-03   9.874710e-19   2421264
  2.582722e+00   1.397075e-15   1.122895e-03   9.785427e-19   2413064
  2.586608e+00   1.384186e-15   1.120676e-03   9.721164e-19   2401572
  2.590492e+00   1.373649e-15   1.121724e-03   9.646623e-19   2397284
  2.594379e+00   1.362435e-15   1.121499e-03   9.552553e-19   2388336
  2.598268e+00   1.349998e-15   1.124943e-03   9.475408e-19   2387204
  2.602153e+00   1.340012e-15   1.119280e-03   9.440330e-19   2368644
  2.606033e+00   1.325616e-15   1.120613e-03   9.336376e-19   2365400
  2.609918e+00   1.315309e-15   1.121690e-03   9.265410e-19   2360072
  2.613808e+00   1.303871e-15   1.123660e-03   9.197475e-19   2356464
  2.617696e+00   1.294166e-15   1.121214e-03   9.153789e-19   2343240
  2.621583e+00   1.281904e-15   1.122605e-03   9.047112e-19   2340248
  2.625468e+00   1.270140e-15   1.118824e-03   8.985364e-19   2325000
  2.629355e+00   1.256470e-15   1.124959e-03   8.890684e-19   2328632
  2.633245e+00   1.247724e-15   1.121910e-03   8.848810e-19   2313220
  2.637134e+00   1.238690e-15   1.124095e-03   8.772999e-19   2310772
  2.641020e+00   1.229424e-15   1.119781e-03   8.738350e-19   2295420
  2.644905e+00   1.215766e-15   1.122584e-03   8.646985e-19   2293592
  2.648791e+00   1.206822e-15   1.120952e-03   8.585967e-19   2281384
  2.652683e+00   1.196620e-15   1.126704e-03   8.496791e-19   2285776
  2.656570e+00   1.188241e-15   1.117325e-03   8.479128e-19   2259408
  2.660455e+00   1.177304e-15   1.124314e-03   8.396618e-19   2266808
  2.664344e+00   1.167546e-15   1.120389e-03   8.348474e-19   2248836
  2.668227e+00   1.156721e-15   1.123045e-03   8.271387e-19   2245244
  2.672111e+00   1.147016e-15   1.120801e-03   8.205625e-19   2233908
  2.675998e+00   1.138901e-15   1.122974e-03   8.148503e-19   2231660
  2.679886e+00   1.132606e-15   1.120422e-03   8.143457e-19   2218544
  2.683775e+00   1.121173e-15   1.124792e-03   8.070193e-19   2218176
  2.687664e+00   1.112315e-15   1.121286e-03   8.017380e-19   2202900
  2.691550e+00   1.100556e-15   1.121747e-03   7.933696e-19   2197472
  2.695433e+00   1.092999e-15   1.118354e-03   7.896753e-19   2181960
  2.699317e+00   1.084905e-15   1.124130e-03   7.825211e-19   2183696
  2.703207e+00   1.076545e-15   1.123719e-03   7.813385e-19   2173416
  2.707096e+00   1.067285e-15   1.122917e-03   7.722906e-19   2165444
  2.710982e+00   1.058422e-15   1.119761e-03   7.694926e-19   2152688
  2.714867e+00   1.050557e-15   1.121777e-03   7.641320e-19   2147628
  2.718754e+00   1.041964e-15   1.122335e-03   7.599790e-19   2139012
  2.722646e+00   1.032108e-15   1.125226e-03   7.501914e-19   2136008
  2.726525e+00   1.025464e-15   1.114594e-03   7.520690e-19   2108656
  2.730404e+00   1.018084e-15   1.123744e-03   7.457300e-19   2117896
  2.734296e+00   1.009709e-15   1.123450e-03   7.394435e-19   2106260
  2.738185e+00   1.000303e-15   1.123855e-03   7.356840e-19   2099088
  2.742075e+00   9.938896e-16   1.121974e-03   7.303417e-19   2088432
  2.745961e+00   9.844384e-16   1.120471e-03   7.259509e-19   2078432
  2.749845e+00   9.783884e-16   1.120708e-03   7.219065e-19   2069048
  2.753732e+00   9.711497e-16   1.123831e-03   7.170464e-19   2064804
  2.757623e+00   9.641476e-16   1.123568e-03   7.135633e-19   2055644
  2.761510e+00   9.556486e-16   1.120700e-03   7.087565e-19   2043000
  2.765392e+00   9.489574e-16   1.120067e-03   7.064503e-19   2032348
  2.769281e+00   9.418201e-16   1.126495e-03   7.003132e-19   2034064
  2.773172e+00   9.356716e-16   1.122211e-03   6.974893e-19   2017740
  2.777059e+00   9.271150e-16   1.121480e-03   6.937278e-19   2010188
  2.780942e+00   9.200810e-16   1.118751e-03   6.894209e-19   1996556
  2.784826e+00   9.137625e-16   1.122456e-03   6.872475e-19   1992816
  2.788712e+00   9.073359e-16   1.122411e-03   6.828376e-19   1982400
  2.792596e+00   8.994661e-16   1.121262e-03   6.795434e-19   1972256
  2.796480e+00   8.928947e-16   1.121000e-03   6.741503e-19   1964384
  2.800370e+00   8.862250e-16   1.122889e-03   6.709587e-19   1958544
  2.804258e+00   8.794576e-16   1.122489e-03   6.667474e-19   1946988
  2.808149e+00   8.721182e-16   1.124629e-03   6.627402e-19   1942532
  2.812034e+00   8.684990e-16   1.117383e-03   6.625106e-19   1921692
  2.815918e+00   8.615757e-16   1.123808e-03   6.582508e-19   1924004
  2.819806e+00   8.543293e-16   1.120365e-03   6.552376e-19   1907344
  2.823695e+00   8.470883e-16   1.126069e-03   6.492568e-19   1907440
  2.827583e+00   8.409480e-16   1.118720e-03   6.474586e-19   1886136
  2.831464e+00   8.361450e-16   1.121920e-03   6.442246e-19   1883144
  2.835353e+00   8.293636e-16   1.122753e-03   6.403367e-19   1874724
  2.839243e+00   8.238751e-16   1.123826e-03   6.394866e-19   1866068
  2.843130e+00   8.185143e-16   1.121455e-03   6.361171e-19   1852980
  2.847017e+00   8.119861e-16   1.122782e-03   6.319015e-19   1847468
  2.850900e+00   8.085654e-16   1.117935e-03   6.320650e-19   1829636
  2.854785e+00   8.013874e-16   1.123959e-03   6.268559e-19   1829688
  2.858675e+00   7.953997e-16   1.122789e-03   6.238338e-19   1817192
  2.862561e+00   7.892442e-16   1.121150e-03   6.212099e-19   1806312
  2.866446e+00   7.842224e-16   1.120289e-03   6.194532e-19   1795984
  2.870334e+00   7.792135e-16   1.123627e-03   6.159378e-19   1791100
  2.874224e+00   7.738218e-16   1.122050e-03   6.143428e-19   1777648
  2.878111e+00   7.674132e-16   1.123043e-03   6.102636e-19   1769848
  2.881996e+00   7.640580e-16   1.119995e-03   6.109703e-19   1756536
  2.885881e+00   7.557872e-16   1.121386e-03   6.046450e-19   1748960
  2.889768e+00   7.531201e-16   1.123014e-03   6.042269e-19   1739952
  2.893658e+00   7.450998e-16   1.124239e-03   5.999104e-19   1732124
  2.897544e+00   7.424698e-16   1.120323e-03   5.996934e-19   1716852
  2.901430e+00   7.371989e-16   1.122735e-03   5.968924e-19   1712276
  2.905319e+00   7.312403e-16   1.121222e-03   5.944708e-19   1698500
  2.909208e+00   7.280584e-16   1.125604e-03   5.926930e-19   1693932
  2.913093e+00   7.219727e-16   1.119232e-03   5.919526e-19   1675204
  2.916975e+00   7.183961e-16   1.121771e-03   5.899317e-19   1670644
  2.920858e+00   7.158227e-16   1.118515e-03   5.884355e-19   1655532
  2.924748e+00   7.103347e-16   1.126990e-03   5.855969e-19   1656860
  2.928637e+00   7.036700e-16   1.119840e-03   5.835776e-19   1635372
  2.932524e+00   6.978777e-16   1.124773e-03   5.806003e-19   1634324
  2.936410e+00   6.942911e-16   1.117372e-03   5.795832e-19   1613676
  2.940295e+00   6.906367e-16   1.124617e-03   5.778080e-19   1613348
  2.944183e+00   6.862694e-16   1.120803e-03   5.765436e-19   1596236
  2.948069e+00   6.817597e-16   1.123999e-03   5.748058e-19   1591476
  2.951956e+00   6.756181e-16   1.119134e-03   5.727818e-19   1575732
  2.955838e+00   6.728501e-16   1.120429e-03   5.719720e-19   1566236
  2.959725e+00   6.702057e-16   1.124724e-03   5.715312e-19   1560292
  2.963618e+00   6.627661e-16   1.124442e-03   5.663241e-19   1550092
  2.967503e+00   6.607268e-16   1.118750e-03   5.684344e-19   1532628
  2.971386e+00   6.549729e-16   1.121507e-03   5.648435e-19   1527332
  2.975274e+00   6.527482e-16   1.121884e-03   5.661566e-19   1515212
  2.979160e+00   6.473623e-16   1.123567e-03   5.647654e-19   1506444
  2.983048e+00   6.428133e-16   1.122261e-03   5.607099e-19   1495116
  2.986928e+00   6.400128e-16   1.117074e-03   5.610894e-19   1479152
  2.990812e+00   6.353731e-16   1.122982e-03   5.589803e-19   1475512
  2.994707e+00   6.322359e-16   1.126591e-03   5.562670e-19   1467820
  2.998598e+00   6.280663e-16   1.121923e-03   5.580384e-19   1451256
  3.002486e+00   6.245463e-16   1.122725e-03   5.557603e-19   1443212
  3.006369e+00   6.192009e-16   1.117256e-03   5.558674e-19   1425680
  3.010254e+00   6.142784e-16   1.124371e-03   5.517082e-19   1422972
  3.014143e+00   6.126218e-16   1.123023e-03   5.527092e-19   1408632
  3.018032e+00   6.081311e-16   1.123941e-03   5.511982e-19   1400984
  3.021918e+00   6.045707e-16   1.117887e-03   5.528448e-19   1383196
  3.025801e+00   6.020161e-16   1.123197e-03   5.510544e-19   1378120
  3.029692e+00   5.994223e-16   1.124450e-03   5.516952e-19   1367272
  3.033584e+00   5.937850e-16   1.124457e-03   5.493272e-19   1356580
  3.037464e+00   5.914896e-16   1.115974e-03   5.517607e-19   1337028
  3.041343e+00   5.867779e-16   1.120802e-03   5.480925e-19   1332500
  3.045230e+00   5.842517e-16   1.122780e-03   5.487928e-19   1321796
  3.049120e+00   5.803244e-16   1.124838e-03   5.476979e-19   1312716
  3.053007e+00   5.772687e-16   1.119942e-03   5.481744e-19   1296580
  3.056896e+00   5.738869e-16   1.124221e-03   5.460829e-19   1291528
  3.060783e+00   5.698861e-16   1.119071e-03   5.472936e-19   1273128
  3.064669e+00   5.667875e-16   1.125633e-03   5.456542e-19   1268720
  3.068560e+00   5.629173e-16   1.122309e-03   5.448294e-19   1254016
  3.072444e+00   5.587455e-16   1.119894e-03   5.444397e-19   1241296
  3.076322e+00   5.562886e-16   1.116955e-03   5.456195e-19   1226712
  3.080211e+00   5.544232e-16   1.128188e-03   5.461910e-19   1226228
  3.084105e+00   5.512129e-16   1.122621e-03   5.478861e-19   1207768
  3.087992e+00   5.457073e-16   1.122433e-03   5.416477e-19   1198336
  3.091874e+00   5.433601e-16   1.117108e-03   5.456043e-19   1181484
  3.095761e+00   5.398114e-16   1.125421e-03   5.429628e-19   1178012
  3.099653e+00   5.364484e-16   1.123268e-03   5.446212e-19   1162564
  3.103535e+00   5.329037e-16   1.120338e-03   5.474933e-19   1149340
  3.107418e+00   5.313580e-16   1.119954e-03   5.461872e-19   1138848
  3.111303e+00   5.262117e-16   1.120192e-03   5.453116e-19   1126748
  3.115189e+00   5.252643e-16   1.123911e-03   5.478512e-19   1117428
  3.119084e+00   5.203675e-16   1.126323e-03   5.450570e-19   1108112
  3.122973e+00   5.163519e-16   1.119549e-03   5.442478e-19   1090596
  3.126857e+00   5.142563e-16   1.120292e-03   5.447246e-19   1081052
  3.130738e+00   5.118509e-16   1.118514e-03   5.475322e-19   1065716
  3.134626e+00   5.071590e-16   1.127732e-03   5.442433e-19   1061940
  3.138518e+00   5.043734e-16   1.121370e-03   5.465143e-19   1044096
  3.142404e+00   4.997737e-16   1.122139e-03   5.437425e-19   1034864
  3.146289e+00   4.973378e-16   1.117591e-03   5.470222e-19   1018308
  3.150179e+00   4.943670e-16   1.129200e-03   5.461779e-19   1014812
  3.154072e+00   4.927122e-16   1.121981e-03   5.493122e-19   996288
  3.157955e+00   4.860234e-16   1.120847e-03   5.431135e-19   985376
  3.161835e+00   4.832278e-16   1.115880e-03   5.456137e-19   969652
  3.165722e+00   4.802759e-16   1.125987e-03   5.467110e-19   964924
  3.169610e+00   4.788734e-16   1.121515e-03   5.495767e-19   947228
  3.173495e+00   4.734842e-16   1.123457e-03   5.475355e-19   939084
  3.177381e+00   4.694795e-16   1.116472e-03   5.457430e-19   921864
  3.181265e+00   4.669653e-16   1.123502e-03   5.462423e-19   914252
  3.185159e+00   4.636927e-16   1.126304e-03   5.472340e-19   902572
  3.189050e+00   4.592984e-16   1.123145e-03   5.461841e-19   888784
  3.192932e+00   4.559225e-16   1.116224e-03   5.493767e-19   872540
  3.196811e+00   4.508219e-16   1.120157e-03   5.453107e-19   862848
  3.200697e+00   4.498309e-16   1.124093e-03   5.491281e-19   851760
  3.204592e+00   4.440409e-16   1.127172e-03   5.444476e-19   841940
  3.208479e+00   4.403580e-16   1.117661e-03   5.477822e-19   823032
  3.212364e+00   4.353863e-16   1.123934e-03   5.412013e-19   816044
  3.216253e+00   4.327022e-16   1.120364e-03   5.446057e-19   799292
  3.220140e+00   4.252282e-16   1.126784e-03   5.373548e-19   791304
  3.224026e+00   4.224525e-16   1.117490e-03   5.410463e-19   772868
  3.227902e+00   4.180634e-16   1.119936e-03   5.368829e-19   762552
  3.231787e+00   4.154767e-16   1.121745e-03   5.376348e-19   750876
  3.235677e+00   4.087240e-16   1.123999e-03   5.321585e-19   739280
  3.239565e+00   4.046639e-16   1.121784e-03   5.278298e-19   724944
  3.243456e+00   3.998856e-16   1.124267e-03   5.259991e-19   714380
  3.247336e+00   3.943233e-16   1.116046e-03   5.256577e-19   695932
  3.251222e+00   3.884146e-16   1.126879e-03   5.176180e-19   690949
  3.255114e+00   3.842107e-16   1.118914e-03   5.158145e-19   673638
  3.258999e+00   3.783735e-16   1.124434e-03   5.075945e-19   666092
  3.262883e+00   3.758362e-16   1.117312e-03   5.109256e-19   651024
  3.266766e+00   3.711672e-16   1.124054e-03   5.057577e-19   644804
  3.270656e+00   3.676121e-16   1.121035e-03   5.039118e-19   632676
  3.274546e+00   3.645836e-16   1.125434e-03   5.025065e-19   624962
  3.278430e+00   3.592463e-16   1.118496e-03   4.982019e-19   611280
  3.282321e+00   3.560579e-16   1.127391e-03   4.930812e-19   607256
  3.286211e+00   3.540385e-16   1.118374e-03   4.963460e-19   592616
  3.290095e+00   3.496585e-16   1.124430e-03   4.937190e-19   587160
  3.293983e+00   3.466848e-16   1.120749e-03   4.918105e-19   575482
  3.297866e+00   3.436099e-16   1.122505e-03   4.907092e-19   568258
  3.301757e+00   3.409459e-16   1.122731e-03   4.900501e-19   559638
  3.305647e+00   3.376754e-16   1.123210e-03   4.863717e-19   551498
  3.309536e+00   3.347255e-16   1.121790e-03   4.880950e-19   542364
  3.313423e+00   3.294245e-16   1.122328e-03   4.850276e-19   534146
  3.317305e+00   3.285021e-16   1.119988e-03   4.843761e-19   524980
  3.321196e+00   3.257701e-16   1.125222e-03   4.831602e-19   519964
  3.325077e+00   3.232897e-16   1.115886e-03   4.830620e-19   507108
  3.328962e+00   3.207252e-16   1.126905e-03   4.803568e-19   504992
  3.332852e+00   3.180477e-16   1.118656e-03   4.818152e-19   492948
  3.336740e+00   3.128929e-16   1.127360e-03   4.747671e-19   489740
  3.340629e+00   3.122733e-16   1.117346e-03   4.780672e-19   477716
  3.344511e+00   3.093334e-16   1.124864e-03   4.783184e-19   473844
  3.348399e+00   3.071711e-16   1.119228e-03   4.758086e-19   464222
  3.352284e+00   3.043361e-16   1.123815e-03   4.764631e-19   459048
  3.356167e+00   3.009973e-16   1.117888e-03   4.722169e-19   449574
  3.360054e+00   2.992171e-16   1.125019e-03   4.726804e-19   445820
  3.363936e+00   2.980038e-16   1.116211e-03   4.760608e-19   435158
  3.367827e+00   2.946724e-16   1.127850e-03   4.721445e-19   433566
  3.371713e+00   2.918447e-16   1.114763e-03   4.725714e-19   421014
  3.375597e+00   2.912994e-16   1.127754e-03   4.698635e-19   419996
  3.379490e+00   2.894883e-16   1.118287e-03   4.710484e-19   409482
  3.383368e+00   2.868352e-16   1.121665e-03   4.717983e-19   404414
  3.387257e+00   2.847413e-16   1.122567e-03   4.711181e-19   398518
  3.391148e+00   2.811651e-16   1.123750e-03   4.691893e-19   392302
  3.395033e+00   2.800718e-16   1.121765e-03   4.699622e-19   385318
  3.398930e+00   2.787150e-16   1.127631e-03   4.678211e-19   381718
  3.402811e+00   2.757375e-16   1.114511e-03   4.696057e-19   370674
  3.406696e+00   2.747318e-16   1.128673e-03   4.715928e-19   370166
  3.410587e+00   2.708926e-16   1.117032e-03   4.675892e-19   359838
  3.414471e+00   2.694093e-16   1.126612e-03   4.688703e-19   357488
  3.418356e+00   2.689568e-16   1.115416e-03   4.733507e-19   348174
  3.422239e+00   2.650124e-16   1.126138e-03   4.650740e-19   346010
  3.426123e+00   2.642434e-16   1.115666e-03   4.715457e-19   336966
  3.430017e+00   2.616217e-16   1.131496e-03   4.665898e-19   336488
  3.433906e+00   2.607911e-16   1.113178e-03   4.717534e-19   325206
  3.437790e+00   2.585829e-16   1.128394e-03   4.710886e-19   324614
  3.441675e+00   2.575585e-16   1.113950e-03   4.735481e-19   314792
  3.445561e+00   2.554134e-16   1.129033e-03   4.710652e-19   314082
  3.449445e+00   2.534442e-16   1.112843e-03   4.739772e-19   303918
  3.453329e+00   2.526453e-16   1.130230e-03   4.732851e-19   303872
  3.457223e+00   2.526992e-16   1.118237e-03   4.776339e-19   295070
  3.461110e+00   2.482555e-16   1.127117e-03   4.717080e-19   292776
  3.464999e+00   2.476079e-16   1.118155e-03   4.792428e-19   285198
  3.468882e+00   2.460860e-16   1.124173e-03   4.776784e-19   282068
  3.472770e+00   2.444764e-16   1.120642e-03   4.796590e-19   276094
  3.476654e+00   2.431333e-16   1.121770e-03   4.800777e-19   271936
  3.480537e+00   2.425983e-16   1.119604e-03   4.838475e-19   266352
  3.484425e+00   2.399633e-16   1.124273e-03   4.778913e-19   263198
  3.488309e+00   2.394534e-16   1.117087e-03   4.827977e-19   256540
  3.492199e+00   2.365611e-16   1.128018e-03   4.801201e-19   254758
  3.496085e+00   2.355275e-16   1.114575e-03   4.822102e-19   246888
  3.499973e+00   2.350812e-16   1.129431e-03   4.853587e-19   245984
  3.503859e+00   2.335051e-16   1.113747e-03   4.894372e-19   237838
  3.507743e+00   2.319055e-16   1.128624e-03   4.872021e-19   236932
  3.511628e+00   2.311924e-16   1.114686e-03   4.946733e-19   229296
  3.515519e+00   2.283094e-16   1.132107e-03   4.849950e-19   228968
  3.519410e+00   2.286952e-16   1.115334e-03   4.946841e-19   220862
  3.523299e+00   2.265478e-16   1.132320e-03   4.922195e-19   220440
  3.527188e+00   2.249757e-16   1.113877e-03   4.995896e-19   212400
  3.531075e+00   2.239343e-16   1.132596e-03   4.956696e-19   212228
  3.534965e+00   2.239530e-16   1.113928e-03   5.024689e-19   204518
  3.538852e+00   2.215569e-16   1.130227e-03   5.014850e-19   203928
  3.542735e+00   2.211910e-16   1.110921e-03   5.070181e-19   196280
  3.546619e+00   2.211234e-16   1.130361e-03   5.101728e-19   196272
  3.550503e+00   2.182599e-16   1.110008e-03   5.105450e-19   188572
  3.554385e+00   2.185010e-16   1.129045e-03   5.150408e-19   188440
  3.558272e+00   2.162866e-16   1.112527e-03   5.177385e-19   181574
  3.562156e+00   2.154282e-16   1.129325e-03   5.138411e-19   180912
  3.566042e+00   2.153610e-16   1.112617e-03   5.232895e-19   174304
  3.569927e+00   2.129733e-16   1.129933e-03   5.160121e-19   173620
  3.573814e+00   2.125049e-16   1.114477e-03   5.241243e-19   167424
  3.577707e+00   2.110838e-16   1.132693e-03   5.257591e-19   166952
  3.581590e+00   2.110910e-16   1.109406e-03   5.353579e-19   159744
  3.585479e+00   2.087580e-16   1.134885e-03   5.239589e-19   160424
  3.589363e+00   2.094081e-16   1.107308e-03   5.394400e-19   152748
  3.593250e+00   2.070582e-16   1.136784e-03   5.341240e-19   153920
  3.597136e+00   2.071268e-16   1.105473e-03   5.490004e-19   146016
  3.601018e+00   2.061053e-16   1.136208e-03   5.432711e-19   147176
  3.604907e+00   2.053104e-16   1.107710e-03   5.542186e-19   139992
  3.608791e+00   2.044012e-16   1.135264e-03   5.533001e-19   140588
  3.612682e+00   2.036056e-16   1.111007e-03   5.599934e-19   134184
  3.616571e+00   2.031915e-16   1.134121e-03   5.583523e-19   134192
  3.620457e+00   2.022087e-16   1.110077e-03   5.695619e-19   127992
  3.624344e+00   2.008885e-16   1.133946e-03   5.658732e-19   128132
  3.628235e+00   2.001030e-16   1.112933e-03   5.737675e-19   122384
  3.632120e+00   1.990599e-16   1.130787e-03   5.760091e-19   121896
  3.636006e+00   1.994682e-16   1.111987e-03   5.849182e-19   116592
  3.639888e+00   1.978001e-16   1.130031e-03   5.819430e-19   116072
  3.643776e+00   1.967599e-16   1.113281e-03   5.885573e-19   111196
  3.647666e+00   1.965747e-16   1.133982e-03   5.954150e-19   110824
  3.651553e+00   1.961683e-16   1.109351e-03   6.013251e-19   105456
  3.655445e+00   1.954117e-16   1.137911e-03   6.052030e-19   105746
  3.659331e+00   1.966097e-16   1.104570e-03   6.220483e-19   99816
  3.663217e+00   1.926557e-16   1.137630e-03   6.157453e-19   100460
  3.667098e+00   1.924202e-16   1.103186e-03   6.328664e-19   94616
  3.670986e+00   1.922268e-16   1.138482e-03   6.273190e-19   95448
  3.674871e+00   1.916601e-16   1.104767e-03   6.375441e-19   89784
  3.678762e+00   1.926390e-16   1.138753e-03   6.440619e-19   90536
  3.682640e+00   1.921635e-16   1.098833e-03   6.614325e-19   84566
  3.686528e+00   1.905293e-16   1.143171e-03   6.519326e-19   86088
  3.690411e+00   1.910369e-16   1.094501e-03   6.874775e-19   79680
  3.694290e+00   1.895961e-16   1.143460e-03   6.656493e-19   81368
  3.698177e+00   1.887537e-16   1.096007e-03   6.890533e-19   75356
  3.702056e+00   1.879006e-16   1.143156e-03   6.812187e-19   76704
  3.705948e+00   1.884489e-16   1.100016e-03   7.068954e-19   71322
  3.709834e+00   1.864526e-16   1.143672e-03   6.951190e-19   72248
  3.713724e+00   1.864499e-16   1.099908e-03   7.277637e-19   67160
  3.717610e+00   1.861575e-16   1.141543e-03   7.166537e-19   67836
  3.721489e+00   1.877516e-16   1.096984e-03   7.502674e-19   62976
  3.725379e+00   1.845600e-16   1.144398e-03   7.306604e-19   63914
  3.729253e+00   1.844998e-16   1.092761e-03   7.610531e-19   58832
  3.733144e+00   1.848196e-16   1.147084e-03   7.584898e-19   60108
  3.737017e+00   1.864134e-16   1.090205e-03   7.914733e-19   54920
  3.740928e+00   1.821631e-16   1.160099e-03   7.627996e-19   56970
  3.744809e+00   1.863756e-16   1.078913e-03   8.289329e-19   50760
  3.748701e+00   1.835656e-16   1.161348e-03   7.992465e-19   53312
  3.752584e+00   1.832023e-16   1.074836e-03   8.474091e-19   47164
  3.756472e+00   1.833931e-16   1.163802e-03   8.273030e-19   49810
  3.760356e+00   1.828722e-16   1.069365e-03   8.774116e-19   43680
  3.764234e+00   1.829680e-16   1.164818e-03   8.483529e-19   46328
  3.768129e+00   1.823015e-16   1.073902e-03   9.028723e-19   40694
  3.772013e+00   1.821971e-16   1.167140e-03   8.831087e-19   42984
  3.775913e+00   1.845337e-16   1.073587e-03   9.480403e-19   37656
  3.779787e+00   1.829276e-16   1.164236e-03   9.118183e-19   39578
  3.783688e+00   1.818571e-16   1.077878e-03   9.649898e-19   34920
  3.787564e+00   1.803013e-16   1.160065e-03   9.416110e-19   36308
  3.791451e+00   1.832594e-16   1.076316e-03   1.023629e-18   32136
  3.795334e+00   1.806905e-16   1.159401e-03   9.824696e-19   33362
  3.799207e+00   1.825651e-16   1.069739e-03   1.072021e-18   29336
  3.803104e+00   1.807596e-16   1.167435e-03   1.033444e-18   30804
  3.806966e+00   1.839909e-16   1.055228e-03   1.127717e-18   26490
  3.810870e+00   1.818549e-16   1.176653e-03   1.093846e-18   28376
  3.814719e+00   1.838745e-16   1.039734e-03   1.206930e-18   23784
  3.818636e+00   1.793631e-16   1.189627e-03   1.103154e-18   26150
  3.822479e+00   1.801535e-16   1.021588e-03   1.241776e-18   21192
  3.826407e+00   1.837989e-16   1.204804e-03   1.175007e-18   24050
  3.830252e+00   1.796570e-16   1.002280e-03   1.314605e-18   18768
  3.834191e+00   1.810618e-16   1.221518e-03   1.220050e-18   22052
  3.838029e+00   1.798246e-16   9.660660e-04   1.397944e-18   16346
  3.841962e+00   1.778649e-16   1.236558e-03   1.251337e-18   20136
  3.845802e+00   1.848592e-16   9.274195e-04   1.552959e-18   14160
  3.849721e+00   1.787644e-16   1.247069e-03   1.326134e-18   18218
  3.853565e+00   1.811764e-16   8.859468e-04   1.630636e-18   12204
  3.857470e+00   1.819679e-16   1.256334e-03   1.444318e-18   16346
  3.861333e+00   1.782982e-16   8.562781e-04   1.730590e-18   10536
  3.865221e+00   1.814637e-16   1.261091e-03   1.495467e-18   14456
  3.869081e+00   1.772045e-16   8.165112e-04   1.900439e-18   8990
  3.872967e+00   1.803700e-16   1.270385e-03   1.604203e-18   12744
  3.876815e+00   1.793747e-16   7.482517e-04   2.022668e-18   7506
  3.880703e+00   1.832317e-16   1.282849e-03   1.748340e-18   11192
  3.884545e+00   1.776895e-16   6.569471e-04   2.229364e-18   6156
  3.888432e+00   1.850792e-16   1.294599e-03   1.866696e-18   9722
  3.892281e+00   1.823152e-16   5.567157e-04   2.565547e-18   4992
  3.896158e+00   1.802004e-16   1.304505e-03   1.970746e-18   8306
  3.900025e+00   1.825014e-16   4.384033e-04   2.826837e-18   3996
  3.903878e+00   1.811158e-16   1.309274e-03   2.223434e-18   6938
  3.907766e+00   1.861892e-16   3.047624e-04   3.440234e-18   3168
  3.911584e+00   1.815434e-16   1.304853e-03   2.406361e-18   5624
  3.915485e+00   1.830871e-16   2.103226e-04   3.560551e-18   2502
  3.919286e+00   1.871660e-16   1.297747e-03   2.691526e-18   4424
  3.923208e+00   1.836507e-16   2.230451e-04   4.050976e-18   1946
  3.926998e+00   1.850313e-16   1.292790e-03   3.103185e-18   3360
  3.930918e+00   1.909264e-16   1.221617e-04   4.774335e-18   1446
  3.934708e+00   1.913786e-16   1.290208e-03   3.801330e-18   2456
  3.938666e+00   1.964192e-16   2.340394e-04   7.040465e-18   1034
  3.942432e+00   1.984915e-16   1.288305e-03   4.965714e-18   1680
  3.946383e+00   1.640305e-16   5.837572e-05   5.960183e-18   678
  3.950143e+00   1.847663e-16   1.286681e-03   5.486280e-18   1064
  3.954177e+00   1.951989e-16   3.540138e-04   9.098651e-18   410
  3.957868e+00   1.968399e-16   1.284749e-03   7.550067e-18   576
  3.961879e+00   1.957671e-16   1.855368e-05   1.340672e-17   198
  3.965528e+00   1.867403e-16   1.272780e-03   1.041880e-17   248
  3.969917e+00   2.151243e-16   8.019490e-04   2.980628e-17   74
  3.973198e+00   1.879314e-16   1.252635e-03   2.171425e-17   48
  3.977405e+00   2.997433e-16   5.034095e-08   3.330219e-17   6
