# power spectrum of delta
# redshift z=49.697465
# k              Pk             sigma(k)       sigma(Pk)      count
  5.727314e-03   9.243457e-08   8.763345e-04   1.714641e-08   18
  1.001182e-02   1.075993e-06   1.059922e-03   1.656902e-07   62
  1.393445e-02   2.340169e-06   7.332271e-04   3.015498e-07   90
  1.764809e-02   5.357989e-06   1.157232e-03   3.655891e-07   170
  2.151286e-02   8.378386e-06   1.202795e-03   4.911900e-07   246
  2.528669e-02   1.213385e-05   1.146703e-03   6.705000e-07   338
  2.901099e-02   1.885845e-05   9.857564e-04   9.470236e-07   432
  3.284683e-02   2.443748e-05   1.010047e-03   1.079388e-06   578
  3.688195e-02   2.941869e-05   1.177086e-03   1.064060e-06   786
  4.101464e-02   3.472334e-05   1.190994e-03   1.121497e-06   974
  4.488954e-02   4.201082e-05   1.031402e-03   1.341232e-06   1002
  4.870958e-02   5.299821e-05   1.179303e-03   1.437201e-06   1334
  5.263577e-02   5.846493e-05   1.134676e-03   1.583701e-06   1458
  5.631027e-02   7.002217e-05   1.072446e-03   1.733079e-06   1604
  6.010158e-02   8.071750e-05   1.088865e-03   1.957104e-06   1974
  6.404851e-02   9.556105e-05   1.067989e-03   2.038061e-06   2234
  6.795611e-02   1.081015e-04   1.092954e-03   2.233859e-06   2490
  7.198483e-02   1.217410e-04   1.200217e-03   2.273473e-06   3014
  7.595394e-02   1.356178e-04   1.093611e-03   2.462375e-06   3018
  7.977896e-02   1.468527e-04   1.131598e-03   2.527858e-06   3446
  8.359600e-02   1.540280e-04   1.085617e-03   2.577328e-06   3626
  8.742004e-02   1.602648e-04   1.125556e-03   2.504273e-06   4164
  9.130612e-02   1.740973e-04   1.090740e-03   2.671885e-06   4470
  9.521636e-02   1.809099e-04   1.115446e-03   2.635704e-06   4970
  9.915211e-02   1.943566e-04   1.127844e-03   2.613269e-06   5366
  1.030785e-01   1.971002e-04   1.144516e-03   2.518107e-06   5778
  1.069619e-01   2.181779e-04   1.149148e-03   2.761902e-06   6162
  1.108671e-01   2.269319e-04   1.158272e-03   2.863908e-06   6734
  1.146806e-01   2.419237e-04   1.074898e-03   2.897064e-06   6756
  1.184510e-01   2.588460e-04   1.088568e-03   2.892636e-06   7502
  1.223464e-01   2.797348e-04   1.105366e-03   3.100072e-06   8154
  1.262469e-01   2.918549e-04   1.103283e-03   3.170014e-06   8618
  1.301909e-01   3.142976e-04   1.146655e-03   3.276742e-06   9390
  1.341197e-01   3.361159e-04   1.126004e-03   3.419956e-06   9722
  1.380051e-01   3.362183e-04   1.126950e-03   3.344556e-06   10242
  1.419007e-01   3.476307e-04   1.149257e-03   3.254955e-06   11006
  1.457777e-01   3.644146e-04   1.106962e-03   3.465894e-06   11348
  1.496576e-01   3.656530e-04   1.105725e-03   3.275177e-06   12150
  1.535164e-01   3.718557e-04   1.078348e-03   3.423251e-06   12498
  1.574072e-01   3.847452e-04   1.129889e-03   3.271833e-06   13586
  1.613096e-01   3.868979e-04   1.132072e-03   3.312914e-06   14006
  1.652381e-01   4.017728e-04   1.166232e-03   3.186863e-06   15162
  1.691226e-01   4.097732e-04   1.101754e-03   3.356077e-06   14990
  1.729750e-01   4.242226e-04   1.143142e-03   3.327366e-06   16380
  1.768610e-01   4.426465e-04   1.105581e-03   3.416274e-06   16666
  1.807168e-01   4.669982e-04   1.110348e-03   3.569224e-06   17638
  1.845996e-01   4.794792e-04   1.100521e-03   3.591059e-06   18354
  1.884710e-01   4.964477e-04   1.102640e-03   3.626465e-06   19034
  1.923685e-01   5.228908e-04   1.144302e-03   3.653201e-06   20270
  1.963174e-01   5.452771e-04   1.155956e-03   3.716667e-06   21258
  2.002141e-01   5.579525e-04   1.111898e-03   3.794043e-06   21350
  2.040863e-01   5.536759e-04   1.123159e-03   3.736580e-06   22644
  2.079681e-01   5.661105e-04   1.101476e-03   3.745723e-06   23114
  2.118390e-01   5.785926e-04   1.118265e-03   3.749446e-06   24342
  2.157382e-01   5.784585e-04   1.117694e-03   3.635649e-06   25194
  2.196235e-01   5.926238e-04   1.116195e-03   3.748608e-06   25982
  2.234724e-01   6.010548e-04   1.109599e-03   3.696420e-06   26506
  2.273806e-01   6.070356e-04   1.167806e-03   3.632707e-06   28738
  2.312750e-01   6.140864e-04   1.110542e-03   3.674376e-06   28296
  2.351662e-01   6.212928e-04   1.143823e-03   3.538221e-06   30554
  2.390501e-01   6.336009e-04   1.084103e-03   3.651358e-06   30094
  2.428824e-01   6.649651e-04   1.109820e-03   3.729999e-06   31738
  2.467836e-01   6.718990e-04   1.134747e-03   3.731890e-06   33306
  2.506613e-01   7.006902e-04   1.104153e-03   3.803590e-06   33422
  2.545365e-01   7.166744e-04   1.131527e-03   3.841116e-06   35298
  2.584714e-01   7.291335e-04   1.143069e-03   3.823258e-06   36650
  2.623670e-01   7.422583e-04   1.115532e-03   3.854951e-06   36888
  2.662651e-01   7.502822e-04   1.131896e-03   3.778041e-06   38834
  2.701697e-01   7.584612e-04   1.107355e-03   3.851130e-06   39246
  2.740453e-01   7.754414e-04   1.111777e-03   3.876247e-06   40466
  2.778984e-01   7.784922e-04   1.108403e-03   3.797991e-06   41106
  2.817847e-01   7.789482e-04   1.145602e-03   3.737057e-06   43598
  2.856833e-01   7.910387e-04   1.116308e-03   3.808846e-06   43650
  2.895471e-01   7.979203e-04   1.120907e-03   3.736236e-06   45272
  2.934575e-01   8.052468e-04   1.131740e-03   3.719344e-06   46994
  2.973636e-01   8.296996e-04   1.124346e-03   3.759936e-06   47850
  3.012447e-01   8.279568e-04   1.115858e-03   3.758270e-06   48846
  3.051030e-01   8.453988e-04   1.105642e-03   3.809203e-06   49706
  3.089532e-01   8.563986e-04   1.113265e-03   3.789633e-06   51198
  3.128464e-01   8.666542e-04   1.134266e-03   3.751895e-06   53402
  3.167281e-01   8.928932e-04   1.111145e-03   3.939332e-06   53634
  3.206428e-01   8.987931e-04   1.143806e-03   3.753121e-06   56888
  3.245618e-01   9.127306e-04   1.106794e-03   3.853734e-06   56474
  3.284581e-01   9.262685e-04   1.130606e-03   3.817723e-06   58962
  3.323510e-01   9.269561e-04   1.114731e-03   3.811961e-06   59214
  3.362265e-01   9.553462e-04   1.127963e-03   3.846535e-06   61250
  3.400938e-01   9.606975e-04   1.110759e-03   3.868955e-06   61694
  3.439480e-01   9.688262e-04   1.120230e-03   3.854070e-06   63618
  3.478512e-01   9.755541e-04   1.140078e-03   3.775413e-06   66284
  3.517691e-01   9.843204e-04   1.123324e-03   3.801616e-06   67014
  3.556494e-01   9.818105e-04   1.113722e-03   3.776472e-06   67930
  3.595371e-01   9.953700e-04   1.127426e-03   3.759937e-06   70294
  3.634200e-01   1.018449e-03   1.114424e-03   3.811724e-06   70658
  3.672742e-01   1.026974e-03   1.121955e-03   3.857627e-06   72522
  3.711539e-01   1.024745e-03   1.125103e-03   3.764350e-06   74550
  3.750359e-01   1.039443e-03   1.112832e-03   3.780689e-06   75674
  3.789191e-01   1.057371e-03   1.116846e-03   3.790386e-06   77708
  3.828461e-01   1.062573e-03   1.136191e-03   3.712133e-06   80622
  3.867545e-01   1.074240e-03   1.112810e-03   3.824309e-06   80330
  3.906423e-01   1.087251e-03   1.128269e-03   3.807964e-06   82974
  3.945313e-01   1.093843e-03   1.118618e-03   3.802370e-06   83666
  3.984084e-01   1.109559e-03   1.126394e-03   3.789312e-06   85746
  4.022765e-01   1.107778e-03   1.118427e-03   3.756433e-06   86702
  4.061542e-01   1.122276e-03   1.126154e-03   3.716335e-06   89556
  4.100569e-01   1.129398e-03   1.118519e-03   3.746267e-06   91038
  4.139484e-01   1.151247e-03   1.117921e-03   3.790882e-06   92522
  4.178268e-01   1.150946e-03   1.119569e-03   3.777970e-06   94034
  4.217415e-01   1.157996e-03   1.145339e-03   3.707155e-06   97758
  4.256173e-01   1.174479e-03   1.103600e-03   3.811368e-06   95770
  4.294627e-01   1.176612e-03   1.123790e-03   3.760813e-06   99646
  4.333400e-01   1.193450e-03   1.115333e-03   3.765676e-06   100980
  4.372362e-01   1.197160e-03   1.127284e-03   3.737919e-06   104258
  4.411386e-01   1.199345e-03   1.114910e-03   3.727527e-06   104998
  4.450377e-01   1.213851e-03   1.124073e-03   3.708868e-06   107866
  4.489311e-01   1.228853e-03   1.113184e-03   3.740882e-06   108154
  4.528161e-01   1.243310e-03   1.135370e-03   3.721293e-06   111622
  4.567076e-01   1.251434e-03   1.122976e-03   3.746867e-06   112146
  4.605727e-01   1.268548e-03   1.119518e-03   3.753212e-06   114014
  4.644440e-01   1.263135e-03   1.115906e-03   3.717725e-06   116220
  4.683319e-01   1.277974e-03   1.119789e-03   3.680712e-06   118682
  4.722291e-01   1.286914e-03   1.126606e-03   3.719012e-06   121118
  4.761348e-01   1.288354e-03   1.124808e-03   3.695949e-06   122994
  4.800157e-01   1.291947e-03   1.114862e-03   3.689830e-06   123574
  4.838959e-01   1.315276e-03   1.131276e-03   3.703017e-06   126922
  4.877763e-01   1.317433e-03   1.124735e-03   3.694984e-06   127906
  4.916481e-01   1.320075e-03   1.121767e-03   3.660143e-06   130432
  4.955333e-01   1.333604e-03   1.114812e-03   3.652309e-06   132642
  4.994186e-01   1.343949e-03   1.110800e-03   3.657274e-06   134534
  5.033164e-01   1.355572e-03   1.124671e-03   3.659036e-06   137778
  5.072392e-01   1.362326e-03   1.135312e-03   3.636895e-06   140786
  5.111285e-01   1.368162e-03   1.110620e-03   3.656453e-06   139590
  5.149976e-01   1.377924e-03   1.125619e-03   3.652085e-06   143546
  5.188865e-01   1.387565e-03   1.125142e-03   3.642181e-06   145338
  5.227635e-01   1.399825e-03   1.120484e-03   3.645223e-06   147272
  5.266520e-01   1.396439e-03   1.122335e-03   3.625797e-06   150330
  5.305485e-01   1.403102e-03   1.118234e-03   3.582437e-06   152318
  5.344262e-01   1.416647e-03   1.111066e-03   3.616638e-06   153202
  5.383243e-01   1.414329e-03   1.138693e-03   3.556721e-06   158626
  5.422165e-01   1.430801e-03   1.116855e-03   3.620798e-06   157350
  5.460935e-01   1.428681e-03   1.131200e-03   3.580064e-06   161906
  5.499589e-01   1.451709e-03   1.105071e-03   3.654186e-06   160872
  5.538418e-01   1.457370e-03   1.133375e-03   3.575393e-06   167858
  5.577463e-01   1.474260e-03   1.114977e-03   3.611867e-06   167514
  5.616201e-01   1.465896e-03   1.113803e-03   3.537458e-06   169862
  5.655108e-01   1.473684e-03   1.124453e-03   3.565453e-06   173602
  5.694083e-01   1.489375e-03   1.123533e-03   3.525321e-06   175258
  5.732959e-01   1.490209e-03   1.127164e-03   3.557238e-06   177654
  5.771897e-01   1.499973e-03   1.130949e-03   3.509198e-06   180698
  5.810773e-01   1.502882e-03   1.119005e-03   3.527736e-06   181968
  5.849616e-01   1.522547e-03   1.118541e-03   3.535356e-06   184850
  5.888448e-01   1.527872e-03   1.119144e-03   3.540204e-06   187034
  5.927421e-01   1.531343e-03   1.129966e-03   3.509155e-06   191238
  5.966308e-01   1.543084e-03   1.116348e-03   3.530209e-06   191042
  6.005065e-01   1.547393e-03   1.126286e-03   3.499215e-06   195102
  6.043812e-01   1.552868e-03   1.117515e-03   3.510445e-06   195786
  6.082630e-01   1.556655e-03   1.131649e-03   3.442126e-06   201164
  6.121481e-01   1.573298e-03   1.112645e-03   3.532145e-06   201070
  6.160242e-01   1.566598e-03   1.118305e-03   3.445203e-06   205234
  6.199111e-01   1.586113e-03   1.116352e-03   3.490212e-06   207342
  6.237987e-01   1.584381e-03   1.121735e-03   3.441526e-06   210602
  6.276909e-01   1.592457e-03   1.124203e-03   3.460989e-06   213130
  6.315953e-01   1.600345e-03   1.133190e-03   3.433359e-06   217318
  6.354807e-01   1.607215e-03   1.113546e-03   3.451186e-06   216306
  6.393491e-01   1.607803e-03   1.119403e-03   3.430816e-06   220652
  6.432430e-01   1.622729e-03   1.124854e-03   3.440141e-06   224502
  6.471454e-01   1.634590e-03   1.125081e-03   3.445685e-06   227186
  6.510345e-01   1.628486e-03   1.118193e-03   3.405659e-06   228398
  6.549165e-01   1.638042e-03   1.122259e-03   3.401529e-06   231642
  6.587972e-01   1.643881e-03   1.122763e-03   3.406130e-06   233946
  6.626908e-01   1.661387e-03   1.132956e-03   3.414438e-06   238694
  6.665707e-01   1.665703e-03   1.114640e-03   3.408511e-06   238068
  6.704525e-01   1.674946e-03   1.124042e-03   3.392890e-06   244190
  6.743498e-01   1.666506e-03   1.116752e-03   3.371891e-06   245362
  6.782313e-01   1.687683e-03   1.120102e-03   3.388014e-06   248362
  6.821206e-01   1.688305e-03   1.124509e-03   3.357737e-06   251966
  6.860099e-01   1.703648e-03   1.120649e-03   3.375786e-06   254034
  6.898855e-01   1.705815e-03   1.117172e-03   3.395331e-06   255818
  6.937781e-01   1.697424e-03   1.132899e-03   3.330983e-06   262254
  6.976722e-01   1.724310e-03   1.116974e-03   3.372829e-06   261980
  7.015718e-01   1.721495e-03   1.129534e-03   3.334274e-06   268566
  7.054538e-01   1.731784e-03   1.104857e-03   3.360038e-06   265538
  7.093286e-01   1.740763e-03   1.128000e-03   3.325908e-06   273330
  7.132165e-01   1.735932e-03   1.121481e-03   3.334759e-06   273718
  7.171069e-01   1.739844e-03   1.132652e-03   3.302421e-06   279658
  7.209986e-01   1.763125e-03   1.120025e-03   3.342875e-06   279670
  7.248700e-01   1.761410e-03   1.119062e-03   3.326132e-06   282964
  7.287608e-01   1.762182e-03   1.126489e-03   3.314200e-06   288362
  7.326540e-01   1.770188e-03   1.118613e-03   3.306520e-06   289686
  7.365333e-01   1.782448e-03   1.116235e-03   3.316060e-06   292234
  7.404015e-01   1.781198e-03   1.112765e-03   3.296756e-06   294190
  7.442845e-01   1.787205e-03   1.127923e-03   3.270395e-06   300642
  7.481851e-01   1.798337e-03   1.128116e-03   3.272286e-06   303386
  7.520700e-01   1.793944e-03   1.119257e-03   3.254417e-06   304662
  7.559583e-01   1.799629e-03   1.122290e-03   3.258727e-06   309812
  7.598513e-01   1.805235e-03   1.117608e-03   3.252807e-06   311714
  7.637547e-01   1.816452e-03   1.130270e-03   3.229306e-06   318126
  7.676398e-01   1.822016e-03   1.111035e-03   3.247779e-06   315114
  7.715118e-01   1.826292e-03   1.127143e-03   3.229476e-06   322622
  7.753932e-01   1.834791e-03   1.117154e-03   3.246320e-06   322850
  7.792787e-01   1.834408e-03   1.131101e-03   3.199923e-06   329802
  7.831716e-01   1.844282e-03   1.123851e-03   3.224716e-06   331104
  7.870696e-01   1.856265e-03   1.127607e-03   3.211654e-06   336986
  7.909587e-01   1.854105e-03   1.111055e-03   3.214181e-06   335870
  7.948355e-01   1.854047e-03   1.120862e-03   3.186391e-06   341610
  7.987215e-01   1.861549e-03   1.121955e-03   3.187444e-06   344370
  8.026031e-01   1.873816e-03   1.122207e-03   3.208843e-06   347606
  8.064886e-01   1.873832e-03   1.124033e-03   3.171191e-06   351650
  8.103706e-01   1.883486e-03   1.118654e-03   3.173507e-06   353760
  8.142669e-01   1.886181e-03   1.129493e-03   3.149982e-06   360970
  8.181738e-01   1.896308e-03   1.123124e-03   3.163130e-06   362818
  8.220521e-01   1.898335e-03   1.110144e-03   3.154993e-06   362334
  8.259414e-01   1.899316e-03   1.129348e-03   3.133413e-06   371642
  8.298275e-01   1.905934e-03   1.114584e-03   3.169002e-06   368778
  8.337006e-01   1.914675e-03   1.128744e-03   3.137253e-06   376526
  8.375857e-01   1.912723e-03   1.121330e-03   3.130859e-06   377786
  8.414675e-01   1.922949e-03   1.123524e-03   3.128575e-06   382968
  8.453573e-01   1.929145e-03   1.120822e-03   3.111468e-06   386146
  8.492503e-01   1.940433e-03   1.124050e-03   3.110258e-06   390826
  8.531392e-01   1.939599e-03   1.119718e-03   3.113541e-06   392662
  8.570302e-01   1.946800e-03   1.125822e-03   3.098539e-06   398242
  8.609051e-01   1.946630e-03   1.111972e-03   3.102067e-06   396726
  8.647781e-01   1.955333e-03   1.124714e-03   3.085393e-06   404738
  8.686664e-01   1.959440e-03   1.122897e-03   3.081151e-06   407628
  8.725545e-01   1.956893e-03   1.121536e-03   3.069051e-06   411734
  8.764395e-01   1.964192e-03   1.117149e-03   3.061347e-06   414242
  8.803359e-01   1.968934e-03   1.126317e-03   3.051663e-06   421434
  8.842333e-01   1.968501e-03   1.120273e-03   3.045966e-06   421918
  8.881244e-01   1.986120e-03   1.128330e-03   3.059585e-06   427810
  8.920157e-01   1.980603e-03   1.123036e-03   3.028050e-06   429470
  8.958948e-01   1.990576e-03   1.119658e-03   3.045474e-06   432282
  8.997746e-01   1.993249e-03   1.122449e-03   3.027800e-06   437260
  9.036583e-01   2.001577e-03   1.120747e-03   3.030289e-06   440758
  9.075489e-01   2.012652e-03   1.124778e-03   3.020358e-06   446370
  9.114474e-01   2.002337e-03   1.123943e-03   3.000212e-06   450182
  9.153288e-01   2.005827e-03   1.115142e-03   3.014580e-06   449850
  9.192089e-01   2.010488e-03   1.127357e-03   2.983696e-06   457898
  9.230929e-01   2.017693e-03   1.119604e-03   2.996009e-06   458662
  9.269737e-01   2.024839e-03   1.121722e-03   2.995421e-06   464620
  9.308545e-01   2.026585e-03   1.114316e-03   2.995373e-06   466302
  9.347441e-01   2.031937e-03   1.124571e-03   2.963090e-06   474314
  9.386369e-01   2.036067e-03   1.120021e-03   2.966278e-06   475530
  9.425348e-01   2.038951e-03   1.129051e-03   2.946697e-06   483206
  9.464328e-01   2.045795e-03   1.121669e-03   2.962087e-06   483530
  9.503142e-01   2.053532e-03   1.121047e-03   2.954630e-06   487002
  9.541966e-01   2.056628e-03   1.124058e-03   2.941645e-06   491774
  9.580774e-01   2.054076e-03   1.120518e-03   2.940030e-06   495084
  9.619601e-01   2.061353e-03   1.119352e-03   2.931762e-06   499438
  9.658473e-01   2.062304e-03   1.122356e-03   2.927571e-06   504682
  9.697357e-01   2.066949e-03   1.121500e-03   2.921962e-06   507738
  9.736321e-01   2.073993e-03   1.130456e-03   2.923316e-06   515174
  9.775214e-01   2.080889e-03   1.119580e-03   2.918270e-06   514234
  9.813957e-01   2.081809e-03   1.119450e-03   2.917213e-06   519022
  9.852705e-01   2.075787e-03   1.117281e-03   2.880043e-06   522636
  9.891535e-01   2.087459e-03   1.121739e-03   2.883715e-06   529442
  9.930474e-01   2.091464e-03   1.122647e-03   2.880349e-06   534078
  9.969375e-01   2.092518e-03   1.118397e-03   2.874208e-06   536666
  1.000817e+00   2.094794e-03   1.116716e-03   2.874093e-06   539142
  1.004715e+00   2.095790e-03   1.134178e-03   2.860335e-06   550658
  1.008615e+00   2.110374e-03   1.121935e-03   2.874761e-06   548298
  1.012495e+00   2.109898e-03   1.123048e-03   2.856462e-06   553694
  1.016374e+00   2.115008e-03   1.116375e-03   2.858746e-06   556116
  1.020264e+00   2.115258e-03   1.125051e-03   2.837856e-06   564890
  1.024148e+00   2.113269e-03   1.116141e-03   2.834561e-06   563718
  1.028036e+00   2.124271e-03   1.128568e-03   2.820060e-06   574298
  1.031929e+00   2.130986e-03   1.120551e-03   2.836953e-06   573966
  1.035814e+00   2.136961e-03   1.126024e-03   2.834666e-06   580586
  1.039699e+00   2.135552e-03   1.122029e-03   2.826967e-06   582666
  1.043587e+00   2.139975e-03   1.125959e-03   2.811833e-06   590648
  1.047474e+00   2.141123e-03   1.114820e-03   2.813925e-06   590394
  1.051350e+00   2.141310e-03   1.116684e-03   2.792952e-06   596174
  1.055234e+00   2.148213e-03   1.120236e-03   2.785907e-06   601674
  1.059126e+00   2.148510e-03   1.125352e-03   2.779610e-06   607682
  1.063019e+00   2.155095e-03   1.124350e-03   2.785244e-06   611166
  1.066910e+00   2.163629e-03   1.124099e-03   2.779214e-06   615626
  1.070791e+00   2.165036e-03   1.119456e-03   2.776638e-06   617290
  1.074678e+00   2.158823e-03   1.126011e-03   2.749866e-06   626344
  1.078566e+00   2.170282e-03   1.117274e-03   2.770907e-06   626658
  1.082451e+00   2.175737e-03   1.122467e-03   2.759069e-06   634022
  1.086331e+00   2.169348e-03   1.116124e-03   2.744267e-06   634554
  1.090218e+00   2.174869e-03   1.128467e-03   2.725039e-06   645026
  1.094107e+00   2.177571e-03   1.122446e-03   2.730036e-06   645102
  1.097993e+00   2.179962e-03   1.126954e-03   2.721692e-06   653018
  1.101879e+00   2.186208e-03   1.119089e-03   2.720317e-06   654384
  1.105770e+00   2.184621e-03   1.123901e-03   2.709768e-06   663194
  1.109660e+00   2.199720e-03   1.117576e-03   2.723214e-06   663834
  1.113540e+00   2.188901e-03   1.118796e-03   2.706851e-06   669158
  1.117424e+00   2.194440e-03   1.120650e-03   2.699942e-06   674490
  1.121304e+00   2.198340e-03   1.118416e-03   2.699266e-06   677222
  1.125193e+00   2.211947e-03   1.128225e-03   2.708655e-06   686874
  1.129092e+00   2.209038e-03   1.126811e-03   2.687972e-06   690722
  1.132980e+00   2.212066e-03   1.118907e-03   2.700237e-06   692008
  1.136871e+00   2.210133e-03   1.124678e-03   2.668428e-06   701386
  1.140761e+00   2.217039e-03   1.117002e-03   2.682168e-06   700778
  1.144643e+00   2.213505e-03   1.123318e-03   2.653349e-06   708774
  1.148529e+00   2.218563e-03   1.121990e-03   2.662479e-06   711690
  1.152418e+00   2.219932e-03   1.126973e-03   2.644264e-06   719606
  1.156298e+00   2.225260e-03   1.116380e-03   2.651167e-06   717762
  1.160181e+00   2.226626e-03   1.127123e-03   2.623783e-06   730460
  1.164073e+00   2.230403e-03   1.119262e-03   2.634381e-06   731070
  1.167968e+00   2.227354e-03   1.125901e-03   2.616209e-06   741170
  1.171853e+00   2.238774e-03   1.112045e-03   2.639597e-06   737094
  1.175730e+00   2.240752e-03   1.122374e-03   2.629984e-06   747698
  1.179618e+00   2.236930e-03   1.122867e-03   2.618211e-06   751658
  1.183501e+00   2.242917e-03   1.121599e-03   2.619008e-06   755574
  1.187383e+00   2.244947e-03   1.122256e-03   2.606246e-06   761442
  1.191279e+00   2.244418e-03   1.126787e-03   2.588352e-06   770816
  1.195171e+00   2.261753e-03   1.117539e-03   2.619613e-06   769274
  1.199064e+00   2.249350e-03   1.129525e-03   2.579935e-06   782130
  1.202947e+00   2.258110e-03   1.112602e-03   2.590113e-06   775230
  1.206825e+00   2.253617e-03   1.126605e-03   2.568435e-06   789866
  1.210710e+00   2.258346e-03   1.118361e-03   2.577830e-06   787914
  1.214592e+00   2.264242e-03   1.128225e-03   2.565607e-06   799598
  1.218486e+00   2.261825e-03   1.124161e-03   2.560296e-06   802980
  1.222371e+00   2.264506e-03   1.117789e-03   2.561089e-06   805622
  1.226254e+00   2.270558e-03   1.119738e-03   2.564384e-06   812050
  1.230147e+00   2.270267e-03   1.126034e-03   2.543755e-06   820954
  1.234035e+00   2.273445e-03   1.118780e-03   2.544185e-06   820062
  1.237911e+00   2.270133e-03   1.119897e-03   2.531263e-06   826298
  1.241794e+00   2.281367e-03   1.121814e-03   2.543236e-06   833118
  1.245672e+00   2.280757e-03   1.117137e-03   2.534992e-06   834812
  1.249560e+00   2.287149e-03   1.126815e-03   2.515103e-06   847858
  1.253469e+00   2.285175e-03   1.127442e-03   2.507458e-06   854278
  1.257361e+00   2.286679e-03   1.116253e-03   2.516437e-06   850978
  1.261241e+00   2.292413e-03   1.121687e-03   2.516466e-06   859186
  1.265131e+00   2.289007e-03   1.127494e-03   2.502795e-06   867126
  1.269018e+00   2.292938e-03   1.121886e-03   2.503753e-06   868274
  1.272897e+00   2.291715e-03   1.120976e-03   2.501219e-06   873606
  1.276776e+00   2.295712e-03   1.119398e-03   2.493966e-06   879284
  1.280663e+00   2.302584e-03   1.122355e-03   2.490383e-06   887170
  1.284564e+00   2.304650e-03   1.128693e-03   2.479907e-06   897526
  1.288458e+00   2.300645e-03   1.117587e-03   2.475026e-06   894258
  1.292341e+00   2.309042e-03   1.122714e-03   2.468238e-06   903374
  1.296223e+00   2.308298e-03   1.118323e-03   2.465817e-06   904338
  1.300103e+00   2.309582e-03   1.123719e-03   2.454934e-06   913586
  1.303982e+00   2.317087e-03   1.118150e-03   2.472718e-06   915416
  1.307871e+00   2.312734e-03   1.124217e-03   2.449032e-06   928122
  1.311759e+00   2.316521e-03   1.115167e-03   2.453071e-06   926094
  1.315654e+00   2.321862e-03   1.130093e-03   2.435201e-06   942890
  1.319549e+00   2.317310e-03   1.118827e-03   2.436064e-06   937266
  1.323433e+00   2.321449e-03   1.126506e-03   2.435194e-06   948854
  1.327319e+00   2.321042e-03   1.120121e-03   2.430741e-06   948714
  1.331197e+00   2.321820e-03   1.122687e-03   2.429454e-06   956186
  1.335082e+00   2.327723e-03   1.124444e-03   2.417129e-06   964272
  1.338973e+00   2.325030e-03   1.121587e-03   2.412671e-06   969458
  1.342859e+00   2.328600e-03   1.118296e-03   2.408798e-06   972750
  1.346749e+00   2.332280e-03   1.124460e-03   2.401251e-06   982706
  1.350635e+00   2.334836e-03   1.119858e-03   2.406932e-06   982906
  1.354527e+00   2.334391e-03   1.129306e-03   2.386021e-06   996622
  1.358414e+00   2.329994e-03   1.117989e-03   2.390800e-06   992378
  1.362284e+00   2.337104e-03   1.117150e-03   2.379874e-06   999000
  1.366168e+00   2.336990e-03   1.122014e-03   2.373711e-06   1010114
  1.370061e+00   2.341728e-03   1.121750e-03   2.380737e-06   1015722
  1.373948e+00   2.341158e-03   1.119290e-03   2.372655e-06   1018742
  1.377843e+00   2.346264e-03   1.127371e-03   2.361198e-06   1031250
  1.381733e+00   2.341465e-03   1.118461e-03   2.368904e-06   1027226
  1.385615e+00   2.344526e-03   1.126435e-03   2.354693e-06   1039734
  1.389500e+00   2.350936e-03   1.120654e-03   2.357679e-06   1039914
  1.393382e+00   2.353513e-03   1.123683e-03   2.346832e-06   1050272
  1.397267e+00   2.349288e-03   1.117473e-03   2.341666e-06   1052306
  1.401154e+00   2.356392e-03   1.122308e-03   2.340895e-06   1062666
  1.405045e+00   2.347251e-03   1.122401e-03   2.329947e-06   1067262
  1.408935e+00   2.360274e-03   1.123952e-03   2.337202e-06   1073906
  1.412823e+00   2.353827e-03   1.122463e-03   2.328603e-06   1078190
  1.416712e+00   2.357370e-03   1.124033e-03   2.314437e-06   1085634
  1.420592e+00   2.360097e-03   1.117456e-03   2.323662e-06   1085508
  1.424480e+00   2.355313e-03   1.126594e-03   2.299153e-06   1101926
  1.428369e+00   2.359884e-03   1.116061e-03   2.310280e-06   1098322
  1.432252e+00   2.364395e-03   1.121199e-03   2.303885e-06   1109878
  1.436144e+00   2.364435e-03   1.122554e-03   2.300410e-06   1115338
  1.440035e+00   2.362840e-03   1.125793e-03   2.293873e-06   1122586
  1.443924e+00   2.365830e-03   1.123292e-03   2.287271e-06   1125862
  1.447810e+00   2.368648e-03   1.122976e-03   2.288667e-06   1132498
  1.451691e+00   2.367767e-03   1.119415e-03   2.290814e-06   1135444
  1.455573e+00   2.369563e-03   1.122581e-03   2.271035e-06   1145374
  1.459464e+00   2.366517e-03   1.123383e-03   2.264195e-06   1152698
  1.463354e+00   2.371232e-03   1.121349e-03   2.268947e-06   1157046
  1.467236e+00   2.376041e-03   1.119148e-03   2.271131e-06   1160226
  1.471127e+00   2.372649e-03   1.127743e-03   2.250214e-06   1174346
  1.475014e+00   2.377016e-03   1.119897e-03   2.262757e-06   1171462
  1.478897e+00   2.368918e-03   1.124033e-03   2.241081e-06   1183828
  1.482778e+00   2.381483e-03   1.114458e-03   2.255530e-06   1181822
  1.486657e+00   2.377265e-03   1.120779e-03   2.241456e-06   1194930
  1.490547e+00   2.378464e-03   1.122593e-03   2.232830e-06   1202010
  1.494437e+00   2.375230e-03   1.122115e-03   2.233207e-06   1207166
  1.498326e+00   2.379887e-03   1.123291e-03   2.227496e-06   1214106
  1.502209e+00   2.381084e-03   1.118748e-03   2.226843e-06   1215302
  1.506095e+00   2.381728e-03   1.126666e-03   2.214829e-06   1229274
  1.509994e+00   2.387956e-03   1.126873e-03   2.222628e-06   1236164
  1.513882e+00   2.384250e-03   1.118916e-03   2.221637e-06   1235326
  1.517764e+00   2.392786e-03   1.120265e-03   2.221328e-06   1244026
  1.521647e+00   2.385367e-03   1.120382e-03   2.202548e-06   1249154
  1.525536e+00   2.387923e-03   1.126025e-03   2.202132e-06   1260558
  1.529421e+00   2.384363e-03   1.119984e-03   2.192256e-06   1260394
  1.533310e+00   2.395048e-03   1.125848e-03   2.194425e-06   1274758
  1.537193e+00   2.387607e-03   1.115594e-03   2.186050e-06   1270188
  1.541083e+00   2.393398e-03   1.128008e-03   2.177536e-06   1291202
  1.544971e+00   2.396383e-03   1.115149e-03   2.192502e-06   1282654
  1.548850e+00   2.395320e-03   1.122198e-03   2.174345e-06   1298242
  1.552739e+00   2.399328e-03   1.120395e-03   2.172757e-06   1301774
  1.556625e+00   2.395725e-03   1.123165e-03   2.170744e-06   1309770
  1.560512e+00   2.393975e-03   1.123502e-03   2.164770e-06   1315714
  1.564403e+00   2.391924e-03   1.124924e-03   2.153677e-06   1325110
  1.568290e+00   2.398430e-03   1.118940e-03   2.160640e-06   1326012
  1.572174e+00   2.394482e-03   1.122090e-03   2.151673e-06   1336154
  1.576069e+00   2.396653e-03   1.126474e-03   2.144293e-06   1347334
  1.579958e+00   2.397292e-03   1.119782e-03   2.143136e-06   1345354
  1.583833e+00   2.398893e-03   1.119555e-03   2.144724e-06   1350998
  1.587719e+00   2.397554e-03   1.125829e-03   2.135467e-06   1365546
  1.591609e+00   2.403739e-03   1.122088e-03   2.129912e-06   1367474
  1.595497e+00   2.401403e-03   1.123693e-03   2.122806e-06   1377984
  1.599384e+00   2.403827e-03   1.118321e-03   2.132357e-06   1379394
  1.603272e+00   2.409813e-03   1.123056e-03   2.132203e-06   1392230
  1.607160e+00   2.402672e-03   1.118740e-03   2.120955e-06   1392634
  1.611042e+00   2.409647e-03   1.122441e-03   2.121844e-06   1402666
  1.614928e+00   2.407972e-03   1.122269e-03   2.119232e-06   1408502
  1.618814e+00   2.402804e-03   1.122041e-03   2.105564e-06   1415418
  1.622692e+00   2.410908e-03   1.117068e-03   2.116850e-06   1416856
  1.626588e+00   2.412140e-03   1.130843e-03   2.093523e-06   1442002
  1.630485e+00   2.408084e-03   1.117858e-03   2.097446e-06   1431634
  1.634367e+00   2.406900e-03   1.122585e-03   2.089730e-06   1444606
  1.638250e+00   2.414117e-03   1.118765e-03   2.092501e-06   1445890
  1.642138e+00   2.410448e-03   1.126997e-03   2.080719e-06   1462210
  1.646026e+00   2.409756e-03   1.120901e-03   2.081395e-06   1459590
  1.649907e+00   2.408390e-03   1.123856e-03   2.068423e-06   1471226
  1.653797e+00   2.414602e-03   1.123379e-03   2.074238e-06   1480072
  1.657690e+00   2.416198e-03   1.121364e-03   2.072911e-06   1486594
  1.661576e+00   2.415319e-03   1.118520e-03   2.072968e-06   1488882
  1.665461e+00   2.417063e-03   1.123128e-03   2.061304e-06   1500854
  1.669353e+00   2.413197e-03   1.123083e-03   2.053089e-06   1506874
  1.673232e+00   2.421869e-03   1.117624e-03   2.065482e-06   1506094
  1.677111e+00   2.417078e-03   1.122855e-03   2.054011e-06   1519682
  1.680997e+00   2.418962e-03   1.122626e-03   2.052157e-06   1526724
  1.684890e+00   2.414452e-03   1.125240e-03   2.034699e-06   1539038
  1.688782e+00   2.417286e-03   1.119859e-03   2.041466e-06   1539810
  1.692664e+00   2.419346e-03   1.119007e-03   2.041234e-06   1545046
  1.696554e+00   2.422119e-03   1.126236e-03   2.037376e-06   1560538
  1.700441e+00   2.420268e-03   1.120507e-03   2.035582e-06   1557506
  1.704322e+00   2.418467e-03   1.124114e-03   2.027517e-06   1570062
  1.708203e+00   2.421269e-03   1.119253e-03   2.026171e-06   1571290
  1.712089e+00   2.420462e-03   1.124856e-03   2.018362e-06   1588228
  1.715982e+00   2.423847e-03   1.121250e-03   2.021759e-06   1591046
  1.719873e+00   2.425156e-03   1.123715e-03   2.017047e-06   1602474
  1.723761e+00   2.422899e-03   1.118014e-03   2.015749e-06   1601646
  1.727642e+00   2.421076e-03   1.120550e-03   2.010226e-06   1611266
  1.731523e+00   2.422104e-03   1.120678e-03   2.004780e-06   1616634
  1.735410e+00   2.418853e-03   1.126166e-03   1.993877e-06   1631366
  1.739297e+00   2.426711e-03   1.119655e-03   2.000018e-06   1631028
  1.743180e+00   2.432257e-03   1.119854e-03   2.002614e-06   1641446
  1.747073e+00   2.428667e-03   1.124208e-03   1.995476e-06   1654234
  1.750973e+00   2.425580e-03   1.126198e-03   1.985373e-06   1662874
  1.754858e+00   2.427824e-03   1.117471e-03   1.990278e-06   1656686
  1.758736e+00   2.425629e-03   1.122008e-03   1.979380e-06   1670898
  1.762622e+00   2.426608e-03   1.123056e-03   1.977253e-06   1678074
  1.766507e+00   2.427748e-03   1.123311e-03   1.981446e-06   1685198
  1.770393e+00   2.426958e-03   1.122996e-03   1.974421e-06   1694524
  1.774282e+00   2.430411e-03   1.120709e-03   1.967677e-06   1701334
  1.778171e+00   2.429650e-03   1.120908e-03   1.964160e-06   1709386
  1.782064e+00   2.425322e-03   1.123720e-03   1.954919e-06   1719994
  1.785953e+00   2.428173e-03   1.121006e-03   1.959940e-06   1721510
  1.789842e+00   2.426822e-03   1.124974e-03   1.954998e-06   1734978
  1.793722e+00   2.427277e-03   1.116124e-03   1.955276e-06   1728646
  1.797599e+00   2.431146e-03   1.122713e-03   1.950034e-06   1746868
  1.801486e+00   2.428800e-03   1.121127e-03   1.947659e-06   1752922
  1.805380e+00   2.431679e-03   1.125234e-03   1.943298e-06   1767862
  1.809271e+00   2.426288e-03   1.119301e-03   1.943325e-06   1765698
  1.813160e+00   2.432382e-03   1.125035e-03   1.938070e-06   1781270
  1.817049e+00   2.431320e-03   1.121176e-03   1.940251e-06   1780650
  1.820932e+00   2.422595e-03   1.124142e-03   1.925375e-06   1792418
  1.824813e+00   2.430617e-03   1.119388e-03   1.930233e-06   1792790
  1.828696e+00   2.427448e-03   1.123591e-03   1.921012e-06   1809852
  1.832585e+00   2.429862e-03   1.120140e-03   1.920714e-06   1812666
  1.836475e+00   2.435215e-03   1.124777e-03   1.916347e-06   1827614
  1.840367e+00   2.434200e-03   1.121640e-03   1.917314e-06   1829970
  1.844251e+00   2.428878e-03   1.120370e-03   1.911914e-06   1835030
  1.848131e+00   2.431228e-03   1.119790e-03   1.908351e-06   1841410
  1.852017e+00   2.431380e-03   1.124723e-03   1.901718e-06   1856626
  1.855900e+00   2.433318e-03   1.118305e-03   1.911464e-06   1854656
  1.859782e+00   2.431898e-03   1.121720e-03   1.900236e-06   1870698
  1.863671e+00   2.437591e-03   1.120553e-03   1.906976e-06   1876998
  1.867559e+00   2.431958e-03   1.120979e-03   1.896512e-06   1884458
  1.871445e+00   2.434850e-03   1.122381e-03   1.894892e-06   1891730
  1.875338e+00   2.431209e-03   1.127317e-03   1.887538e-06   1907574
  1.879232e+00   2.430948e-03   1.122851e-03   1.885938e-06   1907730
  1.883115e+00   2.435737e-03   1.120697e-03   1.887427e-06   1912154
  1.886997e+00   2.434523e-03   1.121764e-03   1.883710e-06   1923216
  1.890888e+00   2.434976e-03   1.124326e-03   1.876223e-06   1936562
  1.894776e+00   2.434967e-03   1.119734e-03   1.879009e-06   1936862
  1.898663e+00   2.428364e-03   1.122747e-03   1.865813e-06   1950114
  1.902549e+00   2.439965e-03   1.121089e-03   1.875910e-06   1953306
  1.906439e+00   2.435244e-03   1.125982e-03   1.866414e-06   1968806
  1.910327e+00   2.428866e-03   1.121186e-03   1.861680e-06   1968818
  1.914211e+00   2.435611e-03   1.121720e-03   1.861780e-06   1980624
  1.918097e+00   2.433386e-03   1.118800e-03   1.862457e-06   1985034
  1.921980e+00   2.436503e-03   1.120281e-03   1.854500e-06   1995242
  1.925870e+00   2.435055e-03   1.123830e-03   1.851027e-06   2007742
  1.929759e+00   2.431156e-03   1.121495e-03   1.844697e-06   2010538
  1.933641e+00   2.431706e-03   1.121298e-03   1.850148e-06   2017390
  1.937531e+00   2.435521e-03   1.126602e-03   1.844816e-06   2034346
  1.941413e+00   2.429893e-03   1.117450e-03   1.843938e-06   2025498
  1.945299e+00   2.435798e-03   1.127850e-03   1.838202e-06   2055248
  1.949189e+00   2.433995e-03   1.116586e-03   1.842519e-06   2045090
  1.953070e+00   2.440206e-03   1.121603e-03   1.840306e-06   2062074
  1.956959e+00   2.433020e-03   1.122727e-03   1.832825e-06   2070190
  1.960848e+00   2.436503e-03   1.123891e-03   1.828643e-06   2079226
  1.964734e+00   2.438690e-03   1.122069e-03   1.831628e-06   2083990
  1.968623e+00   2.439623e-03   1.124515e-03   1.829098e-06   2097898
  1.972507e+00   2.435636e-03   1.118548e-03   1.825870e-06   2095452
  1.976394e+00   2.435900e-03   1.124843e-03   1.815960e-06   2117390
  1.980286e+00   2.435445e-03   1.119656e-03   1.819303e-06   2117066
  1.984162e+00   2.432064e-03   1.115140e-03   1.815247e-06   2117238
  1.988045e+00   2.436629e-03   1.124414e-03   1.813123e-06   2140026
  1.991938e+00   2.436019e-03   1.125139e-03   1.809172e-06   2147234
  1.995825e+00   2.433378e-03   1.122378e-03   1.807161e-06   2150118
  1.999710e+00   2.437379e-03   1.122400e-03   1.807966e-06   2160386
  2.003596e+00   2.438000e-03   1.121122e-03   1.805315e-06   2168256
  2.007488e+00   2.434407e-03   1.124409e-03   1.796290e-06   2183306
  2.011378e+00   2.441054e-03   1.120925e-03   1.803839e-06   2184642
  2.015262e+00   2.437447e-03   1.120511e-03   1.796591e-06   2192318
  2.019141e+00   2.435809e-03   1.118713e-03   1.794048e-06   2196066
  2.023031e+00   2.435115e-03   1.127541e-03   1.786946e-06   2220890
  2.026922e+00   2.431179e-03   1.121128e-03   1.782523e-06   2215758
  2.030810e+00   2.438413e-03   1.124804e-03   1.786232e-06   2233988
  2.034697e+00   2.439353e-03   1.118045e-03   1.789381e-06   2231670
  2.038579e+00   2.437285e-03   1.119728e-03   1.782677e-06   2244338
  2.042469e+00   2.436976e-03   1.123477e-03   1.775072e-06   2258610
  2.046358e+00   2.432217e-03   1.121050e-03   1.773400e-06   2260718
  2.050240e+00   2.438886e-03   1.120914e-03   1.780619e-06   2268162
  2.054123e+00   2.438135e-03   1.121571e-03   1.773944e-06   2277494
  2.058008e+00   2.437195e-03   1.123134e-03   1.772017e-06   2288796
  2.061901e+00   2.440262e-03   1.126253e-03   1.766272e-06   2305226
  2.065791e+00   2.438836e-03   1.119672e-03   1.764853e-06   2301630
  2.069679e+00   2.438727e-03   1.123731e-03   1.762433e-06   2319770
  2.073565e+00   2.435960e-03   1.118309e-03   1.765352e-06   2315610
  2.077447e+00   2.438777e-03   1.124236e-03   1.761245e-06   2334662
  2.081332e+00   2.439993e-03   1.120785e-03   1.758480e-06   2335722
  2.085219e+00   2.438178e-03   1.124829e-03   1.753397e-06   2354102
  2.089107e+00   2.442237e-03   1.120313e-03   1.754930e-06   2355156
  2.092998e+00   2.436142e-03   1.124614e-03   1.747345e-06   2374250
  2.096888e+00   2.440904e-03   1.120068e-03   1.752589e-06   2373102
  2.100776e+00   2.435417e-03   1.122758e-03   1.746431e-06   2388194
  2.104658e+00   2.435074e-03   1.116928e-03   1.744464e-06   2383470
  2.108539e+00   2.442007e-03   1.123618e-03   1.740482e-06   2404994
  2.112426e+00   2.435667e-03   1.121916e-03   1.741376e-06   2408538
  2.116308e+00   2.438608e-03   1.121742e-03   1.735187e-06   2417744
  2.120198e+00   2.442101e-03   1.124446e-03   1.738591e-06   2434578
  2.124090e+00   2.437064e-03   1.121710e-03   1.734918e-06   2438414
  2.127979e+00   2.439758e-03   1.122410e-03   1.729082e-06   2448066
  2.131867e+00   2.436682e-03   1.122662e-03   1.731440e-06   2456018
  2.135751e+00   2.436578e-03   1.121406e-03   1.725945e-06   2461230
  2.139636e+00   2.439227e-03   1.122653e-03   1.723206e-06   2474330
  2.143519e+00   2.437045e-03   1.119652e-03   1.723677e-06   2476498
  2.147405e+00   2.440139e-03   1.124366e-03   1.722180e-06   2497240
  2.151298e+00   2.439351e-03   1.122529e-03   1.721115e-06   2502930
  2.155185e+00   2.434406e-03   1.120390e-03   1.715365e-06   2508470
  2.159072e+00   2.436023e-03   1.121001e-03   1.716253e-06   2518482
  2.162961e+00   2.439426e-03   1.123829e-03   1.714160e-06   2532074
  2.166844e+00   2.438458e-03   1.118275e-03   1.713383e-06   2526678
  2.170724e+00   2.437127e-03   1.124045e-03   1.711148e-06   2549018
  2.174611e+00   2.440480e-03   1.120040e-03   1.710622e-06   2551704
  2.178497e+00   2.439186e-03   1.122028e-03   1.702419e-06   2566226
  2.182386e+00   2.437735e-03   1.122230e-03   1.705356e-06   2573898
  2.186278e+00   2.442368e-03   1.124844e-03   1.705037e-06   2589182
  2.190164e+00   2.439745e-03   1.119195e-03   1.702760e-06   2584890
  2.194049e+00   2.438691e-03   1.124371e-03   1.694777e-06   2605190
  2.197936e+00   2.435179e-03   1.121682e-03   1.697201e-06   2606418
  2.201821e+00   2.434631e-03   1.123741e-03   1.694412e-06   2621186
  2.205707e+00   2.433314e-03   1.120704e-03   1.688558e-06   2626608
  2.209592e+00   2.436349e-03   1.119995e-03   1.690149e-06   2636714
  2.213479e+00   2.437762e-03   1.121274e-03   1.689027e-06   2647482
  2.217374e+00   2.438443e-03   1.127022e-03   1.685018e-06   2668382
  2.221265e+00   2.435931e-03   1.120175e-03   1.682156e-06   2660418
  2.225149e+00   2.438740e-03   1.122869e-03   1.685081e-06   2676662
  2.229029e+00   2.437668e-03   1.117920e-03   1.686713e-06   2674210
  2.232911e+00   2.430980e-03   1.123157e-03   1.672731e-06   2697076
  2.236800e+00   2.432072e-03   1.121599e-03   1.675474e-06   2703558
  2.240687e+00   2.435889e-03   1.121191e-03   1.674126e-06   2713250
  2.244572e+00   2.433962e-03   1.119243e-03   1.675384e-06   2717718
  2.248464e+00   2.432344e-03   1.127021e-03   1.668031e-06   2743178
  2.252353e+00   2.433598e-03   1.120305e-03   1.672526e-06   2732730
  2.256238e+00   2.428411e-03   1.126187e-03   1.663544e-06   2758022
  2.260125e+00   2.431724e-03   1.119041e-03   1.669902e-06   2751994
  2.264006e+00   2.431789e-03   1.121171e-03   1.668359e-06   2769052
  2.267895e+00   2.428238e-03   1.122842e-03   1.659591e-06   2783062
  2.271785e+00   2.425952e-03   1.121645e-03   1.658623e-06   2789362
  2.275674e+00   2.423586e-03   1.121981e-03   1.657743e-06   2799582
  2.279564e+00   2.418357e-03   1.123236e-03   1.653500e-06   2811170
  2.283450e+00   2.414875e-03   1.121033e-03   1.647150e-06   2812658
  2.287338e+00   2.412565e-03   1.125793e-03   1.644595e-06   2833302
  2.291222e+00   2.410097e-03   1.118388e-03   1.643546e-06   2827420
  2.295104e+00   1.664631e-04   1.121018e-03   4.724866e-07   2846710
  2.298989e+00   4.956185e-05   1.120692e-03   3.632768e-08   2846535
  2.302873e+00   4.671593e-05   1.122997e-03   3.434645e-08   2848496
  2.306761e+00   4.391846e-05   1.122225e-03   3.233481e-08   2841084
  2.310652e+00   4.141963e-05   1.124928e-03   3.048512e-08   2843480
  2.314540e+00   3.922689e-05   1.120270e-03   2.886532e-08   2826624
  2.318424e+00   3.741017e-05   1.123352e-03   2.742485e-08   2828732
  2.322310e+00   3.576892e-05   1.121451e-03   2.615460e-08   2819296
  2.326197e+00   3.427512e-05   1.122811e-03   2.496539e-08   2819548
  2.330081e+00   3.299641e-05   1.118959e-03   2.402902e-08   2805192
  2.333967e+00   3.193429e-05   1.123463e-03   2.315838e-08   2811104
  2.337856e+00   3.090435e-05   1.121717e-03   2.234957e-08   2800672
  2.341743e+00   2.993508e-05   1.122654e-03   2.154868e-08   2798080
  2.345628e+00   2.899248e-05   1.120248e-03   2.082598e-08   2786976
  2.349516e+00   2.818893e-05   1.123594e-03   2.016598e-08   2791016
  2.353406e+00   2.745663e-05   1.121382e-03   1.957474e-08   2779360
  2.357287e+00   2.675739e-05   1.119573e-03   1.902937e-08   2768644
  2.361169e+00   2.608273e-05   1.122534e-03   1.844760e-08   2771192
  2.365058e+00   2.548105e-05   1.121875e-03   1.797979e-08   2765028
  2.368946e+00   2.493825e-05   1.122751e-03   1.753538e-08   2760864
  2.372840e+00   2.447475e-05   1.125689e-03   1.710169e-08   2761616
  2.376724e+00   2.397526e-05   1.118525e-03   1.680628e-08   2737932
  2.380610e+00   2.347504e-05   1.125904e-03   1.629575e-08   2752280
  2.384498e+00   2.302581e-05   1.118464e-03   1.599848e-08   2728764
  2.388382e+00   2.268885e-05   1.123937e-03   1.568240e-08   2736368
  2.392268e+00   2.233041e-05   1.119459e-03   1.541877e-08   2719952
  2.396155e+00   2.195587e-05   1.124236e-03   1.509384e-08   2727120
  2.400042e+00   2.163271e-05   1.118614e-03   1.485531e-08   2708400
  2.403932e+00   2.134798e-05   1.125719e-03   1.458434e-08   2718536
  2.407818e+00   2.104992e-05   1.118504e-03   1.438340e-08   2694300
  2.411707e+00   2.074111e-05   1.126793e-03   1.406335e-08   2709440
  2.415596e+00   2.047032e-05   1.117787e-03   1.391580e-08   2682108
  2.419475e+00   2.020917e-05   1.121308e-03   1.366997e-08   2684912
  2.423360e+00   1.999025e-05   1.121998e-03   1.349984e-08   2678868
  2.427246e+00   1.979077e-05   1.122668e-03   1.330984e-08   2674772
  2.431135e+00   1.948800e-05   1.123033e-03   1.309974e-08   2670120
  2.435021e+00   1.929805e-05   1.120804e-03   1.295392e-08   2659532
  2.438909e+00   1.910618e-05   1.123713e-03   1.278343e-08   2659704
  2.442801e+00   1.891815e-05   1.124617e-03   1.265429e-08   2654348
  2.446687e+00   1.871823e-05   1.121000e-03   1.249093e-08   2640276
  2.450572e+00   1.853697e-05   1.121992e-03   1.233930e-08   2638700
  2.454457e+00   1.837898e-05   1.120074e-03   1.225256e-08   2628244
  2.458344e+00   1.825638e-05   1.124115e-03   1.211388e-08   2630920
  2.462234e+00   1.808785e-05   1.121877e-03   1.201267e-08   2618904
  2.466118e+00   1.792490e-05   1.120448e-03   1.189745e-08   2610932
  2.470005e+00   1.777651e-05   1.121951e-03   1.175613e-08   2608464
  2.473895e+00   1.762316e-05   1.123139e-03   1.165076e-08   2603708
  2.477779e+00   1.748694e-05   1.119694e-03   1.153324e-08   2588012
  2.481660e+00   1.736127e-05   1.122196e-03   1.143583e-08   2588364
  2.485545e+00   1.722384e-05   1.120384e-03   1.133969e-08   2579076
  2.489430e+00   1.714029e-05   1.121132e-03   1.127937e-08   2574152
  2.493314e+00   1.700108e-05   1.121505e-03   1.119062e-08   2566812
  2.497207e+00   1.688557e-05   1.127061e-03   1.107526e-08   2573732
  2.501098e+00   1.677571e-05   1.119524e-03   1.103335e-08   2550568
  2.504983e+00   1.666121e-05   1.123035e-03   1.095576e-08   2552068
  2.508870e+00   1.657891e-05   1.121138e-03   1.091326e-08   2539620
  2.512757e+00   1.647072e-05   1.124635e-03   1.080192e-08   2540936
  2.516646e+00   1.638632e-05   1.121040e-03   1.076619e-08   2528032
  2.520531e+00   1.624340e-05   1.120365e-03   1.066233e-08   2521480
  2.524419e+00   1.620276e-05   1.122347e-03   1.063887e-08   2517980
  2.528309e+00   1.609209e-05   1.123011e-03   1.057374e-08   2511744
  2.532195e+00   1.603357e-05   1.120855e-03   1.055393e-08   2500140
  2.536081e+00   1.593012e-05   1.121926e-03   1.048070e-08   2496980
  2.539968e+00   1.584955e-05   1.121125e-03   1.043168e-08   2486924
  2.543856e+00   1.577686e-05   1.124762e-03   1.037753e-08   2487000
  2.547743e+00   1.567279e-05   1.120210e-03   1.033593e-08   2469840
  2.551626e+00   1.559808e-05   1.122637e-03   1.027462e-08   2469656
  2.555511e+00   1.555470e-05   1.119469e-03   1.028127e-08   2456844
  2.559401e+00   1.546885e-05   1.125965e-03   1.019554e-08   2462876
  2.563290e+00   1.540527e-05   1.120472e-03   1.019889e-08   2442136
  2.567174e+00   1.532967e-05   1.123165e-03   1.013901e-08   2441944
  2.571061e+00   1.526226e-05   1.120769e-03   1.012620e-08   2430508
  2.574945e+00   1.519189e-05   1.121157e-03   1.008458e-08   2424352
  2.578832e+00   1.514178e-05   1.123693e-03   1.004526e-08   2421264
  2.582722e+00   1.507246e-05   1.122895e-03   1.002008e-08   2413064
  2.586608e+00   1.501331e-05   1.120676e-03   1.000081e-08   2401572
  2.590492e+00   1.496368e-05   1.121724e-03   9.994151e-09   2397284
  2.594379e+00   1.489916e-05   1.121499e-03   9.960335e-09   2388336
  2.598268e+00   1.481384e-05   1.124943e-03   9.906082e-09   2387204
  2.602153e+00   1.477590e-05   1.119280e-03   9.928514e-09   2368644
  2.606033e+00   1.472106e-05   1.120613e-03   9.903180e-09   2365400
  2.609918e+00   1.470572e-05   1.121690e-03   9.889431e-09   2360072
  2.613808e+00   1.461769e-05   1.123660e-03   9.865112e-09   2356464
  2.617696e+00   1.458886e-05   1.121214e-03   9.857950e-09   2343240
  2.621583e+00   1.451474e-05   1.122605e-03   9.800687e-09   2340248
  2.625468e+00   1.445148e-05   1.118824e-03   9.798099e-09   2325000
  2.629355e+00   1.441731e-05   1.124959e-03   9.784878e-09   2328632
  2.633245e+00   1.438597e-05   1.121910e-03   9.800287e-09   2313220
  2.637134e+00   1.429673e-05   1.124095e-03   9.743739e-09   2310772
  2.641020e+00   1.426857e-05   1.119781e-03   9.776357e-09   2295420
  2.644905e+00   1.421145e-05   1.122584e-03   9.725674e-09   2293592
  2.648791e+00   1.417750e-05   1.120952e-03   9.752063e-09   2281384
  2.652683e+00   1.412937e-05   1.126704e-03   9.721436e-09   2285776
  2.656570e+00   1.407000e-05   1.117325e-03   9.744643e-09   2259408
  2.660455e+00   1.403506e-05   1.124314e-03   9.725308e-09   2266808
  2.664344e+00   1.399553e-05   1.120389e-03   9.746283e-09   2248836
  2.668227e+00   1.393162e-05   1.123045e-03   9.716814e-09   2245244
  2.672111e+00   1.389448e-05   1.120801e-03   9.714793e-09   2233908
  2.675998e+00   1.385458e-05   1.122974e-03   9.688679e-09   2231660
  2.679886e+00   1.380364e-05   1.120422e-03   9.724494e-09   2218544
  2.683775e+00   1.377465e-05   1.124792e-03   9.703907e-09   2218176
  2.687664e+00   1.373114e-05   1.121286e-03   9.703867e-09   2202900
  2.691550e+00   1.370518e-05   1.121747e-03   9.728867e-09   2197472
  2.695433e+00   1.365898e-05   1.118354e-03   9.723542e-09   2181960
  2.699317e+00   1.361286e-05   1.124130e-03   9.691583e-09   2183696
  2.703207e+00   1.358518e-05   1.123719e-03   9.734527e-09   2173416
  2.707096e+00   1.355981e-05   1.122917e-03   9.744152e-09   2165444
  2.710982e+00   1.348114e-05   1.119761e-03   9.718894e-09   2152688
  2.714867e+00   1.346629e-05   1.121777e-03   9.733087e-09   2147628
  2.718754e+00   1.342610e-05   1.122335e-03   9.739980e-09   2139012
  2.722646e+00   1.339113e-05   1.125226e-03   9.735419e-09   2136008
  2.726525e+00   1.331438e-05   1.114594e-03   9.752998e-09   2108656
  2.730404e+00   1.330729e-05   1.123744e-03   9.729779e-09   2117896
  2.734296e+00   1.328112e-05   1.123450e-03   9.746431e-09   2106260
  2.738185e+00   1.323335e-05   1.123855e-03   9.759443e-09   2099088
  2.742075e+00   1.315893e-05   1.121974e-03   9.759483e-09   2088432
  2.745961e+00   1.311851e-05   1.120471e-03   9.741810e-09   2078432
  2.749845e+00   1.310354e-05   1.120708e-03   9.766255e-09   2069048
  2.753732e+00   1.308436e-05   1.123831e-03   9.797327e-09   2064804
  2.757623e+00   1.302878e-05   1.123568e-03   9.778759e-09   2055644
  2.761510e+00   1.300699e-05   1.120700e-03   9.807385e-09   2043000
  2.765392e+00   1.294602e-05   1.120067e-03   9.782693e-09   2032348
  2.769281e+00   1.294352e-05   1.126495e-03   9.787032e-09   2034064
  2.773172e+00   1.293174e-05   1.122211e-03   9.861973e-09   2017740
  2.777059e+00   1.284166e-05   1.121480e-03   9.796231e-09   2010188
  2.780942e+00   1.281506e-05   1.118751e-03   9.833748e-09   1996556
  2.784826e+00   1.282565e-05   1.122456e-03   9.881202e-09   1992816
  2.788712e+00   1.275451e-05   1.122411e-03   9.869524e-09   1982400
  2.792596e+00   1.273298e-05   1.121262e-03   9.913912e-09   1972256
  2.796480e+00   1.269870e-05   1.121000e-03   9.893168e-09   1964384
  2.800370e+00   1.265076e-05   1.122889e-03   9.895102e-09   1958544
  2.804258e+00   1.266789e-05   1.122489e-03   9.959331e-09   1946988
  2.808149e+00   1.259268e-05   1.124629e-03   9.939896e-09   1942532
  2.812034e+00   1.257523e-05   1.117383e-03   9.970425e-09   1921692
  2.815918e+00   1.253307e-05   1.123808e-03   9.953029e-09   1924004
  2.819806e+00   1.251184e-05   1.120365e-03   1.000719e-08   1907344
  2.823695e+00   1.245709e-05   1.126069e-03   9.990398e-09   1907440
  2.827583e+00   1.243970e-05   1.118720e-03   1.005058e-08   1886136
  2.831464e+00   1.240831e-05   1.121920e-03   1.006187e-08   1883144
  2.835353e+00   1.236251e-05   1.122753e-03   1.001796e-08   1874724
  2.839243e+00   1.237513e-05   1.123826e-03   1.009698e-08   1866068
  2.843130e+00   1.229146e-05   1.121455e-03   1.008724e-08   1852980
  2.847017e+00   1.226238e-05   1.122782e-03   1.010652e-08   1847468
  2.850900e+00   1.225382e-05   1.117935e-03   1.013734e-08   1829636
  2.854785e+00   1.218909e-05   1.123959e-03   1.012395e-08   1829688
  2.858675e+00   1.216793e-05   1.122789e-03   1.016561e-08   1817192
  2.862561e+00   1.216244e-05   1.121150e-03   1.022088e-08   1806312
  2.866446e+00   1.212137e-05   1.120289e-03   1.023003e-08   1795984
  2.870334e+00   1.209686e-05   1.123627e-03   1.024620e-08   1791100
  2.874224e+00   1.208715e-05   1.122050e-03   1.030035e-08   1777648
  2.878111e+00   1.203230e-05   1.123043e-03   1.028826e-08   1769848
  2.881996e+00   1.200053e-05   1.119995e-03   1.032163e-08   1756536
  2.885881e+00   1.197825e-05   1.121386e-03   1.036950e-08   1748960
  2.889768e+00   1.196570e-05   1.123014e-03   1.039356e-08   1739952
  2.893658e+00   1.189455e-05   1.124239e-03   1.037729e-08   1732124
  2.897544e+00   1.187395e-05   1.120323e-03   1.041213e-08   1716852
  2.901430e+00   1.183949e-05   1.122735e-03   1.043685e-08   1712276
  2.905319e+00   1.180919e-05   1.121222e-03   1.046642e-08   1698500
  2.909208e+00   1.179496e-05   1.125604e-03   1.046420e-08   1693932
  2.913093e+00   1.176908e-05   1.119232e-03   1.053780e-08   1675204
  2.916975e+00   1.171284e-05   1.121771e-03   1.054103e-08   1670644
  2.920858e+00   1.170746e-05   1.118515e-03   1.063470e-08   1655532
  2.924748e+00   1.169580e-05   1.126990e-03   1.062222e-08   1656860
  2.928637e+00   1.167965e-05   1.119840e-03   1.071453e-08   1635372
  2.932524e+00   1.159370e-05   1.124773e-03   1.065608e-08   1634324
  2.936410e+00   1.160271e-05   1.117372e-03   1.074132e-08   1613676
  2.940295e+00   1.154882e-05   1.124617e-03   1.072385e-08   1613348
  2.944183e+00   1.153722e-05   1.120803e-03   1.080623e-08   1596236
  2.948069e+00   1.149345e-05   1.123999e-03   1.082017e-08   1591476
  2.951956e+00   1.147268e-05   1.119134e-03   1.088438e-08   1575732
  2.955838e+00   1.141082e-05   1.120429e-03   1.086716e-08   1566236
  2.959725e+00   1.145050e-05   1.124724e-03   1.095258e-08   1560292
  2.963618e+00   1.136653e-05   1.124442e-03   1.095274e-08   1550092
  2.967503e+00   1.135637e-05   1.118750e-03   1.105392e-08   1532628
  2.971386e+00   1.131997e-05   1.121507e-03   1.101832e-08   1527332
  2.975274e+00   1.130508e-05   1.121884e-03   1.110662e-08   1515212
  2.979160e+00   1.129165e-05   1.123567e-03   1.115265e-08   1506444
  2.983048e+00   1.125167e-05   1.122261e-03   1.118263e-08   1495116
  2.986928e+00   1.119314e-05   1.117074e-03   1.122590e-08   1479152
  2.990812e+00   1.115892e-05   1.122982e-03   1.122570e-08   1475512
  2.994707e+00   1.119552e-05   1.126591e-03   1.134278e-08   1467820
  2.998598e+00   1.112118e-05   1.121923e-03   1.132471e-08   1451256
  3.002486e+00   1.108922e-05   1.122725e-03   1.137838e-08   1443212
  3.006369e+00   1.104738e-05   1.117256e-03   1.139359e-08   1425680
  3.010254e+00   1.100616e-05   1.124371e-03   1.146016e-08   1422972
  3.014143e+00   1.103359e-05   1.123023e-03   1.156055e-08   1408632
  3.018032e+00   1.096085e-05   1.123941e-03   1.154070e-08   1400984
  3.021918e+00   1.093785e-05   1.117887e-03   1.162737e-08   1383196
  3.025801e+00   1.090165e-05   1.123197e-03   1.162386e-08   1378120
  3.029692e+00   1.090601e-05   1.124450e-03   1.177139e-08   1367272
  3.033584e+00   1.086542e-05   1.124457e-03   1.179068e-08   1356580
  3.037464e+00   1.080108e-05   1.115974e-03   1.181531e-08   1337028
  3.041343e+00   1.074904e-05   1.120802e-03   1.184285e-08   1332500
  3.045230e+00   1.075575e-05   1.122780e-03   1.190904e-08   1321796
  3.049120e+00   1.070890e-05   1.124838e-03   1.198179e-08   1312716
  3.053007e+00   1.068596e-05   1.119942e-03   1.206978e-08   1296580
  3.056896e+00   1.061277e-05   1.124221e-03   1.201595e-08   1291528
  3.060783e+00   1.059093e-05   1.119071e-03   1.213672e-08   1273128
  3.064669e+00   1.058465e-05   1.125633e-03   1.221996e-08   1268720
  3.068560e+00   1.053813e-05   1.122309e-03   1.222687e-08   1254016
  3.072444e+00   1.046695e-05   1.119894e-03   1.229527e-08   1241296
  3.076322e+00   1.044233e-05   1.116955e-03   1.230877e-08   1226712
  3.080211e+00   1.042223e-05   1.128188e-03   1.237675e-08   1226228
  3.084105e+00   1.042201e-05   1.122621e-03   1.255967e-08   1207768
  3.087992e+00   1.033121e-05   1.122433e-03   1.253349e-08   1198336
  3.091874e+00   1.032127e-05   1.117108e-03   1.263986e-08   1181484
  3.095761e+00   1.022553e-05   1.125421e-03   1.262098e-08   1178012
  3.099653e+00   1.027378e-05   1.123268e-03   1.280875e-08   1162564
  3.103535e+00   1.015747e-05   1.120338e-03   1.280721e-08   1149340
  3.107418e+00   1.011730e-05   1.119954e-03   1.280864e-08   1138848
  3.111303e+00   1.006245e-05   1.120192e-03   1.291538e-08   1126748
  3.115189e+00   1.010305e-05   1.123911e-03   1.309554e-08   1117428
  3.119084e+00   1.001592e-05   1.126323e-03   1.302908e-08   1108112
  3.122973e+00   9.926458e-06   1.119549e-03   1.307298e-08   1090596
  3.126857e+00   9.847200e-06   1.120292e-03   1.309211e-08   1081052
  3.130738e+00   9.868414e-06   1.118514e-03   1.331086e-08   1065716
  3.134626e+00   9.838990e-06   1.127732e-03   1.327994e-08   1061940
  3.138518e+00   9.764497e-06   1.121370e-03   1.343531e-08   1044096
  3.142404e+00   9.628579e-06   1.122139e-03   1.334231e-08   1034864
  3.146289e+00   9.619548e-06   1.117591e-03   1.342963e-08   1018308
  3.150179e+00   9.618269e-06   1.129200e-03   1.360552e-08   1014812
  3.154072e+00   9.512301e-06   1.121981e-03   1.365554e-08   996288
  3.157955e+00   9.411248e-06   1.120847e-03   1.361128e-08   985376
  3.161835e+00   9.371214e-06   1.115880e-03   1.373423e-08   969652
  3.165722e+00   9.322111e-06   1.125987e-03   1.373655e-08   964924
  3.169610e+00   9.286878e-06   1.121515e-03   1.391372e-08   947228
  3.173495e+00   9.124465e-06   1.123457e-03   1.377450e-08   939084
  3.177381e+00   9.048081e-06   1.116472e-03   1.373549e-08   921864
  3.181265e+00   8.978215e-06   1.123502e-03   1.381273e-08   914252
  3.185159e+00   8.989200e-06   1.126304e-03   1.402474e-08   902572
  3.189050e+00   8.841831e-06   1.123145e-03   1.392243e-08   888784
  3.192932e+00   8.682365e-06   1.116224e-03   1.375543e-08   872540
  3.196811e+00   8.602822e-06   1.120157e-03   1.380048e-08   862848
  3.200697e+00   8.606514e-06   1.124093e-03   1.403566e-08   851760
  3.204592e+00   8.450714e-06   1.127172e-03   1.385255e-08   841940
  3.208479e+00   8.318714e-06   1.117661e-03   1.382194e-08   823032
  3.212364e+00   8.203283e-06   1.123934e-03   1.376463e-08   816044
  3.216253e+00   8.111100e-06   1.120364e-03   1.379212e-08   799292
  3.220140e+00   8.001573e-06   1.126784e-03   1.377413e-08   791304
  3.224026e+00   7.836094e-06   1.117490e-03   1.356545e-08   772868
  3.227902e+00   7.670784e-06   1.119936e-03   1.341345e-08   762552
  3.231787e+00   7.583400e-06   1.121745e-03   1.332483e-08   750876
  3.235677e+00   7.438974e-06   1.123999e-03   1.325410e-08   739280
  3.239565e+00   7.252853e-06   1.121784e-03   1.295224e-08   724944
  3.243456e+00   7.056290e-06   1.124267e-03   1.270084e-08   714380
  3.247336e+00   6.888924e-06   1.116046e-03   1.240603e-08   695932
  3.251222e+00   6.714031e-06   1.126879e-03   1.202161e-08   690949
  3.255114e+00   6.547576e-06   1.118914e-03   1.171055e-08   673638
  3.258999e+00   6.386551e-06   1.124434e-03   1.148786e-08   666092
  3.262883e+00   6.311254e-06   1.117312e-03   1.144126e-08   651024
  3.266766e+00   6.163663e-06   1.124054e-03   1.112843e-08   644804
  3.270656e+00   6.056761e-06   1.121035e-03   1.098936e-08   632676
  3.274546e+00   5.925362e-06   1.125434e-03   1.085856e-08   624962
  3.278430e+00   5.795546e-06   1.118496e-03   1.046910e-08   611280
  3.282321e+00   5.723043e-06   1.127391e-03   1.044458e-08   607256
  3.286211e+00   5.633903e-06   1.118374e-03   1.038776e-08   592616
  3.290095e+00   5.532601e-06   1.124430e-03   1.023379e-08   587160
  3.293983e+00   5.415283e-06   1.120749e-03   1.002641e-08   575482
  3.297866e+00   5.325586e-06   1.122505e-03   9.972237e-09   568258
  3.301757e+00   5.254579e-06   1.122731e-03   9.798605e-09   559638
  3.305647e+00   5.161258e-06   1.123210e-03   9.727621e-09   551498
  3.309536e+00   5.089375e-06   1.121790e-03   9.522541e-09   542364
  3.313423e+00   4.967587e-06   1.122328e-03   9.413338e-09   534146
  3.317305e+00   4.921052e-06   1.119988e-03   9.337876e-09   524980
  3.321196e+00   4.807118e-06   1.125222e-03   9.157821e-09   519964
  3.325077e+00   4.722379e-06   1.115886e-03   9.000790e-09   507108
  3.328962e+00   4.649755e-06   1.126905e-03   8.823557e-09   504992
  3.332852e+00   4.590212e-06   1.118656e-03   8.803686e-09   492948
  3.336740e+00   4.511731e-06   1.127360e-03   8.657698e-09   489740
  3.340629e+00   4.439579e-06   1.117346e-03   8.628993e-09   477716
  3.344511e+00   4.348601e-06   1.124864e-03   8.447187e-09   473844
  3.348399e+00   4.312373e-06   1.119228e-03   8.324569e-09   464222
  3.352284e+00   4.196463e-06   1.123815e-03   8.186222e-09   459048
  3.356167e+00   4.191289e-06   1.117888e-03   8.179809e-09   449574
  3.360054e+00   4.079745e-06   1.125019e-03   8.027726e-09   445820
  3.363936e+00   4.045966e-06   1.116211e-03   8.077024e-09   435158
  3.367827e+00   3.982361e-06   1.127850e-03   7.951306e-09   433566
  3.371713e+00   3.911483e-06   1.114763e-03   7.827119e-09   421014
  3.375597e+00   3.846596e-06   1.127754e-03   7.717673e-09   419996
  3.379490e+00   3.798454e-06   1.118287e-03   7.589342e-09   409482
  3.383368e+00   3.695977e-06   1.121665e-03   7.435910e-09   404414
  3.387257e+00   3.692337e-06   1.122567e-03   7.444375e-09   398518
  3.391148e+00   3.587055e-06   1.123750e-03   7.260979e-09   392302
  3.395033e+00   3.577134e-06   1.121765e-03   7.309424e-09   385318
  3.398930e+00   3.493023e-06   1.127631e-03   7.168406e-09   381718
  3.402811e+00   3.436346e-06   1.114511e-03   7.117940e-09   370674
  3.406696e+00   3.409615e-06   1.128673e-03   7.124002e-09   370166
  3.410587e+00   3.377256e-06   1.117032e-03   7.019912e-09   359838
  3.414471e+00   3.296896e-06   1.126612e-03   6.865992e-09   357488
  3.418356e+00   3.277648e-06   1.115416e-03   6.937476e-09   348174
  3.422239e+00   3.194069e-06   1.126138e-03   6.744964e-09   346010
  3.426123e+00   3.176677e-06   1.115666e-03   6.772832e-09   336966
  3.430017e+00   3.105357e-06   1.131496e-03   6.572735e-09   336488
  3.433906e+00   3.080389e-06   1.113178e-03   6.626881e-09   325206
  3.437790e+00   3.023160e-06   1.128394e-03   6.491189e-09   324614
  3.441675e+00   2.976393e-06   1.113950e-03   6.452234e-09   314792
  3.445561e+00   2.921611e-06   1.129033e-03   6.339530e-09   314082
  3.449445e+00   2.881354e-06   1.112843e-03   6.385439e-09   303918
  3.453329e+00   2.861671e-06   1.130230e-03   6.277462e-09   303872
  3.457223e+00   2.821358e-06   1.118237e-03   6.214563e-09   295070
  3.461110e+00   2.763554e-06   1.127117e-03   6.092189e-09   292776
  3.464999e+00   2.734373e-06   1.118155e-03   6.077361e-09   285198
  3.468882e+00   2.679466e-06   1.124173e-03   6.020369e-09   282068
  3.472770e+00   2.650883e-06   1.120642e-03   5.968281e-09   276094
  3.476654e+00   2.597627e-06   1.121770e-03   5.909172e-09   271936
  3.480537e+00   2.568101e-06   1.119604e-03   5.855869e-09   266352
  3.484425e+00   2.541831e-06   1.124273e-03   5.755837e-09   263198
  3.488309e+00   2.523106e-06   1.117087e-03   5.860916e-09   256540
  3.492199e+00   2.480342e-06   1.128018e-03   5.714726e-09   254758
  3.496085e+00   2.438071e-06   1.114575e-03   5.699080e-09   246888
  3.499973e+00   2.410491e-06   1.129431e-03   5.642853e-09   245984
  3.503859e+00   2.368524e-06   1.113747e-03   5.577878e-09   237838
  3.507743e+00   2.327799e-06   1.128624e-03   5.517011e-09   236932
  3.511628e+00   2.309528e-06   1.114686e-03   5.467520e-09   229296
  3.515519e+00   2.269105e-06   1.132107e-03   5.456841e-09   228968
  3.519410e+00   2.253994e-06   1.115334e-03   5.443014e-09   220862
  3.523299e+00   2.210040e-06   1.132320e-03   5.379098e-09   220440
  3.527188e+00   2.200490e-06   1.113877e-03   5.369211e-09   212400
  3.531075e+00   2.147289e-06   1.132596e-03   5.233433e-09   212228
  3.534965e+00   2.142530e-06   1.113928e-03   5.305909e-09   204518
  3.538852e+00   2.097810e-06   1.130227e-03   5.259779e-09   203928
  3.542735e+00   2.078407e-06   1.110921e-03   5.220151e-09   196280
  3.546619e+00   2.031474e-06   1.130361e-03   5.070657e-09   196272
  3.550503e+00   2.036988e-06   1.110008e-03   5.200118e-09   188572
  3.554385e+00   1.985776e-06   1.129045e-03   5.063538e-09   188440
  3.558272e+00   1.978780e-06   1.112527e-03   5.153032e-09   181574
  3.562156e+00   1.943219e-06   1.129325e-03   4.995236e-09   180912
  3.566042e+00   1.940111e-06   1.112617e-03   5.094694e-09   174304
  3.569927e+00   1.891625e-06   1.129933e-03   4.976454e-09   173620
  3.573814e+00   1.905824e-06   1.114477e-03   5.060608e-09   167424
  3.577707e+00   1.851408e-06   1.132693e-03   4.922178e-09   166952
  3.581590e+00   1.847674e-06   1.109406e-03   5.011177e-09   159744
  3.585479e+00   1.815274e-06   1.134885e-03   4.901350e-09   160424
  3.589363e+00   1.816117e-06   1.107308e-03   4.986782e-09   152748
  3.593250e+00   1.775066e-06   1.136784e-03   4.898315e-09   153920
  3.597136e+00   1.762406e-06   1.105473e-03   4.896994e-09   146016
  3.601018e+00   1.732909e-06   1.136208e-03   4.832558e-09   147176
  3.604907e+00   1.727669e-06   1.107710e-03   4.918031e-09   139992
  3.608791e+00   1.709802e-06   1.135264e-03   4.858688e-09   140588
  3.612682e+00   1.705319e-06   1.111007e-03   4.961845e-09   134184
  3.616571e+00   1.659321e-06   1.134121e-03   4.781019e-09   134192
  3.620457e+00   1.662789e-06   1.110077e-03   4.932583e-09   127992
  3.624344e+00   1.641867e-06   1.133946e-03   4.820107e-09   128132
  3.628235e+00   1.627521e-06   1.112933e-03   4.937241e-09   122384
  3.632120e+00   1.597829e-06   1.130787e-03   4.775001e-09   121896
  3.636006e+00   1.597714e-06   1.111987e-03   4.920067e-09   116592
  3.639888e+00   1.580367e-06   1.130031e-03   4.848870e-09   116072
  3.643776e+00   1.572482e-06   1.113281e-03   4.962290e-09   111196
  3.647666e+00   1.538757e-06   1.133982e-03   4.808470e-09   110824
  3.651553e+00   1.551310e-06   1.109351e-03   5.016595e-09   105456
  3.655445e+00   1.519006e-06   1.137911e-03   4.856634e-09   105746
  3.659331e+00   1.517605e-06   1.104570e-03   4.957656e-09   99816
  3.663217e+00   1.502583e-06   1.137630e-03   4.908587e-09   100460
  3.667098e+00   1.489662e-06   1.103186e-03   5.004607e-09   94616
  3.670986e+00   1.486877e-06   1.138482e-03   4.959497e-09   95448
  3.674871e+00   1.473559e-06   1.104767e-03   5.053027e-09   89784
  3.678762e+00   1.445419e-06   1.138753e-03   4.960981e-09   90536
  3.682640e+00   1.464618e-06   1.098833e-03   5.153354e-09   84566
  3.686528e+00   1.434873e-06   1.143171e-03   5.059397e-09   86088
  3.690411e+00   1.430600e-06   1.094501e-03   5.203984e-09   79680
  3.694290e+00   1.423189e-06   1.143460e-03   5.099855e-09   81368
  3.698177e+00   1.426392e-06   1.096007e-03   5.322444e-09   75356
  3.702056e+00   1.394141e-06   1.143156e-03   5.108521e-09   76704
  3.705948e+00   1.406927e-06   1.100016e-03   5.370534e-09   71322
  3.709834e+00   1.378200e-06   1.143672e-03   5.168306e-09   72248
  3.713724e+00   1.395880e-06   1.099908e-03   5.484115e-09   67160
  3.717610e+00   1.371228e-06   1.141543e-03   5.338355e-09   67836
  3.721489e+00   1.360289e-06   1.096984e-03   5.476863e-09   62976
  3.725379e+00   1.354373e-06   1.144398e-03   5.390591e-09   63914
  3.729253e+00   1.352701e-06   1.092761e-03   5.647514e-09   58832
  3.733144e+00   1.343812e-06   1.147084e-03   5.551719e-09   60108
  3.737017e+00   1.353484e-06   1.090205e-03   5.753176e-09   54920
  3.740928e+00   1.344827e-06   1.160099e-03   5.674259e-09   56970
  3.744809e+00   1.357366e-06   1.078913e-03   6.069353e-09   50760
  3.748701e+00   1.325685e-06   1.161348e-03   5.817522e-09   53312
  3.752584e+00   1.339271e-06   1.074836e-03   6.206200e-09   47164
  3.756472e+00   1.322404e-06   1.163802e-03   5.991412e-09   49810
  3.760356e+00   1.333867e-06   1.069365e-03   6.404753e-09   43680
  3.764234e+00   1.321999e-06   1.164818e-03   6.257234e-09   46328
  3.768129e+00   1.308136e-06   1.073902e-03   6.537502e-09   40694
  3.772013e+00   1.315559e-06   1.167140e-03   6.253738e-09   42984
  3.775913e+00   1.308895e-06   1.073587e-03   6.859364e-09   37656
  3.779787e+00   1.318614e-06   1.164236e-03   6.660277e-09   39578
  3.783688e+00   1.312190e-06   1.077878e-03   6.947717e-09   34920
  3.787564e+00   1.307435e-06   1.160065e-03   6.840334e-09   36308
  3.791451e+00   1.326045e-06   1.076316e-03   7.397674e-09   32136
  3.795334e+00   1.312038e-06   1.159401e-03   7.141667e-09   33362
  3.799207e+00   1.327406e-06   1.069739e-03   7.799885e-09   29336
  3.803104e+00   1.301516e-06   1.167435e-03   7.380746e-09   30804
  3.806966e+00   1.314273e-06   1.055228e-03   8.128727e-09   26490
  3.810870e+00   1.285103e-06   1.176653e-03   7.604809e-09   28376
  3.814719e+00   1.305962e-06   1.039734e-03   8.649691e-09   23784
  3.818636e+00   1.319368e-06   1.189627e-03   8.048087e-09   26150
  3.822479e+00   1.321726e-06   1.021588e-03   9.007407e-09   21192
  3.826407e+00   1.316323e-06   1.204804e-03   8.399847e-09   24050
  3.830252e+00   1.309462e-06   1.002280e-03   9.682557e-09   18768
  3.834191e+00   1.317926e-06   1.221518e-03   8.854330e-09   22052
  3.838029e+00   1.327663e-06   9.660660e-04   1.041202e-08   16346
  3.841962e+00   1.318765e-06   1.236558e-03   9.483407e-09   20136
  3.845802e+00   1.342040e-06   9.274195e-04   1.125690e-08   14160
  3.849721e+00   1.331757e-06   1.247069e-03   9.957714e-09   18218
  3.853565e+00   1.333701e-06   8.859468e-04   1.201838e-08   12204
  3.857470e+00   1.336142e-06   1.256334e-03   1.055263e-08   16346
  3.861333e+00   1.381073e-06   8.562781e-04   1.341994e-08   10536
  3.865221e+00   1.326525e-06   1.261091e-03   1.100750e-08   14456
  3.869081e+00   1.368039e-06   8.165112e-04   1.469735e-08   8990
  3.872967e+00   1.367087e-06   1.270385e-03   1.208799e-08   12744
  3.876815e+00   1.341119e-06   7.482517e-04   1.537704e-08   7506
  3.880703e+00   1.391613e-06   1.282849e-03   1.365098e-08   11192
  3.884545e+00   1.371364e-06   6.569471e-04   1.765129e-08   6156
  3.888432e+00   1.370055e-06   1.294599e-03   1.408324e-08   9722
  3.892281e+00   1.400571e-06   5.567157e-04   1.971855e-08   4992
  3.896158e+00   1.403294e-06   1.304505e-03   1.547919e-08   8306
  3.900025e+00   1.391385e-06   4.384033e-04   2.240673e-08   3996
  3.903878e+00   1.439564e-06   1.309274e-03   1.740906e-08   6938
  3.907766e+00   1.525257e-06   3.047624e-04   2.720723e-08   3168
  3.911584e+00   1.435485e-06   1.304853e-03   1.885003e-08   5624
  3.915485e+00   1.389943e-06   2.103226e-04   2.668150e-08   2502
  3.919286e+00   1.421564e-06   1.297747e-03   2.269822e-08   4424
  3.923208e+00   1.533322e-06   2.230451e-04   3.400021e-08   1946
  3.926998e+00   1.438582e-06   1.292790e-03   2.582889e-08   3360
  3.930918e+00   1.553653e-06   1.221617e-04   3.898330e-08   1446
  3.934708e+00   1.445655e-06   1.290208e-03   2.930240e-08   2456
  3.938666e+00   1.520306e-06   2.340394e-04   4.425014e-08   1034
  3.942432e+00   1.551790e-06   1.288305e-03   3.853077e-08   1680
  3.946383e+00   1.370934e-06   5.837572e-05   5.003515e-08   678
  3.950143e+00   1.597072e-06   1.286681e-03   5.308144e-08   1064
  3.954177e+00   1.577744e-06   3.540138e-04   8.116348e-08   410
  3.957868e+00   1.428511e-06   1.284749e-03   5.822047e-08   576
  3.961879e+00   1.412313e-06   1.855368e-05   9.360919e-08   198
  3.965528e+00   1.473650e-06   1.272780e-03   9.018787e-08   248
  3.969917e+00   1.545704e-06   8.019490e-04   1.800121e-07   74
  3.973198e+00   1.261087e-06   1.252635e-03   1.680816e-07   48
  3.977405e+00   3.780570e-06   5.034095e-08   7.161467e-07   6
