# power spectrum of delta_kessence
# redshift z=-0.007172
# k              Pk             sigma(k)       sigma(Pk)      count
  5.727314e-03   3.182003e-08   8.763345e-04   6.158684e-09   18
  1.001182e-02   5.290751e-07   1.059922e-03   8.232783e-08   62
  1.393445e-02   1.250724e-06   7.332271e-04   1.613663e-07   90
  1.764809e-02   2.976412e-06   1.157232e-03   2.044351e-07   170
  2.151286e-02   4.786746e-06   1.202795e-03   2.799986e-07   246
  2.528669e-02   6.978101e-06   1.146703e-03   3.862475e-07   338
  2.901099e-02   1.094377e-05   9.857564e-04   5.484627e-07   432
  3.284683e-02   1.421129e-05   1.010047e-03   6.260148e-07   578
  3.688195e-02   1.703620e-05   1.177086e-03   6.208082e-07   786
  4.101464e-02   2.035056e-05   1.190994e-03   6.612993e-07   974
  4.488954e-02   2.443445e-05   1.031402e-03   7.768840e-07   1002
  4.870958e-02   3.083897e-05   1.179303e-03   8.243328e-07   1334
  5.263577e-02   3.391015e-05   1.134676e-03   9.253273e-07   1458
  5.631027e-02   4.085719e-05   1.072446e-03   1.002412e-06   1604
  6.010158e-02   4.665587e-05   1.088865e-03   1.113252e-06   1974
  6.404851e-02   5.425747e-05   1.067989e-03   1.156581e-06   2234
  6.795611e-02   6.244480e-05   1.092954e-03   1.275358e-06   2490
  7.198483e-02   6.960004e-05   1.200217e-03   1.308067e-06   3014
  7.595394e-02   7.721188e-05   1.093611e-03   1.405356e-06   3018
  7.977896e-02   8.297930e-05   1.131598e-03   1.445677e-06   3446
  8.359600e-02   8.668095e-05   1.085617e-03   1.466272e-06   3626
  8.742004e-02   9.037243e-05   1.125556e-03   1.423630e-06   4164
  9.130612e-02   9.915479e-05   1.090740e-03   1.517069e-06   4470
  9.521636e-02   1.010141e-04   1.115446e-03   1.482719e-06   4970
  9.915211e-02   1.094581e-04   1.127844e-03   1.476536e-06   5366
  1.030785e-01   1.106568e-04   1.144516e-03   1.427525e-06   5778
  1.069619e-01   1.211671e-04   1.149148e-03   1.528694e-06   6162
  1.108671e-01   1.276688e-04   1.158272e-03   1.614341e-06   6734
  1.146806e-01   1.321693e-04   1.074898e-03   1.599289e-06   6756
  1.184510e-01   1.436304e-04   1.088568e-03   1.609846e-06   7502
  1.223464e-01   1.532874e-04   1.105366e-03   1.715095e-06   8154
  1.262469e-01   1.583421e-04   1.103283e-03   1.709751e-06   8618
  1.301909e-01   1.700136e-04   1.146655e-03   1.769418e-06   9390
  1.341197e-01   1.799956e-04   1.126004e-03   1.824096e-06   9722
  1.380051e-01   1.793655e-04   1.126950e-03   1.770292e-06   10242
  1.419007e-01   1.843091e-04   1.149257e-03   1.748367e-06   11006
  1.457777e-01   1.929174e-04   1.106962e-03   1.828976e-06   11348
  1.496576e-01   1.931428e-04   1.105725e-03   1.732704e-06   12150
  1.535164e-01   1.941873e-04   1.078348e-03   1.766557e-06   12498
  1.574072e-01   2.003612e-04   1.129889e-03   1.693623e-06   13586
  1.613096e-01   2.031141e-04   1.132072e-03   1.730779e-06   14006
  1.652381e-01   2.099245e-04   1.166232e-03   1.674842e-06   15162
  1.691226e-01   2.129664e-04   1.101754e-03   1.748946e-06   14990
  1.729750e-01   2.177120e-04   1.143142e-03   1.696636e-06   16380
  1.768610e-01   2.284793e-04   1.105581e-03   1.778596e-06   16666
  1.807168e-01   2.355557e-04   1.110348e-03   1.780634e-06   17638
  1.845996e-01   2.443973e-04   1.100521e-03   1.815838e-06   18354
  1.884710e-01   2.482226e-04   1.102640e-03   1.840405e-06   19034
  1.923685e-01   2.593649e-04   1.144302e-03   1.788963e-06   20270
  1.963174e-01   2.675074e-04   1.155956e-03   1.820855e-06   21258
  2.002141e-01   2.694940e-04   1.111898e-03   1.829451e-06   21350
  2.040863e-01   2.698541e-04   1.123159e-03   1.810128e-06   22644
  2.079681e-01   2.759618e-04   1.101476e-03   1.819629e-06   23114
  2.118390e-01   2.778240e-04   1.118265e-03   1.809479e-06   24342
  2.157382e-01   2.759740e-04   1.117694e-03   1.750531e-06   25194
  2.196235e-01   2.793933e-04   1.116195e-03   1.757300e-06   25982
  2.234724e-01   2.862627e-04   1.109599e-03   1.758427e-06   26506
  2.273806e-01   2.900910e-04   1.167806e-03   1.716162e-06   28738
  2.312750e-01   2.923567e-04   1.110542e-03   1.744269e-06   28296
  2.351662e-01   2.909115e-04   1.143823e-03   1.655639e-06   30554
  2.390501e-01   2.923310e-04   1.084103e-03   1.695107e-06   30094
  2.428824e-01   3.044667e-04   1.109820e-03   1.716438e-06   31738
  2.467836e-01   3.044360e-04   1.134747e-03   1.676567e-06   33306
  2.506613e-01   3.128599e-04   1.104153e-03   1.687883e-06   33422
  2.545365e-01   3.183486e-04   1.131527e-03   1.698222e-06   35298
  2.584714e-01   3.192793e-04   1.143069e-03   1.672507e-06   36650
  2.623670e-01   3.206493e-04   1.115532e-03   1.658627e-06   36888
  2.662651e-01   3.237043e-04   1.131896e-03   1.637867e-06   38834
  2.701697e-01   3.266098e-04   1.107355e-03   1.654042e-06   39246
  2.740453e-01   3.287106e-04   1.111777e-03   1.630629e-06   40466
  2.778984e-01   3.330716e-04   1.108403e-03   1.642309e-06   41106
  2.817847e-01   3.318272e-04   1.145602e-03   1.596978e-06   43598
  2.856833e-01   3.359224e-04   1.116308e-03   1.603514e-06   43650
  2.895471e-01   3.316006e-04   1.120907e-03   1.564241e-06   45272
  2.934575e-01   3.395200e-04   1.131740e-03   1.573098e-06   46994
  2.973636e-01   3.411763e-04   1.124346e-03   1.560810e-06   47850
  3.012447e-01   3.409421e-04   1.115858e-03   1.552407e-06   48846
  3.051030e-01   3.416257e-04   1.105642e-03   1.542463e-06   49706
  3.089532e-01   3.455501e-04   1.113265e-03   1.534944e-06   51198
  3.128464e-01   3.429776e-04   1.134266e-03   1.509968e-06   53402
  3.167281e-01   3.516555e-04   1.111145e-03   1.512265e-06   53634
  3.206428e-01   3.522354e-04   1.143806e-03   1.476021e-06   56888
  3.245618e-01   3.525637e-04   1.106794e-03   1.488359e-06   56474
  3.284581e-01   3.527103e-04   1.130606e-03   1.448324e-06   58962
  3.323510e-01   3.544215e-04   1.114731e-03   1.458057e-06   59214
  3.362265e-01   3.555469e-04   1.127963e-03   1.447247e-06   61250
  3.400938e-01   3.562586e-04   1.110759e-03   1.450635e-06   61694
  3.439480e-01   3.590760e-04   1.120230e-03   1.429221e-06   63618
  3.478512e-01   3.576689e-04   1.140078e-03   1.396295e-06   66284
  3.517691e-01   3.566272e-04   1.123324e-03   1.381097e-06   67014
  3.556494e-01   3.536855e-04   1.113722e-03   1.354289e-06   67930
  3.595371e-01   3.594436e-04   1.127426e-03   1.353392e-06   70294
  3.634200e-01   3.611495e-04   1.114424e-03   1.366955e-06   70658
  3.672742e-01   3.553766e-04   1.121955e-03   1.330341e-06   72522
  3.711539e-01   3.590931e-04   1.125103e-03   1.334099e-06   74550
  3.750359e-01   3.606715e-04   1.112832e-03   1.318756e-06   75674
  3.789191e-01   3.581494e-04   1.116846e-03   1.274004e-06   77708
  3.828461e-01   3.622200e-04   1.136191e-03   1.261501e-06   80622
  3.867545e-01   3.599359e-04   1.112810e-03   1.267273e-06   80330
  3.906423e-01   3.609909e-04   1.128269e-03   1.248968e-06   82974
  3.945313e-01   3.589494e-04   1.118618e-03   1.240699e-06   83666
  3.984084e-01   3.626698e-04   1.126394e-03   1.242896e-06   85746
  4.022765e-01   3.599117e-04   1.118427e-03   1.230938e-06   86702
  4.061542e-01   3.593680e-04   1.126154e-03   1.194917e-06   89556
  4.100569e-01   3.605546e-04   1.118519e-03   1.198237e-06   91038
  4.139484e-01   3.611948e-04   1.117921e-03   1.185572e-06   92522
  4.178268e-01   3.578609e-04   1.119569e-03   1.163840e-06   94034
  4.217415e-01   3.588183e-04   1.145339e-03   1.155052e-06   97758
  4.256173e-01   3.589240e-04   1.103600e-03   1.155485e-06   95770
  4.294627e-01   3.581354e-04   1.123790e-03   1.135821e-06   99646
  4.333400e-01   3.605393e-04   1.115333e-03   1.135344e-06   100980
  4.372362e-01   3.570963e-04   1.127284e-03   1.107824e-06   104258
  4.411386e-01   3.580194e-04   1.114910e-03   1.111733e-06   104998
  4.450377e-01   3.573359e-04   1.124073e-03   1.086241e-06   107866
  4.489311e-01   3.580068e-04   1.113184e-03   1.092370e-06   108154
  4.528161e-01   3.577260e-04   1.135370e-03   1.071374e-06   111622
  4.567076e-01   3.563916e-04   1.122976e-03   1.063237e-06   112146
  4.605727e-01   3.526995e-04   1.119518e-03   1.049801e-06   114014
  4.644440e-01   3.540268e-04   1.115906e-03   1.046907e-06   116220
  4.683319e-01   3.520166e-04   1.119789e-03   1.022385e-06   118682
  4.722291e-01   3.542832e-04   1.126606e-03   1.025734e-06   121118
  4.761348e-01   3.525046e-04   1.124808e-03   1.001852e-06   122994
  4.800157e-01   3.516545e-04   1.114862e-03   1.003837e-06   123574
  4.838959e-01   3.535905e-04   1.131276e-03   9.930572e-07   126922
  4.877763e-01   3.500881e-04   1.124735e-03   9.794859e-07   127906
  4.916481e-01   3.487594e-04   1.121767e-03   9.575167e-07   130432
  4.955333e-01   3.483286e-04   1.114812e-03   9.611136e-07   132642
  4.994186e-01   3.477115e-04   1.110800e-03   9.519086e-07   134534
  5.033164e-01   3.448896e-04   1.124671e-03   9.332674e-07   137778
  5.072392e-01   3.435336e-04   1.135312e-03   9.194074e-07   140786
  5.111285e-01   3.469034e-04   1.110620e-03   9.297968e-07   139590
  5.149976e-01   3.439822e-04   1.125619e-03   9.100555e-07   143546
  5.188865e-01   3.442379e-04   1.125142e-03   9.032418e-07   145338
  5.227635e-01   3.418454e-04   1.120484e-03   8.857777e-07   147272
  5.266520e-01   3.404868e-04   1.122335e-03   8.791097e-07   150330
  5.305485e-01   3.427547e-04   1.118234e-03   8.783753e-07   152318
  5.344262e-01   3.408149e-04   1.111066e-03   8.646201e-07   153202
  5.383243e-01   3.362833e-04   1.138693e-03   8.423403e-07   158626
  5.422165e-01   3.385957e-04   1.116855e-03   8.516589e-07   157350
  5.460935e-01   3.352574e-04   1.131200e-03   8.294706e-07   161906
  5.499589e-01   3.356108e-04   1.105071e-03   8.355801e-07   160872
  5.538418e-01   3.364013e-04   1.133375e-03   8.188726e-07   167858
  5.577463e-01   3.337407e-04   1.114977e-03   8.210461e-07   167514
  5.616201e-01   3.315299e-04   1.113803e-03   8.059966e-07   169862
  5.655108e-01   3.304561e-04   1.124453e-03   7.948793e-07   173602
  5.694083e-01   3.287622e-04   1.123533e-03   7.890862e-07   175258
  5.732959e-01   3.293864e-04   1.127164e-03   7.823707e-07   177654
  5.771897e-01   3.261556e-04   1.130949e-03   7.684144e-07   180698
  5.810773e-01   3.282514e-04   1.119005e-03   7.696906e-07   181968
  5.849616e-01   3.263869e-04   1.118541e-03   7.583847e-07   184850
  5.888448e-01   3.257430e-04   1.119144e-03   7.562559e-07   187034
  5.927421e-01   3.237891e-04   1.129966e-03   7.353400e-07   191238
  5.966308e-01   3.222164e-04   1.116348e-03   7.393729e-07   191042
  6.005065e-01   3.210133e-04   1.126286e-03   7.268934e-07   195102
  6.043812e-01   3.212436e-04   1.117515e-03   7.241914e-07   195786
  6.082630e-01   3.190433e-04   1.131649e-03   7.127741e-07   201164
  6.121481e-01   3.181277e-04   1.112645e-03   7.119921e-07   201070
  6.160242e-01   3.191037e-04   1.118305e-03   7.045632e-07   205234
  6.199111e-01   3.172971e-04   1.116352e-03   6.963886e-07   207342
  6.237987e-01   3.143926e-04   1.121735e-03   6.865642e-07   210602
  6.276909e-01   3.121062e-04   1.124203e-03   6.760283e-07   213130
  6.315953e-01   3.126925e-04   1.133190e-03   6.692251e-07   217318
  6.354807e-01   3.107558e-04   1.113546e-03   6.684840e-07   216306
  6.393491e-01   3.109160e-04   1.119403e-03   6.626006e-07   220652
  6.432430e-01   3.099035e-04   1.124854e-03   6.539455e-07   224502
  6.471454e-01   3.077090e-04   1.125081e-03   6.483781e-07   227186
  6.510345e-01   3.074283e-04   1.118193e-03   6.464625e-07   228398
  6.549165e-01   3.056691e-04   1.122259e-03   6.365856e-07   231642
  6.587972e-01   3.043455e-04   1.122763e-03   6.293016e-07   233946
  6.626908e-01   3.018792e-04   1.132956e-03   6.184527e-07   238694
  6.665707e-01   3.019029e-04   1.114640e-03   6.229829e-07   238068
  6.704525e-01   3.011859e-04   1.124042e-03   6.088432e-07   244190
  6.743498e-01   2.990156e-04   1.116752e-03   6.049992e-07   245362
  6.782313e-01   2.988362e-04   1.120102e-03   6.013661e-07   248362
  6.821206e-01   2.980421e-04   1.124509e-03   5.973199e-07   251966
  6.860099e-01   2.973534e-04   1.120649e-03   5.896677e-07   254034
  6.898855e-01   2.966832e-04   1.117172e-03   5.897847e-07   255818
  6.937781e-01   2.943793e-04   1.132899e-03   5.778679e-07   262254
  6.976722e-01   2.924846e-04   1.116974e-03   5.716486e-07   261980
  7.015718e-01   2.910793e-04   1.129534e-03   5.627430e-07   268566
  7.054538e-01   2.903120e-04   1.104857e-03   5.630428e-07   265538
  7.093286e-01   2.895835e-04   1.128000e-03   5.563402e-07   273330
  7.132165e-01   2.880733e-04   1.121481e-03   5.529944e-07   273718
  7.171069e-01   2.870947e-04   1.132652e-03   5.434834e-07   279658
  7.209986e-01   2.856503e-04   1.120025e-03   5.406263e-07   279670
  7.248700e-01   2.851166e-04   1.119062e-03   5.375419e-07   282964
  7.287608e-01   2.844207e-04   1.126489e-03   5.297379e-07   288362
  7.326540e-01   2.822366e-04   1.118613e-03   5.253782e-07   289686
  7.365333e-01   2.820056e-04   1.116235e-03   5.230313e-07   292234
  7.404015e-01   2.792741e-04   1.112765e-03   5.169196e-07   294190
  7.442845e-01   2.792284e-04   1.127923e-03   5.096057e-07   300642
  7.481851e-01   2.769019e-04   1.128116e-03   5.036009e-07   303386
  7.520700e-01   2.767602e-04   1.119257e-03   5.023093e-07   304662
  7.559583e-01   2.764031e-04   1.122290e-03   4.978875e-07   309812
  7.598513e-01   2.748574e-04   1.117608e-03   4.939755e-07   311714
  7.637547e-01   2.735101e-04   1.130270e-03   4.868828e-07   318126
  7.676398e-01   2.727081e-04   1.111035e-03   4.879416e-07   315114
  7.715118e-01   2.715375e-04   1.127143e-03   4.773859e-07   322622
  7.753932e-01   2.690287e-04   1.117154e-03   4.724843e-07   322850
  7.792787e-01   2.684080e-04   1.131101e-03   4.693624e-07   329802
  7.831716e-01   2.675113e-04   1.123851e-03   4.648968e-07   331104
  7.870696e-01   2.662481e-04   1.127607e-03   4.608211e-07   336986
  7.909587e-01   2.653320e-04   1.111055e-03   4.576338e-07   335870
  7.948355e-01   2.634969e-04   1.120862e-03   4.511239e-07   341610
  7.987215e-01   2.641001e-04   1.121955e-03   4.499060e-07   344370
  8.026031e-01   2.611950e-04   1.122207e-03   4.448613e-07   347606
  8.064886e-01   2.609642e-04   1.124033e-03   4.406413e-07   351650
  8.103706e-01   2.599769e-04   1.118654e-03   4.371324e-07   353760
  8.142669e-01   2.581874e-04   1.129493e-03   4.316391e-07   360970
  8.181738e-01   2.578235e-04   1.123124e-03   4.299575e-07   362818
  8.220521e-01   2.558783e-04   1.110144e-03   4.254077e-07   362334
  8.259414e-01   2.550131e-04   1.129348e-03   4.199720e-07   371642
  8.298275e-01   2.531392e-04   1.114584e-03   4.181032e-07   368778
  8.337006e-01   2.514166e-04   1.128744e-03   4.116512e-07   376526
  8.375857e-01   2.516174e-04   1.121330e-03   4.110918e-07   377786
  8.414675e-01   2.498923e-04   1.123524e-03   4.052931e-07   382968
  8.453573e-01   2.482822e-04   1.120822e-03   4.014285e-07   386146
  8.492503e-01   2.481233e-04   1.124050e-03   3.973192e-07   390826
  8.531392e-01   2.471417e-04   1.119718e-03   3.961665e-07   392662
  8.570302e-01   2.456744e-04   1.125822e-03   3.917307e-07   398242
  8.609051e-01   2.445472e-04   1.111972e-03   3.891968e-07   396726
  8.647781e-01   2.430348e-04   1.124714e-03   3.818718e-07   404738
  8.686664e-01   2.423887e-04   1.122897e-03   3.805055e-07   407628
  8.725545e-01   2.411582e-04   1.121536e-03   3.760038e-07   411734
  8.764395e-01   2.404029e-04   1.117149e-03   3.741539e-07   414242
  8.803359e-01   2.388379e-04   1.126317e-03   3.691428e-07   421434
  8.842333e-01   2.371698e-04   1.120273e-03   3.667353e-07   421918
  8.881244e-01   2.365904e-04   1.128330e-03   3.624258e-07   427810
  8.920157e-01   2.346627e-04   1.123036e-03   3.593404e-07   429470
  8.958948e-01   2.349168e-04   1.119658e-03   3.579200e-07   432282
  8.997746e-01   2.336905e-04   1.122449e-03   3.541901e-07   437260
  9.036583e-01   2.327483e-04   1.120747e-03   3.532006e-07   440758
  9.075489e-01   2.314618e-04   1.124778e-03   3.472237e-07   446370
  9.114474e-01   2.301676e-04   1.123943e-03   3.452616e-07   450182
  9.153288e-01   2.290881e-04   1.115142e-03   3.416683e-07   449850
  9.192089e-01   2.280784e-04   1.127357e-03   3.382734e-07   457898
  9.230929e-01   2.257569e-04   1.119604e-03   3.336533e-07   458662
  9.269737e-01   2.251551e-04   1.121722e-03   3.314267e-07   464620
  9.308545e-01   2.244582e-04   1.114316e-03   3.301488e-07   466302
  9.347441e-01   2.231444e-04   1.124571e-03   3.245318e-07   474314
  9.386369e-01   2.222418e-04   1.120021e-03   3.235564e-07   475530
  9.425348e-01   2.211956e-04   1.129051e-03   3.182654e-07   483206
  9.464328e-01   2.210654e-04   1.121669e-03   3.182416e-07   483530
  9.503142e-01   2.194452e-04   1.121047e-03   3.155165e-07   487002
  9.541966e-01   2.181916e-04   1.124058e-03   3.115594e-07   491774
  9.580774e-01   2.172912e-04   1.120518e-03   3.097710e-07   495084
  9.619601e-01   2.160400e-04   1.119352e-03   3.069897e-07   499438
  9.658473e-01   2.146930e-04   1.122356e-03   3.029228e-07   504682
  9.697357e-01   2.137270e-04   1.121500e-03   3.018239e-07   507738
  9.736321e-01   2.119159e-04   1.130456e-03   2.956072e-07   515174
  9.775214e-01   2.115421e-04   1.119580e-03   2.957569e-07   514234
  9.813957e-01   2.107362e-04   1.119450e-03   2.939669e-07   519022
  9.852705e-01   2.095876e-04   1.117281e-03   2.914405e-07   522636
  9.891535e-01   2.085441e-04   1.121739e-03   2.874259e-07   529442
  9.930474e-01   2.067574e-04   1.122647e-03   2.839324e-07   534078
  9.969375e-01   2.062013e-04   1.118397e-03   2.821502e-07   536666
  1.000817e+00   2.048958e-04   1.116716e-03   2.802889e-07   539142
  1.004715e+00   2.045098e-04   1.134178e-03   2.771191e-07   550658
  1.008615e+00   2.029198e-04   1.121935e-03   2.742452e-07   548298
  1.012495e+00   2.023601e-04   1.123048e-03   2.731589e-07   553694
  1.016374e+00   2.004608e-04   1.116375e-03   2.705411e-07   556116
  1.020264e+00   2.006462e-04   1.125051e-03   2.679495e-07   564890
  1.024148e+00   1.988420e-04   1.116141e-03   2.652806e-07   563718
  1.028036e+00   1.972626e-04   1.128568e-03   2.603082e-07   574298
  1.031929e+00   1.977725e-04   1.120551e-03   2.611773e-07   573966
  1.035814e+00   1.954647e-04   1.126024e-03   2.570284e-07   580586
  1.039699e+00   1.946111e-04   1.122029e-03   2.557051e-07   582666
  1.043587e+00   1.938614e-04   1.125959e-03   2.534579e-07   590648
  1.047474e+00   1.929061e-04   1.114820e-03   2.517731e-07   590394
  1.051350e+00   1.914217e-04   1.116684e-03   2.488492e-07   596174
  1.055234e+00   1.907747e-04   1.120236e-03   2.467452e-07   601674
  1.059126e+00   1.893379e-04   1.125352e-03   2.428361e-07   607682
  1.063019e+00   1.884940e-04   1.124350e-03   2.417917e-07   611166
  1.066910e+00   1.877380e-04   1.124099e-03   2.390505e-07   615626
  1.070791e+00   1.863512e-04   1.119456e-03   2.377844e-07   617290
  1.074678e+00   1.856625e-04   1.126011e-03   2.346840e-07   626344
  1.078566e+00   1.846479e-04   1.117274e-03   2.344445e-07   626658
  1.082451e+00   1.833534e-04   1.122467e-03   2.316892e-07   634022
  1.086331e+00   1.823235e-04   1.116124e-03   2.291997e-07   634554
  1.090218e+00   1.816618e-04   1.128467e-03   2.266760e-07   645026
  1.094107e+00   1.803072e-04   1.122446e-03   2.248713e-07   645102
  1.097993e+00   1.792451e-04   1.126954e-03   2.224145e-07   653018
  1.101879e+00   1.781970e-04   1.119089e-03   2.211889e-07   654384
  1.105770e+00   1.777990e-04   1.123901e-03   2.194465e-07   663194
  1.109660e+00   1.763029e-04   1.117576e-03   2.171280e-07   663834
  1.113540e+00   1.755694e-04   1.118796e-03   2.151449e-07   669158
  1.117424e+00   1.741277e-04   1.120650e-03   2.128311e-07   674490
  1.121304e+00   1.732439e-04   1.118416e-03   2.120545e-07   677222
  1.125193e+00   1.728986e-04   1.128225e-03   2.091668e-07   686874
  1.129092e+00   1.718081e-04   1.126811e-03   2.079564e-07   690722
  1.132980e+00   1.709191e-04   1.118907e-03   2.066826e-07   692008
  1.136871e+00   1.697219e-04   1.124678e-03   2.038748e-07   701386
  1.140761e+00   1.685914e-04   1.117002e-03   2.024073e-07   700778
  1.144643e+00   1.680668e-04   1.123318e-03   2.006572e-07   708774
  1.148529e+00   1.665181e-04   1.121990e-03   1.979329e-07   711690
  1.152418e+00   1.655395e-04   1.126973e-03   1.963448e-07   719606
  1.156298e+00   1.645473e-04   1.116380e-03   1.951239e-07   717762
  1.160181e+00   1.639903e-04   1.127123e-03   1.930829e-07   730460
  1.164073e+00   1.630564e-04   1.119262e-03   1.911371e-07   731070
  1.167968e+00   1.618489e-04   1.125901e-03   1.886455e-07   741170
  1.171853e+00   1.607704e-04   1.112045e-03   1.878275e-07   737094
  1.175730e+00   1.604779e-04   1.122374e-03   1.869380e-07   747698
  1.179618e+00   1.598058e-04   1.122867e-03   1.846702e-07   751658
  1.183501e+00   1.582300e-04   1.121599e-03   1.829890e-07   755574
  1.187383e+00   1.568454e-04   1.122256e-03   1.802065e-07   761442
  1.191279e+00   1.561164e-04   1.126787e-03   1.785881e-07   770816
  1.195171e+00   1.554127e-04   1.117539e-03   1.777114e-07   769274
  1.199064e+00   1.544142e-04   1.129525e-03   1.758449e-07   782130
  1.202947e+00   1.534272e-04   1.112602e-03   1.755264e-07   775230
  1.206825e+00   1.533625e-04   1.126605e-03   1.739132e-07   789866
  1.210710e+00   1.522208e-04   1.118361e-03   1.726511e-07   787914
  1.214592e+00   1.510282e-04   1.128225e-03   1.697836e-07   799598
  1.218486e+00   1.496803e-04   1.124161e-03   1.676769e-07   802980
  1.222371e+00   1.499161e-04   1.117789e-03   1.680623e-07   805622
  1.226254e+00   1.486466e-04   1.119738e-03   1.660377e-07   812050
  1.230147e+00   1.478866e-04   1.126034e-03   1.641789e-07   820954
  1.234035e+00   1.470752e-04   1.118780e-03   1.632229e-07   820062
  1.237911e+00   1.457808e-04   1.119897e-03   1.611529e-07   826298
  1.241794e+00   1.447543e-04   1.121814e-03   1.597505e-07   833118
  1.245672e+00   1.437720e-04   1.117137e-03   1.586619e-07   834812
  1.249560e+00   1.431456e-04   1.126815e-03   1.560074e-07   847858
  1.253469e+00   1.426905e-04   1.127442e-03   1.554454e-07   854278
  1.257361e+00   1.413891e-04   1.116253e-03   1.541894e-07   850978
  1.261241e+00   1.401837e-04   1.121687e-03   1.524633e-07   859186
  1.265131e+00   1.399319e-04   1.127494e-03   1.509422e-07   867126
  1.269018e+00   1.390409e-04   1.121886e-03   1.502085e-07   868274
  1.272897e+00   1.384201e-04   1.120976e-03   1.491563e-07   873606
  1.276776e+00   1.372906e-04   1.119398e-03   1.472562e-07   879284
  1.280663e+00   1.362877e-04   1.122355e-03   1.457631e-07   887170
  1.284564e+00   1.354871e-04   1.128693e-03   1.439283e-07   897526
  1.288458e+00   1.349069e-04   1.117587e-03   1.432229e-07   894258
  1.292341e+00   1.339472e-04   1.122714e-03   1.416245e-07   903374
  1.296223e+00   1.336215e-04   1.118323e-03   1.415386e-07   904338
  1.300103e+00   1.324480e-04   1.123719e-03   1.394857e-07   913586
  1.303982e+00   1.317363e-04   1.118150e-03   1.382997e-07   915416
  1.307871e+00   1.307001e-04   1.124217e-03   1.364711e-07   928122
  1.311759e+00   1.301127e-04   1.115167e-03   1.366615e-07   926094
  1.315654e+00   1.294119e-04   1.130093e-03   1.337652e-07   942890
  1.319549e+00   1.284687e-04   1.118827e-03   1.336540e-07   937266
  1.323433e+00   1.277044e-04   1.126506e-03   1.320859e-07   948854
  1.327319e+00   1.268848e-04   1.120121e-03   1.310515e-07   948714
  1.331197e+00   1.261102e-04   1.122687e-03   1.299899e-07   956186
  1.335082e+00   1.252543e-04   1.124444e-03   1.286935e-07   964272
  1.338973e+00   1.244582e-04   1.121587e-03   1.269913e-07   969458
  1.342859e+00   1.235403e-04   1.118296e-03   1.263985e-07   972750
  1.346749e+00   1.228347e-04   1.124460e-03   1.250515e-07   982706
  1.350635e+00   1.218977e-04   1.119858e-03   1.235918e-07   982906
  1.354527e+00   1.215698e-04   1.129306e-03   1.224267e-07   996622
  1.358414e+00   1.204984e-04   1.117989e-03   1.217995e-07   992378
  1.362284e+00   1.201196e-04   1.117150e-03   1.210668e-07   999000
  1.366168e+00   1.191844e-04   1.122014e-03   1.192851e-07   1010114
  1.370061e+00   1.184982e-04   1.121750e-03   1.184490e-07   1015722
  1.373948e+00   1.176825e-04   1.119290e-03   1.173188e-07   1018742
  1.377843e+00   1.168743e-04   1.127371e-03   1.159768e-07   1031250
  1.381733e+00   1.162094e-04   1.118461e-03   1.158671e-07   1027226
  1.385615e+00   1.154578e-04   1.126435e-03   1.140574e-07   1039734
  1.389500e+00   1.148021e-04   1.120654e-03   1.134089e-07   1039914
  1.393382e+00   1.138028e-04   1.123683e-03   1.117041e-07   1050272
  1.397267e+00   1.133050e-04   1.117473e-03   1.114808e-07   1052306
  1.401154e+00   1.125054e-04   1.122308e-03   1.101995e-07   1062666
  1.405045e+00   1.119715e-04   1.122401e-03   1.094701e-07   1067262
  1.408935e+00   1.112235e-04   1.123952e-03   1.083541e-07   1073906
  1.412823e+00   1.106981e-04   1.122463e-03   1.074931e-07   1078190
  1.416712e+00   1.096517e-04   1.124033e-03   1.059655e-07   1085634
  1.420592e+00   1.090926e-04   1.117456e-03   1.055769e-07   1085508
  1.424480e+00   1.083863e-04   1.126594e-03   1.042771e-07   1101926
  1.428369e+00   1.077644e-04   1.116061e-03   1.034385e-07   1098322
  1.432252e+00   1.072215e-04   1.121199e-03   1.028422e-07   1109878
  1.436144e+00   1.061387e-04   1.122554e-03   1.015609e-07   1115338
  1.440035e+00   1.057472e-04   1.125793e-03   1.007193e-07   1122586
  1.443924e+00   1.047783e-04   1.123292e-03   9.986992e-08   1125862
  1.447810e+00   1.043857e-04   1.122976e-03   9.890143e-08   1132498
  1.451691e+00   1.035457e-04   1.119415e-03   9.812648e-08   1135444
  1.455573e+00   1.030845e-04   1.122581e-03   9.710772e-08   1145374
  1.459464e+00   1.021985e-04   1.123383e-03   9.607200e-08   1152698
  1.463354e+00   1.014976e-04   1.121349e-03   9.535667e-08   1157046
  1.467236e+00   1.007544e-04   1.119148e-03   9.421606e-08   1160226
  1.471127e+00   1.002933e-04   1.127743e-03   9.362090e-08   1174346
  1.475014e+00   9.962250e-05   1.119897e-03   9.298608e-08   1171462
  1.478897e+00   9.899369e-05   1.124033e-03   9.213158e-08   1183828
  1.482778e+00   9.816528e-05   1.114458e-03   9.129897e-08   1181822
  1.486657e+00   9.781073e-05   1.120779e-03   9.048053e-08   1194930
  1.490547e+00   9.720237e-05   1.122593e-03   8.958402e-08   1202010
  1.494437e+00   9.661014e-05   1.122115e-03   8.893969e-08   1207166
  1.498326e+00   9.591340e-05   1.123291e-03   8.822030e-08   1214106
  1.502209e+00   9.537238e-05   1.118748e-03   8.763055e-08   1215302
  1.506095e+00   9.457935e-05   1.126666e-03   8.612758e-08   1229274
  1.509994e+00   9.373159e-05   1.126873e-03   8.532889e-08   1236164
  1.513882e+00   9.334358e-05   1.118916e-03   8.481434e-08   1235326
  1.517764e+00   9.272958e-05   1.120265e-03   8.406832e-08   1244026
  1.521647e+00   9.206482e-05   1.120382e-03   8.320511e-08   1249154
  1.525536e+00   9.162937e-05   1.126025e-03   8.268958e-08   1260558
  1.529421e+00   9.112189e-05   1.119984e-03   8.211461e-08   1260394
  1.533310e+00   9.032601e-05   1.125848e-03   8.097702e-08   1274758
  1.537193e+00   8.967420e-05   1.115594e-03   8.042971e-08   1270188
  1.541083e+00   8.905610e-05   1.128008e-03   7.946456e-08   1291202
  1.544971e+00   8.855832e-05   1.115149e-03   7.904632e-08   1282654
  1.548850e+00   8.783636e-05   1.122198e-03   7.792178e-08   1298242
  1.552739e+00   8.751686e-05   1.120395e-03   7.772684e-08   1301774
  1.556625e+00   8.693080e-05   1.123165e-03   7.704863e-08   1309770
  1.560512e+00   8.626872e-05   1.123502e-03   7.622884e-08   1315714
  1.564403e+00   8.556833e-05   1.124924e-03   7.528837e-08   1325110
  1.568290e+00   8.516469e-05   1.118940e-03   7.490749e-08   1326012
  1.572174e+00   8.460228e-05   1.122090e-03   7.411717e-08   1336154
  1.576069e+00   8.394614e-05   1.126474e-03   7.324764e-08   1347334
  1.579958e+00   8.331854e-05   1.119782e-03   7.283967e-08   1345354
  1.583833e+00   8.300902e-05   1.119555e-03   7.258591e-08   1350998
  1.587719e+00   8.229290e-05   1.125829e-03   7.145884e-08   1365546
  1.591609e+00   8.182726e-05   1.122088e-03   7.100546e-08   1367474
  1.595497e+00   8.120557e-05   1.123693e-03   7.020566e-08   1377984
  1.599384e+00   8.068307e-05   1.118321e-03   6.965963e-08   1379394
  1.603272e+00   8.020348e-05   1.123056e-03   6.893435e-08   1392230
  1.607160e+00   7.974501e-05   1.118740e-03   6.866165e-08   1392634
  1.611042e+00   7.914659e-05   1.122441e-03   6.774216e-08   1402666
  1.614928e+00   7.859384e-05   1.122269e-03   6.712708e-08   1408502
  1.618814e+00   7.825336e-05   1.122041e-03   6.669748e-08   1415418
  1.622692e+00   7.763835e-05   1.117068e-03   6.630201e-08   1416856
  1.626588e+00   7.692270e-05   1.130843e-03   6.507477e-08   1442002
  1.630485e+00   7.647256e-05   1.117858e-03   6.498756e-08   1431634
  1.634367e+00   7.598854e-05   1.122585e-03   6.412075e-08   1444606
  1.638250e+00   7.567540e-05   1.118765e-03   6.394042e-08   1445890
  1.642138e+00   7.499581e-05   1.126997e-03   6.322010e-08   1462210
  1.646026e+00   7.441536e-05   1.120901e-03   6.264183e-08   1459590
  1.649907e+00   7.402611e-05   1.123856e-03   6.207538e-08   1471226
  1.653797e+00   7.348626e-05   1.123379e-03   6.140592e-08   1480072
  1.657690e+00   7.300481e-05   1.121364e-03   6.103556e-08   1486594
  1.661576e+00   7.259385e-05   1.118520e-03   6.056298e-08   1488882
  1.665461e+00   7.223760e-05   1.123128e-03   5.997231e-08   1500854
  1.669353e+00   7.159994e-05   1.123083e-03   5.933023e-08   1506874
  1.673232e+00   7.108187e-05   1.117624e-03   5.906761e-08   1506094
  1.677111e+00   7.047729e-05   1.122855e-03   5.821763e-08   1519682
  1.680997e+00   7.015372e-05   1.122626e-03   5.779057e-08   1526724
  1.684890e+00   6.965953e-05   1.125240e-03   5.723010e-08   1539038
  1.688782e+00   6.923995e-05   1.119859e-03   5.689524e-08   1539810
  1.692664e+00   6.883138e-05   1.119007e-03   5.650190e-08   1545046
  1.696554e+00   6.823167e-05   1.126236e-03   5.573429e-08   1560538
  1.700441e+00   6.776608e-05   1.120507e-03   5.544508e-08   1557506
  1.704322e+00   6.746061e-05   1.124114e-03   5.478458e-08   1570062
  1.708203e+00   6.688135e-05   1.119253e-03   5.441374e-08   1571290
  1.712089e+00   6.648413e-05   1.124856e-03   5.384893e-08   1588228
  1.715982e+00   6.607122e-05   1.121250e-03   5.346556e-08   1591046
  1.719873e+00   6.566735e-05   1.123715e-03   5.281626e-08   1602474
  1.723761e+00   6.522188e-05   1.118014e-03   5.278098e-08   1601646
  1.727642e+00   6.469193e-05   1.120550e-03   5.209691e-08   1611266
  1.731523e+00   6.430225e-05   1.120678e-03   5.172235e-08   1616634
  1.735410e+00   6.382415e-05   1.126166e-03   5.110423e-08   1631366
  1.739297e+00   6.346415e-05   1.119655e-03   5.077205e-08   1631028
  1.743180e+00   6.297033e-05   1.119854e-03   5.025635e-08   1641446
  1.747073e+00   6.264369e-05   1.124208e-03   4.982295e-08   1654234
  1.750973e+00   6.211350e-05   1.126198e-03   4.937320e-08   1662874
  1.754858e+00   6.183328e-05   1.117471e-03   4.906452e-08   1656686
  1.758736e+00   6.144838e-05   1.122008e-03   4.860274e-08   1670898
  1.762622e+00   6.094536e-05   1.123056e-03   4.824841e-08   1678074
  1.766507e+00   6.052144e-05   1.123311e-03   4.765288e-08   1685198
  1.770393e+00   6.014925e-05   1.122996e-03   4.739616e-08   1694524
  1.774282e+00   5.975414e-05   1.120709e-03   4.694999e-08   1701334
  1.778171e+00   5.940652e-05   1.120908e-03   4.658923e-08   1709386
  1.782064e+00   5.893427e-05   1.123720e-03   4.594875e-08   1719994
  1.785953e+00   5.854727e-05   1.121006e-03   4.575818e-08   1721510
  1.789842e+00   5.821475e-05   1.124974e-03   4.535761e-08   1734978
  1.793722e+00   5.778186e-05   1.116124e-03   4.508211e-08   1728646
  1.797599e+00   5.751219e-05   1.122713e-03   4.466982e-08   1746868
  1.801486e+00   5.700932e-05   1.121127e-03   4.419596e-08   1752922
  1.805380e+00   5.672649e-05   1.125234e-03   4.377008e-08   1767862
  1.809271e+00   5.633133e-05   1.119301e-03   4.357666e-08   1765698
  1.813160e+00   5.581180e-05   1.125035e-03   4.293587e-08   1781270
  1.817049e+00   5.558470e-05   1.121176e-03   4.284980e-08   1780650
  1.820932e+00   5.514937e-05   1.124142e-03   4.236772e-08   1792418
  1.824813e+00   5.473702e-05   1.119388e-03   4.205279e-08   1792790
  1.828696e+00   5.438239e-05   1.123591e-03   4.156975e-08   1809852
  1.832585e+00   5.415057e-05   1.120140e-03   4.140717e-08   1812666
  1.836475e+00   5.377709e-05   1.124777e-03   4.095490e-08   1827614
  1.840367e+00   5.334304e-05   1.121640e-03   4.056722e-08   1829970
  1.844251e+00   5.295394e-05   1.120370e-03   4.022398e-08   1835030
  1.848131e+00   5.269346e-05   1.119790e-03   4.001656e-08   1841410
  1.852017e+00   5.240006e-05   1.124723e-03   3.970273e-08   1856626
  1.855900e+00   5.190521e-05   1.118305e-03   3.926570e-08   1854656
  1.859782e+00   5.160816e-05   1.121720e-03   3.897256e-08   1870698
  1.863671e+00   5.131263e-05   1.120553e-03   3.862533e-08   1876998
  1.867559e+00   5.103637e-05   1.120979e-03   3.841327e-08   1884458
  1.871445e+00   5.061765e-05   1.122381e-03   3.799619e-08   1891730
  1.875338e+00   5.033154e-05   1.127317e-03   3.774603e-08   1907574
  1.879232e+00   4.988446e-05   1.122851e-03   3.735642e-08   1907730
  1.883115e+00   4.969452e-05   1.120697e-03   3.718435e-08   1912154
  1.886997e+00   4.932537e-05   1.121764e-03   3.682827e-08   1923216
  1.890888e+00   4.901786e-05   1.124326e-03   3.652454e-08   1936562
  1.894776e+00   4.866267e-05   1.119734e-03   3.623842e-08   1936862
  1.898663e+00   4.834124e-05   1.122747e-03   3.588540e-08   1950114
  1.902549e+00   4.805056e-05   1.121089e-03   3.567571e-08   1953306
  1.906439e+00   4.780679e-05   1.125982e-03   3.536864e-08   1968806
  1.910327e+00   4.741736e-05   1.121186e-03   3.508921e-08   1968818
  1.914211e+00   4.711043e-05   1.121720e-03   3.476038e-08   1980624
  1.918097e+00   4.685972e-05   1.118800e-03   3.459201e-08   1985034
  1.921980e+00   4.657586e-05   1.120281e-03   3.431839e-08   1995242
  1.925870e+00   4.631795e-05   1.123830e-03   3.406880e-08   2007742
  1.929759e+00   4.595602e-05   1.121495e-03   3.374096e-08   2010538
  1.933641e+00   4.570655e-05   1.121298e-03   3.354261e-08   2017390
  1.937531e+00   4.532573e-05   1.126602e-03   3.311918e-08   2034346
  1.941413e+00   4.507979e-05   1.117450e-03   3.311285e-08   2025498
  1.945299e+00   4.486088e-05   1.127850e-03   3.266245e-08   2055248
  1.949189e+00   4.454538e-05   1.116586e-03   3.249640e-08   2045090
  1.953070e+00   4.429566e-05   1.121603e-03   3.225563e-08   2062074
  1.956959e+00   4.398262e-05   1.122727e-03   3.194161e-08   2070190
  1.960848e+00   4.376748e-05   1.123891e-03   3.185038e-08   2079226
  1.964734e+00   4.339954e-05   1.122069e-03   3.153244e-08   2083990
  1.968623e+00   4.312280e-05   1.124515e-03   3.123494e-08   2097898
  1.972507e+00   4.283094e-05   1.118548e-03   3.104435e-08   2095452
  1.976394e+00   4.263119e-05   1.124843e-03   3.073894e-08   2117390
  1.980286e+00   4.240367e-05   1.119656e-03   3.062781e-08   2117066
  1.984162e+00   4.212259e-05   1.115140e-03   3.041606e-08   2117238
  1.988045e+00   4.188884e-05   1.124414e-03   3.012917e-08   2140026
  1.991938e+00   4.160682e-05   1.125139e-03   2.988642e-08   2147234
  1.995825e+00   4.140313e-05   1.122378e-03   2.974330e-08   2150118
  1.999710e+00   4.108565e-05   1.122400e-03   2.946818e-08   2160386
  2.003596e+00   4.082465e-05   1.121122e-03   2.931210e-08   2168256
  2.007488e+00   4.062648e-05   1.124409e-03   2.907093e-08   2183306
  2.011378e+00   4.036580e-05   1.120925e-03   2.888068e-08   2184642
  2.015262e+00   4.012078e-05   1.120511e-03   2.868953e-08   2192318
  2.019141e+00   3.993270e-05   1.118713e-03   2.850116e-08   2196066
  2.023031e+00   3.967786e-05   1.127541e-03   2.826126e-08   2220890
  2.026922e+00   3.941439e-05   1.121128e-03   2.809182e-08   2215758
  2.030810e+00   3.922742e-05   1.124804e-03   2.797844e-08   2233988
  2.034697e+00   3.895232e-05   1.118045e-03   2.769923e-08   2231670
  2.038579e+00   3.871105e-05   1.119728e-03   2.748888e-08   2244338
  2.042469e+00   3.853494e-05   1.123477e-03   2.725385e-08   2258610
  2.046358e+00   3.828290e-05   1.121050e-03   2.709059e-08   2260718
  2.050240e+00   3.809317e-05   1.120914e-03   2.698743e-08   2268162
  2.054123e+00   3.787894e-05   1.121571e-03   2.678754e-08   2277494
  2.058008e+00   3.760521e-05   1.123134e-03   2.657080e-08   2288796
  2.061901e+00   3.742222e-05   1.126253e-03   2.640607e-08   2305226
  2.065791e+00   3.721754e-05   1.119672e-03   2.626875e-08   2301630
  2.069679e+00   3.697999e-05   1.123731e-03   2.603851e-08   2319770
  2.073565e+00   3.677139e-05   1.118309e-03   2.598797e-08   2315610
  2.077447e+00   3.662557e-05   1.124236e-03   2.583499e-08   2334662
  2.081332e+00   3.637460e-05   1.120785e-03   2.559287e-08   2335722
  2.085219e+00   3.618766e-05   1.124829e-03   2.541938e-08   2354102
  2.089107e+00   3.598634e-05   1.120313e-03   2.530338e-08   2355156
  2.092998e+00   3.583249e-05   1.124614e-03   2.514010e-08   2374250
  2.096888e+00   3.557268e-05   1.120068e-03   2.501230e-08   2373102
  2.100776e+00   3.541987e-05   1.122758e-03   2.483367e-08   2388194
  2.104658e+00   3.521743e-05   1.116928e-03   2.476884e-08   2383470
  2.108539e+00   3.500877e-05   1.123618e-03   2.452004e-08   2404994
  2.112426e+00   3.482243e-05   1.121916e-03   2.441096e-08   2408538
  2.116308e+00   3.470350e-05   1.121742e-03   2.437629e-08   2417744
  2.120198e+00   3.451140e-05   1.124446e-03   2.414647e-08   2434578
  2.124090e+00   3.429735e-05   1.121710e-03   2.398651e-08   2438414
  2.127979e+00   3.417479e-05   1.122410e-03   2.393118e-08   2448066
  2.131867e+00   3.389270e-05   1.122662e-03   2.371664e-08   2456018
  2.135751e+00   3.378439e-05   1.121406e-03   2.365003e-08   2461230
  2.139636e+00   3.365309e-05   1.122653e-03   2.348929e-08   2474330
  2.143519e+00   3.346800e-05   1.119652e-03   2.343128e-08   2476498
  2.147405e+00   3.328281e-05   1.124366e-03   2.318289e-08   2497240
  2.151298e+00   3.312417e-05   1.122529e-03   2.316051e-08   2502930
  2.155185e+00   3.300623e-05   1.120390e-03   2.310697e-08   2508470
  2.159072e+00   3.280842e-05   1.121001e-03   2.292877e-08   2518482
  2.162961e+00   3.262127e-05   1.123829e-03   2.279360e-08   2532074
  2.166844e+00   3.252575e-05   1.118275e-03   2.274099e-08   2526678
  2.170724e+00   3.236605e-05   1.124045e-03   2.257137e-08   2549018
  2.174611e+00   3.221331e-05   1.120040e-03   2.253183e-08   2551704
  2.178497e+00   3.208229e-05   1.122028e-03   2.242818e-08   2566226
  2.182386e+00   3.191021e-05   1.122230e-03   2.228951e-08   2573898
  2.186278e+00   3.182220e-05   1.124844e-03   2.225881e-08   2589182
  2.190164e+00   3.165933e-05   1.119195e-03   2.218717e-08   2584890
  2.194049e+00   3.145849e-05   1.124371e-03   2.196467e-08   2605190
  2.197936e+00   3.135282e-05   1.121682e-03   2.198166e-08   2606418
  2.201821e+00   3.119571e-05   1.123741e-03   2.182067e-08   2621186
  2.205707e+00   3.112325e-05   1.120704e-03   2.184225e-08   2626608
  2.209592e+00   3.102620e-05   1.119995e-03   2.176178e-08   2636714
  2.213479e+00   3.080569e-05   1.121274e-03   2.158144e-08   2647482
  2.217374e+00   3.071218e-05   1.127022e-03   2.154122e-08   2668382
  2.221265e+00   3.060038e-05   1.120175e-03   2.150048e-08   2660418
  2.225149e+00   3.046700e-05   1.122869e-03   2.136385e-08   2676662
  2.229029e+00   3.036099e-05   1.117920e-03   2.142123e-08   2674210
  2.232911e+00   3.020923e-05   1.123157e-03   2.126543e-08   2697076
  2.236800e+00   3.016661e-05   1.121599e-03   2.124112e-08   2703558
  2.240687e+00   2.998731e-05   1.121191e-03   2.114015e-08   2713250
  2.244572e+00   2.991615e-05   1.119243e-03   2.111053e-08   2717718
  2.248464e+00   2.977606e-05   1.127021e-03   2.097383e-08   2743178
  2.252353e+00   2.967389e-05   1.120305e-03   2.098765e-08   2732730
  2.256238e+00   2.961874e-05   1.126187e-03   2.094935e-08   2758022
  2.260125e+00   2.947085e-05   1.119041e-03   2.089487e-08   2751994
  2.264006e+00   2.941486e-05   1.121171e-03   2.088950e-08   2769052
  2.267895e+00   2.930597e-05   1.122842e-03   2.081776e-08   2783062
  2.271785e+00   2.921149e-05   1.121645e-03   2.077873e-08   2789362
  2.275674e+00   2.909304e-05   1.121981e-03   2.068912e-08   2799582
  2.279564e+00   2.903887e-05   1.123236e-03   2.072142e-08   2811170
  2.283450e+00   2.890773e-05   1.121033e-03   2.059832e-08   2812658
  2.287338e+00   2.881433e-05   1.125793e-03   2.059145e-08   2833302
  2.291222e+00   2.877640e-05   1.118388e-03   2.064744e-08   2827420
  2.295104e+00   2.870758e-05   1.121018e-03   2.056365e-08   2846710
  2.298989e+00   2.853719e-05   1.120692e-03   2.051117e-08   2846535
  2.302873e+00   2.818175e-05   1.122997e-03   2.021105e-08   2848496
  2.306761e+00   2.794596e-05   1.122225e-03   2.000058e-08   2841084
  2.310652e+00   2.767501e-05   1.124928e-03   1.977531e-08   2843480
  2.314540e+00   2.734897e-05   1.120270e-03   1.955536e-08   2826624
  2.318424e+00   2.702816e-05   1.123352e-03   1.925375e-08   2828732
  2.322310e+00   2.668179e-05   1.121451e-03   1.900276e-08   2819296
  2.326197e+00   2.644882e-05   1.122811e-03   1.874808e-08   2819548
  2.330081e+00   2.615246e-05   1.118959e-03   1.857895e-08   2805192
  2.333967e+00   2.589286e-05   1.123463e-03   1.833210e-08   2811104
  2.337856e+00   2.562515e-05   1.121717e-03   1.811534e-08   2800672
  2.341743e+00   2.536857e-05   1.122654e-03   1.791108e-08   2798080
  2.345628e+00   2.506020e-05   1.120248e-03   1.766359e-08   2786976
  2.349516e+00   2.474368e-05   1.123594e-03   1.742033e-08   2791016
  2.353406e+00   2.456651e-05   1.121382e-03   1.728474e-08   2779360
  2.357287e+00   2.429444e-05   1.119573e-03   1.710804e-08   2768644
  2.361169e+00   2.406588e-05   1.122534e-03   1.694186e-08   2771192
  2.365058e+00   2.385596e-05   1.121875e-03   1.675128e-08   2765028
  2.368946e+00   2.359838e-05   1.122751e-03   1.656226e-08   2760864
  2.372840e+00   2.330230e-05   1.125689e-03   1.630953e-08   2761616
  2.376724e+00   2.310685e-05   1.118525e-03   1.619570e-08   2737932
  2.380610e+00   2.287130e-05   1.125904e-03   1.598683e-08   2752280
  2.384498e+00   2.259066e-05   1.118464e-03   1.582131e-08   2728764
  2.388382e+00   2.234108e-05   1.123937e-03   1.556922e-08   2736368
  2.392268e+00   2.215417e-05   1.119459e-03   1.552846e-08   2719952
  2.396155e+00   2.199003e-05   1.124236e-03   1.534781e-08   2727120
  2.400042e+00   2.172033e-05   1.118614e-03   1.513476e-08   2708400
  2.403932e+00   2.150743e-05   1.125719e-03   1.492738e-08   2718536
  2.407818e+00   2.129131e-05   1.118504e-03   1.486071e-08   2694300
  2.411707e+00   2.110063e-05   1.126793e-03   1.467348e-08   2709440
  2.415596e+00   2.088179e-05   1.117787e-03   1.455979e-08   2682108
  2.419475e+00   2.066294e-05   1.121308e-03   1.438609e-08   2684912
  2.423360e+00   2.046990e-05   1.121998e-03   1.422394e-08   2678868
  2.427246e+00   2.024438e-05   1.122668e-03   1.408811e-08   2674772
  2.431135e+00   2.005928e-05   1.123033e-03   1.393501e-08   2670120
  2.435021e+00   1.987265e-05   1.120804e-03   1.381147e-08   2659532
  2.438909e+00   1.964400e-05   1.123713e-03   1.363210e-08   2659704
  2.442801e+00   1.947447e-05   1.124617e-03   1.351544e-08   2654348
  2.446687e+00   1.930628e-05   1.121000e-03   1.339255e-08   2640276
  2.450572e+00   1.912273e-05   1.121992e-03   1.329820e-08   2638700
  2.454457e+00   1.889853e-05   1.120074e-03   1.311614e-08   2628244
  2.458344e+00   1.870521e-05   1.124115e-03   1.297154e-08   2630920
  2.462234e+00   1.856226e-05   1.121877e-03   1.286083e-08   2618904
  2.466118e+00   1.840041e-05   1.120448e-03   1.274679e-08   2610932
  2.470005e+00   1.824228e-05   1.121951e-03   1.264232e-08   2608464
  2.473895e+00   1.802576e-05   1.123139e-03   1.250507e-08   2603708
  2.477779e+00   1.784728e-05   1.119694e-03   1.239720e-08   2588012
  2.481660e+00   1.769079e-05   1.122196e-03   1.226513e-08   2588364
  2.485545e+00   1.753038e-05   1.120384e-03   1.218322e-08   2579076
  2.489430e+00   1.736513e-05   1.121132e-03   1.203451e-08   2574152
  2.493314e+00   1.721067e-05   1.121505e-03   1.196006e-08   2566812
  2.497207e+00   1.704070e-05   1.127061e-03   1.180566e-08   2573732
  2.501098e+00   1.693203e-05   1.119524e-03   1.180434e-08   2550568
  2.504983e+00   1.674798e-05   1.123035e-03   1.162583e-08   2552068
  2.508870e+00   1.659218e-05   1.121138e-03   1.151337e-08   2539620
  2.512757e+00   1.640635e-05   1.124635e-03   1.140283e-08   2540936
  2.516646e+00   1.628940e-05   1.121040e-03   1.130281e-08   2528032
  2.520531e+00   1.611924e-05   1.120365e-03   1.120374e-08   2521480
  2.524419e+00   1.597865e-05   1.122347e-03   1.109570e-08   2517980
  2.528309e+00   1.582531e-05   1.123011e-03   1.102847e-08   2511744
  2.532195e+00   1.571175e-05   1.120855e-03   1.094025e-08   2500140
  2.536081e+00   1.554045e-05   1.121926e-03   1.081929e-08   2496980
  2.539968e+00   1.542357e-05   1.121125e-03   1.076286e-08   2486924
  2.543856e+00   1.528304e-05   1.124762e-03   1.064527e-08   2487000
  2.547743e+00   1.511709e-05   1.120210e-03   1.055241e-08   2469840
  2.551626e+00   1.498244e-05   1.122637e-03   1.044188e-08   2469656
  2.555511e+00   1.486743e-05   1.119469e-03   1.038357e-08   2456844
  2.559401e+00   1.472678e-05   1.125965e-03   1.024741e-08   2462876
  2.563290e+00   1.462115e-05   1.120472e-03   1.023187e-08   2442136
  2.567174e+00   1.447139e-05   1.123165e-03   1.010768e-08   2441944
  2.571061e+00   1.434139e-05   1.120769e-03   1.003290e-08   2430508
  2.574945e+00   1.423615e-05   1.121157e-03   9.989174e-09   2424352
  2.578832e+00   1.409460e-05   1.123693e-03   9.874715e-09   2421264
  2.582722e+00   1.397075e-05   1.122895e-03   9.785431e-09   2413064
  2.586608e+00   1.384186e-05   1.120676e-03   9.721168e-09   2401572
  2.590492e+00   1.373649e-05   1.121724e-03   9.646627e-09   2397284
  2.594379e+00   1.362436e-05   1.121499e-03   9.552557e-09   2388336
  2.598268e+00   1.349998e-05   1.124943e-03   9.475412e-09   2387204
  2.602153e+00   1.340013e-05   1.119280e-03   9.440334e-09   2368644
  2.606033e+00   1.325616e-05   1.120613e-03   9.336380e-09   2365400
  2.609918e+00   1.315310e-05   1.121690e-03   9.265414e-09   2360072
  2.613808e+00   1.303872e-05   1.123660e-03   9.197479e-09   2356464
  2.617696e+00   1.294166e-05   1.121214e-03   9.153793e-09   2343240
  2.621583e+00   1.281905e-05   1.122605e-03   9.047116e-09   2340248
  2.625468e+00   1.270141e-05   1.118824e-03   8.985368e-09   2325000
  2.629355e+00   1.256471e-05   1.124959e-03   8.890688e-09   2328632
  2.633245e+00   1.247724e-05   1.121910e-03   8.848814e-09   2313220
  2.637134e+00   1.238691e-05   1.124095e-03   8.773003e-09   2310772
  2.641020e+00   1.229424e-05   1.119781e-03   8.738353e-09   2295420
  2.644905e+00   1.215766e-05   1.122584e-03   8.646988e-09   2293592
  2.648791e+00   1.206823e-05   1.120952e-03   8.585970e-09   2281384
  2.652683e+00   1.196620e-05   1.126704e-03   8.496794e-09   2285776
  2.656570e+00   1.188242e-05   1.117325e-03   8.479132e-09   2259408
  2.660455e+00   1.177304e-05   1.124314e-03   8.396621e-09   2266808
  2.664344e+00   1.167546e-05   1.120389e-03   8.348478e-09   2248836
  2.668227e+00   1.156721e-05   1.123045e-03   8.271390e-09   2245244
  2.672111e+00   1.147016e-05   1.120801e-03   8.205629e-09   2233908
  2.675998e+00   1.138902e-05   1.122974e-03   8.148506e-09   2231660
  2.679886e+00   1.132606e-05   1.120422e-03   8.143460e-09   2218544
  2.683775e+00   1.121173e-05   1.124792e-03   8.070196e-09   2218176
  2.687664e+00   1.112315e-05   1.121286e-03   8.017383e-09   2202900
  2.691550e+00   1.100556e-05   1.121747e-03   7.933700e-09   2197472
  2.695433e+00   1.092999e-05   1.118354e-03   7.896756e-09   2181960
  2.699317e+00   1.084906e-05   1.124130e-03   7.825215e-09   2183696
  2.703207e+00   1.076546e-05   1.123719e-03   7.813388e-09   2173416
  2.707096e+00   1.067286e-05   1.122917e-03   7.722909e-09   2165444
  2.710982e+00   1.058422e-05   1.119761e-03   7.694929e-09   2152688
  2.714867e+00   1.050557e-05   1.121777e-03   7.641323e-09   2147628
  2.718754e+00   1.041965e-05   1.122335e-03   7.599793e-09   2139012
  2.722646e+00   1.032109e-05   1.125226e-03   7.501917e-09   2136008
  2.726525e+00   1.025465e-05   1.114594e-03   7.520693e-09   2108656
  2.730404e+00   1.018084e-05   1.123744e-03   7.457303e-09   2117896
  2.734296e+00   1.009709e-05   1.123450e-03   7.394438e-09   2106260
  2.738185e+00   1.000304e-05   1.123855e-03   7.356843e-09   2099088
  2.742075e+00   9.938900e-06   1.121974e-03   7.303420e-09   2088432
  2.745961e+00   9.844388e-06   1.120471e-03   7.259512e-09   2078432
  2.749845e+00   9.783888e-06   1.120708e-03   7.219068e-09   2069048
  2.753732e+00   9.711500e-06   1.123831e-03   7.170467e-09   2064804
  2.757623e+00   9.641480e-06   1.123568e-03   7.135636e-09   2055644
  2.761510e+00   9.556490e-06   1.120700e-03   7.087568e-09   2043000
  2.765392e+00   9.489577e-06   1.120067e-03   7.064506e-09   2032348
  2.769281e+00   9.418205e-06   1.126495e-03   7.003135e-09   2034064
  2.773172e+00   9.356719e-06   1.122211e-03   6.974896e-09   2017740
  2.777059e+00   9.271154e-06   1.121480e-03   6.937281e-09   2010188
  2.780942e+00   9.200813e-06   1.118751e-03   6.894212e-09   1996556
  2.784826e+00   9.137628e-06   1.122456e-03   6.872478e-09   1992816
  2.788712e+00   9.073363e-06   1.122411e-03   6.828379e-09   1982400
  2.792596e+00   8.994665e-06   1.121262e-03   6.795437e-09   1972256
  2.796480e+00   8.928950e-06   1.121000e-03   6.741505e-09   1964384
  2.800370e+00   8.862254e-06   1.122889e-03   6.709589e-09   1958544
  2.804258e+00   8.794579e-06   1.122489e-03   6.667477e-09   1946988
  2.808149e+00   8.721186e-06   1.124629e-03   6.627405e-09   1942532
  2.812034e+00   8.684993e-06   1.117383e-03   6.625108e-09   1921692
  2.815918e+00   8.615760e-06   1.123808e-03   6.582510e-09   1924004
  2.819806e+00   8.543296e-06   1.120365e-03   6.552378e-09   1907344
  2.823695e+00   8.470886e-06   1.126069e-03   6.492571e-09   1907440
  2.827583e+00   8.409483e-06   1.118720e-03   6.474589e-09   1886136
  2.831464e+00   8.361453e-06   1.121920e-03   6.442249e-09   1883144
  2.835353e+00   8.293639e-06   1.122753e-03   6.403369e-09   1874724
  2.839243e+00   8.238754e-06   1.123826e-03   6.394868e-09   1866068
  2.843130e+00   8.185146e-06   1.121455e-03   6.361174e-09   1852980
  2.847017e+00   8.119864e-06   1.122782e-03   6.319018e-09   1847468
  2.850900e+00   8.085656e-06   1.117935e-03   6.320652e-09   1829636
  2.854785e+00   8.013877e-06   1.123959e-03   6.268562e-09   1829688
  2.858675e+00   7.954000e-06   1.122789e-03   6.238340e-09   1817192
  2.862561e+00   7.892445e-06   1.121150e-03   6.212102e-09   1806312
  2.866446e+00   7.842227e-06   1.120289e-03   6.194534e-09   1795984
  2.870334e+00   7.792138e-06   1.123627e-03   6.159381e-09   1791100
  2.874224e+00   7.738221e-06   1.122050e-03   6.143430e-09   1777648
  2.878111e+00   7.674135e-06   1.123043e-03   6.102638e-09   1769848
  2.881996e+00   7.640583e-06   1.119995e-03   6.109705e-09   1756536
  2.885881e+00   7.557875e-06   1.121386e-03   6.046453e-09   1748960
  2.889768e+00   7.531204e-06   1.123014e-03   6.042271e-09   1739952
  2.893658e+00   7.451001e-06   1.124239e-03   5.999106e-09   1732124
  2.897544e+00   7.424701e-06   1.120323e-03   5.996936e-09   1716852
  2.901430e+00   7.371992e-06   1.122735e-03   5.968927e-09   1712276
  2.905319e+00   7.312405e-06   1.121222e-03   5.944710e-09   1698500
  2.909208e+00   7.280586e-06   1.125604e-03   5.926932e-09   1693932
  2.913093e+00   7.219729e-06   1.119232e-03   5.919528e-09   1675204
  2.916975e+00   7.183963e-06   1.121771e-03   5.899319e-09   1670644
  2.920858e+00   7.158230e-06   1.118515e-03   5.884357e-09   1655532
  2.924748e+00   7.103350e-06   1.126990e-03   5.855971e-09   1656860
  2.928637e+00   7.036702e-06   1.119840e-03   5.835778e-09   1635372
  2.932524e+00   6.978780e-06   1.124773e-03   5.806005e-09   1634324
  2.936410e+00   6.942913e-06   1.117372e-03   5.795834e-09   1613676
  2.940295e+00   6.906369e-06   1.124617e-03   5.778082e-09   1613348
  2.944183e+00   6.862697e-06   1.120803e-03   5.765438e-09   1596236
  2.948069e+00   6.817599e-06   1.123999e-03   5.748060e-09   1591476
  2.951956e+00   6.756183e-06   1.119134e-03   5.727820e-09   1575732
  2.955838e+00   6.728503e-06   1.120429e-03   5.719722e-09   1566236
  2.959725e+00   6.702059e-06   1.124724e-03   5.715314e-09   1560292
  2.963618e+00   6.627663e-06   1.124442e-03   5.663243e-09   1550092
  2.967503e+00   6.607270e-06   1.118750e-03   5.684346e-09   1532628
  2.971386e+00   6.549731e-06   1.121507e-03   5.648437e-09   1527332
  2.975274e+00   6.527484e-06   1.121884e-03   5.661568e-09   1515212
  2.979160e+00   6.473625e-06   1.123567e-03   5.647656e-09   1506444
  2.983048e+00   6.428135e-06   1.122261e-03   5.607101e-09   1495116
  2.986928e+00   6.400130e-06   1.117074e-03   5.610896e-09   1479152
  2.990812e+00   6.353733e-06   1.122982e-03   5.589805e-09   1475512
  2.994707e+00   6.322361e-06   1.126591e-03   5.562671e-09   1467820
  2.998598e+00   6.280665e-06   1.121923e-03   5.580386e-09   1451256
  3.002486e+00   6.245465e-06   1.122725e-03   5.557605e-09   1443212
  3.006369e+00   6.192011e-06   1.117256e-03   5.558676e-09   1425680
  3.010254e+00   6.142786e-06   1.124371e-03   5.517084e-09   1422972
  3.014143e+00   6.126221e-06   1.123023e-03   5.527094e-09   1408632
  3.018032e+00   6.081313e-06   1.123941e-03   5.511984e-09   1400984
  3.021918e+00   6.045709e-06   1.117887e-03   5.528450e-09   1383196
  3.025801e+00   6.020163e-06   1.123197e-03   5.510546e-09   1378120
  3.029692e+00   5.994225e-06   1.124450e-03   5.516954e-09   1367272
  3.033584e+00   5.937852e-06   1.124457e-03   5.493274e-09   1356580
  3.037464e+00   5.914898e-06   1.115974e-03   5.517608e-09   1337028
  3.041343e+00   5.867781e-06   1.120802e-03   5.480927e-09   1332500
  3.045230e+00   5.842519e-06   1.122780e-03   5.487930e-09   1321796
  3.049120e+00   5.803245e-06   1.124838e-03   5.476981e-09   1312716
  3.053007e+00   5.772688e-06   1.119942e-03   5.481746e-09   1296580
  3.056896e+00   5.738871e-06   1.124221e-03   5.460831e-09   1291528
  3.060783e+00   5.698862e-06   1.119071e-03   5.472938e-09   1273128
  3.064669e+00   5.667877e-06   1.125633e-03   5.456544e-09   1268720
  3.068560e+00   5.629175e-06   1.122309e-03   5.448296e-09   1254016
  3.072444e+00   5.587457e-06   1.119894e-03   5.444399e-09   1241296
  3.076322e+00   5.562888e-06   1.116955e-03   5.456197e-09   1226712
  3.080211e+00   5.544234e-06   1.128188e-03   5.461912e-09   1226228
  3.084105e+00   5.512131e-06   1.122621e-03   5.478863e-09   1207768
  3.087992e+00   5.457074e-06   1.122433e-03   5.416479e-09   1198336
  3.091874e+00   5.433603e-06   1.117108e-03   5.456045e-09   1181484
  3.095761e+00   5.398116e-06   1.125421e-03   5.429630e-09   1178012
  3.099653e+00   5.364486e-06   1.123268e-03   5.446214e-09   1162564
  3.103535e+00   5.329039e-06   1.120338e-03   5.474935e-09   1149340
  3.107418e+00   5.313582e-06   1.119954e-03   5.461874e-09   1138848
  3.111303e+00   5.262118e-06   1.120192e-03   5.453118e-09   1126748
  3.115189e+00   5.252645e-06   1.123911e-03   5.478514e-09   1117428
  3.119084e+00   5.203677e-06   1.126323e-03   5.450572e-09   1108112
  3.122973e+00   5.163521e-06   1.119549e-03   5.442479e-09   1090596
  3.126857e+00   5.142565e-06   1.120292e-03   5.447248e-09   1081052
  3.130738e+00   5.118510e-06   1.118514e-03   5.475324e-09   1065716
  3.134626e+00   5.071592e-06   1.127732e-03   5.442435e-09   1061940
  3.138518e+00   5.043735e-06   1.121370e-03   5.465144e-09   1044096
  3.142404e+00   4.997738e-06   1.122139e-03   5.437427e-09   1034864
  3.146289e+00   4.973380e-06   1.117591e-03   5.470224e-09   1018308
  3.150179e+00   4.943672e-06   1.129200e-03   5.461781e-09   1014812
  3.154072e+00   4.927123e-06   1.121981e-03   5.493124e-09   996288
  3.157955e+00   4.860235e-06   1.120847e-03   5.431137e-09   985376
  3.161835e+00   4.832280e-06   1.115880e-03   5.456139e-09   969652
  3.165722e+00   4.802760e-06   1.125987e-03   5.467112e-09   964924
  3.169610e+00   4.788736e-06   1.121515e-03   5.495769e-09   947228
  3.173495e+00   4.734844e-06   1.123457e-03   5.475357e-09   939084
  3.177381e+00   4.694797e-06   1.116472e-03   5.457432e-09   921864
  3.181265e+00   4.669655e-06   1.123502e-03   5.462425e-09   914252
  3.185159e+00   4.636928e-06   1.126304e-03   5.472342e-09   902572
  3.189050e+00   4.592986e-06   1.123145e-03   5.461842e-09   888784
  3.192932e+00   4.559227e-06   1.116224e-03   5.493769e-09   872540
  3.196811e+00   4.508220e-06   1.120157e-03   5.453108e-09   862848
  3.200697e+00   4.498311e-06   1.124093e-03   5.491283e-09   851760
  3.204592e+00   4.440410e-06   1.127172e-03   5.444478e-09   841940
  3.208479e+00   4.403582e-06   1.117661e-03   5.477824e-09   823032
  3.212364e+00   4.353864e-06   1.123934e-03   5.412015e-09   816044
  3.216253e+00   4.327023e-06   1.120364e-03   5.446059e-09   799292
  3.220140e+00   4.252283e-06   1.126784e-03   5.373550e-09   791304
  3.224026e+00   4.224526e-06   1.117490e-03   5.410465e-09   772868
  3.227902e+00   4.180636e-06   1.119936e-03   5.368831e-09   762552
  3.231787e+00   4.154768e-06   1.121745e-03   5.376349e-09   750876
  3.235677e+00   4.087241e-06   1.123999e-03   5.321587e-09   739280
  3.239565e+00   4.046640e-06   1.121784e-03   5.278300e-09   724944
  3.243456e+00   3.998857e-06   1.124267e-03   5.259993e-09   714380
  3.247336e+00   3.943234e-06   1.116046e-03   5.256579e-09   695932
  3.251222e+00   3.884147e-06   1.126879e-03   5.176181e-09   690949
  3.255114e+00   3.842108e-06   1.118914e-03   5.158146e-09   673638
  3.258999e+00   3.783736e-06   1.124434e-03   5.075947e-09   666092
  3.262883e+00   3.758364e-06   1.117312e-03   5.109258e-09   651024
  3.266766e+00   3.711673e-06   1.124054e-03   5.057579e-09   644804
  3.270656e+00   3.676122e-06   1.121035e-03   5.039120e-09   632676
  3.274546e+00   3.645837e-06   1.125434e-03   5.025067e-09   624962
  3.278430e+00   3.592464e-06   1.118496e-03   4.982020e-09   611280
  3.282321e+00   3.560580e-06   1.127391e-03   4.930813e-09   607256
  3.286211e+00   3.540386e-06   1.118374e-03   4.963461e-09   592616
  3.290095e+00   3.496586e-06   1.124430e-03   4.937191e-09   587160
  3.293983e+00   3.466849e-06   1.120749e-03   4.918106e-09   575482
  3.297866e+00   3.436100e-06   1.122505e-03   4.907093e-09   568258
  3.301757e+00   3.409460e-06   1.122731e-03   4.900503e-09   559638
  3.305647e+00   3.376755e-06   1.123210e-03   4.863719e-09   551498
  3.309536e+00   3.347256e-06   1.121790e-03   4.880952e-09   542364
  3.313423e+00   3.294246e-06   1.122328e-03   4.850277e-09   534146
  3.317305e+00   3.285022e-06   1.119988e-03   4.843762e-09   524980
  3.321196e+00   3.257702e-06   1.125222e-03   4.831603e-09   519964
  3.325077e+00   3.232898e-06   1.115886e-03   4.830622e-09   507108
  3.328962e+00   3.207252e-06   1.126905e-03   4.803569e-09   504992
  3.332852e+00   3.180478e-06   1.118656e-03   4.818153e-09   492948
  3.336740e+00   3.128930e-06   1.127360e-03   4.747672e-09   489740
  3.340629e+00   3.122734e-06   1.117346e-03   4.780674e-09   477716
  3.344511e+00   3.093335e-06   1.124864e-03   4.783185e-09   473844
  3.348399e+00   3.071711e-06   1.119228e-03   4.758087e-09   464222
  3.352284e+00   3.043362e-06   1.123815e-03   4.764632e-09   459048
  3.356167e+00   3.009974e-06   1.117888e-03   4.722171e-09   449574
  3.360054e+00   2.992172e-06   1.125019e-03   4.726805e-09   445820
  3.363936e+00   2.980039e-06   1.116211e-03   4.760609e-09   435158
  3.367827e+00   2.946724e-06   1.127850e-03   4.721447e-09   433566
  3.371713e+00   2.918448e-06   1.114763e-03   4.725715e-09   421014
  3.375597e+00   2.912994e-06   1.127754e-03   4.698636e-09   419996
  3.379490e+00   2.894884e-06   1.118287e-03   4.710485e-09   409482
  3.383368e+00   2.868353e-06   1.121665e-03   4.717985e-09   404414
  3.387257e+00   2.847413e-06   1.122567e-03   4.711182e-09   398518
  3.391148e+00   2.811652e-06   1.123750e-03   4.691894e-09   392302
  3.395033e+00   2.800719e-06   1.121765e-03   4.699624e-09   385318
  3.398930e+00   2.787151e-06   1.127631e-03   4.678213e-09   381718
  3.402811e+00   2.757376e-06   1.114511e-03   4.696058e-09   370674
  3.406696e+00   2.747319e-06   1.128673e-03   4.715929e-09   370166
  3.410587e+00   2.708927e-06   1.117032e-03   4.675893e-09   359838
  3.414471e+00   2.694094e-06   1.126612e-03   4.688705e-09   357488
  3.418356e+00   2.689569e-06   1.115416e-03   4.733509e-09   348174
  3.422239e+00   2.650125e-06   1.126138e-03   4.650741e-09   346010
  3.426123e+00   2.642435e-06   1.115666e-03   4.715459e-09   336966
  3.430017e+00   2.616217e-06   1.131496e-03   4.665899e-09   336488
  3.433906e+00   2.607911e-06   1.113178e-03   4.717535e-09   325206
  3.437790e+00   2.585830e-06   1.128394e-03   4.710887e-09   324614
  3.441675e+00   2.575586e-06   1.113950e-03   4.735482e-09   314792
  3.445561e+00   2.554134e-06   1.129033e-03   4.710653e-09   314082
  3.449445e+00   2.534443e-06   1.112843e-03   4.739773e-09   303918
  3.453329e+00   2.526454e-06   1.130230e-03   4.732853e-09   303872
  3.457223e+00   2.526992e-06   1.118237e-03   4.776340e-09   295070
  3.461110e+00   2.482556e-06   1.127117e-03   4.717081e-09   292776
  3.464999e+00   2.476080e-06   1.118155e-03   4.792429e-09   285198
  3.468882e+00   2.460860e-06   1.124173e-03   4.776785e-09   282068
  3.472770e+00   2.444765e-06   1.120642e-03   4.796591e-09   276094
  3.476654e+00   2.431334e-06   1.121770e-03   4.800778e-09   271936
  3.480537e+00   2.425983e-06   1.119604e-03   4.838476e-09   266352
  3.484425e+00   2.399634e-06   1.124273e-03   4.778914e-09   263198
  3.488309e+00   2.394535e-06   1.117087e-03   4.827978e-09   256540
  3.492199e+00   2.365612e-06   1.128018e-03   4.801202e-09   254758
  3.496085e+00   2.355275e-06   1.114575e-03   4.822103e-09   246888
  3.499973e+00   2.350812e-06   1.129431e-03   4.853588e-09   245984
  3.503859e+00   2.335051e-06   1.113747e-03   4.894373e-09   237838
  3.507743e+00   2.319056e-06   1.128624e-03   4.872023e-09   236932
  3.511628e+00   2.311924e-06   1.114686e-03   4.946734e-09   229296
  3.515519e+00   2.283094e-06   1.132107e-03   4.849951e-09   228968
  3.519410e+00   2.286953e-06   1.115334e-03   4.946843e-09   220862
  3.523299e+00   2.265479e-06   1.132320e-03   4.922196e-09   220440
  3.527188e+00   2.249758e-06   1.113877e-03   4.995898e-09   212400
  3.531075e+00   2.239344e-06   1.132596e-03   4.956698e-09   212228
  3.534965e+00   2.239531e-06   1.113928e-03   5.024690e-09   204518
  3.538852e+00   2.215569e-06   1.130227e-03   5.014851e-09   203928
  3.542735e+00   2.211911e-06   1.110921e-03   5.070182e-09   196280
  3.546619e+00   2.211234e-06   1.130361e-03   5.101730e-09   196272
  3.550503e+00   2.182600e-06   1.110008e-03   5.105452e-09   188572
  3.554385e+00   2.185011e-06   1.129045e-03   5.150409e-09   188440
  3.558272e+00   2.162866e-06   1.112527e-03   5.177387e-09   181574
  3.562156e+00   2.154283e-06   1.129325e-03   5.138412e-09   180912
  3.566042e+00   2.153610e-06   1.112617e-03   5.232896e-09   174304
  3.569927e+00   2.129733e-06   1.129933e-03   5.160122e-09   173620
  3.573814e+00   2.125050e-06   1.114477e-03   5.241244e-09   167424
  3.577707e+00   2.110839e-06   1.132693e-03   5.257592e-09   166952
  3.581590e+00   2.110910e-06   1.109406e-03   5.353580e-09   159744
  3.585479e+00   2.087581e-06   1.134885e-03   5.239590e-09   160424
  3.589363e+00   2.094081e-06   1.107308e-03   5.394401e-09   152748
  3.593250e+00   2.070582e-06   1.136784e-03   5.341241e-09   153920
  3.597136e+00   2.071268e-06   1.105473e-03   5.490006e-09   146016
  3.601018e+00   2.061054e-06   1.136208e-03   5.432713e-09   147176
  3.604907e+00   2.053104e-06   1.107710e-03   5.542187e-09   139992
  3.608791e+00   2.044013e-06   1.135264e-03   5.533003e-09   140588
  3.612682e+00   2.036057e-06   1.111007e-03   5.599935e-09   134184
  3.616571e+00   2.031915e-06   1.134121e-03   5.583524e-09   134192
  3.620457e+00   2.022088e-06   1.110077e-03   5.695621e-09   127992
  3.624344e+00   2.008886e-06   1.133946e-03   5.658734e-09   128132
  3.628235e+00   2.001031e-06   1.112933e-03   5.737676e-09   122384
  3.632120e+00   1.990600e-06   1.130787e-03   5.760092e-09   121896
  3.636006e+00   1.994682e-06   1.111987e-03   5.849184e-09   116592
  3.639888e+00   1.978001e-06   1.130031e-03   5.819431e-09   116072
  3.643776e+00   1.967599e-06   1.113281e-03   5.885575e-09   111196
  3.647666e+00   1.965747e-06   1.133982e-03   5.954152e-09   110824
  3.651553e+00   1.961684e-06   1.109351e-03   6.013253e-09   105456
  3.655445e+00   1.954118e-06   1.137911e-03   6.052032e-09   105746
  3.659331e+00   1.966097e-06   1.104570e-03   6.220485e-09   99816
  3.663217e+00   1.926557e-06   1.137630e-03   6.157455e-09   100460
  3.667098e+00   1.924202e-06   1.103186e-03   6.328666e-09   94616
  3.670986e+00   1.922269e-06   1.138482e-03   6.273191e-09   95448
  3.674871e+00   1.916602e-06   1.104767e-03   6.375443e-09   89784
  3.678762e+00   1.926390e-06   1.138753e-03   6.440620e-09   90536
  3.682640e+00   1.921635e-06   1.098833e-03   6.614326e-09   84566
  3.686528e+00   1.905294e-06   1.143171e-03   6.519328e-09   86088
  3.690411e+00   1.910370e-06   1.094501e-03   6.874777e-09   79680
  3.694290e+00   1.895962e-06   1.143460e-03   6.656495e-09   81368
  3.698177e+00   1.887538e-06   1.096007e-03   6.890535e-09   75356
  3.702056e+00   1.879006e-06   1.143156e-03   6.812189e-09   76704
  3.705948e+00   1.884489e-06   1.100016e-03   7.068956e-09   71322
  3.709834e+00   1.864526e-06   1.143672e-03   6.951191e-09   72248
  3.713724e+00   1.864500e-06   1.099908e-03   7.277639e-09   67160
  3.717610e+00   1.861576e-06   1.141543e-03   7.166539e-09   67836
  3.721489e+00   1.877517e-06   1.096984e-03   7.502675e-09   62976
  3.725379e+00   1.845600e-06   1.144398e-03   7.306606e-09   63914
  3.729253e+00   1.844999e-06   1.092761e-03   7.610533e-09   58832
  3.733144e+00   1.848196e-06   1.147084e-03   7.584900e-09   60108
  3.737017e+00   1.864134e-06   1.090205e-03   7.914735e-09   54920
  3.740928e+00   1.821632e-06   1.160099e-03   7.627998e-09   56970
  3.744809e+00   1.863757e-06   1.078913e-03   8.289331e-09   50760
  3.748701e+00   1.835657e-06   1.161348e-03   7.992467e-09   53312
  3.752584e+00   1.832024e-06   1.074836e-03   8.474093e-09   47164
  3.756472e+00   1.833931e-06   1.163802e-03   8.273032e-09   49810
  3.760356e+00   1.828723e-06   1.069365e-03   8.774118e-09   43680
  3.764234e+00   1.829680e-06   1.164818e-03   8.483532e-09   46328
  3.768129e+00   1.823015e-06   1.073902e-03   9.028725e-09   40694
  3.772013e+00   1.821971e-06   1.167140e-03   8.831089e-09   42984
  3.775913e+00   1.845338e-06   1.073587e-03   9.480405e-09   37656
  3.779787e+00   1.829277e-06   1.164236e-03   9.118185e-09   39578
  3.783688e+00   1.818571e-06   1.077878e-03   9.649901e-09   34920
  3.787564e+00   1.803014e-06   1.160065e-03   9.416113e-09   36308
  3.791451e+00   1.832595e-06   1.076316e-03   1.023629e-08   32136
  3.795334e+00   1.806905e-06   1.159401e-03   9.824699e-09   33362
  3.799207e+00   1.825652e-06   1.069739e-03   1.072021e-08   29336
  3.803104e+00   1.807597e-06   1.167435e-03   1.033444e-08   30804
  3.806966e+00   1.839909e-06   1.055228e-03   1.127717e-08   26490
  3.810870e+00   1.818550e-06   1.176653e-03   1.093847e-08   28376
  3.814719e+00   1.838745e-06   1.039734e-03   1.206930e-08   23784
  3.818636e+00   1.793631e-06   1.189627e-03   1.103154e-08   26150
  3.822479e+00   1.801535e-06   1.021588e-03   1.241776e-08   21192
  3.826407e+00   1.837989e-06   1.204804e-03   1.175008e-08   24050
  3.830252e+00   1.796571e-06   1.002280e-03   1.314606e-08   18768
  3.834191e+00   1.810618e-06   1.221518e-03   1.220050e-08   22052
  3.838029e+00   1.798247e-06   9.660660e-04   1.397945e-08   16346
  3.841962e+00   1.778649e-06   1.236558e-03   1.251337e-08   20136
  3.845802e+00   1.848592e-06   9.274195e-04   1.552960e-08   14160
  3.849721e+00   1.787644e-06   1.247069e-03   1.326134e-08   18218
  3.853565e+00   1.811764e-06   8.859468e-04   1.630636e-08   12204
  3.857470e+00   1.819679e-06   1.256334e-03   1.444318e-08   16346
  3.861333e+00   1.782983e-06   8.562781e-04   1.730591e-08   10536
  3.865221e+00   1.814637e-06   1.261091e-03   1.495468e-08   14456
  3.869081e+00   1.772045e-06   8.165112e-04   1.900439e-08   8990
  3.872967e+00   1.803701e-06   1.270385e-03   1.604203e-08   12744
  3.876815e+00   1.793748e-06   7.482517e-04   2.022669e-08   7506
  3.880703e+00   1.832318e-06   1.282849e-03   1.748341e-08   11192
  3.884545e+00   1.776895e-06   6.569471e-04   2.229365e-08   6156
  3.888432e+00   1.850793e-06   1.294599e-03   1.866696e-08   9722
  3.892281e+00   1.823152e-06   5.567157e-04   2.565548e-08   4992
  3.896158e+00   1.802004e-06   1.304505e-03   1.970746e-08   8306
  3.900025e+00   1.825014e-06   4.384033e-04   2.826837e-08   3996
  3.903878e+00   1.811158e-06   1.309274e-03   2.223435e-08   6938
  3.907766e+00   1.861893e-06   3.047624e-04   3.440235e-08   3168
  3.911584e+00   1.815435e-06   1.304853e-03   2.406361e-08   5624
  3.915485e+00   1.830871e-06   2.103226e-04   3.560552e-08   2502
  3.919286e+00   1.871660e-06   1.297747e-03   2.691526e-08   4424
  3.923208e+00   1.836507e-06   2.230451e-04   4.050977e-08   1946
  3.926998e+00   1.850313e-06   1.292790e-03   3.103186e-08   3360
  3.930918e+00   1.909265e-06   1.221617e-04   4.774336e-08   1446
  3.934708e+00   1.913787e-06   1.290208e-03   3.801331e-08   2456
  3.938666e+00   1.964193e-06   2.340394e-04   7.040466e-08   1034
  3.942432e+00   1.984916e-06   1.288305e-03   4.965715e-08   1680
  3.946383e+00   1.640305e-06   5.837572e-05   5.960185e-08   678
  3.950143e+00   1.847663e-06   1.286681e-03   5.486281e-08   1064
  3.954177e+00   1.951990e-06   3.540138e-04   9.098653e-08   410
  3.957868e+00   1.968400e-06   1.284749e-03   7.550068e-08   576
  3.961879e+00   1.957671e-06   1.855368e-05   1.340672e-07   198
  3.965528e+00   1.867403e-06   1.272780e-03   1.041880e-07   248
  3.969917e+00   2.151244e-06   8.019490e-04   2.980629e-07   74
  3.973198e+00   1.879314e-06   1.252635e-03   2.171425e-07   48
  3.977405e+00   2.997434e-06   5.034095e-08   3.330220e-07   6
