# power spectrum of phi
# redshift z=0.980340
# k              Pk             sigma(k)       sigma(Pk)      count
  5.727314e-03   2.686399e-10   8.763345e-04   5.949220e-11   18
  1.001182e-02   4.445167e-10   1.059922e-03   6.339807e-11   62
  1.393445e-02   3.160275e-10   7.332271e-04   3.856558e-11   90
  1.764809e-02   3.034266e-10   1.157232e-03   2.011166e-11   170
  2.151286e-02   2.288688e-10   1.202795e-03   1.427330e-11   246
  2.528669e-02   1.710616e-10   1.146703e-03   9.620778e-12   338
  2.901099e-02   1.557371e-10   9.857564e-04   7.686167e-12   432
  3.284683e-02   1.233743e-10   1.010047e-03   5.576700e-12   578
  3.688195e-02   9.308035e-11   1.177086e-03   3.429641e-12   786
  4.101464e-02   7.281512e-11   1.190994e-03   2.354215e-12   974
  4.488954e-02   6.087751e-11   1.031402e-03   1.918181e-12   1002
  4.870958e-02   5.521570e-11   1.179303e-03   1.438422e-12   1334
  5.263577e-02   4.507280e-11   1.134676e-03   1.236388e-12   1458
  5.631027e-02   4.139227e-11   1.072446e-03   1.011256e-12   1604
  6.010158e-02   3.661538e-11   1.088865e-03   8.660017e-13   1974
  6.404851e-02   3.297264e-11   1.067989e-03   7.004207e-13   2234
  6.795611e-02   3.014339e-11   1.092954e-03   6.129729e-13   2490
  7.198483e-02   2.682023e-11   1.200217e-03   5.060609e-13   3014
  7.595394e-02   2.408828e-11   1.093611e-03   4.390926e-13   3018
  7.977896e-02   2.130252e-11   1.131598e-03   3.710415e-13   3446
  8.359600e-02   1.857335e-11   1.085617e-03   3.152853e-13   3626
  8.742004e-02   1.625820e-11   1.125556e-03   2.559975e-13   4164
  9.130612e-02   1.509922e-11   1.090740e-03   2.307635e-13   4470
  9.521636e-02   1.306148e-11   1.115446e-03   1.925510e-13   4970
  9.915211e-02   1.212046e-11   1.127844e-03   1.639423e-13   5366
  1.030785e-01   1.053973e-11   1.144516e-03   1.362426e-13   5778
  1.069619e-01   9.997515e-12   1.149148e-03   1.262169e-13   6162
  1.108671e-01   9.207895e-12   1.158272e-03   1.164809e-13   6734
  1.146806e-01   8.333997e-12   1.074898e-03   1.011778e-13   6756
  1.184510e-01   8.017113e-12   1.088568e-03   8.972484e-14   7502
  1.223464e-01   7.558876e-12   1.105366e-03   8.461337e-14   8154
  1.262469e-01   6.938157e-12   1.103283e-03   7.502493e-14   8618
  1.301909e-01   6.612435e-12   1.146655e-03   6.850608e-14   9390
  1.341197e-01   6.266754e-12   1.126004e-03   6.354336e-14   9722
  1.380051e-01   5.613683e-12   1.126950e-03   5.534452e-14   10242
  1.419007e-01   5.204361e-12   1.149257e-03   4.957288e-14   11006
  1.457777e-01   4.922874e-12   1.106962e-03   4.658482e-14   11348
  1.496576e-01   4.477739e-12   1.105725e-03   4.019343e-14   12150
  1.535164e-01   4.095225e-12   1.078348e-03   3.713096e-14   12498
  1.574072e-01   3.860099e-12   1.129889e-03   3.263645e-14   13586
  1.613096e-01   3.584643e-12   1.132072e-03   3.050262e-14   14006
  1.652381e-01   3.394360e-12   1.166232e-03   2.718002e-14   15162
  1.691226e-01   3.169095e-12   1.101754e-03   2.603778e-14   14990
  1.729750e-01   2.979230e-12   1.143142e-03   2.324121e-14   16380
  1.768610e-01   2.892473e-12   1.105581e-03   2.259401e-14   16666
  1.807168e-01   2.748654e-12   1.110348e-03   2.075517e-14   17638
  1.845996e-01   2.650427e-12   1.100521e-03   1.966072e-14   18354
  1.884710e-01   2.495695e-12   1.102640e-03   1.851990e-14   19034
  1.923685e-01   2.426013e-12   1.144302e-03   1.676546e-14   20270
  1.963174e-01   2.327012e-12   1.155956e-03   1.588931e-14   21258
  2.002141e-01   2.185903e-12   1.111898e-03   1.484431e-14   21350
  2.040863e-01   2.056297e-12   1.123159e-03   1.376227e-14   22644
  2.079681e-01   1.968658e-12   1.101476e-03   1.299518e-14   23114
  2.118390e-01   1.860196e-12   1.118265e-03   1.211224e-14   24342
  2.157382e-01   1.739221e-12   1.117694e-03   1.106189e-14   25194
  2.196235e-01   1.655302e-12   1.116195e-03   1.037769e-14   25982
  2.234724e-01   1.603135e-12   1.109599e-03   9.831903e-15   26506
  2.273806e-01   1.536137e-12   1.167806e-03   9.078511e-15   28738
  2.312750e-01   1.463079e-12   1.110542e-03   8.723328e-15   28296
  2.351662e-01   1.376173e-12   1.143823e-03   7.831354e-15   30554
  2.390501e-01   1.309358e-12   1.084103e-03   7.595464e-15   30094
  2.428824e-01   1.290768e-12   1.109820e-03   7.268254e-15   31738
  2.467836e-01   1.226431e-12   1.134747e-03   6.743137e-15   33306
  2.506613e-01   1.194608e-12   1.104153e-03   6.457094e-15   33422
  2.545365e-01   1.157402e-12   1.131527e-03   6.170729e-15   35298
  2.584714e-01   1.104210e-12   1.143069e-03   5.779011e-15   36650
  2.623670e-01   1.055923e-12   1.115532e-03   5.466718e-15   36888
  2.662651e-01   1.017940e-12   1.131896e-03   5.161209e-15   38834
  2.701697e-01   9.815891e-13   1.107355e-03   4.971143e-15   39246
  2.740453e-01   9.437810e-13   1.111777e-03   4.694184e-15   40466
  2.778984e-01   9.164677e-13   1.108403e-03   4.520670e-15   41106
  2.817847e-01   8.770590e-13   1.145602e-03   4.209712e-15   43598
  2.856833e-01   8.523229e-13   1.116308e-03   4.067043e-15   43650
  2.895471e-01   8.072083e-13   1.120907e-03   3.801905e-15   45272
  2.934575e-01   7.933783e-13   1.131740e-03   3.675569e-15   46994
  2.973636e-01   7.640331e-13   1.124346e-03   3.505132e-15   47850
  3.012447e-01   7.360238e-13   1.115858e-03   3.355701e-15   48846
  3.051030e-01   7.086199e-13   1.105642e-03   3.193692e-15   49706
  3.089532e-01   6.914699e-13   1.113265e-03   3.077345e-15   51198
  3.128464e-01   6.605667e-13   1.134266e-03   2.911263e-15   53402
  3.167281e-01   6.529590e-13   1.111145e-03   2.805976e-15   53634
  3.206428e-01   6.311015e-13   1.143806e-03   2.646440e-15   56888
  3.245618e-01   6.097732e-13   1.106794e-03   2.580450e-15   56474
  3.284581e-01   5.884414e-13   1.130606e-03   2.418626e-15   58962
  3.323510e-01   5.732582e-13   1.114731e-03   2.359874e-15   59214
  3.362265e-01   5.561061e-13   1.127963e-03   2.265038e-15   61250
  3.400938e-01   5.394880e-13   1.110759e-03   2.192201e-15   61694
  3.439480e-01   5.260872e-13   1.120230e-03   2.091147e-15   63618
  3.478512e-01   5.077423e-13   1.140078e-03   1.983121e-15   66284
  3.517691e-01   4.907538e-13   1.123324e-03   1.902284e-15   67014
  3.556494e-01   4.732561e-13   1.113722e-03   1.815066e-15   67930
  3.595371e-01   4.666268e-13   1.127426e-03   1.755048e-15   70294
  3.634200e-01   4.550837e-13   1.114424e-03   1.723160e-15   70658
  3.672742e-01   4.354079e-13   1.121955e-03   1.630024e-15   72522
  3.711539e-01   4.275904e-13   1.125103e-03   1.582080e-15   74550
  3.750359e-01   4.175305e-13   1.112832e-03   1.522819e-15   75674
  3.789191e-01   4.032826e-13   1.116846e-03   1.434525e-15   77708
  3.828461e-01   3.978071e-13   1.136191e-03   1.383262e-15   80622
  3.867545e-01   3.848797e-13   1.112810e-03   1.353935e-15   80330
  3.906423e-01   3.753500e-13   1.128269e-03   1.302074e-15   82974
  3.945313e-01   3.641419e-13   1.118618e-03   1.257870e-15   83666
  3.984084e-01   3.574023e-13   1.126394e-03   1.226794e-15   85746
  4.022765e-01   3.471369e-13   1.118427e-03   1.187601e-15   86702
  4.061542e-01   3.378862e-13   1.126154e-03   1.122268e-15   89556
  4.100569e-01   3.310389e-13   1.118519e-03   1.101101e-15   91038
  4.139484e-01   3.233497e-13   1.117921e-03   1.059810e-15   92522
  4.178268e-01   3.131357e-13   1.119569e-03   1.016532e-15   94034
  4.217415e-01   3.072590e-13   1.145339e-03   9.920346e-16   97758
  4.256173e-01   2.996042e-13   1.103600e-03   9.680027e-16   95770
  4.294627e-01   2.934354e-13   1.123790e-03   9.285505e-16   99646
  4.333400e-01   2.882593e-13   1.115333e-03   9.076922e-16   100980
  4.372362e-01   2.795383e-13   1.127284e-03   8.661439e-16   104258
  4.411386e-01   2.745197e-13   1.114910e-03   8.548167e-16   104998
  4.450377e-01   2.681160e-13   1.124073e-03   8.160256e-16   107866
  4.489311e-01   2.634929e-13   1.113184e-03   8.049969e-16   108154
  4.528161e-01   2.572394e-13   1.135370e-03   7.715223e-16   111622
  4.567076e-01   2.510804e-13   1.122976e-03   7.487043e-16   112146
  4.605727e-01   2.438214e-13   1.119518e-03   7.255196e-16   114014
  4.644440e-01   2.394110e-13   1.115906e-03   7.073071e-16   116220
  4.683319e-01   2.336541e-13   1.119789e-03   6.790536e-16   118682
  4.722291e-01   2.307245e-13   1.126606e-03   6.681694e-16   121118
  4.761348e-01   2.256160e-13   1.124808e-03   6.414327e-16   122994
  4.800157e-01   2.208129e-13   1.114862e-03   6.299674e-16   123574
  4.838959e-01   2.172966e-13   1.131276e-03   6.090056e-16   126922
  4.877763e-01   2.118916e-13   1.124735e-03   5.934737e-16   127906
  4.916481e-01   2.069975e-13   1.121767e-03   5.690563e-16   130432
  4.955333e-01   2.031700e-13   1.114812e-03   5.609291e-16   132642
  4.994186e-01   1.992401e-13   1.110800e-03   5.452202e-16   134534
  5.033164e-01   1.937566e-13   1.124671e-03   5.229947e-16   137778
  5.072392e-01   1.901560e-13   1.135312e-03   5.106811e-16   140786
  5.111285e-01   1.883943e-13   1.110620e-03   5.047692e-16   139590
  5.149976e-01   1.839235e-13   1.125619e-03   4.861798e-16   143546
  5.188865e-01   1.813927e-13   1.125142e-03   4.778565e-16   145338
  5.227635e-01   1.766051e-13   1.120484e-03   4.577827e-16   147272
  5.266520e-01   1.734211e-13   1.122335e-03   4.484085e-16   150330
  5.305485e-01   1.718324e-13   1.118234e-03   4.409583e-16   152318
  5.344262e-01   1.682836e-13   1.111066e-03   4.286904e-16   153202
  5.383243e-01   1.636243e-13   1.138693e-03   4.095164e-16   158626
  5.422165e-01   1.618234e-13   1.116855e-03   4.091132e-16   157350
  5.460935e-01   1.581118e-13   1.131200e-03   3.913951e-16   161906
  5.499589e-01   1.557172e-13   1.105071e-03   3.884727e-16   160872
  5.538418e-01   1.538988e-13   1.133375e-03   3.758796e-16   167858
  5.577463e-01   1.504904e-13   1.114977e-03   3.700504e-16   167514
  5.616201e-01   1.474595e-13   1.113803e-03   3.584026e-16   169862
  5.655108e-01   1.445625e-13   1.124453e-03   3.484239e-16   173602
  5.694083e-01   1.417126e-13   1.123533e-03   3.389496e-16   175258
  5.732959e-01   1.397733e-13   1.127164e-03   3.320838e-16   177654
  5.771897e-01   1.367716e-13   1.130949e-03   3.229542e-16   180698
  5.810773e-01   1.357970e-13   1.119005e-03   3.187009e-16   181968
  5.849616e-01   1.332007e-13   1.118541e-03   3.097259e-16   184850
  5.888448e-01   1.316432e-13   1.119144e-03   3.061211e-16   187034
  5.927421e-01   1.285318e-13   1.129966e-03   2.935890e-16   191238
  5.966308e-01   1.260575e-13   1.116348e-03   2.904420e-16   191042
  6.005065e-01   1.240974e-13   1.126286e-03   2.805733e-16   195102
  6.043812e-01   1.226683e-13   1.117515e-03   2.766352e-16   195786
  6.082630e-01   1.200409e-13   1.131649e-03   2.695594e-16   201164
  6.121481e-01   1.183702e-13   1.112645e-03   2.641943e-16   201070
  6.160242e-01   1.172969e-13   1.118305e-03   2.588525e-16   205234
  6.199111e-01   1.151643e-13   1.116352e-03   2.538731e-16   207342
  6.237987e-01   1.126944e-13   1.121735e-03   2.471525e-16   210602
  6.276909e-01   1.106298e-13   1.124203e-03   2.403795e-16   213130
  6.315953e-01   1.092889e-13   1.133190e-03   2.351407e-16   217318
  6.354807e-01   1.076693e-13   1.113546e-03   2.320779e-16   216306
  6.393491e-01   1.061882e-13   1.119403e-03   2.267454e-16   220652
  6.432430e-01   1.041715e-13   1.124854e-03   2.201612e-16   224502
  6.471454e-01   1.026986e-13   1.125081e-03   2.165542e-16   227186
  6.510345e-01   1.010869e-13   1.118193e-03   2.124193e-16   228398
  6.549165e-01   9.932770e-14   1.122259e-03   2.073637e-16   231642
  6.587972e-01   9.811288e-14   1.122763e-03   2.037148e-16   233946
  6.626908e-01   9.622840e-14   1.132956e-03   1.978870e-16   238694
  6.665707e-01   9.492960e-14   1.114640e-03   1.952329e-16   238068
  6.704525e-01   9.377492e-14   1.124042e-03   1.902033e-16   244190
  6.743498e-01   9.225380e-14   1.116752e-03   1.866640e-16   245362
  6.782313e-01   9.116538e-14   1.120102e-03   1.833382e-16   248362
  6.821206e-01   8.984751e-14   1.124509e-03   1.799245e-16   251966
  6.860099e-01   8.842928e-14   1.120649e-03   1.753450e-16   254034
  6.898855e-01   8.743455e-14   1.117172e-03   1.738769e-16   255818
  6.937781e-01   8.582832e-14   1.132899e-03   1.692455e-16   262254
  6.976722e-01   8.458490e-14   1.116974e-03   1.662553e-16   261980
  7.015718e-01   8.330124e-14   1.129534e-03   1.620028e-16   268566
  7.054538e-01   8.210934e-14   1.104857e-03   1.593177e-16   265538
  7.093286e-01   8.114252e-14   1.128000e-03   1.562672e-16   273330
  7.132165e-01   7.973262e-14   1.121481e-03   1.529124e-16   273718
  7.171069e-01   7.879785e-14   1.132652e-03   1.494986e-16   279658
  7.209986e-01   7.784444e-14   1.120025e-03   1.480002e-16   279670
  7.248700e-01   7.665349e-14   1.119062e-03   1.449949e-16   282964
  7.287608e-01   7.595870e-14   1.126489e-03   1.422455e-16   288362
  7.326540e-01   7.475660e-14   1.118613e-03   1.389049e-16   289686
  7.365333e-01   7.382265e-14   1.116235e-03   1.368643e-16   292234
  7.404015e-01   7.246205e-14   1.112765e-03   1.344866e-16   294190
  7.442845e-01   7.176809e-14   1.127923e-03   1.316357e-16   300642
  7.481851e-01   7.070581e-14   1.128116e-03   1.287400e-16   303386
  7.520700e-01   6.985234e-14   1.119257e-03   1.273790e-16   304662
  7.559583e-01   6.899556e-14   1.122290e-03   1.243997e-16   309812
  7.598513e-01   6.775649e-14   1.117608e-03   1.221860e-16   311714
  7.637547e-01   6.700674e-14   1.130270e-03   1.196807e-16   318126
  7.676398e-01   6.608996e-14   1.111035e-03   1.186147e-16   315114
  7.715118e-01   6.532572e-14   1.127143e-03   1.152596e-16   322622
  7.753932e-01   6.446635e-14   1.117154e-03   1.137985e-16   322850
  7.792787e-01   6.376070e-14   1.131101e-03   1.118100e-16   329802
  7.831716e-01   6.302546e-14   1.123851e-03   1.097439e-16   331104
  7.870696e-01   6.203742e-14   1.127607e-03   1.076642e-16   336986
  7.909587e-01   6.157523e-14   1.111055e-03   1.068366e-16   335870
  7.948355e-01   6.036534e-14   1.120862e-03   1.038854e-16   341610
  7.987215e-01   6.001693e-14   1.121955e-03   1.030329e-16   344370
  8.026031e-01   5.879932e-14   1.122207e-03   1.006476e-16   347606
  8.064886e-01   5.833578e-14   1.124033e-03   9.889726e-17   351650
  8.103706e-01   5.770794e-14   1.118654e-03   9.759660e-17   353760
  8.142669e-01   5.673148e-14   1.129493e-03   9.515208e-17   360970
  8.181738e-01   5.622676e-14   1.123124e-03   9.411611e-17   362818
  8.220521e-01   5.529248e-14   1.110144e-03   9.220791e-17   362334
  8.259414e-01   5.477163e-14   1.129348e-03   9.060469e-17   371642
  8.298275e-01   5.389133e-14   1.114584e-03   8.989679e-17   368778
  8.337006e-01   5.322823e-14   1.128744e-03   8.764297e-17   376526
  8.375857e-01   5.268679e-14   1.121330e-03   8.627109e-17   377786
  8.414675e-01   5.192504e-14   1.123524e-03   8.468382e-17   382968
  8.453573e-01   5.142672e-14   1.120822e-03   8.347002e-17   386146
  8.492503e-01   5.111071e-14   1.124050e-03   8.218463e-17   390826
  8.531392e-01   5.047483e-14   1.119718e-03   8.101478e-17   392662
  8.570302e-01   4.951968e-14   1.125822e-03   7.891912e-17   398242
  8.609051e-01   4.921688e-14   1.111972e-03   7.875749e-17   396726
  8.647781e-01   4.853908e-14   1.124714e-03   7.672236e-17   404738
  8.686664e-01   4.814814e-14   1.122897e-03   7.602825e-17   407628
  8.725545e-01   4.741162e-14   1.121536e-03   7.451585e-17   411734
  8.764395e-01   4.702287e-14   1.117149e-03   7.350777e-17   414242
  8.803359e-01   4.641643e-14   1.126317e-03   7.198106e-17   421434
  8.842333e-01   4.587347e-14   1.120273e-03   7.107993e-17   421918
  8.881244e-01   4.528741e-14   1.128330e-03   6.982432e-17   427810
  8.920157e-01   4.481528e-14   1.123036e-03   6.883069e-17   429470
  8.958948e-01   4.436958e-14   1.119658e-03   6.796808e-17   432282
  8.997746e-01   4.395539e-14   1.122449e-03   6.702758e-17   437260
  9.036583e-01   4.338454e-14   1.120747e-03   6.610349e-17   440758
  9.075489e-01   4.283917e-14   1.124778e-03   6.468740e-17   446370
  9.114474e-01   4.237527e-14   1.123943e-03   6.361951e-17   450182
  9.153288e-01   4.193545e-14   1.115142e-03   6.290576e-17   449850
  9.192089e-01   4.137923e-14   1.127357e-03   6.168032e-17   457898
  9.230929e-01   4.086440e-14   1.119604e-03   6.060597e-17   458662
  9.269737e-01   4.039189e-14   1.121722e-03   5.989223e-17   464620
  9.308545e-01   3.999503e-14   1.114316e-03   5.926106e-17   466302
  9.347441e-01   3.969232e-14   1.124571e-03   5.814494e-17   474314
  9.386369e-01   3.910658e-14   1.120021e-03   5.700031e-17   475530
  9.425348e-01   3.872400e-14   1.129051e-03   5.628923e-17   483206
  9.464328e-01   3.837898e-14   1.121669e-03   5.568003e-17   483530
  9.503142e-01   3.800406e-14   1.121047e-03   5.513230e-17   487002
  9.541966e-01   3.757503e-14   1.124058e-03   5.380032e-17   491774
  9.580774e-01   3.725996e-14   1.120518e-03   5.363637e-17   495084
  9.619601e-01   3.673128e-14   1.119352e-03   5.261460e-17   499438
  9.658473e-01   3.634856e-14   1.122356e-03   5.169286e-17   504682
  9.697357e-01   3.594717e-14   1.121500e-03   5.105692e-17   507738
  9.736321e-01   3.551884e-14   1.130456e-03   4.980654e-17   515174
  9.775214e-01   3.522512e-14   1.119580e-03   4.964615e-17   514234
  9.813957e-01   3.492144e-14   1.119450e-03   4.900405e-17   519022
  9.852705e-01   3.445760e-14   1.117281e-03   4.820301e-17   522636
  9.891535e-01   3.410610e-14   1.121739e-03   4.741578e-17   529442
  9.930474e-01   3.385151e-14   1.122647e-03   4.689463e-17   534078
  9.969375e-01   3.331992e-14   1.118397e-03   4.599842e-17   536666
  1.000817e+00   3.309202e-14   1.116716e-03   4.565125e-17   539142
  1.004715e+00   3.277657e-14   1.134178e-03   4.462917e-17   550658
  1.008615e+00   3.241502e-14   1.121935e-03   4.436396e-17   548298
  1.012495e+00   3.209627e-14   1.123048e-03   4.346035e-17   553694
  1.016374e+00   3.176889e-14   1.116375e-03   4.313219e-17   556116
  1.020264e+00   3.158893e-14   1.125051e-03   4.251627e-17   564890
  1.024148e+00   3.117250e-14   1.116141e-03   4.188093e-17   563718
  1.028036e+00   3.079044e-14   1.128568e-03   4.095762e-17   574298
  1.031929e+00   3.053262e-14   1.120551e-03   4.067693e-17   573966
  1.035814e+00   3.020786e-14   1.126024e-03   3.997419e-17   580586
  1.039699e+00   2.982790e-14   1.122029e-03   3.950132e-17   582666
  1.043587e+00   2.960999e-14   1.125959e-03   3.893196e-17   590648
  1.047474e+00   2.927077e-14   1.114820e-03   3.855287e-17   590394
  1.051350e+00   2.895683e-14   1.116684e-03   3.795558e-17   596174
  1.055234e+00   2.871970e-14   1.120236e-03   3.742476e-17   601674
  1.059126e+00   2.847719e-14   1.125352e-03   3.700250e-17   607682
  1.063019e+00   2.814442e-14   1.124350e-03   3.645264e-17   611166
  1.066910e+00   2.785819e-14   1.124099e-03   3.585971e-17   615626
  1.070791e+00   2.760605e-14   1.119456e-03   3.555535e-17   617290
  1.074678e+00   2.727754e-14   1.126011e-03   3.487260e-17   626344
  1.078566e+00   2.702939e-14   1.117274e-03   3.451364e-17   626658
  1.082451e+00   2.677927e-14   1.122467e-03   3.403769e-17   634022
  1.086331e+00   2.644410e-14   1.116124e-03   3.349774e-17   634554
  1.090218e+00   2.625963e-14   1.128467e-03   3.319838e-17   645026
  1.094107e+00   2.608042e-14   1.122446e-03   3.294044e-17   645102
  1.097993e+00   2.574357e-14   1.126954e-03   3.229912e-17   653018
  1.101879e+00   2.552279e-14   1.119089e-03   3.199306e-17   654384
  1.105770e+00   2.527017e-14   1.123901e-03   3.153463e-17   663194
  1.109660e+00   2.502674e-14   1.117576e-03   3.117755e-17   663834
  1.113540e+00   2.482873e-14   1.118796e-03   3.077988e-17   669158
  1.117424e+00   2.455981e-14   1.120650e-03   3.026601e-17   674490
  1.121304e+00   2.435287e-14   1.118416e-03   3.001068e-17   677222
  1.125193e+00   2.416703e-14   1.128225e-03   2.962134e-17   686874
  1.129092e+00   2.388935e-14   1.126811e-03   2.914016e-17   690722
  1.132980e+00   2.369236e-14   1.118907e-03   2.890049e-17   692008
  1.136871e+00   2.338822e-14   1.124678e-03   2.844954e-17   701386
  1.140761e+00   2.311638e-14   1.117002e-03   2.801889e-17   700778
  1.144643e+00   2.295000e-14   1.123318e-03   2.760748e-17   708774
  1.148529e+00   2.280392e-14   1.121990e-03   2.744616e-17   711690
  1.152418e+00   2.254720e-14   1.126973e-03   2.699170e-17   719606
  1.156298e+00   2.233414e-14   1.116380e-03   2.678634e-17   717762
  1.160181e+00   2.222558e-14   1.127123e-03   2.634906e-17   730460
  1.164073e+00   2.197053e-14   1.119262e-03   2.606477e-17   731070
  1.167968e+00   2.173179e-14   1.125901e-03   2.563460e-17   741170
  1.171853e+00   2.150455e-14   1.112045e-03   2.548338e-17   737094
  1.175730e+00   2.140378e-14   1.122374e-03   2.513652e-17   747698
  1.179618e+00   2.117975e-14   1.122867e-03   2.472509e-17   751658
  1.183501e+00   2.090412e-14   1.121599e-03   2.445216e-17   755574
  1.187383e+00   2.070754e-14   1.122256e-03   2.412656e-17   761442
  1.191279e+00   2.063644e-14   1.126787e-03   2.386493e-17   770816
  1.195171e+00   2.043387e-14   1.117539e-03   2.368629e-17   769274
  1.199064e+00   2.018248e-14   1.129525e-03   2.314556e-17   782130
  1.202947e+00   2.002765e-14   1.112602e-03   2.316044e-17   775230
  1.206825e+00   1.979863e-14   1.126605e-03   2.266619e-17   789866
  1.210710e+00   1.966254e-14   1.118361e-03   2.250832e-17   787914
  1.214592e+00   1.951887e-14   1.128225e-03   2.219843e-17   799598
  1.218486e+00   1.934256e-14   1.124161e-03   2.191837e-17   802980
  1.222371e+00   1.915431e-14   1.117789e-03   2.171492e-17   805622
  1.226254e+00   1.901150e-14   1.119738e-03   2.145720e-17   812050
  1.230147e+00   1.881019e-14   1.126034e-03   2.111940e-17   820954
  1.234035e+00   1.866401e-14   1.118780e-03   2.097988e-17   820062
  1.237911e+00   1.846462e-14   1.119897e-03   2.071770e-17   826298
  1.241794e+00   1.832488e-14   1.121814e-03   2.041715e-17   833118
  1.245672e+00   1.813179e-14   1.117137e-03   2.022014e-17   834812
  1.249560e+00   1.797170e-14   1.126815e-03   1.989598e-17   847858
  1.253469e+00   1.787219e-14   1.127442e-03   1.971588e-17   854278
  1.257361e+00   1.765780e-14   1.116253e-03   1.942262e-17   850978
  1.261241e+00   1.747934e-14   1.121687e-03   1.921554e-17   859186
  1.265131e+00   1.739754e-14   1.127494e-03   1.907252e-17   867126
  1.269018e+00   1.716497e-14   1.121886e-03   1.878842e-17   868274
  1.272897e+00   1.706430e-14   1.120976e-03   1.864307e-17   873606
  1.276776e+00   1.693046e-14   1.119398e-03   1.841540e-17   879284
  1.280663e+00   1.677469e-14   1.122355e-03   1.809772e-17   887170
  1.284564e+00   1.660423e-14   1.128693e-03   1.787458e-17   897526
  1.288458e+00   1.652510e-14   1.117587e-03   1.783263e-17   894258
  1.292341e+00   1.635613e-14   1.122714e-03   1.752580e-17   903374
  1.296223e+00   1.626337e-14   1.118323e-03   1.750907e-17   904338
  1.300103e+00   1.601170e-14   1.123719e-03   1.711179e-17   913586
  1.303982e+00   1.595392e-14   1.118150e-03   1.705887e-17   915416
  1.307871e+00   1.582378e-14   1.124217e-03   1.683551e-17   928122
  1.311759e+00   1.567259e-14   1.115167e-03   1.660716e-17   926094
  1.315654e+00   1.552254e-14   1.130093e-03   1.633528e-17   942890
  1.319549e+00   1.540188e-14   1.118827e-03   1.626126e-17   937266
  1.323433e+00   1.528283e-14   1.126506e-03   1.606066e-17   948854
  1.327319e+00   1.510023e-14   1.120121e-03   1.581369e-17   948714
  1.331197e+00   1.502512e-14   1.122687e-03   1.569954e-17   956186
  1.335082e+00   1.484258e-14   1.124444e-03   1.546031e-17   964272
  1.338973e+00   1.473654e-14   1.121587e-03   1.531716e-17   969458
  1.342859e+00   1.465647e-14   1.118296e-03   1.520914e-17   972750
  1.346749e+00   1.451805e-14   1.124460e-03   1.499854e-17   982706
  1.350635e+00   1.440319e-14   1.119858e-03   1.488381e-17   982906
  1.354527e+00   1.425053e-14   1.129306e-03   1.461343e-17   996622
  1.358414e+00   1.416196e-14   1.117989e-03   1.453523e-17   992378
  1.362284e+00   1.401593e-14   1.117150e-03   1.437551e-17   999000
  1.366168e+00   1.387831e-14   1.122014e-03   1.412430e-17   1010114
  1.370061e+00   1.381989e-14   1.121750e-03   1.402635e-17   1015722
  1.373948e+00   1.364810e-14   1.119290e-03   1.384678e-17   1018742
  1.377843e+00   1.356157e-14   1.127371e-03   1.364597e-17   1031250
  1.381733e+00   1.346466e-14   1.118461e-03   1.364016e-17   1027226
  1.385615e+00   1.332844e-14   1.126435e-03   1.341039e-17   1039734
  1.389500e+00   1.323106e-14   1.120654e-03   1.330563e-17   1039914
  1.393382e+00   1.309977e-14   1.123683e-03   1.316894e-17   1050272
  1.397267e+00   1.303679e-14   1.117473e-03   1.306067e-17   1052306
  1.401154e+00   1.290598e-14   1.122308e-03   1.288007e-17   1062666
  1.405045e+00   1.278676e-14   1.122401e-03   1.272518e-17   1067262
  1.408935e+00   1.269563e-14   1.123952e-03   1.262497e-17   1073906
  1.412823e+00   1.259898e-14   1.122463e-03   1.245552e-17   1078190
  1.416712e+00   1.252016e-14   1.124033e-03   1.232813e-17   1085634
  1.420592e+00   1.240694e-14   1.117456e-03   1.224583e-17   1085508
  1.424480e+00   1.233442e-14   1.126594e-03   1.207531e-17   1101926
  1.428369e+00   1.223293e-14   1.116061e-03   1.198454e-17   1098322
  1.432252e+00   1.208665e-14   1.121199e-03   1.179758e-17   1109878
  1.436144e+00   1.199188e-14   1.122554e-03   1.169766e-17   1115338
  1.440035e+00   1.190838e-14   1.125793e-03   1.158321e-17   1122586
  1.443924e+00   1.180133e-14   1.123292e-03   1.142345e-17   1125862
  1.447810e+00   1.171624e-14   1.122976e-03   1.134367e-17   1132498
  1.451691e+00   1.161732e-14   1.119415e-03   1.122151e-17   1135444
  1.455573e+00   1.153619e-14   1.122581e-03   1.111655e-17   1145374
  1.459464e+00   1.146499e-14   1.123383e-03   1.102518e-17   1152698
  1.463354e+00   1.135149e-14   1.121349e-03   1.088838e-17   1157046
  1.467236e+00   1.127291e-14   1.119148e-03   1.079369e-17   1160226
  1.471127e+00   1.117015e-14   1.127743e-03   1.063796e-17   1174346
  1.475014e+00   1.109108e-14   1.119897e-03   1.057985e-17   1171462
  1.478897e+00   1.098176e-14   1.124033e-03   1.040461e-17   1183828
  1.482778e+00   1.091256e-14   1.114458e-03   1.037863e-17   1181822
  1.486657e+00   1.083059e-14   1.120779e-03   1.024998e-17   1194930
  1.490547e+00   1.072813e-14   1.122593e-03   1.010115e-17   1202010
  1.494437e+00   1.065842e-14   1.122115e-03   1.003313e-17   1207166
  1.498326e+00   1.056896e-14   1.123291e-03   9.908003e-18   1214106
  1.502209e+00   1.050114e-14   1.118748e-03   9.866679e-18   1215302
  1.506095e+00   1.040916e-14   1.126666e-03   9.714131e-18   1229274
  1.509994e+00   1.032298e-14   1.126873e-03   9.608241e-18   1236164
  1.513882e+00   1.026811e-14   1.118916e-03   9.567063e-18   1235326
  1.517764e+00   1.017543e-14   1.120265e-03   9.439055e-18   1244026
  1.521647e+00   1.006194e-14   1.120382e-03   9.321529e-18   1249154
  1.525536e+00   1.002911e-14   1.126025e-03   9.277368e-18   1260558
  1.529421e+00   9.926045e-15   1.119984e-03   9.174227e-18   1260394
  1.533310e+00   9.842654e-15   1.125848e-03   9.061201e-18   1274758
  1.537193e+00   9.772743e-15   1.115594e-03   8.983178e-18   1270188
  1.541083e+00   9.671552e-15   1.128008e-03   8.842165e-18   1291202
  1.544971e+00   9.614098e-15   1.115149e-03   8.827014e-18   1282654
  1.548850e+00   9.526642e-15   1.122198e-03   8.668330e-18   1298242
  1.552739e+00   9.482025e-15   1.120395e-03   8.616088e-18   1301774
  1.556625e+00   9.428013e-15   1.123165e-03   8.573461e-18   1309770
  1.560512e+00   9.322193e-15   1.123502e-03   8.447588e-18   1315714
  1.564403e+00   9.263504e-15   1.124924e-03   8.369146e-18   1325110
  1.568290e+00   9.210141e-15   1.118940e-03   8.341246e-18   1326012
  1.572174e+00   9.111035e-15   1.122090e-03   8.204196e-18   1336154
  1.576069e+00   9.076391e-15   1.126474e-03   8.135078e-18   1347334
  1.579958e+00   8.995742e-15   1.119782e-03   8.072890e-18   1345354
  1.583833e+00   8.941110e-15   1.119555e-03   7.997579e-18   1350998
  1.587719e+00   8.847614e-15   1.125829e-03   7.883044e-18   1365546
  1.591609e+00   8.772738e-15   1.122088e-03   7.804097e-18   1367474
  1.595497e+00   8.722286e-15   1.123693e-03   7.766117e-18   1377984
  1.599384e+00   8.645784e-15   1.118321e-03   7.676364e-18   1379394
  1.603272e+00   8.597069e-15   1.123056e-03   7.599491e-18   1392230
  1.607160e+00   8.530565e-15   1.118740e-03   7.535929e-18   1392634
  1.611042e+00   8.466254e-15   1.122441e-03   7.470541e-18   1402666
  1.614928e+00   8.390041e-15   1.122269e-03   7.403816e-18   1408502
  1.618814e+00   8.334284e-15   1.122041e-03   7.336588e-18   1415418
  1.622692e+00   8.281075e-15   1.117068e-03   7.283960e-18   1416856
  1.626588e+00   8.224490e-15   1.130843e-03   7.160706e-18   1442002
  1.630485e+00   8.162692e-15   1.117858e-03   7.152008e-18   1431634
  1.634367e+00   8.108065e-15   1.122585e-03   7.068051e-18   1444606
  1.638250e+00   8.048664e-15   1.118765e-03   7.024101e-18   1445890
  1.642138e+00   7.995973e-15   1.126997e-03   6.923235e-18   1462210
  1.646026e+00   7.916499e-15   1.120901e-03   6.856071e-18   1459590
  1.649907e+00   7.854482e-15   1.123856e-03   6.780738e-18   1471226
  1.653797e+00   7.803834e-15   1.123379e-03   6.722014e-18   1480072
  1.657690e+00   7.745597e-15   1.121364e-03   6.680673e-18   1486594
  1.661576e+00   7.707198e-15   1.118520e-03   6.653458e-18   1488882
  1.665461e+00   7.634785e-15   1.123128e-03   6.556409e-18   1500854
  1.669353e+00   7.580869e-15   1.123083e-03   6.496574e-18   1506874
  1.673232e+00   7.515374e-15   1.117624e-03   6.444694e-18   1506094
  1.677111e+00   7.475026e-15   1.122855e-03   6.373931e-18   1519682
  1.680997e+00   7.421110e-15   1.122626e-03   6.322833e-18   1526724
  1.684890e+00   7.378609e-15   1.125240e-03   6.273461e-18   1539038
  1.688782e+00   7.305697e-15   1.119859e-03   6.210658e-18   1539810
  1.692664e+00   7.267081e-15   1.119007e-03   6.167663e-18   1545046
  1.696554e+00   7.202241e-15   1.126236e-03   6.077923e-18   1560538
  1.700441e+00   7.162221e-15   1.120507e-03   6.065478e-18   1557506
  1.704322e+00   7.112917e-15   1.124114e-03   6.006924e-18   1570062
  1.708203e+00   7.058528e-15   1.119253e-03   5.957449e-18   1571290
  1.712089e+00   7.023874e-15   1.124856e-03   5.899998e-18   1588228
  1.715982e+00   6.973026e-15   1.121250e-03   5.851662e-18   1591046
  1.719873e+00   6.908084e-15   1.123715e-03   5.787598e-18   1602474
  1.723761e+00   6.856777e-15   1.118014e-03   5.733314e-18   1601646
  1.727642e+00   6.805566e-15   1.120550e-03   5.701078e-18   1611266
  1.731523e+00   6.764248e-15   1.120678e-03   5.648056e-18   1616634
  1.735410e+00   6.716303e-15   1.126166e-03   5.594316e-18   1631366
  1.739297e+00   6.675192e-15   1.119655e-03   5.546622e-18   1631028
  1.743180e+00   6.646736e-15   1.119854e-03   5.523477e-18   1641446
  1.747073e+00   6.583193e-15   1.124208e-03   5.445398e-18   1654234
  1.750973e+00   6.531765e-15   1.126198e-03   5.392220e-18   1662874
  1.754858e+00   6.496386e-15   1.117471e-03   5.392318e-18   1656686
  1.758736e+00   6.455271e-15   1.122008e-03   5.334376e-18   1670898
  1.762622e+00   6.406436e-15   1.123056e-03   5.270798e-18   1678074
  1.766507e+00   6.353620e-15   1.123311e-03   5.219693e-18   1685198
  1.770393e+00   6.325317e-15   1.122996e-03   5.191994e-18   1694524
  1.774282e+00   6.288057e-15   1.120709e-03   5.162693e-18   1701334
  1.778171e+00   6.237750e-15   1.120908e-03   5.122644e-18   1709386
  1.782064e+00   6.187239e-15   1.123720e-03   5.048829e-18   1719994
  1.785953e+00   6.145022e-15   1.121006e-03   5.033743e-18   1721510
  1.789842e+00   6.101602e-15   1.124974e-03   4.969732e-18   1734978
  1.793722e+00   6.069430e-15   1.116124e-03   4.946554e-18   1728646
  1.797599e+00   6.016014e-15   1.122713e-03   4.878083e-18   1746868
  1.801486e+00   5.992076e-15   1.121127e-03   4.880364e-18   1752922
  1.805380e+00   5.951299e-15   1.125234e-03   4.820343e-18   1767862
  1.809271e+00   5.921577e-15   1.119301e-03   4.805567e-18   1765698
  1.813160e+00   5.872906e-15   1.125035e-03   4.748778e-18   1781270
  1.817049e+00   5.833717e-15   1.121176e-03   4.719375e-18   1780650
  1.820932e+00   5.791166e-15   1.124142e-03   4.676391e-18   1792418
  1.824813e+00   5.764093e-15   1.119388e-03   4.660762e-18   1792790
  1.828696e+00   5.713848e-15   1.123591e-03   4.591222e-18   1809852
  1.832585e+00   5.672868e-15   1.120140e-03   4.559246e-18   1812666
  1.836475e+00   5.645320e-15   1.124777e-03   4.522292e-18   1827614
  1.840367e+00   5.610755e-15   1.121640e-03   4.507200e-18   1829970
  1.844251e+00   5.569130e-15   1.120370e-03   4.459634e-18   1835030
  1.848131e+00   5.529951e-15   1.119790e-03   4.427524e-18   1841410
  1.852017e+00   5.491050e-15   1.124723e-03   4.390440e-18   1856626
  1.855900e+00   5.477621e-15   1.118305e-03   4.371128e-18   1854656
  1.859782e+00   5.433465e-15   1.121720e-03   4.323898e-18   1870698
  1.863671e+00   5.400702e-15   1.120553e-03   4.298911e-18   1876998
  1.867559e+00   5.370185e-15   1.120979e-03   4.274395e-18   1884458
  1.871445e+00   5.333196e-15   1.122381e-03   4.245400e-18   1891730
  1.875338e+00   5.290034e-15   1.127317e-03   4.190461e-18   1907574
  1.879232e+00   5.262386e-15   1.122851e-03   4.169556e-18   1907730
  1.883115e+00   5.234827e-15   1.120697e-03   4.151020e-18   1912154
  1.886997e+00   5.204464e-15   1.121764e-03   4.123814e-18   1923216
  1.890888e+00   5.168701e-15   1.124326e-03   4.084303e-18   1936562
  1.894776e+00   5.142954e-15   1.119734e-03   4.071486e-18   1936862
  1.898663e+00   5.104073e-15   1.122747e-03   4.025224e-18   1950114
  1.902549e+00   5.078065e-15   1.121089e-03   4.005223e-18   1953306
  1.906439e+00   5.046214e-15   1.125982e-03   3.974749e-18   1968806
  1.910327e+00   5.015465e-15   1.121186e-03   3.947046e-18   1968818
  1.914211e+00   4.976663e-15   1.121720e-03   3.917950e-18   1980624
  1.918097e+00   4.974760e-15   1.118800e-03   3.915357e-18   1985034
  1.921980e+00   4.927161e-15   1.120281e-03   3.871162e-18   1995242
  1.925870e+00   4.887715e-15   1.123830e-03   3.837197e-18   2007742
  1.929759e+00   4.865843e-15   1.121495e-03   3.815454e-18   2010538
  1.933641e+00   4.848149e-15   1.121298e-03   3.798606e-18   2017390
  1.937531e+00   4.808351e-15   1.126602e-03   3.756895e-18   2034346
  1.941413e+00   4.778860e-15   1.117450e-03   3.748426e-18   2025498
  1.945299e+00   4.756533e-15   1.127850e-03   3.711530e-18   2055248
  1.949189e+00   4.739854e-15   1.116586e-03   3.712153e-18   2045090
  1.953070e+00   4.701752e-15   1.121603e-03   3.677662e-18   2062074
  1.956959e+00   4.663346e-15   1.122727e-03   3.633223e-18   2070190
  1.960848e+00   4.642305e-15   1.123891e-03   3.622259e-18   2079226
  1.964734e+00   4.623187e-15   1.122069e-03   3.608688e-18   2083990
  1.968623e+00   4.592538e-15   1.124515e-03   3.573271e-18   2097898
  1.972507e+00   4.568117e-15   1.118548e-03   3.568363e-18   2095452
  1.976394e+00   4.540289e-15   1.124843e-03   3.541677e-18   2117390
  1.980286e+00   4.522982e-15   1.119656e-03   3.525720e-18   2117066
  1.984162e+00   4.501309e-15   1.115140e-03   3.508755e-18   2117238
  1.988045e+00   4.458655e-15   1.124414e-03   3.455159e-18   2140026
  1.991938e+00   4.452222e-15   1.125139e-03   3.462212e-18   2147234
  1.995825e+00   4.403101e-15   1.122378e-03   3.427572e-18   2150118
  1.999710e+00   4.389203e-15   1.122400e-03   3.411458e-18   2160386
  2.003596e+00   4.372572e-15   1.121122e-03   3.399193e-18   2168256
  2.007488e+00   4.350658e-15   1.124409e-03   3.374655e-18   2183306
  2.011378e+00   4.331391e-15   1.120925e-03   3.364872e-18   2184642
  2.015262e+00   4.306275e-15   1.120511e-03   3.341143e-18   2192318
  2.019141e+00   4.280851e-15   1.118713e-03   3.323364e-18   2196066
  2.023031e+00   4.262799e-15   1.127541e-03   3.295010e-18   2220890
  2.026922e+00   4.230542e-15   1.121128e-03   3.275972e-18   2215758
  2.030810e+00   4.220727e-15   1.124804e-03   3.268642e-18   2233988
  2.034697e+00   4.191985e-15   1.118045e-03   3.259205e-18   2231670
  2.038579e+00   4.179631e-15   1.119728e-03   3.236685e-18   2244338
  2.042469e+00   4.152040e-15   1.123477e-03   3.218967e-18   2258610
  2.046358e+00   4.129141e-15   1.121050e-03   3.204096e-18   2260718
  2.050240e+00   4.105867e-15   1.120914e-03   3.184957e-18   2268162
  2.054123e+00   4.087215e-15   1.121571e-03   3.166389e-18   2277494
  2.058008e+00   4.066142e-15   1.123134e-03   3.146867e-18   2288796
  2.061901e+00   4.046925e-15   1.126253e-03   3.128407e-18   2305226
  2.065791e+00   4.034606e-15   1.119672e-03   3.136025e-18   2301630
  2.069679e+00   4.017315e-15   1.123731e-03   3.110877e-18   2319770
  2.073565e+00   3.995454e-15   1.118309e-03   3.109891e-18   2315610
  2.077447e+00   3.975872e-15   1.124236e-03   3.087049e-18   2334662
  2.081332e+00   3.950417e-15   1.120785e-03   3.070608e-18   2335722
  2.085219e+00   3.938966e-15   1.124829e-03   3.053349e-18   2354102
  2.089107e+00   3.923439e-15   1.120313e-03   3.047479e-18   2355156
  2.092998e+00   3.906517e-15   1.124614e-03   3.024120e-18   2374250
  2.096888e+00   3.891902e-15   1.120068e-03   3.020499e-18   2373102
  2.100776e+00   3.866776e-15   1.122758e-03   3.001067e-18   2388194
  2.104658e+00   3.847227e-15   1.116928e-03   2.987622e-18   2383470
  2.108539e+00   3.830285e-15   1.123618e-03   2.978633e-18   2404994
  2.112426e+00   3.816024e-15   1.121916e-03   2.960147e-18   2408538
  2.116308e+00   3.795751e-15   1.121742e-03   2.955781e-18   2417744
  2.120198e+00   3.788689e-15   1.124446e-03   2.957059e-18   2434578
  2.124090e+00   3.765122e-15   1.121710e-03   2.931122e-18   2438414
  2.127979e+00   3.757916e-15   1.122410e-03   2.925703e-18   2448066
  2.131867e+00   3.738207e-15   1.122662e-03   2.916613e-18   2456018
  2.135751e+00   3.716616e-15   1.121406e-03   2.907325e-18   2461230
  2.139636e+00   3.694419e-15   1.122653e-03   2.882071e-18   2474330
  2.143519e+00   3.689022e-15   1.119652e-03   2.883510e-18   2476498
  2.147405e+00   3.679515e-15   1.124366e-03   2.876090e-18   2497240
  2.151298e+00   3.662187e-15   1.122529e-03   2.865128e-18   2502930
  2.155185e+00   3.653525e-15   1.120390e-03   2.874159e-18   2508470
  2.159072e+00   3.629719e-15   1.121001e-03   2.848099e-18   2518482
  2.162961e+00   3.620146e-15   1.123829e-03   2.837508e-18   2532074
  2.166844e+00   3.608396e-15   1.118275e-03   2.848377e-18   2526678
  2.170724e+00   3.587039e-15   1.124045e-03   2.814071e-18   2549018
  2.174611e+00   3.585696e-15   1.120040e-03   2.823910e-18   2551704
  2.178497e+00   3.569755e-15   1.122028e-03   2.813677e-18   2566226
  2.182386e+00   3.558272e-15   1.122230e-03   2.801837e-18   2573898
  2.186278e+00   3.546411e-15   1.124844e-03   2.805950e-18   2589182
  2.190164e+00   3.530511e-15   1.119195e-03   2.798394e-18   2584890
  2.194049e+00   3.523284e-15   1.124371e-03   2.789276e-18   2605190
  2.197936e+00   3.508113e-15   1.121682e-03   2.789619e-18   2606418
  2.201821e+00   3.493745e-15   1.123741e-03   2.770276e-18   2621186
  2.205707e+00   3.495845e-15   1.120704e-03   2.783040e-18   2626608
  2.209592e+00   3.486423e-15   1.119995e-03   2.777967e-18   2636714
  2.213479e+00   3.463723e-15   1.121274e-03   2.757449e-18   2647482
  2.217374e+00   3.453659e-15   1.127022e-03   2.754899e-18   2668382
  2.221265e+00   3.448486e-15   1.120175e-03   2.761836e-18   2660418
  2.225149e+00   3.432708e-15   1.122869e-03   2.749110e-18   2676662
  2.229029e+00   3.424091e-15   1.117920e-03   2.755050e-18   2674210
  2.232911e+00   3.413382e-15   1.123157e-03   2.733772e-18   2697076
  2.236800e+00   3.411699e-15   1.121599e-03   2.738995e-18   2703558
  2.240687e+00   3.404908e-15   1.121191e-03   2.743636e-18   2713250
  2.244572e+00   3.383464e-15   1.119243e-03   2.725098e-18   2717718
  2.248464e+00   3.376818e-15   1.127021e-03   2.715141e-18   2743178
  2.252353e+00   3.371189e-15   1.120305e-03   2.730213e-18   2732730
  2.256238e+00   3.360922e-15   1.126187e-03   2.715083e-18   2758022
  2.260125e+00   3.357681e-15   1.119041e-03   2.723146e-18   2751994
  2.264006e+00   3.346763e-15   1.121171e-03   2.721784e-18   2769052
  2.267895e+00   3.340315e-15   1.122842e-03   2.726010e-18   2783062
  2.271785e+00   3.332495e-15   1.121645e-03   2.715750e-18   2789362
  2.275674e+00   3.318173e-15   1.121981e-03   2.703396e-18   2799582
  2.279564e+00   3.321752e-15   1.123236e-03   2.719750e-18   2811170
  2.283450e+00   3.312941e-15   1.121033e-03   2.722016e-18   2812658
  2.287338e+00   3.302946e-15   1.125793e-03   2.711407e-18   2833302
  2.291222e+00   3.292621e-15   1.118388e-03   2.708426e-18   2827420
  2.295104e+00   3.302763e-15   1.121018e-03   2.729733e-18   2846710
  2.298989e+00   3.267611e-15   1.120692e-03   2.699524e-18   2846535
  2.302873e+00   3.221925e-15   1.122997e-03   2.650971e-18   2848496
  2.306761e+00   3.174981e-15   1.122225e-03   2.595526e-18   2841084
  2.310652e+00   3.137571e-15   1.124928e-03   2.553055e-18   2843480
  2.314540e+00   3.090159e-15   1.120270e-03   2.508941e-18   2826624
  2.318424e+00   3.048994e-15   1.123352e-03   2.460096e-18   2828732
  2.322310e+00   3.006896e-15   1.121451e-03   2.417252e-18   2819296
  2.326197e+00   2.956073e-15   1.122811e-03   2.351884e-18   2819548
  2.330081e+00   2.923597e-15   1.118959e-03   2.327247e-18   2805192
  2.333967e+00   2.876288e-15   1.123463e-03   2.278711e-18   2811104
  2.337856e+00   2.847599e-15   1.121717e-03   2.250924e-18   2800672
  2.341743e+00   2.806472e-15   1.122654e-03   2.208663e-18   2798080
  2.345628e+00   2.767043e-15   1.120248e-03   2.172166e-18   2786976
  2.349516e+00   2.731860e-15   1.123594e-03   2.137376e-18   2791016
  2.353406e+00   2.701880e-15   1.121382e-03   2.104601e-18   2779360
  2.357287e+00   2.664287e-15   1.119573e-03   2.070784e-18   2768644
  2.361169e+00   2.625623e-15   1.122534e-03   2.029012e-18   2771192
  2.365058e+00   2.599839e-15   1.121875e-03   2.001167e-18   2765028
  2.368946e+00   2.564876e-15   1.122751e-03   1.971762e-18   2760864
  2.372840e+00   2.533903e-15   1.125689e-03   1.936404e-18   2761616
  2.376724e+00   2.506445e-15   1.118525e-03   1.923381e-18   2737932
  2.380610e+00   2.472060e-15   1.125904e-03   1.885583e-18   2752280
  2.384498e+00   2.443340e-15   1.118464e-03   1.856195e-18   2728764
  2.388382e+00   2.411403e-15   1.123937e-03   1.825161e-18   2736368
  2.392268e+00   2.380672e-15   1.119459e-03   1.802072e-18   2719952
  2.396155e+00   2.350185e-15   1.124236e-03   1.773260e-18   2727120
  2.400042e+00   2.328217e-15   1.118614e-03   1.754256e-18   2708400
  2.403932e+00   2.296673e-15   1.125719e-03   1.720547e-18   2718536
  2.407818e+00   2.272426e-15   1.118504e-03   1.707734e-18   2694300
  2.411707e+00   2.248859e-15   1.126793e-03   1.683460e-18   2709440
  2.415596e+00   2.221726e-15   1.117787e-03   1.664338e-18   2682108
  2.419475e+00   2.189372e-15   1.121308e-03   1.628600e-18   2684912
  2.423360e+00   2.165794e-15   1.121998e-03   1.611354e-18   2678868
  2.427246e+00   2.145161e-15   1.122668e-03   1.591536e-18   2674772
  2.431135e+00   2.120030e-15   1.123033e-03   1.570964e-18   2670120
  2.435021e+00   2.096206e-15   1.120804e-03   1.552739e-18   2659532
  2.438909e+00   2.073300e-15   1.123713e-03   1.531468e-18   2659704
  2.442801e+00   2.050497e-15   1.124617e-03   1.513536e-18   2654348
  2.446687e+00   2.029517e-15   1.121000e-03   1.496065e-18   2640276
  2.450572e+00   2.002745e-15   1.121992e-03   1.473896e-18   2638700
  2.454457e+00   1.988489e-15   1.120074e-03   1.461866e-18   2628244
  2.458344e+00   1.961801e-15   1.124115e-03   1.440721e-18   2630920
  2.462234e+00   1.945501e-15   1.121877e-03   1.428739e-18   2618904
  2.466118e+00   1.919983e-15   1.120448e-03   1.410113e-18   2610932
  2.470005e+00   1.901956e-15   1.121951e-03   1.391463e-18   2608464
  2.473895e+00   1.879088e-15   1.123139e-03   1.371494e-18   2603708
  2.477779e+00   1.861122e-15   1.119694e-03   1.359171e-18   2588012
  2.481660e+00   1.839758e-15   1.122196e-03   1.339386e-18   2588364
  2.485545e+00   1.822552e-15   1.120384e-03   1.326434e-18   2579076
  2.489430e+00   1.799112e-15   1.121132e-03   1.309073e-18   2574152
  2.493314e+00   1.783152e-15   1.121505e-03   1.295084e-18   2566812
  2.497207e+00   1.764532e-15   1.127061e-03   1.276896e-18   2573732
  2.501098e+00   1.749336e-15   1.119524e-03   1.270784e-18   2550568
  2.504983e+00   1.729707e-15   1.123035e-03   1.254157e-18   2552068
  2.508870e+00   1.713849e-15   1.121138e-03   1.242746e-18   2539620
  2.512757e+00   1.693886e-15   1.124635e-03   1.227256e-18   2540936
  2.516646e+00   1.680393e-15   1.121040e-03   1.215617e-18   2528032
  2.520531e+00   1.663010e-15   1.120365e-03   1.202192e-18   2521480
  2.524419e+00   1.647578e-15   1.122347e-03   1.194036e-18   2517980
  2.528309e+00   1.628289e-15   1.123011e-03   1.178106e-18   2511744
  2.532195e+00   1.612050e-15   1.120855e-03   1.166122e-18   2500140
  2.536081e+00   1.596993e-15   1.121926e-03   1.152276e-18   2496980
  2.539968e+00   1.583035e-15   1.121125e-03   1.145273e-18   2486924
  2.543856e+00   1.565371e-15   1.124762e-03   1.129334e-18   2487000
  2.547743e+00   1.550781e-15   1.120210e-03   1.122421e-18   2469840
  2.551626e+00   1.537690e-15   1.122637e-03   1.111162e-18   2469656
  2.555511e+00   1.523056e-15   1.119469e-03   1.102331e-18   2456844
  2.559401e+00   1.509315e-15   1.125965e-03   1.090745e-18   2462876
  2.563290e+00   1.496291e-15   1.120472e-03   1.080953e-18   2442136
  2.567174e+00   1.479287e-15   1.123165e-03   1.066121e-18   2441944
  2.571061e+00   1.466000e-15   1.120769e-03   1.058345e-18   2430508
  2.574945e+00   1.450348e-15   1.121157e-03   1.047882e-18   2424352
  2.578832e+00   1.440745e-15   1.123693e-03   1.039931e-18   2421264
  2.582722e+00   1.425528e-15   1.122895e-03   1.032708e-18   2413064
  2.586608e+00   1.416343e-15   1.120676e-03   1.024452e-18   2401572
  2.590492e+00   1.397452e-15   1.121724e-03   1.009176e-18   2397284
  2.594379e+00   1.387015e-15   1.121499e-03   1.002162e-18   2388336
  2.598268e+00   1.375258e-15   1.124943e-03   9.908831e-19   2387204
  2.602153e+00   1.361219e-15   1.119280e-03   9.849913e-19   2368644
  2.606033e+00   1.351721e-15   1.120613e-03   9.806790e-19   2365400
  2.609918e+00   1.339428e-15   1.121690e-03   9.719077e-19   2360072
  2.613808e+00   1.327807e-15   1.123660e-03   9.623598e-19   2356464
  2.617696e+00   1.315100e-15   1.121214e-03   9.536279e-19   2343240
  2.621583e+00   1.305689e-15   1.122605e-03   9.488251e-19   2340248
  2.625468e+00   1.291608e-15   1.118824e-03   9.385155e-19   2325000
  2.629355e+00   1.279155e-15   1.124959e-03   9.278273e-19   2328632
  2.633245e+00   1.271021e-15   1.121910e-03   9.245883e-19   2313220
  2.637134e+00   1.257020e-15   1.124095e-03   9.142125e-19   2310772
  2.641020e+00   1.248157e-15   1.119781e-03   9.106608e-19   2295420
  2.644905e+00   1.236728e-15   1.122584e-03   8.987767e-19   2293592
  2.648791e+00   1.224941e-15   1.120952e-03   8.921063e-19   2281384
  2.652683e+00   1.214002e-15   1.126704e-03   8.842020e-19   2285776
  2.656570e+00   1.205300e-15   1.117325e-03   8.814818e-19   2259408
  2.660455e+00   1.196035e-15   1.124314e-03   8.716287e-19   2266808
  2.664344e+00   1.186779e-15   1.120389e-03   8.692627e-19   2248836
  2.668227e+00   1.175192e-15   1.123045e-03   8.598216e-19   2245244
  2.672111e+00   1.165022e-15   1.120801e-03   8.572913e-19   2233908
  2.675998e+00   1.155823e-15   1.122974e-03   8.482450e-19   2231660
  2.679886e+00   1.146505e-15   1.120422e-03   8.429111e-19   2218544
  2.683775e+00   1.135176e-15   1.124792e-03   8.340104e-19   2218176
  2.687664e+00   1.127539e-15   1.121286e-03   8.310906e-19   2202900
  2.691550e+00   1.118654e-15   1.121747e-03   8.258652e-19   2197472
  2.695433e+00   1.109085e-15   1.118354e-03   8.196595e-19   2181960
  2.699317e+00   1.100618e-15   1.124130e-03   8.132380e-19   2183696
  2.703207e+00   1.092832e-15   1.123719e-03   8.089359e-19   2173416
  2.707096e+00   1.082714e-15   1.122917e-03   8.029725e-19   2165444
  2.710982e+00   1.075037e-15   1.119761e-03   7.988389e-19   2152688
  2.714867e+00   1.064208e-15   1.121777e-03   7.914533e-19   2147628
  2.718754e+00   1.057341e-15   1.122335e-03   7.867271e-19   2139012
  2.722646e+00   1.049017e-15   1.125226e-03   7.811645e-19   2136008
  2.726525e+00   1.039916e-15   1.114594e-03   7.801210e-19   2108656
  2.730404e+00   1.032705e-15   1.123744e-03   7.707498e-19   2117896
  2.734296e+00   1.026523e-15   1.123450e-03   7.690731e-19   2106260
  2.738185e+00   1.014737e-15   1.123855e-03   7.626761e-19   2099088
  2.742075e+00   1.007944e-15   1.121974e-03   7.579346e-19   2088432
  2.745961e+00   1.001444e-15   1.120471e-03   7.553941e-19   2078432
  2.749845e+00   9.929745e-16   1.120708e-03   7.492610e-19   2069048
  2.753732e+00   9.852051e-16   1.123831e-03   7.457003e-19   2064804
  2.757623e+00   9.785740e-16   1.123568e-03   7.408747e-19   2055644
  2.761510e+00   9.700312e-16   1.120700e-03   7.350372e-19   2043000
  2.765392e+00   9.641269e-16   1.120067e-03   7.334741e-19   2032348
  2.769281e+00   9.578596e-16   1.126495e-03   7.298124e-19   2034064
  2.773172e+00   9.503243e-16   1.122211e-03   7.242067e-19   2017740
  2.777059e+00   9.421993e-16   1.121480e-03   7.214238e-19   2010188
  2.780942e+00   9.351382e-16   1.118751e-03   7.165285e-19   1996556
  2.784826e+00   9.281783e-16   1.122456e-03   7.125391e-19   1992816
  2.788712e+00   9.232063e-16   1.122411e-03   7.107686e-19   1982400
  2.792596e+00   9.139672e-16   1.121262e-03   7.039272e-19   1972256
  2.796480e+00   9.092735e-16   1.121000e-03   7.035524e-19   1964384
  2.800370e+00   9.006203e-16   1.122889e-03   6.974963e-19   1958544
  2.804258e+00   8.948554e-16   1.122489e-03   6.955486e-19   1946988
  2.808149e+00   8.886130e-16   1.124629e-03   6.910085e-19   1942532
  2.812034e+00   8.820985e-16   1.117383e-03   6.891588e-19   1921692
  2.815918e+00   8.771718e-16   1.123808e-03   6.861304e-19   1924004
  2.819806e+00   8.711990e-16   1.120365e-03   6.845392e-19   1907344
  2.823695e+00   8.651123e-16   1.126069e-03   6.788391e-19   1907440
  2.827583e+00   8.585550e-16   1.118720e-03   6.784268e-19   1886136
  2.831464e+00   8.513225e-16   1.121920e-03   6.724398e-19   1883144
  2.835353e+00   8.449385e-16   1.122753e-03   6.686937e-19   1874724
  2.839243e+00   8.397437e-16   1.123826e-03   6.665832e-19   1866068
  2.843130e+00   8.354590e-16   1.121455e-03   6.660524e-19   1852980
  2.847017e+00   8.296541e-16   1.122782e-03   6.627322e-19   1847468
  2.850900e+00   8.248733e-16   1.117935e-03   6.622496e-19   1829636
  2.854785e+00   8.175773e-16   1.123959e-03   6.581725e-19   1829688
  2.858675e+00   8.130826e-16   1.122789e-03   6.527983e-19   1817192
  2.862561e+00   8.084841e-16   1.121150e-03   6.535618e-19   1806312
  2.866446e+00   8.022544e-16   1.120289e-03   6.505718e-19   1795984
  2.870334e+00   7.954269e-16   1.123627e-03   6.454839e-19   1791100
  2.874224e+00   7.897674e-16   1.122050e-03   6.431307e-19   1777648
  2.878111e+00   7.858520e-16   1.123043e-03   6.428726e-19   1769848
  2.881996e+00   7.799794e-16   1.119995e-03   6.400473e-19   1756536
  2.885881e+00   7.751465e-16   1.121386e-03   6.382001e-19   1748960
  2.889768e+00   7.713972e-16   1.123014e-03   6.359816e-19   1739952
  2.893658e+00   7.640141e-16   1.124239e-03   6.312916e-19   1732124
  2.897544e+00   7.604058e-16   1.120323e-03   6.327426e-19   1716852
  2.901430e+00   7.553425e-16   1.122735e-03   6.295404e-19   1712276
  2.905319e+00   7.522040e-16   1.121222e-03   6.295952e-19   1698500
  2.909208e+00   7.467060e-16   1.125604e-03   6.268263e-19   1693932
  2.913093e+00   7.424138e-16   1.119232e-03   6.256293e-19   1675204
  2.916975e+00   7.380988e-16   1.121771e-03   6.250769e-19   1670644
  2.920858e+00   7.318750e-16   1.118515e-03   6.221032e-19   1655532
  2.924748e+00   7.287333e-16   1.126990e-03   6.203276e-19   1656860
  2.928637e+00   7.255790e-16   1.119840e-03   6.218976e-19   1635372
  2.932524e+00   7.185994e-16   1.124773e-03   6.167155e-19   1634324
  2.936410e+00   7.146235e-16   1.117372e-03   6.158806e-19   1613676
  2.940295e+00   7.101364e-16   1.124617e-03   6.135582e-19   1613348
  2.944183e+00   7.056862e-16   1.120803e-03   6.136707e-19   1596236
  2.948069e+00   7.012744e-16   1.123999e-03   6.108456e-19   1591476
  2.951956e+00   6.972318e-16   1.119134e-03   6.111181e-19   1575732
  2.955838e+00   6.920683e-16   1.120429e-03   6.090906e-19   1566236
  2.959725e+00   6.885531e-16   1.124724e-03   6.084897e-19   1560292
  2.963618e+00   6.841403e-16   1.124442e-03   6.072258e-19   1550092
  2.967503e+00   6.811115e-16   1.118750e-03   6.073316e-19   1532628
  2.971386e+00   6.759973e-16   1.121507e-03   6.039921e-19   1527332
  2.975274e+00   6.734322e-16   1.121884e-03   6.068480e-19   1515212
  2.979160e+00   6.698693e-16   1.123567e-03   6.057330e-19   1506444
  2.983048e+00   6.658635e-16   1.122261e-03   6.050901e-19   1495116
  2.986928e+00   6.614459e-16   1.117074e-03   6.041060e-19   1479152
  2.990812e+00   6.575832e-16   1.122982e-03   6.004696e-19   1475512
  2.994707e+00   6.537558e-16   1.126591e-03   5.992436e-19   1467820
  2.998598e+00   6.502200e-16   1.121923e-03   6.009714e-19   1451256
  3.002486e+00   6.449588e-16   1.122725e-03   5.972546e-19   1443212
  3.006369e+00   6.412667e-16   1.117256e-03   5.979786e-19   1425680
  3.010254e+00   6.390122e-16   1.124371e-03   5.987995e-19   1422972
  3.014143e+00   6.352156e-16   1.123023e-03   5.993605e-19   1408632
  3.018032e+00   6.308448e-16   1.123941e-03   5.978220e-19   1400984
  3.021918e+00   6.267422e-16   1.117887e-03   5.959907e-19   1383196
  3.025801e+00   6.243789e-16   1.123197e-03   5.964693e-19   1378120
  3.029692e+00   6.224888e-16   1.124450e-03   5.991758e-19   1367272
  3.033584e+00   6.164935e-16   1.124457e-03   5.963149e-19   1356580
  3.037464e+00   6.144100e-16   1.115974e-03   5.981611e-19   1337028
  3.041343e+00   6.112227e-16   1.120802e-03   5.990132e-19   1332500
  3.045230e+00   6.077051e-16   1.122780e-03   5.962567e-19   1321796
  3.049120e+00   6.012414e-16   1.124838e-03   5.928077e-19   1312716
  3.053007e+00   5.988312e-16   1.119942e-03   5.956920e-19   1296580
  3.056896e+00   5.956892e-16   1.124221e-03   5.928844e-19   1291528
  3.060783e+00   5.944509e-16   1.119071e-03   5.979594e-19   1273128
  3.064669e+00   5.887698e-16   1.125633e-03   5.942637e-19   1268720
  3.068560e+00   5.856497e-16   1.122309e-03   5.955046e-19   1254016
  3.072444e+00   5.823334e-16   1.119894e-03   5.957660e-19   1241296
  3.076322e+00   5.789926e-16   1.116955e-03   5.977650e-19   1226712
  3.080211e+00   5.752534e-16   1.128188e-03   5.948144e-19   1226228
  3.084105e+00   5.722696e-16   1.122621e-03   5.947588e-19   1207768
  3.087992e+00   5.690623e-16   1.122433e-03   5.966877e-19   1198336
  3.091874e+00   5.654362e-16   1.117108e-03   5.998031e-19   1181484
  3.095761e+00   5.621509e-16   1.125421e-03   5.961604e-19   1178012
  3.099653e+00   5.600272e-16   1.123268e-03   5.994456e-19   1162564
  3.103535e+00   5.550227e-16   1.120338e-03   5.980718e-19   1149340
  3.107418e+00   5.512470e-16   1.119954e-03   5.955888e-19   1138848
  3.111303e+00   5.477838e-16   1.120192e-03   5.967783e-19   1126748
  3.115189e+00   5.466847e-16   1.123911e-03   5.992540e-19   1117428
  3.119084e+00   5.412983e-16   1.126323e-03   5.989862e-19   1108112
  3.122973e+00   5.392393e-16   1.119549e-03   5.999562e-19   1090596
  3.126857e+00   5.347470e-16   1.120292e-03   6.008675e-19   1081052
  3.130738e+00   5.310553e-16   1.118514e-03   6.011224e-19   1065716
  3.134626e+00   5.285515e-16   1.127732e-03   6.010753e-19   1061940
  3.138518e+00   5.247221e-16   1.121370e-03   6.034496e-19   1044096
  3.142404e+00   5.207470e-16   1.122139e-03   6.026369e-19   1034864
  3.146289e+00   5.151960e-16   1.117591e-03   5.964167e-19   1018308
  3.150179e+00   5.146758e-16   1.129200e-03   6.011096e-19   1014812
  3.154072e+00   5.118828e-16   1.121981e-03   6.023618e-19   996288
  3.157955e+00   5.046746e-16   1.120847e-03   5.992921e-19   985376
  3.161835e+00   5.004340e-16   1.115880e-03   5.986088e-19   969652
  3.165722e+00   4.997609e-16   1.125987e-03   6.017670e-19   964924
  3.169610e+00   4.981529e-16   1.121515e-03   6.059508e-19   947228
  3.173495e+00   4.898150e-16   1.123457e-03   5.985640e-19   939084
  3.177381e+00   4.881928e-16   1.116472e-03   6.042792e-19   921864
  3.181265e+00   4.817788e-16   1.123502e-03   5.972655e-19   914252
  3.185159e+00   4.820373e-16   1.126304e-03   6.061529e-19   902572
  3.189050e+00   4.756170e-16   1.123145e-03   6.020563e-19   888784
  3.192932e+00   4.697389e-16   1.116224e-03   5.978947e-19   872540
  3.196811e+00   4.646466e-16   1.120157e-03   5.952606e-19   862848
  3.200697e+00   4.632061e-16   1.124093e-03   6.004040e-19   851760
  3.204592e+00   4.573806e-16   1.127172e-03   5.950986e-19   841940
  3.208479e+00   4.506245e-16   1.117661e-03   5.932316e-19   823032
  3.212364e+00   4.467571e-16   1.123934e-03   5.892486e-19   816044
  3.216253e+00   4.446275e-16   1.120364e-03   5.923473e-19   799292
  3.220140e+00   4.375735e-16   1.126784e-03   5.872897e-19   791304
  3.224026e+00   4.320886e-16   1.117490e-03   5.873556e-19   772868
  3.227902e+00   4.268761e-16   1.119936e-03   5.782459e-19   762552
  3.231787e+00   4.210114e-16   1.121745e-03   5.714539e-19   750876
  3.235677e+00   4.162542e-16   1.123999e-03   5.713520e-19   739280
  3.239565e+00   4.103559e-16   1.121784e-03   5.658380e-19   724944
  3.243456e+00   4.025810e-16   1.124267e-03   5.577818e-19   714380
  3.247336e+00   3.981143e-16   1.116046e-03   5.533735e-19   695932
  3.251222e+00   3.909396e-16   1.126879e-03   5.400704e-19   690949
  3.255114e+00   3.859251e-16   1.118914e-03   5.377541e-19   673638
  3.258999e+00   3.796773e-16   1.124434e-03   5.300152e-19   666092
  3.262883e+00   3.754449e-16   1.117312e-03   5.276856e-19   651024
  3.266766e+00   3.706879e-16   1.124054e-03   5.232650e-19   644804
  3.270656e+00   3.678057e-16   1.121035e-03   5.221745e-19   632676
  3.274546e+00   3.616693e-16   1.125434e-03   5.139082e-19   624962
  3.278430e+00   3.580346e-16   1.118496e-03   5.135699e-19   611280
  3.282321e+00   3.558531e-16   1.127391e-03   5.094384e-19   607256
  3.286211e+00   3.496479e-16   1.118374e-03   5.054234e-19   592616
  3.290095e+00   3.480002e-16   1.124430e-03   5.043291e-19   587160
  3.293983e+00   3.437722e-16   1.120749e-03   4.993917e-19   575482
  3.297866e+00   3.393288e-16   1.122505e-03   4.978175e-19   568258
  3.301757e+00   3.368958e-16   1.122731e-03   4.937795e-19   559638
  3.305647e+00   3.334211e-16   1.123210e-03   4.930229e-19   551498
  3.309536e+00   3.312911e-16   1.121790e-03   4.917276e-19   542364
  3.313423e+00   3.266073e-16   1.122328e-03   4.858973e-19   534146
  3.317305e+00   3.248669e-16   1.119988e-03   4.872455e-19   524980
  3.321196e+00   3.215759e-16   1.125222e-03   4.851948e-19   519964
  3.325077e+00   3.195266e-16   1.115886e-03   4.860916e-19   507108
  3.328962e+00   3.151510e-16   1.126905e-03   4.810893e-19   504992
  3.332852e+00   3.120071e-16   1.118656e-03   4.811677e-19   492948
  3.336740e+00   3.090999e-16   1.127360e-03   4.765386e-19   489740
  3.340629e+00   3.070249e-16   1.117346e-03   4.772633e-19   477716
  3.344511e+00   3.038657e-16   1.124864e-03   4.721917e-19   473844
  3.348399e+00   3.030785e-16   1.119228e-03   4.749336e-19   464222
  3.352284e+00   2.982300e-16   1.123815e-03   4.708733e-19   459048
  3.356167e+00   2.975107e-16   1.117888e-03   4.742252e-19   449574
  3.360054e+00   2.939781e-16   1.125019e-03   4.694887e-19   445820
  3.363936e+00   2.920968e-16   1.116211e-03   4.706714e-19   435158
  3.367827e+00   2.904631e-16   1.127850e-03   4.691943e-19   433566
  3.371713e+00   2.869177e-16   1.114763e-03   4.681666e-19   421014
  3.375597e+00   2.865863e-16   1.127754e-03   4.681810e-19   419996
  3.379490e+00   2.839585e-16   1.118287e-03   4.694660e-19   409482
  3.383368e+00   2.800218e-16   1.121665e-03   4.644486e-19   404414
  3.387257e+00   2.782000e-16   1.122567e-03   4.672485e-19   398518
  3.391148e+00   2.767496e-16   1.123750e-03   4.671965e-19   392302
  3.395033e+00   2.749971e-16   1.121765e-03   4.653645e-19   385318
  3.398930e+00   2.725738e-16   1.127631e-03   4.626730e-19   381718
  3.402811e+00   2.695457e-16   1.114511e-03   4.622027e-19   370674
  3.406696e+00   2.691949e-16   1.128673e-03   4.644087e-19   370166
  3.410587e+00   2.682080e-16   1.117032e-03   4.696921e-19   359838
  3.414471e+00   2.644511e-16   1.126612e-03   4.598558e-19   357488
  3.418356e+00   2.629670e-16   1.115416e-03   4.644134e-19   348174
  3.422239e+00   2.602112e-16   1.126138e-03   4.614516e-19   346010
  3.426123e+00   2.592528e-16   1.115666e-03   4.649041e-19   336966
  3.430017e+00   2.565877e-16   1.131496e-03   4.588358e-19   336488
  3.433906e+00   2.559757e-16   1.113178e-03   4.665540e-19   325206
  3.437790e+00   2.537556e-16   1.128394e-03   4.599623e-19   324614
  3.441675e+00   2.515028e-16   1.113950e-03   4.626104e-19   314792
  3.445561e+00   2.514500e-16   1.129033e-03   4.650466e-19   314082
  3.449445e+00   2.483674e-16   1.112843e-03   4.656800e-19   303918
  3.453329e+00   2.485417e-16   1.130230e-03   4.666728e-19   303872
  3.457223e+00   2.460963e-16   1.118237e-03   4.683515e-19   295070
  3.461110e+00   2.435538e-16   1.127117e-03   4.632840e-19   292776
  3.464999e+00   2.448500e-16   1.118155e-03   4.699632e-19   285198
  3.468882e+00   2.407163e-16   1.124173e-03   4.689542e-19   282068
  3.472770e+00   2.404767e-16   1.120642e-03   4.699340e-19   276094
  3.476654e+00   2.390986e-16   1.121770e-03   4.704803e-19   271936
  3.480537e+00   2.379925e-16   1.119604e-03   4.734769e-19   266352
  3.484425e+00   2.356930e-16   1.124273e-03   4.741159e-19   263198
  3.488309e+00   2.350418e-16   1.117087e-03   4.729109e-19   256540
  3.492199e+00   2.327957e-16   1.128018e-03   4.742568e-19   254758
  3.496085e+00   2.339568e-16   1.114575e-03   4.814461e-19   246888
  3.499973e+00   2.308876e-16   1.129431e-03   4.754945e-19   245984
  3.503859e+00   2.296033e-16   1.113747e-03   4.795958e-19   237838
  3.507743e+00   2.275823e-16   1.128624e-03   4.766109e-19   236932
  3.511628e+00   2.277250e-16   1.114686e-03   4.865610e-19   229296
  3.515519e+00   2.253623e-16   1.132107e-03   4.810419e-19   228968
  3.519410e+00   2.253151e-16   1.115334e-03   4.899297e-19   220862
  3.523299e+00   2.239209e-16   1.132320e-03   4.859757e-19   220440
  3.527188e+00   2.223948e-16   1.113877e-03   4.911716e-19   212400
  3.531075e+00   2.211966e-16   1.132596e-03   4.850416e-19   212228
  3.534965e+00   2.203265e-16   1.113928e-03   4.954172e-19   204518
  3.538852e+00   2.186007e-16   1.130227e-03   4.929176e-19   203928
  3.542735e+00   2.193016e-16   1.110921e-03   5.046955e-19   196280
  3.546619e+00   2.170467e-16   1.130361e-03   4.951855e-19   196272
  3.550503e+00   2.165125e-16   1.110008e-03   5.035466e-19   188572
  3.554385e+00   2.152776e-16   1.129045e-03   5.059171e-19   188440
  3.558272e+00   2.154651e-16   1.112527e-03   5.128041e-19   181574
  3.562156e+00   2.130232e-16   1.129325e-03   5.054735e-19   180912
  3.566042e+00   2.124626e-16   1.112617e-03   5.154863e-19   174304
  3.569927e+00   2.113289e-16   1.129933e-03   5.094612e-19   173620
  3.573814e+00   2.118072e-16   1.114477e-03   5.217205e-19   167424
  3.577707e+00   2.092494e-16   1.132693e-03   5.148296e-19   166952
  3.581590e+00   2.091189e-16   1.109406e-03   5.242407e-19   159744
  3.585479e+00   2.071031e-16   1.134885e-03   5.207343e-19   160424
  3.589363e+00   2.059374e-16   1.107308e-03   5.301916e-19   152748
  3.593250e+00   2.065541e-16   1.136784e-03   5.310333e-19   153920
  3.597136e+00   2.067813e-16   1.105473e-03   5.468085e-19   146016
  3.601018e+00   2.048090e-16   1.136208e-03   5.394609e-19   147176
  3.604907e+00   2.033666e-16   1.107710e-03   5.477754e-19   139992
  3.608791e+00   2.038484e-16   1.135264e-03   5.510023e-19   140588
  3.612682e+00   2.030317e-16   1.111007e-03   5.551115e-19   134184
  3.616571e+00   2.012794e-16   1.134121e-03   5.531118e-19   134192
  3.620457e+00   2.012083e-16   1.110077e-03   5.670997e-19   127992
  3.624344e+00   1.990665e-16   1.133946e-03   5.604083e-19   128132
  3.628235e+00   2.000001e-16   1.112933e-03   5.733267e-19   122384
  3.632120e+00   1.997185e-16   1.130787e-03   5.736626e-19   121896
  3.636006e+00   1.991045e-16   1.111987e-03   5.839677e-19   116592
  3.639888e+00   1.980824e-16   1.130031e-03   5.834522e-19   116072
  3.643776e+00   1.974205e-16   1.113281e-03   5.957583e-19   111196
  3.647666e+00   1.965122e-16   1.133982e-03   5.880773e-19   110824
  3.651553e+00   1.975737e-16   1.109351e-03   6.149384e-19   105456
  3.655445e+00   1.945124e-16   1.137911e-03   6.036148e-19   105746
  3.659331e+00   1.957061e-16   1.104570e-03   6.257258e-19   99816
  3.663217e+00   1.942129e-16   1.137630e-03   6.140616e-19   100460
  3.667098e+00   1.945077e-16   1.103186e-03   6.366551e-19   94616
  3.670986e+00   1.942378e-16   1.138482e-03   6.292390e-19   95448
  3.674871e+00   1.929554e-16   1.104767e-03   6.472701e-19   89784
  3.678762e+00   1.935196e-16   1.138753e-03   6.448048e-19   90536
  3.682640e+00   1.912339e-16   1.098833e-03   6.617683e-19   84566
  3.686528e+00   1.910872e-16   1.143171e-03   6.532743e-19   86088
  3.690411e+00   1.916404e-16   1.094501e-03   6.809392e-19   79680
  3.694290e+00   1.914993e-16   1.143460e-03   6.747996e-19   81368
  3.698177e+00   1.909158e-16   1.096007e-03   6.974883e-19   75356
  3.702056e+00   1.890830e-16   1.143156e-03   6.809526e-19   76704
  3.705948e+00   1.908549e-16   1.100016e-03   7.147025e-19   71322
  3.709834e+00   1.891881e-16   1.143672e-03   7.028930e-19   72248
  3.713724e+00   1.898133e-16   1.099908e-03   7.333407e-19   67160
  3.717610e+00   1.881541e-16   1.141543e-03   7.264226e-19   67836
  3.721489e+00   1.868765e-16   1.096984e-03   7.453966e-19   62976
  3.725379e+00   1.880456e-16   1.144398e-03   7.464475e-19   63914
  3.729253e+00   1.898394e-16   1.092761e-03   7.880589e-19   58832
  3.733144e+00   1.864094e-16   1.147084e-03   7.570850e-19   60108
  3.737017e+00   1.868912e-16   1.090205e-03   7.981744e-19   54920
  3.740928e+00   1.862638e-16   1.160099e-03   7.748059e-19   56970
  3.744809e+00   1.873236e-16   1.078913e-03   8.284400e-19   50760
  3.748701e+00   1.856376e-16   1.161348e-03   7.956794e-19   53312
  3.752584e+00   1.863295e-16   1.074836e-03   8.527097e-19   47164
  3.756472e+00   1.858334e-16   1.163802e-03   8.335698e-19   49810
  3.760356e+00   1.855467e-16   1.069365e-03   9.007146e-19   43680
  3.764234e+00   1.860899e-16   1.164818e-03   8.622213e-19   46328
  3.768129e+00   1.850425e-16   1.073902e-03   9.251997e-19   40694
  3.772013e+00   1.818716e-16   1.167140e-03   8.810632e-19   42984
  3.775913e+00   1.854190e-16   1.073587e-03   9.634900e-19   37656
  3.779787e+00   1.855053e-16   1.164236e-03   9.401623e-19   39578
  3.783688e+00   1.841710e-16   1.077878e-03   9.794518e-19   34920
  3.787564e+00   1.841841e-16   1.160065e-03   9.667500e-19   36308
  3.791451e+00   1.849754e-16   1.076316e-03   1.030020e-18   32136
  3.795334e+00   1.834332e-16   1.159401e-03   1.010650e-18   33362
  3.799207e+00   1.831912e-16   1.069739e-03   1.045072e-18   29336
  3.803104e+00   1.834447e-16   1.167435e-03   1.029460e-18   30804
  3.806966e+00   1.844249e-16   1.055228e-03   1.140443e-18   26490
  3.810870e+00   1.806537e-16   1.176653e-03   1.060337e-18   28376
  3.814719e+00   1.852879e-16   1.039734e-03   1.191484e-18   23784
  3.818636e+00   1.834056e-16   1.189627e-03   1.138470e-18   26150
  3.822479e+00   1.807061e-16   1.021588e-03   1.259032e-18   21192
  3.826407e+00   1.857852e-16   1.204804e-03   1.200796e-18   24050
  3.830252e+00   1.848547e-16   1.002280e-03   1.354346e-18   18768
  3.834191e+00   1.835819e-16   1.221518e-03   1.230596e-18   22052
  3.838029e+00   1.838712e-16   9.660660e-04   1.449761e-18   16346
  3.841962e+00   1.854083e-16   1.236558e-03   1.306178e-18   20136
  3.845802e+00   1.791560e-16   9.274195e-04   1.502687e-18   14160
  3.849721e+00   1.836771e-16   1.247069e-03   1.350192e-18   18218
  3.853565e+00   1.872267e-16   8.859468e-04   1.682018e-18   12204
  3.857470e+00   1.881050e-16   1.256334e-03   1.470512e-18   16346
  3.861333e+00   1.859932e-16   8.562781e-04   1.755012e-18   10536
  3.865221e+00   1.853116e-16   1.261091e-03   1.557739e-18   14456
  3.869081e+00   1.870695e-16   8.165112e-04   1.996829e-18   8990
  3.872967e+00   1.824504e-16   1.270385e-03   1.645804e-18   12744
  3.876815e+00   1.795789e-16   7.482517e-04   2.035706e-18   7506
  3.880703e+00   1.852907e-16   1.282849e-03   1.756665e-18   11192
  3.884545e+00   1.880435e-16   6.569471e-04   2.351087e-18   6156
  3.888432e+00   1.867709e-16   1.294599e-03   1.879637e-18   9722
  3.892281e+00   1.856021e-16   5.567157e-04   2.561957e-18   4992
  3.896158e+00   1.840309e-16   1.304505e-03   1.987307e-18   8306
  3.900025e+00   1.868974e-16   4.384033e-04   2.977345e-18   3996
  3.903878e+00   1.918891e-16   1.309274e-03   2.352858e-18   6938
  3.907766e+00   1.888781e-16   3.047624e-04   3.315410e-18   3168
  3.911584e+00   1.891780e-16   1.304853e-03   2.628429e-18   5624
  3.915485e+00   1.870815e-16   2.103226e-04   3.631165e-18   2502
  3.919286e+00   1.841604e-16   1.297747e-03   2.808285e-18   4424
  3.923208e+00   1.873745e-16   2.230451e-04   4.381628e-18   1946
  3.926998e+00   1.885976e-16   1.292790e-03   3.448729e-18   3360
  3.930918e+00   1.860004e-16   1.221617e-04   4.873913e-18   1446
  3.934708e+00   1.931116e-16   1.290208e-03   3.849704e-18   2456
  3.938666e+00   1.936012e-16   2.340394e-04   5.849693e-18   1034
  3.942432e+00   1.902513e-16   1.288305e-03   4.478923e-18   1680
  3.946383e+00   1.785083e-16   5.837572e-05   6.613502e-18   678
  3.950143e+00   2.000731e-16   1.286681e-03   6.181692e-18   1064
  3.954177e+00   1.740393e-16   3.540138e-04   8.838890e-18   410
  3.957868e+00   2.120849e-16   1.284749e-03   9.456892e-18   576
  3.961879e+00   1.821908e-16   1.855368e-05   1.192504e-17   198
  3.965528e+00   2.010082e-16   1.272780e-03   1.213821e-17   248
  3.969917e+00   1.938626e-16   8.019490e-04   1.967592e-17   74
  3.973198e+00   1.987038e-16   1.252635e-03   3.249365e-17   48
  3.977405e+00   1.444654e-16   5.034095e-08   3.342588e-17   6
