# power spectrum of phi
# redshift z=5.964582
# k              Pk             sigma(k)       sigma(Pk)      count
  5.727314e-03   3.045461e-10   8.763345e-04   6.746822e-11   18
  1.001182e-02   5.043400e-10   1.059922e-03   7.186636e-11   62
  1.393445e-02   3.590839e-10   7.332271e-04   4.396117e-11   90
  1.764809e-02   3.448277e-10   1.157232e-03   2.278759e-11   170
  2.151286e-02   2.588249e-10   1.202795e-03   1.617125e-11   246
  2.528669e-02   1.943155e-10   1.146703e-03   1.089781e-11   338
  2.901099e-02   1.765970e-10   9.857564e-04   8.710591e-12   432
  3.284683e-02   1.402823e-10   1.010047e-03   6.366370e-12   578
  3.688195e-02   1.063682e-10   1.177086e-03   3.889244e-12   786
  4.101464e-02   8.247333e-11   1.190994e-03   2.650734e-12   974
  4.488954e-02   6.936846e-11   1.031402e-03   2.192371e-12   1002
  4.870958e-02   6.294034e-11   1.179303e-03   1.656662e-12   1334
  5.263577e-02   5.142345e-11   1.134676e-03   1.403268e-12   1458
  5.631027e-02   4.697418e-11   1.072446e-03   1.156197e-12   1604
  6.010158e-02   4.179379e-11   1.088865e-03   1.002218e-12   1974
  6.404851e-02   3.814176e-11   1.067989e-03   8.111223e-13   2234
  6.795611e-02   3.433427e-11   1.092954e-03   7.041836e-13   2490
  7.198483e-02   3.070556e-11   1.200217e-03   5.783600e-13   3014
  7.595394e-02   2.757628e-11   1.093611e-03   5.026515e-13   3018
  7.977896e-02   2.448703e-11   1.131598e-03   4.221855e-13   3446
  8.359600e-02   2.135662e-11   1.085617e-03   3.595110e-13   3626
  8.742004e-02   1.855871e-11   1.125556e-03   2.904005e-13   4164
  9.130612e-02   1.703993e-11   1.090740e-03   2.613812e-13   4470
  9.521636e-02   1.489257e-11   1.115446e-03   2.178748e-13   4970
  9.915211e-02   1.366837e-11   1.127844e-03   1.840146e-13   5366
  1.030785e-01   1.183492e-11   1.144516e-03   1.514065e-13   5778
  1.069619e-01   1.129477e-11   1.149148e-03   1.433179e-13   6162
  1.108671e-01   1.023708e-11   1.158272e-03   1.297232e-13   6734
  1.146806e-01   9.447081e-12   1.074898e-03   1.132571e-13   6756
  1.184510e-01   8.926006e-12   1.088568e-03   9.955031e-14   7502
  1.223464e-01   8.465098e-12   1.105366e-03   9.409955e-14   8154
  1.262469e-01   7.780968e-12   1.103283e-03   8.463840e-14   8618
  1.301909e-01   7.423027e-12   1.146655e-03   7.732312e-14   9390
  1.341197e-01   7.036002e-12   1.126004e-03   7.149829e-14   9722
  1.380051e-01   6.271471e-12   1.126950e-03   6.238244e-14   10242
  1.419007e-01   5.794475e-12   1.149257e-03   5.457554e-14   11006
  1.457777e-01   5.470311e-12   1.106962e-03   5.186393e-14   11348
  1.496576e-01   4.937266e-12   1.105725e-03   4.433181e-14   12150
  1.535164e-01   4.522991e-12   1.078348e-03   4.137163e-14   12498
  1.574072e-01   4.230554e-12   1.129889e-03   3.596273e-14   13586
  1.613096e-01   3.875828e-12   1.132072e-03   3.310887e-14   14006
  1.652381e-01   3.650988e-12   1.166232e-03   2.892133e-14   15162
  1.691226e-01   3.392107e-12   1.101754e-03   2.776628e-14   14990
  1.729750e-01   3.210434e-12   1.143142e-03   2.515190e-14   16380
  1.768610e-01   3.070237e-12   1.105581e-03   2.365687e-14   16666
  1.807168e-01   2.964055e-12   1.110348e-03   2.257853e-14   17638
  1.845996e-01   2.808243e-12   1.100521e-03   2.095302e-14   18354
  1.884710e-01   2.666552e-12   1.102640e-03   1.960331e-14   19034
  1.923685e-01   2.584355e-12   1.144302e-03   1.790409e-14   20270
  1.963174e-01   2.485526e-12   1.155956e-03   1.690793e-14   21258
  2.002141e-01   2.339887e-12   1.111898e-03   1.594304e-14   21350
  2.040863e-01   2.161159e-12   1.123159e-03   1.460001e-14   22644
  2.079681e-01   2.053935e-12   1.101476e-03   1.359995e-14   23114
  2.118390e-01   1.942005e-12   1.118265e-03   1.260071e-14   24342
  2.157382e-01   1.807353e-12   1.117694e-03   1.137748e-14   25194
  2.196235e-01   1.714948e-12   1.116195e-03   1.088858e-14   25982
  2.234724e-01   1.628176e-12   1.109599e-03   1.003289e-14   26506
  2.273806e-01   1.543101e-12   1.167806e-03   9.193050e-15   28738
  2.312750e-01   1.456502e-12   1.110542e-03   8.707963e-15   28296
  2.351662e-01   1.376250e-12   1.143823e-03   7.853665e-15   30554
  2.390501e-01   1.309900e-12   1.084103e-03   7.563114e-15   30094
  2.428824e-01   1.292500e-12   1.109820e-03   7.278907e-15   31738
  2.467836e-01   1.220251e-12   1.134747e-03   6.762088e-15   33306
  2.506613e-01   1.197779e-12   1.104153e-03   6.468231e-15   33422
  2.545365e-01   1.152216e-12   1.131527e-03   6.185322e-15   35298
  2.584714e-01   1.100358e-12   1.143069e-03   5.781299e-15   36650
  2.623670e-01   1.056182e-12   1.115532e-03   5.449082e-15   36888
  2.662651e-01   1.005268e-12   1.131896e-03   5.081296e-15   38834
  2.701697e-01   9.616115e-13   1.107355e-03   4.858161e-15   39246
  2.740453e-01   9.250065e-13   1.111777e-03   4.618663e-15   40466
  2.778984e-01   8.842243e-13   1.108403e-03   4.343505e-15   41106
  2.817847e-01   8.354135e-13   1.145602e-03   4.018438e-15   43598
  2.856833e-01   8.034184e-13   1.116308e-03   3.859641e-15   43650
  2.895471e-01   7.649874e-13   1.120907e-03   3.591364e-15   45272
  2.934575e-01   7.370411e-13   1.131740e-03   3.414006e-15   46994
  2.973636e-01   7.163715e-13   1.124346e-03   3.267100e-15   47850
  3.012447e-01   6.790467e-13   1.115858e-03   3.082968e-15   48846
  3.051030e-01   6.602608e-13   1.105642e-03   2.979128e-15   49706
  3.089532e-01   6.372687e-13   1.113265e-03   2.836948e-15   51198
  3.128464e-01   6.079384e-13   1.134266e-03   2.648445e-15   53402
  3.167281e-01   5.978330e-13   1.111145e-03   2.622793e-15   53634
  3.206428e-01   5.712754e-13   1.143806e-03   2.386051e-15   56888
  3.245618e-01   5.535486e-13   1.106794e-03   2.339238e-15   56474
  3.284581e-01   5.355522e-13   1.130606e-03   2.215124e-15   58962
  3.323510e-01   5.118517e-13   1.114731e-03   2.109301e-15   59214
  3.362265e-01   5.010145e-13   1.127963e-03   2.033103e-15   61250
  3.400938e-01   4.824979e-13   1.110759e-03   1.955278e-15   61694
  3.439480e-01   4.670800e-13   1.120230e-03   1.864907e-15   63618
  3.478512e-01   4.467336e-13   1.140078e-03   1.724153e-15   66284
  3.517691e-01   4.324113e-13   1.123324e-03   1.671629e-15   67014
  3.556494e-01   4.116674e-13   1.113722e-03   1.589940e-15   67930
  3.595371e-01   3.989180e-13   1.127426e-03   1.509807e-15   70294
  3.634200e-01   3.923516e-13   1.114424e-03   1.470946e-15   70658
  3.672742e-01   3.763978e-13   1.121955e-03   1.413018e-15   72522
  3.711539e-01   3.627375e-13   1.125103e-03   1.335770e-15   74550
  3.750359e-01   3.524372e-13   1.112832e-03   1.280713e-15   75674
  3.789191e-01   3.434123e-13   1.116846e-03   1.234071e-15   77708
  3.828461e-01   3.313797e-13   1.136191e-03   1.167066e-15   80622
  3.867545e-01   3.199767e-13   1.112810e-03   1.139918e-15   80330
  3.906423e-01   3.117854e-13   1.128269e-03   1.084729e-15   82974
  3.945313e-01   3.010288e-13   1.118618e-03   1.040799e-15   83666
  3.984084e-01   2.944113e-13   1.126394e-03   1.009303e-15   85746
  4.022765e-01   2.829489e-13   1.118427e-03   9.696626e-16   86702
  4.061542e-01   2.753871e-13   1.126154e-03   9.140565e-16   89556
  4.100569e-01   2.679254e-13   1.118519e-03   8.884142e-16   91038
  4.139484e-01   2.621593e-13   1.117921e-03   8.625121e-16   92522
  4.178268e-01   2.521696e-13   1.119569e-03   8.254010e-16   94034
  4.217415e-01   2.440252e-13   1.145339e-03   7.883579e-16   97758
  4.256173e-01   2.382315e-13   1.103600e-03   7.685324e-16   95770
  4.294627e-01   2.305475e-13   1.123790e-03   7.392033e-16   99646
  4.333400e-01   2.265288e-13   1.115333e-03   7.151381e-16   100980
  4.372362e-01   2.179001e-13   1.127284e-03   6.845825e-16   104258
  4.411386e-01   2.115122e-13   1.114910e-03   6.562551e-16   104998
  4.450377e-01   2.060894e-13   1.124073e-03   6.309604e-16   107866
  4.489311e-01   2.017743e-13   1.113184e-03   6.132092e-16   108154
  4.528161e-01   1.973692e-13   1.135370e-03   5.970915e-16   111622
  4.567076e-01   1.908764e-13   1.122976e-03   5.719597e-16   112146
  4.605727e-01   1.868739e-13   1.119518e-03   5.565170e-16   114014
  4.644440e-01   1.802887e-13   1.115906e-03   5.334715e-16   116220
  4.683319e-01   1.758668e-13   1.119789e-03   5.086797e-16   118682
  4.722291e-01   1.712486e-13   1.126606e-03   4.962590e-16   121118
  4.761348e-01   1.654618e-13   1.124808e-03   4.745629e-16   122994
  4.800157e-01   1.609340e-13   1.114862e-03   4.612814e-16   123574
  4.838959e-01   1.586185e-13   1.131276e-03   4.500690e-16   126922
  4.877763e-01   1.544512e-13   1.124735e-03   4.336611e-16   127906
  4.916481e-01   1.499875e-13   1.121767e-03   4.146025e-16   130432
  4.955333e-01   1.456071e-13   1.114812e-03   4.015413e-16   132642
  4.994186e-01   1.431656e-13   1.110800e-03   3.914789e-16   134534
  5.033164e-01   1.394540e-13   1.124671e-03   3.774982e-16   137778
  5.072392e-01   1.360803e-13   1.135312e-03   3.645570e-16   140786
  5.111285e-01   1.324271e-13   1.110620e-03   3.548819e-16   139590
  5.149976e-01   1.291659e-13   1.125619e-03   3.437167e-16   143546
  5.188865e-01   1.258631e-13   1.125142e-03   3.311222e-16   145338
  5.227635e-01   1.229456e-13   1.120484e-03   3.227753e-16   147272
  5.266520e-01   1.196870e-13   1.122335e-03   3.105409e-16   150330
  5.305485e-01   1.165970e-13   1.118234e-03   3.001101e-16   152318
  5.344262e-01   1.139565e-13   1.111066e-03   2.929341e-16   153202
  5.383243e-01   1.110358e-13   1.138693e-03   2.805294e-16   158626
  5.422165e-01   1.088009e-13   1.116855e-03   2.772515e-16   157350
  5.460935e-01   1.054991e-13   1.131200e-03   2.646782e-16   161906
  5.499589e-01   1.039404e-13   1.105071e-03   2.622029e-16   160872
  5.538418e-01   1.017120e-13   1.133375e-03   2.502454e-16   167858
  5.577463e-01   9.991938e-14   1.114977e-03   2.451776e-16   167514
  5.616201e-01   9.665842e-14   1.113803e-03   2.367666e-16   169862
  5.655108e-01   9.429693e-14   1.124453e-03   2.290917e-16   173602
  5.694083e-01   9.240847e-14   1.123533e-03   2.209628e-16   175258
  5.732959e-01   9.055848e-14   1.127164e-03   2.158859e-16   177654
  5.771897e-01   8.818945e-14   1.130949e-03   2.084142e-16   180698
  5.810773e-01   8.646656e-14   1.119005e-03   2.040723e-16   181968
  5.849616e-01   8.469867e-14   1.118541e-03   1.987312e-16   184850
  5.888448e-01   8.303461e-14   1.119144e-03   1.936590e-16   187034
  5.927421e-01   8.099955e-14   1.129966e-03   1.869349e-16   191238
  5.966308e-01   7.952411e-14   1.116348e-03   1.838086e-16   191042
  6.005065e-01   7.767724e-14   1.126286e-03   1.767050e-16   195102
  6.043812e-01   7.604657e-14   1.117515e-03   1.734280e-16   195786
  6.082630e-01   7.371396e-14   1.131649e-03   1.648078e-16   201164
  6.121481e-01   7.265230e-14   1.112645e-03   1.627825e-16   201070
  6.160242e-01   7.058598e-14   1.118305e-03   1.566884e-16   205234
  6.199111e-01   6.948447e-14   1.116352e-03   1.530824e-16   207342
  6.237987e-01   6.768379e-14   1.121735e-03   1.488478e-16   210602
  6.276909e-01   6.663070e-14   1.124203e-03   1.451640e-16   213130
  6.315953e-01   6.531329e-14   1.133190e-03   1.410039e-16   217318
  6.354807e-01   6.372447e-14   1.113546e-03   1.381542e-16   216306
  6.393491e-01   6.214571e-14   1.119403e-03   1.331243e-16   220652
  6.432430e-01   6.121037e-14   1.124854e-03   1.302649e-16   224502
  6.471454e-01   6.005813e-14   1.125081e-03   1.267929e-16   227186
  6.510345e-01   5.845862e-14   1.118193e-03   1.243924e-16   228398
  6.549165e-01   5.724469e-14   1.122259e-03   1.200788e-16   231642
  6.587972e-01   5.638466e-14   1.122763e-03   1.178708e-16   233946
  6.626908e-01   5.513029e-14   1.132956e-03   1.135762e-16   238694
  6.665707e-01   5.400789e-14   1.114640e-03   1.121573e-16   238068
  6.704525e-01   5.284268e-14   1.124042e-03   1.077507e-16   244190
  6.743498e-01   5.193946e-14   1.116752e-03   1.062293e-16   245362
  6.782313e-01   5.113163e-14   1.120102e-03   1.041196e-16   248362
  6.821206e-01   4.986315e-14   1.124509e-03   1.008414e-16   251966
  6.860099e-01   4.893555e-14   1.120649e-03   9.775806e-17   254034
  6.898855e-01   4.802625e-14   1.117172e-03   9.640017e-17   255818
  6.937781e-01   4.701168e-14   1.132899e-03   9.299141e-17   262254
  6.976722e-01   4.615985e-14   1.116974e-03   9.153716e-17   261980
  7.015718e-01   4.527698e-14   1.129534e-03   8.874029e-17   268566
  7.054538e-01   4.461375e-14   1.104857e-03   8.753863e-17   265538
  7.093286e-01   4.366350e-14   1.128000e-03   8.479820e-17   273330
  7.132165e-01   4.259653e-14   1.121481e-03   8.290446e-17   273718
  7.171069e-01   4.189313e-14   1.132652e-03   8.036530e-17   279658
  7.209986e-01   4.130879e-14   1.120025e-03   7.938364e-17   279670
  7.248700e-01   4.050145e-14   1.119062e-03   7.748014e-17   282964
  7.287608e-01   3.970383e-14   1.126489e-03   7.509826e-17   288362
  7.326540e-01   3.900640e-14   1.118613e-03   7.357245e-17   289686
  7.365333e-01   3.823379e-14   1.116235e-03   7.214347e-17   292234
  7.404015e-01   3.752439e-14   1.112765e-03   7.048766e-17   294190
  7.442845e-01   3.676037e-14   1.127923e-03   6.803695e-17   300642
  7.481851e-01   3.608000e-14   1.128116e-03   6.656818e-17   303386
  7.520700e-01   3.535921e-14   1.119257e-03   6.526875e-17   304662
  7.559583e-01   3.481394e-14   1.122290e-03   6.394078e-17   309812
  7.598513e-01   3.416239e-14   1.117608e-03   6.229507e-17   311714
  7.637547e-01   3.353879e-14   1.130270e-03   6.087797e-17   318126
  7.676398e-01   3.293515e-14   1.111035e-03   6.007706e-17   315114
  7.715118e-01   3.228840e-14   1.127143e-03   5.793627e-17   322622
  7.753932e-01   3.178153e-14   1.117154e-03   5.724636e-17   322850
  7.792787e-01   3.140968e-14   1.131101e-03   5.608507e-17   329802
  7.831716e-01   3.073587e-14   1.123851e-03   5.447526e-17   331104
  7.870696e-01   3.008904e-14   1.127607e-03   5.281994e-17   336986
  7.909587e-01   2.964186e-14   1.111055e-03   5.248971e-17   335870
  7.948355e-01   2.901851e-14   1.120862e-03   5.100009e-17   341610
  7.987215e-01   2.857851e-14   1.121955e-03   4.979611e-17   344370
  8.026031e-01   2.819472e-14   1.122207e-03   4.874848e-17   347606
  8.064886e-01   2.764420e-14   1.124033e-03   4.764828e-17   351650
  8.103706e-01   2.719475e-14   1.118654e-03   4.685906e-17   353760
  8.142669e-01   2.656662e-14   1.129493e-03   4.553345e-17   360970
  8.181738e-01   2.621075e-14   1.123124e-03   4.443076e-17   362818
  8.220521e-01   2.577384e-14   1.110144e-03   4.383483e-17   362334
  8.259414e-01   2.529568e-14   1.129348e-03   4.271854e-17   371642
  8.298275e-01   2.489761e-14   1.114584e-03   4.225171e-17   368778
  8.337006e-01   2.454133e-14   1.128744e-03   4.105427e-17   376526
  8.375857e-01   2.405944e-14   1.121330e-03   4.020404e-17   377786
  8.414675e-01   2.368940e-14   1.123524e-03   3.939103e-17   382968
  8.453573e-01   2.330270e-14   1.120822e-03   3.851463e-17   386146
  8.492503e-01   2.290962e-14   1.124050e-03   3.769349e-17   390826
  8.531392e-01   2.257966e-14   1.119718e-03   3.710596e-17   392662
  8.570302e-01   2.218755e-14   1.125822e-03   3.620726e-17   398242
  8.609051e-01   2.177566e-14   1.111972e-03   3.578190e-17   396726
  8.647781e-01   2.145389e-14   1.124714e-03   3.500164e-17   404738
  8.686664e-01   2.117860e-14   1.122897e-03   3.423515e-17   407628
  8.725545e-01   2.073294e-14   1.121536e-03   3.319556e-17   411734
  8.764395e-01   2.040599e-14   1.117149e-03   3.273366e-17   414242
  8.803359e-01   2.008951e-14   1.126317e-03   3.198264e-17   421434
  8.842333e-01   1.986316e-14   1.120273e-03   3.159500e-17   421918
  8.881244e-01   1.947463e-14   1.128330e-03   3.071416e-17   427810
  8.920157e-01   1.909085e-14   1.123036e-03   3.022591e-17   429470
  8.958948e-01   1.883386e-14   1.119658e-03   2.972215e-17   432282
  8.997746e-01   1.846935e-14   1.122449e-03   2.899476e-17   437260
  9.036583e-01   1.820794e-14   1.120747e-03   2.851923e-17   440758
  9.075489e-01   1.799805e-14   1.124778e-03   2.798415e-17   446370
  9.114474e-01   1.763596e-14   1.123943e-03   2.735073e-17   450182
  9.153288e-01   1.728980e-14   1.115142e-03   2.685092e-17   449850
  9.192089e-01   1.710910e-14   1.127357e-03   2.629550e-17   457898
  9.230929e-01   1.679557e-14   1.119604e-03   2.577934e-17   458662
  9.269737e-01   1.652222e-14   1.121722e-03   2.542894e-17   464620
  9.308545e-01   1.637473e-14   1.114316e-03   2.504599e-17   466302
  9.347441e-01   1.609201e-14   1.124571e-03   2.444391e-17   474314
  9.386369e-01   1.576501e-14   1.120021e-03   2.380147e-17   475530
  9.425348e-01   1.549169e-14   1.129051e-03   2.332993e-17   483206
  9.464328e-01   1.533167e-14   1.121669e-03   2.309122e-17   483530
  9.503142e-01   1.510621e-14   1.121047e-03   2.265981e-17   487002
  9.541966e-01   1.487273e-14   1.124058e-03   2.221910e-17   491774
  9.580774e-01   1.462919e-14   1.120518e-03   2.176961e-17   495084
  9.619601e-01   1.445745e-14   1.119352e-03   2.146874e-17   499438
  9.658473e-01   1.419967e-14   1.122356e-03   2.110471e-17   504682
  9.697357e-01   1.397504e-14   1.121500e-03   2.063647e-17   507738
  9.736321e-01   1.379291e-14   1.130456e-03   2.021530e-17   515174
  9.775214e-01   1.356958e-14   1.119580e-03   1.994187e-17   514234
  9.813957e-01   1.336153e-14   1.119450e-03   1.964362e-17   519022
  9.852705e-01   1.314646e-14   1.117281e-03   1.914976e-17   522636
  9.891535e-01   1.297661e-14   1.121739e-03   1.879146e-17   529442
  9.930474e-01   1.282350e-14   1.122647e-03   1.858645e-17   534078
  9.969375e-01   1.266113e-14   1.118397e-03   1.830550e-17   536666
  1.000817e+00   1.241665e-14   1.116716e-03   1.793300e-17   539142
  1.004715e+00   1.224687e-14   1.134178e-03   1.749374e-17   550658
  1.008615e+00   1.206518e-14   1.121935e-03   1.729913e-17   548298
  1.012495e+00   1.185643e-14   1.123048e-03   1.683773e-17   553694
  1.016374e+00   1.168652e-14   1.116375e-03   1.669896e-17   556116
  1.020264e+00   1.155185e-14   1.125051e-03   1.630768e-17   564890
  1.024148e+00   1.134887e-14   1.116141e-03   1.605565e-17   563718
  1.028036e+00   1.122040e-14   1.128568e-03   1.576875e-17   574298
  1.031929e+00   1.101556e-14   1.120551e-03   1.549283e-17   573966
  1.035814e+00   1.091508e-14   1.126024e-03   1.528671e-17   580586
  1.039699e+00   1.071195e-14   1.122029e-03   1.502125e-17   582666
  1.043587e+00   1.057515e-14   1.125959e-03   1.468029e-17   590648
  1.047474e+00   1.043114e-14   1.114820e-03   1.452510e-17   590394
  1.051350e+00   1.031009e-14   1.116684e-03   1.434039e-17   596174
  1.055234e+00   1.010834e-14   1.120236e-03   1.401387e-17   601674
  1.059126e+00   9.994667e-15   1.125352e-03   1.376467e-17   607682
  1.063019e+00   9.861900e-15   1.124350e-03   1.353080e-17   611166
  1.066910e+00   9.697944e-15   1.124099e-03   1.329073e-17   615626
  1.070791e+00   9.584400e-15   1.119456e-03   1.309241e-17   617290
  1.074678e+00   9.465633e-15   1.126011e-03   1.289182e-17   626344
  1.078566e+00   9.342525e-15   1.117274e-03   1.278985e-17   626658
  1.082451e+00   9.203086e-15   1.122467e-03   1.251181e-17   634022
  1.086331e+00   9.092973e-15   1.116124e-03   1.228070e-17   634554
  1.090218e+00   8.949992e-15   1.128467e-03   1.206490e-17   645026
  1.094107e+00   8.801846e-15   1.122446e-03   1.181062e-17   645102
  1.097993e+00   8.683927e-15   1.126954e-03   1.163031e-17   653018
  1.101879e+00   8.597197e-15   1.119089e-03   1.156064e-17   654384
  1.105770e+00   8.442582e-15   1.123901e-03   1.126236e-17   663194
  1.109660e+00   8.338521e-15   1.117576e-03   1.110615e-17   663834
  1.113540e+00   8.225807e-15   1.118796e-03   1.092555e-17   669158
  1.117424e+00   8.131833e-15   1.120650e-03   1.080306e-17   674490
  1.121304e+00   7.995158e-15   1.118416e-03   1.059231e-17   677222
  1.125193e+00   7.883955e-15   1.128225e-03   1.035783e-17   686874
  1.129092e+00   7.774997e-15   1.126811e-03   1.022609e-17   690722
  1.132980e+00   7.683569e-15   1.118907e-03   1.012683e-17   692008
  1.136871e+00   7.605453e-15   1.124678e-03   9.991656e-18   701386
  1.140761e+00   7.473586e-15   1.117002e-03   9.796979e-18   700778
  1.144643e+00   7.355595e-15   1.123318e-03   9.571139e-18   708774
  1.148529e+00   7.289694e-15   1.121990e-03   9.542759e-18   711690
  1.152418e+00   7.207766e-15   1.126973e-03   9.335624e-18   719606
  1.156298e+00   7.099428e-15   1.116380e-03   9.241207e-18   717762
  1.160181e+00   6.992874e-15   1.127123e-03   9.039365e-18   730460
  1.164073e+00   6.930991e-15   1.119262e-03   8.976401e-18   731070
  1.167968e+00   6.819894e-15   1.125901e-03   8.755376e-18   741170
  1.171853e+00   6.730989e-15   1.112045e-03   8.685951e-18   737094
  1.175730e+00   6.642686e-15   1.122374e-03   8.553481e-18   747698
  1.179618e+00   6.584127e-15   1.122867e-03   8.423341e-18   751658
  1.183501e+00   6.473957e-15   1.121599e-03   8.306877e-18   755574
  1.187383e+00   6.393366e-15   1.122256e-03   8.129101e-18   761442
  1.191279e+00   6.322414e-15   1.126787e-03   8.053272e-18   770816
  1.195171e+00   6.238770e-15   1.117539e-03   7.930481e-18   769274
  1.199064e+00   6.149818e-15   1.129525e-03   7.762699e-18   782130
  1.202947e+00   6.070959e-15   1.112602e-03   7.737192e-18   775230
  1.206825e+00   6.005423e-15   1.126605e-03   7.573372e-18   789866
  1.210710e+00   5.933879e-15   1.118361e-03   7.516173e-18   787914
  1.214592e+00   5.847721e-15   1.128225e-03   7.339244e-18   799598
  1.218486e+00   5.779026e-15   1.124161e-03   7.271628e-18   802980
  1.222371e+00   5.695525e-15   1.117789e-03   7.149631e-18   805622
  1.226254e+00   5.649296e-15   1.119738e-03   7.055272e-18   812050
  1.230147e+00   5.539890e-15   1.126034e-03   6.889127e-18   820954
  1.234035e+00   5.488503e-15   1.118780e-03   6.830651e-18   820062
  1.237911e+00   5.418423e-15   1.119897e-03   6.762313e-18   826298
  1.241794e+00   5.357898e-15   1.121814e-03   6.655291e-18   833118
  1.245672e+00   5.278913e-15   1.117137e-03   6.587506e-18   834812
  1.249560e+00   5.221105e-15   1.126815e-03   6.466156e-18   847858
  1.253469e+00   5.159560e-15   1.127442e-03   6.364743e-18   854278
  1.257361e+00   5.088951e-15   1.116253e-03   6.286309e-18   850978
  1.261241e+00   5.020251e-15   1.121687e-03   6.180918e-18   859186
  1.265131e+00   4.959295e-15   1.127494e-03   6.096710e-18   867126
  1.269018e+00   4.904322e-15   1.121886e-03   6.056996e-18   868274
  1.272897e+00   4.832629e-15   1.120976e-03   5.941655e-18   873606
  1.276776e+00   4.802238e-15   1.119398e-03   5.884297e-18   879284
  1.280663e+00   4.734382e-15   1.122355e-03   5.772131e-18   887170
  1.284564e+00   4.681932e-15   1.128693e-03   5.720628e-18   897526
  1.288458e+00   4.611571e-15   1.117587e-03   5.633537e-18   894258
  1.292341e+00   4.561938e-15   1.122714e-03   5.554099e-18   903374
  1.296223e+00   4.496621e-15   1.118323e-03   5.473300e-18   904338
  1.300103e+00   4.439888e-15   1.123719e-03   5.388582e-18   913586
  1.303982e+00   4.393331e-15   1.118150e-03   5.316308e-18   915416
  1.307871e+00   4.347537e-15   1.124217e-03   5.266376e-18   928122
  1.311759e+00   4.305735e-15   1.115167e-03   5.199962e-18   926094
  1.315654e+00   4.238707e-15   1.130093e-03   5.099862e-18   942890
  1.319549e+00   4.191071e-15   1.118827e-03   5.071166e-18   937266
  1.323433e+00   4.143567e-15   1.126506e-03   4.983843e-18   948854
  1.327319e+00   4.085898e-15   1.120121e-03   4.906955e-18   948714
  1.331197e+00   4.037043e-15   1.122687e-03   4.850774e-18   956186
  1.335082e+00   3.992796e-15   1.124444e-03   4.791569e-18   964272
  1.338973e+00   3.950951e-15   1.121587e-03   4.727641e-18   969458
  1.342859e+00   3.900941e-15   1.118296e-03   4.674450e-18   972750
  1.346749e+00   3.860967e-15   1.124460e-03   4.609730e-18   982706
  1.350635e+00   3.813327e-15   1.119858e-03   4.565256e-18   982906
  1.354527e+00   3.774752e-15   1.129306e-03   4.492269e-18   996622
  1.358414e+00   3.720433e-15   1.117989e-03   4.456335e-18   992378
  1.362284e+00   3.681573e-15   1.117150e-03   4.383765e-18   999000
  1.366168e+00   3.650195e-15   1.122014e-03   4.332662e-18   1010114
  1.370061e+00   3.605780e-15   1.121750e-03   4.286469e-18   1015722
  1.373948e+00   3.564275e-15   1.119290e-03   4.242342e-18   1018742
  1.377843e+00   3.521089e-15   1.127371e-03   4.159413e-18   1031250
  1.381733e+00   3.471995e-15   1.118461e-03   4.118565e-18   1027226
  1.385615e+00   3.433709e-15   1.126435e-03   4.041359e-18   1039734
  1.389500e+00   3.401537e-15   1.120654e-03   4.009480e-18   1039914
  1.393382e+00   3.357836e-15   1.123683e-03   3.973746e-18   1050272
  1.397267e+00   3.332714e-15   1.117473e-03   3.943587e-18   1052306
  1.401154e+00   3.286024e-15   1.122308e-03   3.865810e-18   1062666
  1.405045e+00   3.239299e-15   1.122401e-03   3.796236e-18   1067262
  1.408935e+00   3.211563e-15   1.123952e-03   3.772140e-18   1073906
  1.412823e+00   3.168001e-15   1.122463e-03   3.721805e-18   1078190
  1.416712e+00   3.135845e-15   1.124033e-03   3.684825e-18   1085634
  1.420592e+00   3.110983e-15   1.117456e-03   3.655694e-18   1085508
  1.424480e+00   3.068029e-15   1.126594e-03   3.576847e-18   1101926
  1.428369e+00   3.037820e-15   1.116061e-03   3.560537e-18   1098322
  1.432252e+00   3.007202e-15   1.121199e-03   3.520296e-18   1109878
  1.436144e+00   2.968948e-15   1.122554e-03   3.460400e-18   1115338
  1.440035e+00   2.933844e-15   1.125793e-03   3.420836e-18   1122586
  1.443924e+00   2.902691e-15   1.123292e-03   3.377004e-18   1125862
  1.447810e+00   2.861884e-15   1.122976e-03   3.326753e-18   1132498
  1.451691e+00   2.842006e-15   1.119415e-03   3.319795e-18   1135444
  1.455573e+00   2.816467e-15   1.122581e-03   3.275102e-18   1145374
  1.459464e+00   2.779581e-15   1.123383e-03   3.228885e-18   1152698
  1.463354e+00   2.742729e-15   1.121349e-03   3.186573e-18   1157046
  1.467236e+00   2.724767e-15   1.119148e-03   3.154834e-18   1160226
  1.471127e+00   2.695402e-15   1.127743e-03   3.117139e-18   1174346
  1.475014e+00   2.667190e-15   1.119897e-03   3.098953e-18   1171462
  1.478897e+00   2.635042e-15   1.124033e-03   3.057234e-18   1183828
  1.482778e+00   2.608496e-15   1.114458e-03   3.038599e-18   1181822
  1.486657e+00   2.579568e-15   1.120779e-03   2.995494e-18   1194930
  1.490547e+00   2.550819e-15   1.122593e-03   2.947432e-18   1202010
  1.494437e+00   2.517075e-15   1.122115e-03   2.901801e-18   1207166
  1.498326e+00   2.494800e-15   1.123291e-03   2.880556e-18   1214106
  1.502209e+00   2.465744e-15   1.118748e-03   2.852131e-18   1215302
  1.506095e+00   2.443422e-15   1.126666e-03   2.810694e-18   1229274
  1.509994e+00   2.419186e-15   1.126873e-03   2.794394e-18   1236164
  1.513882e+00   2.390142e-15   1.118916e-03   2.754125e-18   1235326
  1.517764e+00   2.366839e-15   1.120265e-03   2.728148e-18   1244026
  1.521647e+00   2.341184e-15   1.120382e-03   2.696525e-18   1249154
  1.525536e+00   2.318646e-15   1.126025e-03   2.656556e-18   1260558
  1.529421e+00   2.296759e-15   1.119984e-03   2.648759e-18   1260394
  1.533310e+00   2.271282e-15   1.125848e-03   2.596620e-18   1274758
  1.537193e+00   2.246906e-15   1.115594e-03   2.590764e-18   1270188
  1.541083e+00   2.229772e-15   1.128008e-03   2.557988e-18   1291202
  1.544971e+00   2.205920e-15   1.115149e-03   2.538758e-18   1282654
  1.548850e+00   2.180704e-15   1.122198e-03   2.493357e-18   1298242
  1.552739e+00   2.160739e-15   1.120395e-03   2.479026e-18   1301774
  1.556625e+00   2.134184e-15   1.123165e-03   2.440560e-18   1309770
  1.560512e+00   2.108396e-15   1.123502e-03   2.419395e-18   1315714
  1.564403e+00   2.090599e-15   1.124924e-03   2.396098e-18   1325110
  1.568290e+00   2.074728e-15   1.118940e-03   2.379788e-18   1326012
  1.572174e+00   2.051166e-15   1.122090e-03   2.349210e-18   1336154
  1.576069e+00   2.031401e-15   1.126474e-03   2.323782e-18   1347334
  1.579958e+00   2.013343e-15   1.119782e-03   2.315240e-18   1345354
  1.583833e+00   1.985423e-15   1.119555e-03   2.266124e-18   1350998
  1.587719e+00   1.965790e-15   1.125829e-03   2.244565e-18   1365546
  1.591609e+00   1.948720e-15   1.122088e-03   2.229059e-18   1367474
  1.595497e+00   1.933451e-15   1.123693e-03   2.208708e-18   1377984
  1.599384e+00   1.915568e-15   1.118321e-03   2.195857e-18   1379394
  1.603272e+00   1.894848e-15   1.123056e-03   2.174819e-18   1392230
  1.607160e+00   1.875542e-15   1.118740e-03   2.146083e-18   1392634
  1.611042e+00   1.858013e-15   1.122441e-03   2.125476e-18   1402666
  1.614928e+00   1.838506e-15   1.122269e-03   2.099854e-18   1408502
  1.618814e+00   1.817624e-15   1.122041e-03   2.081183e-18   1415418
  1.622692e+00   1.804930e-15   1.117068e-03   2.056369e-18   1416856
  1.626588e+00   1.786999e-15   1.130843e-03   2.040582e-18   1442002
  1.630485e+00   1.772004e-15   1.117858e-03   2.030846e-18   1431634
  1.634367e+00   1.756512e-15   1.122585e-03   2.016104e-18   1444606
  1.638250e+00   1.732547e-15   1.118765e-03   1.984139e-18   1445890
  1.642138e+00   1.718840e-15   1.126997e-03   1.961368e-18   1462210
  1.646026e+00   1.698938e-15   1.120901e-03   1.939507e-18   1459590
  1.649907e+00   1.679782e-15   1.123856e-03   1.908610e-18   1471226
  1.653797e+00   1.669481e-15   1.123379e-03   1.901681e-18   1480072
  1.657690e+00   1.654166e-15   1.121364e-03   1.889232e-18   1486594
  1.661576e+00   1.637078e-15   1.118520e-03   1.868450e-18   1488882
  1.665461e+00   1.621883e-15   1.123128e-03   1.849125e-18   1500854
  1.669353e+00   1.605500e-15   1.123083e-03   1.825741e-18   1506874
  1.673232e+00   1.589834e-15   1.117624e-03   1.819803e-18   1506094
  1.677111e+00   1.571644e-15   1.122855e-03   1.793498e-18   1519682
  1.680997e+00   1.560443e-15   1.122626e-03   1.789754e-18   1526724
  1.684890e+00   1.548776e-15   1.125240e-03   1.757229e-18   1539038
  1.688782e+00   1.540940e-15   1.119859e-03   1.772395e-18   1539810
  1.692664e+00   1.520537e-15   1.119007e-03   1.736610e-18   1545046
  1.696554e+00   1.503929e-15   1.126236e-03   1.709255e-18   1560538
  1.700441e+00   1.492691e-15   1.120507e-03   1.712891e-18   1557506
  1.704322e+00   1.476706e-15   1.124114e-03   1.682864e-18   1570062
  1.708203e+00   1.463080e-15   1.119253e-03   1.671189e-18   1571290
  1.712089e+00   1.452059e-15   1.124856e-03   1.656350e-18   1588228
  1.715982e+00   1.439668e-15   1.121250e-03   1.644918e-18   1591046
  1.719873e+00   1.422340e-15   1.123715e-03   1.616638e-18   1602474
  1.723761e+00   1.412190e-15   1.118014e-03   1.614377e-18   1601646
  1.727642e+00   1.404561e-15   1.120550e-03   1.604331e-18   1611266
  1.731523e+00   1.387044e-15   1.120678e-03   1.589339e-18   1616634
  1.735410e+00   1.369535e-15   1.126166e-03   1.564736e-18   1631366
  1.739297e+00   1.362038e-15   1.119655e-03   1.553879e-18   1631028
  1.743180e+00   1.352912e-15   1.119854e-03   1.546393e-18   1641446
  1.747073e+00   1.335445e-15   1.124208e-03   1.522329e-18   1654234
  1.750973e+00   1.324109e-15   1.126198e-03   1.513141e-18   1662874
  1.754858e+00   1.318624e-15   1.117471e-03   1.518942e-18   1656686
  1.758736e+00   1.300322e-15   1.122008e-03   1.484949e-18   1670898
  1.762622e+00   1.293711e-15   1.123056e-03   1.477396e-18   1678074
  1.766507e+00   1.281735e-15   1.123311e-03   1.476255e-18   1685198
  1.770393e+00   1.273050e-15   1.122996e-03   1.457588e-18   1694524
  1.774282e+00   1.263906e-15   1.120709e-03   1.454455e-18   1701334
  1.778171e+00   1.246198e-15   1.120908e-03   1.425281e-18   1709386
  1.782064e+00   1.237200e-15   1.123720e-03   1.417971e-18   1719994
  1.785953e+00   1.226329e-15   1.121006e-03   1.403683e-18   1721510
  1.789842e+00   1.216328e-15   1.124974e-03   1.394062e-18   1734978
  1.793722e+00   1.205679e-15   1.116124e-03   1.388333e-18   1728646
  1.797599e+00   1.190714e-15   1.122713e-03   1.362430e-18   1746868
  1.801486e+00   1.189461e-15   1.121127e-03   1.366470e-18   1752922
  1.805380e+00   1.174771e-15   1.125234e-03   1.347267e-18   1767862
  1.809271e+00   1.166542e-15   1.119301e-03   1.347979e-18   1765698
  1.813160e+00   1.156409e-15   1.125035e-03   1.324711e-18   1781270
  1.817049e+00   1.146842e-15   1.121176e-03   1.320219e-18   1780650
  1.820932e+00   1.135664e-15   1.124142e-03   1.307839e-18   1792418
  1.824813e+00   1.125126e-15   1.119388e-03   1.299666e-18   1792790
  1.828696e+00   1.119154e-15   1.123591e-03   1.292779e-18   1809852
  1.832585e+00   1.112053e-15   1.120140e-03   1.287977e-18   1812666
  1.836475e+00   1.099864e-15   1.124777e-03   1.267549e-18   1827614
  1.840367e+00   1.089203e-15   1.121640e-03   1.257476e-18   1829970
  1.844251e+00   1.084150e-15   1.120370e-03   1.254092e-18   1835030
  1.848131e+00   1.074863e-15   1.119790e-03   1.246676e-18   1841410
  1.852017e+00   1.060518e-15   1.124723e-03   1.219684e-18   1856626
  1.855900e+00   1.057807e-15   1.118305e-03   1.226953e-18   1854656
  1.859782e+00   1.048003e-15   1.121720e-03   1.216057e-18   1870698
  1.863671e+00   1.039688e-15   1.120553e-03   1.202931e-18   1876998
  1.867559e+00   1.030264e-15   1.120979e-03   1.193033e-18   1884458
  1.871445e+00   1.024990e-15   1.122381e-03   1.195401e-18   1891730
  1.875338e+00   1.014204e-15   1.127317e-03   1.172267e-18   1907574
  1.879232e+00   1.009422e-15   1.122851e-03   1.173336e-18   1907730
  1.883115e+00   9.988332e-16   1.120697e-03   1.161249e-18   1912154
  1.886997e+00   9.955895e-16   1.121764e-03   1.157870e-18   1923216
  1.890888e+00   9.855733e-16   1.124326e-03   1.145922e-18   1936562
  1.894776e+00   9.786490e-16   1.119734e-03   1.142077e-18   1936862
  1.898663e+00   9.709650e-16   1.122747e-03   1.134860e-18   1950114
  1.902549e+00   9.632082e-16   1.121089e-03   1.123582e-18   1953306
  1.906439e+00   9.541358e-16   1.125982e-03   1.111407e-18   1968806
  1.910327e+00   9.478138e-16   1.121186e-03   1.107716e-18   1968818
  1.914211e+00   9.386178e-16   1.121720e-03   1.095944e-18   1980624
  1.918097e+00   9.357122e-16   1.118800e-03   1.097365e-18   1985034
  1.921980e+00   9.263950e-16   1.120281e-03   1.084431e-18   1995242
  1.925870e+00   9.213728e-16   1.123830e-03   1.080395e-18   2007742
  1.929759e+00   9.152130e-16   1.121495e-03   1.076641e-18   2010538
  1.933641e+00   9.089147e-16   1.121298e-03   1.066031e-18   2017390
  1.937531e+00   9.000255e-16   1.126602e-03   1.053224e-18   2034346
  1.941413e+00   8.919164e-16   1.117450e-03   1.049674e-18   2025498
  1.945299e+00   8.867048e-16   1.127850e-03   1.042164e-18   2055248
  1.949189e+00   8.825563e-16   1.116586e-03   1.042958e-18   2045090
  1.953070e+00   8.743127e-16   1.121603e-03   1.028982e-18   2062074
  1.956959e+00   8.678596e-16   1.122727e-03   1.022547e-18   2070190
  1.960848e+00   8.612838e-16   1.123891e-03   1.017638e-18   2079226
  1.964734e+00   8.550355e-16   1.122069e-03   1.015631e-18   2083990
  1.968623e+00   8.498504e-16   1.124515e-03   1.003910e-18   2097898
  1.972507e+00   8.437920e-16   1.118548e-03   1.003186e-18   2095452
  1.976394e+00   8.387979e-16   1.124843e-03   9.966260e-19   2117390
  1.980286e+00   8.323871e-16   1.119656e-03   9.863993e-19   2117066
  1.984162e+00   8.263668e-16   1.115140e-03   9.830284e-19   2117238
  1.988045e+00   8.204674e-16   1.124414e-03   9.731747e-19   2140026
  1.991938e+00   8.123804e-16   1.125139e-03   9.639564e-19   2147234
  1.995825e+00   8.099067e-16   1.122378e-03   9.680298e-19   2150118
  1.999710e+00   8.032347e-16   1.122400e-03   9.603763e-19   2160386
  2.003596e+00   7.985773e-16   1.121122e-03   9.542704e-19   2168256
  2.007488e+00   7.940898e-16   1.124409e-03   9.509188e-19   2183306
  2.011378e+00   7.897104e-16   1.120925e-03   9.461063e-19   2184642
  2.015262e+00   7.835229e-16   1.120511e-03   9.394733e-19   2192318
  2.019141e+00   7.796912e-16   1.118713e-03   9.363046e-19   2196066
  2.023031e+00   7.713919e-16   1.127541e-03   9.245183e-19   2220890
  2.026922e+00   7.671018e-16   1.121128e-03   9.214952e-19   2215758
  2.030810e+00   7.624475e-16   1.124804e-03   9.130667e-19   2233988
  2.034697e+00   7.585074e-16   1.118045e-03   9.160119e-19   2231670
  2.038579e+00   7.551032e-16   1.119728e-03   9.117512e-19   2244338
  2.042469e+00   7.482471e-16   1.123477e-03   9.056886e-19   2258610
  2.046358e+00   7.437238e-16   1.121050e-03   9.026766e-19   2260718
  2.050240e+00   7.397259e-16   1.120914e-03   8.975042e-19   2268162
  2.054123e+00   7.344272e-16   1.121571e-03   8.897471e-19   2277494
  2.058008e+00   7.279912e-16   1.123134e-03   8.853549e-19   2288796
  2.061901e+00   7.277490e-16   1.126253e-03   8.877392e-19   2305226
  2.065791e+00   7.233969e-16   1.119672e-03   8.820822e-19   2301630
  2.069679e+00   7.190788e-16   1.123731e-03   8.788446e-19   2319770
  2.073565e+00   7.128773e-16   1.118309e-03   8.733590e-19   2315610
  2.077447e+00   7.083979e-16   1.124236e-03   8.644401e-19   2334662
  2.081332e+00   7.029303e-16   1.120785e-03   8.599894e-19   2335722
  2.085219e+00   6.972727e-16   1.124829e-03   8.521739e-19   2354102
  2.089107e+00   6.954793e-16   1.120313e-03   8.559037e-19   2355156
  2.092998e+00   6.927628e-16   1.124614e-03   8.500903e-19   2374250
  2.096888e+00   6.881584e-16   1.120068e-03   8.513823e-19   2373102
  2.100776e+00   6.829504e-16   1.122758e-03   8.421865e-19   2388194
  2.104658e+00   6.801859e-16   1.116928e-03   8.418285e-19   2383470
  2.108539e+00   6.750441e-16   1.123618e-03   8.337439e-19   2404994
  2.112426e+00   6.721433e-16   1.121916e-03   8.339377e-19   2408538
  2.116308e+00   6.676881e-16   1.121742e-03   8.338364e-19   2417744
  2.120198e+00   6.637134e-16   1.124446e-03   8.259098e-19   2434578
  2.124090e+00   6.605671e-16   1.121710e-03   8.211126e-19   2438414
  2.127979e+00   6.576087e-16   1.122410e-03   8.216587e-19   2448066
  2.131867e+00   6.539935e-16   1.122662e-03   8.208279e-19   2456018
  2.135751e+00   6.496147e-16   1.121406e-03   8.129720e-19   2461230
  2.139636e+00   6.459155e-16   1.122653e-03   8.102845e-19   2474330
  2.143519e+00   6.423632e-16   1.119652e-03   8.097220e-19   2476498
  2.147405e+00   6.401120e-16   1.124366e-03   8.062201e-19   2497240
  2.151298e+00   6.362364e-16   1.122529e-03   8.021971e-19   2502930
  2.155185e+00   6.327502e-16   1.120390e-03   7.990128e-19   2508470
  2.159072e+00   6.306464e-16   1.121001e-03   7.980695e-19   2518482
  2.162961e+00   6.263611e-16   1.123829e-03   7.964387e-19   2532074
  2.166844e+00   6.234138e-16   1.118275e-03   7.932744e-19   2526678
  2.170724e+00   6.190860e-16   1.124045e-03   7.891496e-19   2549018
  2.174611e+00   6.173101e-16   1.120040e-03   7.884009e-19   2551704
  2.178497e+00   6.163327e-16   1.122028e-03   7.870893e-19   2566226
  2.182386e+00   6.143794e-16   1.122230e-03   7.902385e-19   2573898
  2.186278e+00   6.097763e-16   1.124844e-03   7.864423e-19   2589182
  2.190164e+00   6.067061e-16   1.119195e-03   7.812785e-19   2584890
  2.194049e+00   6.042702e-16   1.124371e-03   7.794436e-19   2605190
  2.197936e+00   5.994606e-16   1.121682e-03   7.734926e-19   2606418
  2.201821e+00   5.976921e-16   1.123741e-03   7.749006e-19   2621186
  2.205707e+00   5.964879e-16   1.120704e-03   7.754611e-19   2626608
  2.209592e+00   5.939099e-16   1.119995e-03   7.768552e-19   2636714
  2.213479e+00   5.912446e-16   1.121274e-03   7.730572e-19   2647482
  2.217374e+00   5.872644e-16   1.127022e-03   7.660069e-19   2668382
  2.221265e+00   5.844090e-16   1.120175e-03   7.685415e-19   2660418
  2.225149e+00   5.824312e-16   1.122869e-03   7.668960e-19   2676662
  2.229029e+00   5.787378e-16   1.117920e-03   7.618796e-19   2674210
  2.232911e+00   5.774522e-16   1.123157e-03   7.638198e-19   2697076
  2.236800e+00   5.784394e-16   1.121599e-03   7.684418e-19   2703558
  2.240687e+00   5.738025e-16   1.121191e-03   7.634115e-19   2713250
  2.244572e+00   5.740034e-16   1.119243e-03   7.648892e-19   2717718
  2.248464e+00   5.691242e-16   1.127021e-03   7.582940e-19   2743178
  2.252353e+00   5.672261e-16   1.120305e-03   7.577526e-19   2732730
  2.256238e+00   5.649822e-16   1.126187e-03   7.540993e-19   2758022
  2.260125e+00   5.612128e-16   1.119041e-03   7.531277e-19   2751994
  2.264006e+00   5.608379e-16   1.121171e-03   7.565181e-19   2769052
  2.267895e+00   5.601530e-16   1.122842e-03   7.582117e-19   2783062
  2.271785e+00   5.579485e-16   1.121645e-03   7.574254e-19   2789362
  2.275674e+00   5.568294e-16   1.121981e-03   7.580865e-19   2799582
  2.279564e+00   5.568567e-16   1.123236e-03   7.607999e-19   2811170
  2.283450e+00   5.540468e-16   1.121033e-03   7.599520e-19   2812658
  2.287338e+00   5.502363e-16   1.125793e-03   7.537490e-19   2833302
  2.291222e+00   5.496460e-16   1.118388e-03   7.584445e-19   2827420
  2.295104e+00   5.477003e-16   1.121018e-03   7.562840e-19   2846710
  2.298989e+00   5.369608e-16   1.120692e-03   7.393593e-19   2846535
  2.302873e+00   5.179043e-16   1.122997e-03   7.032604e-19   2848496
  2.306761e+00   4.983155e-16   1.122225e-03   6.723060e-19   2841084
  2.310652e+00   4.804839e-16   1.124928e-03   6.367055e-19   2843480
  2.314540e+00   4.635850e-16   1.120270e-03   6.095604e-19   2826624
  2.318424e+00   4.474860e-16   1.123352e-03   5.824847e-19   2828732
  2.322310e+00   4.304879e-16   1.121451e-03   5.534842e-19   2819296
  2.326197e+00   4.149135e-16   1.122811e-03   5.270587e-19   2819548
  2.330081e+00   4.014155e-16   1.118959e-03   5.062409e-19   2805192
  2.333967e+00   3.871995e-16   1.123463e-03   4.814269e-19   2811104
  2.337856e+00   3.749069e-16   1.121717e-03   4.610617e-19   2800672
  2.341743e+00   3.623843e-16   1.122654e-03   4.425321e-19   2798080
  2.345628e+00   3.500952e-16   1.120248e-03   4.238068e-19   2786976
  2.349516e+00   3.385440e-16   1.123594e-03   4.024705e-19   2791016
  2.353406e+00   3.283381e-16   1.121382e-03   3.870812e-19   2779360
  2.357287e+00   3.191843e-16   1.119573e-03   3.739874e-19   2768644
  2.361169e+00   3.091141e-16   1.122534e-03   3.583831e-19   2771192
  2.365058e+00   3.001522e-16   1.121875e-03   3.449723e-19   2765028
  2.368946e+00   2.903844e-16   1.122751e-03   3.294537e-19   2760864
  2.372840e+00   2.824409e-16   1.125689e-03   3.176106e-19   2761616
  2.376724e+00   2.743014e-16   1.118525e-03   3.067486e-19   2737932
  2.380610e+00   2.656797e-16   1.125904e-03   2.922643e-19   2752280
  2.384498e+00   2.590824e-16   1.118464e-03   2.837057e-19   2728764
  2.388382e+00   2.514397e-16   1.123937e-03   2.725275e-19   2736368
  2.392268e+00   2.450252e-16   1.119459e-03   2.643360e-19   2719952
  2.396155e+00   2.389913e-16   1.124236e-03   2.551529e-19   2727120
  2.400042e+00   2.325646e-16   1.118614e-03   2.468431e-19   2708400
  2.403932e+00   2.260774e-16   1.125719e-03   2.370287e-19   2718536
  2.407818e+00   2.196892e-16   1.118504e-03   2.295194e-19   2694300
  2.411707e+00   2.147052e-16   1.126793e-03   2.219620e-19   2709440
  2.415596e+00   2.097568e-16   1.117787e-03   2.153158e-19   2682108
  2.419475e+00   2.036558e-16   1.121308e-03   2.071312e-19   2684912
  2.423360e+00   1.992539e-16   1.121998e-03   2.016762e-19   2678868
  2.427246e+00   1.943613e-16   1.122668e-03   1.954726e-19   2674772
  2.431135e+00   1.897152e-16   1.123033e-03   1.887209e-19   2670120
  2.435021e+00   1.853446e-16   1.120804e-03   1.830808e-19   2659532
  2.438909e+00   1.809195e-16   1.123713e-03   1.775894e-19   2659704
  2.442801e+00   1.767175e-16   1.124617e-03   1.722958e-19   2654348
  2.446687e+00   1.726879e-16   1.121000e-03   1.671346e-19   2640276
  2.450572e+00   1.683119e-16   1.121992e-03   1.616620e-19   2638700
  2.454457e+00   1.653582e-16   1.120074e-03   1.582951e-19   2628244
  2.458344e+00   1.614477e-16   1.124115e-03   1.532004e-19   2630920
  2.462234e+00   1.579176e-16   1.121877e-03   1.494199e-19   2618904
  2.466118e+00   1.544908e-16   1.120448e-03   1.451235e-19   2610932
  2.470005e+00   1.511207e-16   1.121951e-03   1.409150e-19   2608464
  2.473895e+00   1.480122e-16   1.123139e-03   1.373731e-19   2603708
  2.477779e+00   1.447678e-16   1.119694e-03   1.339072e-19   2588012
  2.481660e+00   1.417369e-16   1.122196e-03   1.299415e-19   2588364
  2.485545e+00   1.390109e-16   1.120384e-03   1.268146e-19   2579076
  2.489430e+00   1.361308e-16   1.121132e-03   1.233970e-19   2574152
  2.493314e+00   1.332167e-16   1.121505e-03   1.201900e-19   2566812
  2.497207e+00   1.307951e-16   1.127061e-03   1.175068e-19   2573732
  2.501098e+00   1.285423e-16   1.119524e-03   1.152251e-19   2550568
  2.504983e+00   1.259930e-16   1.123035e-03   1.122052e-19   2552068
  2.508870e+00   1.232472e-16   1.121138e-03   1.091266e-19   2539620
  2.512757e+00   1.212780e-16   1.124635e-03   1.067480e-19   2540936
  2.516646e+00   1.191806e-16   1.121040e-03   1.048480e-19   2528032
  2.520531e+00   1.167642e-16   1.120365e-03   1.024366e-19   2521480
  2.524419e+00   1.146834e-16   1.122347e-03   1.000170e-19   2517980
  2.528309e+00   1.125998e-16   1.123011e-03   9.806231e-20   2511744
  2.532195e+00   1.105925e-16   1.120855e-03   9.582680e-20   2500140
  2.536081e+00   1.083594e-16   1.121926e-03   9.376982e-20   2496980
  2.539968e+00   1.067383e-16   1.121125e-03   9.183736e-20   2486924
  2.543856e+00   1.047671e-16   1.124762e-03   8.973858e-20   2487000
  2.547743e+00   1.029979e-16   1.120210e-03   8.821103e-20   2469840
  2.551626e+00   1.011294e-16   1.122637e-03   8.598084e-20   2469656
  2.555511e+00   9.942934e-17   1.119469e-03   8.438887e-20   2456844
  2.559401e+00   9.814014e-17   1.125965e-03   8.309081e-20   2462876
  2.563290e+00   9.621719e-17   1.120472e-03   8.113659e-20   2442136
  2.567174e+00   9.466305e-17   1.123165e-03   7.967487e-20   2441944
  2.571061e+00   9.302975e-17   1.120769e-03   7.787669e-20   2430508
  2.574945e+00   9.165857e-17   1.121157e-03   7.668784e-20   2424352
  2.578832e+00   9.022414e-17   1.123693e-03   7.524849e-20   2421264
  2.582722e+00   8.862380e-17   1.122895e-03   7.382915e-20   2413064
  2.586608e+00   8.732952e-17   1.120676e-03   7.260143e-20   2401572
  2.590492e+00   8.607452e-17   1.121724e-03   7.147579e-20   2397284
  2.594379e+00   8.469461e-17   1.121499e-03   7.039405e-20   2388336
  2.598268e+00   8.349241e-17   1.124943e-03   6.889865e-20   2387204
  2.602153e+00   8.209191e-17   1.119280e-03   6.786244e-20   2368644
  2.606033e+00   8.103571e-17   1.120613e-03   6.688557e-20   2365400
  2.609918e+00   7.975198e-17   1.121690e-03   6.559250e-20   2360072
  2.613808e+00   7.866883e-17   1.123660e-03   6.467199e-20   2356464
  2.617696e+00   7.753094e-17   1.121214e-03   6.384700e-20   2343240
  2.621583e+00   7.636105e-17   1.122605e-03   6.260782e-20   2340248
  2.625468e+00   7.522816e-17   1.118824e-03   6.177755e-20   2325000
  2.629355e+00   7.411474e-17   1.124959e-03   6.047190e-20   2328632
  2.633245e+00   7.326876e-17   1.121910e-03   6.007924e-20   2313220
  2.637134e+00   7.220727e-17   1.124095e-03   5.871721e-20   2310772
  2.641020e+00   7.110119e-17   1.119781e-03   5.808525e-20   2295420
  2.644905e+00   7.017624e-17   1.122584e-03   5.731929e-20   2293592
  2.648791e+00   6.932923e-17   1.120952e-03   5.657830e-20   2281384
  2.652683e+00   6.828145e-17   1.126704e-03   5.553716e-20   2285776
  2.656570e+00   6.749674e-17   1.117325e-03   5.506604e-20   2259408
  2.660455e+00   6.646987e-17   1.124314e-03   5.397908e-20   2266808
  2.664344e+00   6.580309e-17   1.120389e-03   5.373337e-20   2248836
  2.668227e+00   6.473336e-17   1.123045e-03   5.277294e-20   2245244
  2.672111e+00   6.401068e-17   1.120801e-03   5.219286e-20   2233908
  2.675998e+00   6.305834e-17   1.122974e-03   5.135012e-20   2231660
  2.679886e+00   6.251288e-17   1.120422e-03   5.097757e-20   2218544
  2.683775e+00   6.152919e-17   1.124792e-03   4.997995e-20   2218176
  2.687664e+00   6.091684e-17   1.121286e-03   4.966103e-20   2202900
  2.691550e+00   6.015417e-17   1.121747e-03   4.901075e-20   2197472
  2.695433e+00   5.948249e-17   1.118354e-03   4.865788e-20   2181960
  2.699317e+00   5.873846e-17   1.124130e-03   4.796843e-20   2183696
  2.703207e+00   5.787980e-17   1.123719e-03   4.730146e-20   2173416
  2.707096e+00   5.717776e-17   1.122917e-03   4.668323e-20   2165444
  2.710982e+00   5.662017e-17   1.119761e-03   4.626974e-20   2152688
  2.714867e+00   5.590333e-17   1.121777e-03   4.587862e-20   2147628
  2.718754e+00   5.523189e-17   1.122335e-03   4.528196e-20   2139012
  2.722646e+00   5.468198e-17   1.125226e-03   4.495314e-20   2136008
  2.726525e+00   5.397239e-17   1.114594e-03   4.455473e-20   2108656
  2.730404e+00   5.334629e-17   1.123744e-03   4.395670e-20   2117896
  2.734296e+00   5.291183e-17   1.123450e-03   4.361845e-20   2106260
  2.738185e+00   5.216955e-17   1.123855e-03   4.311902e-20   2099088
  2.742075e+00   5.165904e-17   1.121974e-03   4.270389e-20   2088432
  2.745961e+00   5.108144e-17   1.120471e-03   4.235211e-20   2078432
  2.749845e+00   5.059537e-17   1.120708e-03   4.199426e-20   2069048
  2.753732e+00   4.991662e-17   1.123831e-03   4.150219e-20   2064804
  2.757623e+00   4.949372e-17   1.123568e-03   4.123516e-20   2055644
  2.761510e+00   4.895418e-17   1.120700e-03   4.087653e-20   2043000
  2.765392e+00   4.850818e-17   1.120067e-03   4.065610e-20   2032348
  2.769281e+00   4.805042e-17   1.126495e-03   4.024257e-20   2034064
  2.773172e+00   4.747568e-17   1.122211e-03   3.996748e-20   2017740
  2.777059e+00   4.693949e-17   1.121480e-03   3.957716e-20   2010188
  2.780942e+00   4.648981e-17   1.118751e-03   3.929743e-20   1996556
  2.784826e+00   4.606474e-17   1.122456e-03   3.895369e-20   1992816
  2.788712e+00   4.568766e-17   1.122411e-03   3.878397e-20   1982400
  2.792596e+00   4.513143e-17   1.121262e-03   3.855668e-20   1972256
  2.796480e+00   4.473023e-17   1.121000e-03   3.820378e-20   1964384
  2.800370e+00   4.416411e-17   1.122889e-03   3.774980e-20   1958544
  2.804258e+00   4.394534e-17   1.122489e-03   3.765099e-20   1946988
  2.808149e+00   4.336206e-17   1.124629e-03   3.726015e-20   1942532
  2.812034e+00   4.304663e-17   1.117383e-03   3.728716e-20   1921692
  2.815918e+00   4.256247e-17   1.123808e-03   3.686578e-20   1924004
  2.819806e+00   4.228044e-17   1.120365e-03   3.680512e-20   1907344
  2.823695e+00   4.187338e-17   1.126069e-03   3.643985e-20   1907440
  2.827583e+00   4.155541e-17   1.118720e-03   3.637350e-20   1886136
  2.831464e+00   4.111099e-17   1.121920e-03   3.600472e-20   1883144
  2.835353e+00   4.066885e-17   1.122753e-03   3.568346e-20   1874724
  2.839243e+00   4.029209e-17   1.123826e-03   3.560292e-20   1866068
  2.843130e+00   3.996669e-17   1.121455e-03   3.544441e-20   1852980
  2.847017e+00   3.963710e-17   1.122782e-03   3.519939e-20   1847468
  2.850900e+00   3.931869e-17   1.117935e-03   3.508375e-20   1829636
  2.854785e+00   3.891232e-17   1.123959e-03   3.492544e-20   1829688
  2.858675e+00   3.860970e-17   1.122789e-03   3.476261e-20   1817192
  2.862561e+00   3.828652e-17   1.121150e-03   3.468422e-20   1806312
  2.866446e+00   3.802131e-17   1.120289e-03   3.456902e-20   1795984
  2.870334e+00   3.769631e-17   1.123627e-03   3.429354e-20   1791100
  2.874224e+00   3.726219e-17   1.122050e-03   3.407498e-20   1777648
  2.878111e+00   3.702273e-17   1.123043e-03   3.402509e-20   1769848
  2.881996e+00   3.666619e-17   1.119995e-03   3.382678e-20   1756536
  2.885881e+00   3.637002e-17   1.121386e-03   3.367136e-20   1748960
  2.889768e+00   3.612925e-17   1.123014e-03   3.351756e-20   1739952
  2.893658e+00   3.575479e-17   1.124239e-03   3.338676e-20   1732124
  2.897544e+00   3.556583e-17   1.120323e-03   3.331441e-20   1716852
  2.901430e+00   3.520293e-17   1.122735e-03   3.315663e-20   1712276
  2.905319e+00   3.496959e-17   1.121222e-03   3.309720e-20   1698500
  2.909208e+00   3.468615e-17   1.125604e-03   3.296859e-20   1693932
  2.913093e+00   3.442455e-17   1.119232e-03   3.293730e-20   1675204
  2.916975e+00   3.413043e-17   1.121771e-03   3.278232e-20   1670644
  2.920858e+00   3.391087e-17   1.118515e-03   3.275759e-20   1655532
  2.924748e+00   3.363492e-17   1.126990e-03   3.259666e-20   1656860
  2.928637e+00   3.335778e-17   1.119840e-03   3.257399e-20   1635372
  2.932524e+00   3.312648e-17   1.124773e-03   3.241420e-20   1634324
  2.936410e+00   3.285973e-17   1.117372e-03   3.248485e-20   1613676
  2.940295e+00   3.265317e-17   1.124617e-03   3.227638e-20   1613348
  2.944183e+00   3.242414e-17   1.120803e-03   3.236507e-20   1596236
  2.948069e+00   3.216004e-17   1.123999e-03   3.208935e-20   1591476
  2.951956e+00   3.197584e-17   1.119134e-03   3.220723e-20   1575732
  2.955838e+00   3.163465e-17   1.120429e-03   3.209250e-20   1566236
  2.959725e+00   3.146119e-17   1.124724e-03   3.195761e-20   1560292
  2.963618e+00   3.122011e-17   1.124442e-03   3.188285e-20   1550092
  2.967503e+00   3.109362e-17   1.118750e-03   3.211343e-20   1532628
  2.971386e+00   3.068618e-17   1.121507e-03   3.176706e-20   1527332
  2.975274e+00   3.055898e-17   1.121884e-03   3.179317e-20   1515212
  2.979160e+00   3.037855e-17   1.123567e-03   3.176099e-20   1506444
  2.983048e+00   3.010250e-17   1.122261e-03   3.158928e-20   1495116
  2.986928e+00   2.993928e-17   1.117074e-03   3.174571e-20   1479152
  2.990812e+00   2.966893e-17   1.122982e-03   3.154735e-20   1475512
  2.994707e+00   2.954068e-17   1.126591e-03   3.166111e-20   1467820
  2.998598e+00   2.934135e-17   1.121923e-03   3.164851e-20   1451256
  3.002486e+00   2.897093e-17   1.122725e-03   3.139396e-20   1443212
  3.006369e+00   2.886228e-17   1.117256e-03   3.150299e-20   1425680
  3.010254e+00   2.865900e-17   1.124371e-03   3.143922e-20   1422972
  3.014143e+00   2.844684e-17   1.123023e-03   3.138282e-20   1408632
  3.018032e+00   2.824138e-17   1.123941e-03   3.139609e-20   1400984
  3.021918e+00   2.811371e-17   1.117887e-03   3.147045e-20   1383196
  3.025801e+00   2.784686e-17   1.123197e-03   3.140014e-20   1378120
  3.029692e+00   2.768734e-17   1.124450e-03   3.136476e-20   1367272
  3.033584e+00   2.753112e-17   1.124457e-03   3.137735e-20   1356580
  3.037464e+00   2.734581e-17   1.115974e-03   3.145252e-20   1337028
  3.041343e+00   2.707306e-17   1.120802e-03   3.135865e-20   1332500
  3.045230e+00   2.695485e-17   1.122780e-03   3.136857e-20   1321796
  3.049120e+00   2.671602e-17   1.124838e-03   3.136321e-20   1312716
  3.053007e+00   2.654763e-17   1.119942e-03   3.135348e-20   1296580
  3.056896e+00   2.626368e-17   1.124221e-03   3.106649e-20   1291528
  3.060783e+00   2.616747e-17   1.119071e-03   3.143138e-20   1273128
  3.064669e+00   2.597702e-17   1.125633e-03   3.133128e-20   1268720
  3.068560e+00   2.585798e-17   1.122309e-03   3.144408e-20   1254016
  3.072444e+00   2.557525e-17   1.119894e-03   3.147792e-20   1241296
  3.076322e+00   2.544248e-17   1.116955e-03   3.141617e-20   1226712
  3.080211e+00   2.531872e-17   1.128188e-03   3.139202e-20   1226228
  3.084105e+00   2.511686e-17   1.122621e-03   3.163270e-20   1207768
  3.087992e+00   2.483353e-17   1.122433e-03   3.150137e-20   1198336
  3.091874e+00   2.467655e-17   1.117108e-03   3.145615e-20   1181484
  3.095761e+00   2.455662e-17   1.125421e-03   3.153440e-20   1178012
  3.099653e+00   2.441920e-17   1.123268e-03   3.157462e-20   1162564
  3.103535e+00   2.418860e-17   1.120338e-03   3.164160e-20   1149340
  3.107418e+00   2.391443e-17   1.119954e-03   3.141010e-20   1138848
  3.111303e+00   2.366570e-17   1.120192e-03   3.125644e-20   1126748
  3.115189e+00   2.364368e-17   1.123911e-03   3.163545e-20   1117428
  3.119084e+00   2.340554e-17   1.126323e-03   3.149283e-20   1108112
  3.122973e+00   2.311892e-17   1.119549e-03   3.132696e-20   1090596
  3.126857e+00   2.289809e-17   1.120292e-03   3.139418e-20   1081052
  3.130738e+00   2.274023e-17   1.118514e-03   3.152990e-20   1065716
  3.134626e+00   2.269289e-17   1.127732e-03   3.170675e-20   1061940
  3.138518e+00   2.242841e-17   1.121370e-03   3.158407e-20   1044096
  3.142404e+00   2.209946e-17   1.122139e-03   3.146976e-20   1034864
  3.146289e+00   2.185350e-17   1.117591e-03   3.126911e-20   1018308
  3.150179e+00   2.183960e-17   1.129200e-03   3.147816e-20   1014812
  3.154072e+00   2.163401e-17   1.121981e-03   3.159088e-20   996288
  3.157955e+00   2.126604e-17   1.120847e-03   3.147833e-20   985376
  3.161835e+00   2.099143e-17   1.115880e-03   3.125178e-20   969652
  3.165722e+00   2.088683e-17   1.125987e-03   3.127397e-20   964924
  3.169610e+00   2.078616e-17   1.121515e-03   3.146055e-20   947228
  3.173495e+00   2.037521e-17   1.123457e-03   3.100893e-20   939084
  3.177381e+00   2.012361e-17   1.116472e-03   3.099266e-20   921864
  3.181265e+00   1.991002e-17   1.123502e-03   3.089205e-20   914252
  3.185159e+00   1.978930e-17   1.126304e-03   3.101360e-20   902572
  3.189050e+00   1.945321e-17   1.123145e-03   3.094835e-20   888784
  3.192932e+00   1.914034e-17   1.116224e-03   3.047105e-20   872540
  3.196811e+00   1.880285e-17   1.120157e-03   3.016559e-20   862848
  3.200697e+00   1.879060e-17   1.124093e-03   3.055045e-20   851760
  3.204592e+00   1.846499e-17   1.127172e-03   3.019685e-20   841940
  3.208479e+00   1.806425e-17   1.117661e-03   2.977982e-20   823032
  3.212364e+00   1.770132e-17   1.123934e-03   2.918209e-20   816044
  3.216253e+00   1.753793e-17   1.120364e-03   2.940749e-20   799292
  3.220140e+00   1.717494e-17   1.126784e-03   2.874523e-20   791304
  3.224026e+00   1.687190e-17   1.117490e-03   2.870363e-20   772868
  3.227902e+00   1.648600e-17   1.119936e-03   2.779163e-20   762552
  3.231787e+00   1.613813e-17   1.121745e-03   2.740936e-20   750876
  3.235677e+00   1.597136e-17   1.123999e-03   2.752002e-20   739280
  3.239565e+00   1.543885e-17   1.121784e-03   2.636790e-20   724944
  3.243456e+00   1.501506e-17   1.124267e-03   2.569646e-20   714380
  3.247336e+00   1.470010e-17   1.116046e-03   2.492371e-20   695932
  3.251222e+00   1.435575e-17   1.126879e-03   2.412114e-20   690949
  3.255114e+00   1.394981e-17   1.118914e-03   2.339718e-20   673638
  3.258999e+00   1.355337e-17   1.124434e-03   2.254375e-20   666092
  3.262883e+00   1.337563e-17   1.117312e-03   2.210681e-20   651024
  3.266766e+00   1.313739e-17   1.124054e-03   2.189700e-20   644804
  3.270656e+00   1.291357e-17   1.121035e-03   2.131537e-20   632676
  3.274546e+00   1.261786e-17   1.125434e-03   2.063991e-20   624962
  3.278430e+00   1.242152e-17   1.118496e-03   2.032519e-20   611280
  3.282321e+00   1.222908e-17   1.127391e-03   1.998126e-20   607256
  3.286211e+00   1.201729e-17   1.118374e-03   1.975706e-20   592616
  3.290095e+00   1.183671e-17   1.124430e-03   1.932273e-20   587160
  3.293983e+00   1.163057e-17   1.120749e-03   1.895644e-20   575482
  3.297866e+00   1.151607e-17   1.122505e-03   1.888486e-20   568258
  3.301757e+00   1.132186e-17   1.122731e-03   1.835450e-20   559638
  3.305647e+00   1.121120e-17   1.123210e-03   1.840880e-20   551498
  3.309536e+00   1.102487e-17   1.121790e-03   1.792878e-20   542364
  3.313423e+00   1.082753e-17   1.122328e-03   1.763518e-20   534146
  3.317305e+00   1.079711e-17   1.119988e-03   1.776917e-20   524980
  3.321196e+00   1.061030e-17   1.125222e-03   1.742886e-20   519964
  3.325077e+00   1.042187e-17   1.115886e-03   1.718639e-20   507108
  3.328962e+00   1.028182e-17   1.126905e-03   1.692506e-20   504992
  3.332852e+00   1.020052e-17   1.118656e-03   1.683926e-20   492948
  3.336740e+00   1.002381e-17   1.127360e-03   1.658373e-20   489740
  3.340629e+00   1.001998e-17   1.117346e-03   1.666372e-20   477716
  3.344511e+00   9.894828e-18   1.124864e-03   1.644488e-20   473844
  3.348399e+00   9.778476e-18   1.119228e-03   1.626000e-20   464222
  3.352284e+00   9.594181e-18   1.123815e-03   1.602589e-20   459048
  3.356167e+00   9.590985e-18   1.117888e-03   1.607173e-20   449574
  3.360054e+00   9.407399e-18   1.125019e-03   1.579411e-20   445820
  3.363936e+00   9.344634e-18   1.116211e-03   1.569553e-20   435158
  3.367827e+00   9.283528e-18   1.127850e-03   1.564035e-20   433566
  3.371713e+00   9.143404e-18   1.114763e-03   1.552689e-20   421014
  3.375597e+00   9.131934e-18   1.127754e-03   1.554508e-20   419996
  3.379490e+00   9.030311e-18   1.118287e-03   1.554987e-20   409482
  3.383368e+00   8.859056e-18   1.121665e-03   1.517359e-20   404414
  3.387257e+00   8.881477e-18   1.122567e-03   1.542021e-20   398518
  3.391148e+00   8.723688e-18   1.123750e-03   1.505643e-20   392302
  3.395033e+00   8.709670e-18   1.121765e-03   1.518877e-20   385318
  3.398930e+00   8.623976e-18   1.127631e-03   1.505062e-20   381718
  3.402811e+00   8.503732e-18   1.114511e-03   1.503627e-20   370674
  3.406696e+00   8.479873e-18   1.128673e-03   1.493543e-20   370166
  3.410587e+00   8.387091e-18   1.117032e-03   1.492055e-20   359838
  3.414471e+00   8.361927e-18   1.126612e-03   1.498920e-20   357488
  3.418356e+00   8.312257e-18   1.115416e-03   1.494618e-20   348174
  3.422239e+00   8.185127e-18   1.126138e-03   1.470613e-20   346010
  3.426123e+00   8.161695e-18   1.115666e-03   1.500963e-20   336966
  3.430017e+00   8.070850e-18   1.131496e-03   1.462767e-20   336488
  3.433906e+00   8.030671e-18   1.113178e-03   1.484180e-20   325206
  3.437790e+00   7.992259e-18   1.128394e-03   1.474709e-20   324614
  3.441675e+00   7.964426e-18   1.113950e-03   1.486238e-20   314792
  3.445561e+00   7.869457e-18   1.129033e-03   1.468524e-20   314082
  3.449445e+00   7.834391e-18   1.112843e-03   1.483983e-20   303918
  3.453329e+00   7.789026e-18   1.130230e-03   1.472800e-20   303872
  3.457223e+00   7.730609e-18   1.118237e-03   1.481006e-20   295070
  3.461110e+00   7.668922e-18   1.127117e-03   1.465889e-20   292776
  3.464999e+00   7.666658e-18   1.118155e-03   1.483992e-20   285198
  3.468882e+00   7.623243e-18   1.124173e-03   1.488751e-20   282068
  3.472770e+00   7.576511e-18   1.120642e-03   1.491038e-20   276094
  3.476654e+00   7.468895e-18   1.121770e-03   1.481626e-20   271936
  3.480537e+00   7.453797e-18   1.119604e-03   1.482591e-20   266352
  3.484425e+00   7.416668e-18   1.124273e-03   1.478401e-20   263198
  3.488309e+00   7.370825e-18   1.117087e-03   1.504831e-20   256540
  3.492199e+00   7.366647e-18   1.128018e-03   1.498702e-20   254758
  3.496085e+00   7.292382e-18   1.114575e-03   1.498482e-20   246888
  3.499973e+00   7.281504e-18   1.129431e-03   1.510589e-20   245984
  3.503859e+00   7.255180e-18   1.113747e-03   1.521379e-20   237838
  3.507743e+00   7.197509e-18   1.128624e-03   1.502400e-20   236932
  3.511628e+00   7.199638e-18   1.114686e-03   1.536681e-20   229296
  3.515519e+00   7.184277e-18   1.132107e-03   1.534859e-20   228968
  3.519410e+00   7.128680e-18   1.115334e-03   1.545726e-20   220862
  3.523299e+00   7.090310e-18   1.132320e-03   1.535116e-20   220440
  3.527188e+00   7.054850e-18   1.113877e-03   1.560789e-20   212400
  3.531075e+00   7.020095e-18   1.132596e-03   1.562099e-20   212228
  3.534965e+00   7.036885e-18   1.113928e-03   1.577257e-20   204518
  3.538852e+00   7.000570e-18   1.130227e-03   1.575125e-20   203928
  3.542735e+00   6.959105e-18   1.110921e-03   1.589548e-20   196280
  3.546619e+00   6.934936e-18   1.130361e-03   1.594164e-20   196272
  3.550503e+00   6.916550e-18   1.110008e-03   1.614878e-20   188572
  3.554385e+00   6.883142e-18   1.129045e-03   1.598248e-20   188440
  3.558272e+00   6.912703e-18   1.112527e-03   1.646656e-20   181574
  3.562156e+00   6.858720e-18   1.129325e-03   1.629985e-20   180912
  3.566042e+00   6.826973e-18   1.112617e-03   1.650030e-20   174304
  3.569927e+00   6.788372e-18   1.129933e-03   1.651607e-20   173620
  3.573814e+00   6.823335e-18   1.114477e-03   1.678242e-20   167424
  3.577707e+00   6.802794e-18   1.132693e-03   1.683817e-20   166952
  3.581590e+00   6.717225e-18   1.109406e-03   1.679272e-20   159744
  3.585479e+00   6.759017e-18   1.134885e-03   1.703882e-20   160424
  3.589363e+00   6.756468e-18   1.107308e-03   1.743644e-20   152748
  3.593250e+00   6.701059e-18   1.136784e-03   1.711863e-20   153920
  3.597136e+00   6.713400e-18   1.105473e-03   1.776640e-20   146016
  3.601018e+00   6.656316e-18   1.136208e-03   1.741181e-20   147176
  3.604907e+00   6.668909e-18   1.107710e-03   1.794480e-20   139992
  3.608791e+00   6.676831e-18   1.135264e-03   1.788430e-20   140588
  3.612682e+00   6.642633e-18   1.111007e-03   1.820549e-20   134184
  3.616571e+00   6.635539e-18   1.134121e-03   1.826395e-20   134192
  3.620457e+00   6.660909e-18   1.110077e-03   1.856243e-20   127992
  3.624344e+00   6.636440e-18   1.133946e-03   1.865761e-20   128132
  3.628235e+00   6.616115e-18   1.112933e-03   1.905327e-20   122384
  3.632120e+00   6.579632e-18   1.130787e-03   1.896674e-20   121896
  3.636006e+00   6.588872e-18   1.111987e-03   1.928956e-20   116592
  3.639888e+00   6.594427e-18   1.130031e-03   1.937802e-20   116072
  3.643776e+00   6.555066e-18   1.113281e-03   1.977937e-20   111196
  3.647666e+00   6.578228e-18   1.133982e-03   1.959018e-20   110824
  3.651553e+00   6.513939e-18   1.109351e-03   2.021619e-20   105456
  3.655445e+00   6.570661e-18   1.137911e-03   2.027247e-20   105746
  3.659331e+00   6.559397e-18   1.104570e-03   2.085711e-20   99816
  3.663217e+00   6.558361e-18   1.137630e-03   2.063535e-20   100460
  3.667098e+00   6.561240e-18   1.103186e-03   2.136149e-20   94616
  3.670986e+00   6.505086e-18   1.138482e-03   2.097219e-20   95448
  3.674871e+00   6.532121e-18   1.104767e-03   2.174979e-20   89784
  3.678762e+00   6.544767e-18   1.138753e-03   2.156770e-20   90536
  3.682640e+00   6.477676e-18   1.098833e-03   2.256492e-20   84566
  3.686528e+00   6.516868e-18   1.143171e-03   2.209536e-20   86088
  3.690411e+00   6.562247e-18   1.094501e-03   2.321786e-20   79680
  3.694290e+00   6.546220e-18   1.143460e-03   2.280199e-20   81368
  3.698177e+00   6.493584e-18   1.096007e-03   2.380716e-20   75356
  3.702056e+00   6.531814e-18   1.143156e-03   2.358395e-20   76704
  3.705948e+00   6.534167e-18   1.100016e-03   2.427287e-20   71322
  3.709834e+00   6.539067e-18   1.143672e-03   2.431152e-20   72248
  3.713724e+00   6.535939e-18   1.099908e-03   2.514828e-20   67160
  3.717610e+00   6.511402e-18   1.141543e-03   2.495609e-20   67836
  3.721489e+00   6.541753e-18   1.096984e-03   2.621541e-20   62976
  3.725379e+00   6.571805e-18   1.144398e-03   2.626200e-20   63914
  3.729253e+00   6.441397e-18   1.092761e-03   2.638270e-20   58832
  3.733144e+00   6.525823e-18   1.147084e-03   2.667193e-20   60108
  3.737017e+00   6.558627e-18   1.090205e-03   2.802363e-20   54920
  3.740928e+00   6.496782e-18   1.160099e-03   2.737424e-20   56970
  3.744809e+00   6.508448e-18   1.078913e-03   2.877717e-20   50760
  3.748701e+00   6.540776e-18   1.161348e-03   2.801627e-20   53312
  3.752584e+00   6.492012e-18   1.074836e-03   2.976074e-20   47164
  3.756472e+00   6.527359e-18   1.163802e-03   2.929335e-20   49810
  3.760356e+00   6.573917e-18   1.069365e-03   3.127228e-20   43680
  3.764234e+00   6.561910e-18   1.164818e-03   3.058576e-20   46328
  3.768129e+00   6.528847e-18   1.073902e-03   3.203784e-20   40694
  3.772013e+00   6.499756e-18   1.167140e-03   3.159338e-20   42984
  3.775913e+00   6.592237e-18   1.073587e-03   3.393162e-20   37656
  3.779787e+00   6.524922e-18   1.164236e-03   3.320250e-20   39578
  3.783688e+00   6.550072e-18   1.077878e-03   3.494427e-20   34920
  3.787564e+00   6.516701e-18   1.160065e-03   3.425116e-20   36308
  3.791451e+00   6.581956e-18   1.076316e-03   3.659760e-20   32136
  3.795334e+00   6.558298e-18   1.159401e-03   3.603986e-20   33362
  3.799207e+00   6.601875e-18   1.069739e-03   3.843470e-20   29336
  3.803104e+00   6.618482e-18   1.167435e-03   3.769343e-20   30804
  3.806966e+00   6.631523e-18   1.055228e-03   4.033802e-20   26490
  3.810870e+00   6.561398e-18   1.176653e-03   3.832165e-20   28376
  3.814719e+00   6.618601e-18   1.039734e-03   4.307368e-20   23784
  3.818636e+00   6.659147e-18   1.189627e-03   4.115343e-20   26150
  3.822479e+00   6.614921e-18   1.021588e-03   4.502236e-20   21192
  3.826407e+00   6.609368e-18   1.204804e-03   4.228233e-20   24050
  3.830252e+00   6.659788e-18   1.002280e-03   4.866250e-20   18768
  3.834191e+00   6.653844e-18   1.221518e-03   4.565895e-20   22052
  3.838029e+00   6.643243e-18   9.660660e-04   5.215998e-20   16346
  3.841962e+00   6.757282e-18   1.236558e-03   4.823812e-20   20136
  3.845802e+00   6.720814e-18   9.274195e-04   5.670729e-20   14160
  3.849721e+00   6.651587e-18   1.247069e-03   4.965939e-20   18218
  3.853565e+00   6.896075e-18   8.859468e-04   6.258805e-20   12204
  3.857470e+00   6.640503e-18   1.256334e-03   5.186107e-20   16346
  3.861333e+00   6.713710e-18   8.562781e-04   6.437348e-20   10536
  3.865221e+00   6.667210e-18   1.261091e-03   5.443262e-20   14456
  3.869081e+00   6.659134e-18   8.165112e-04   7.006569e-20   8990
  3.872967e+00   6.625209e-18   1.270385e-03   5.913904e-20   12744
  3.876815e+00   6.708073e-18   7.482517e-04   7.632272e-20   7506
  3.880703e+00   6.802232e-18   1.282849e-03   6.314870e-20   11192
  3.884545e+00   6.761671e-18   6.569471e-04   8.826505e-20   6156
  3.888432e+00   6.960924e-18   1.294599e-03   7.066035e-20   9722
  3.892281e+00   6.579644e-18   5.567157e-04   9.233705e-20   4992
  3.896158e+00   6.952016e-18   1.304505e-03   7.633988e-20   8306
  3.900025e+00   6.789664e-18   4.384033e-04   1.033444e-19   3996
  3.903878e+00   6.761774e-18   1.309274e-03   8.031611e-20   6938
  3.907766e+00   7.110008e-18   3.047624e-04   1.272818e-19   3168
  3.911584e+00   6.842262e-18   1.304853e-03   9.377641e-20   5624
  3.915485e+00   6.698269e-18   2.103226e-04   1.302748e-19   2502
  3.919286e+00   6.794267e-18   1.297747e-03   1.044835e-19   4424
  3.923208e+00   6.789674e-18   2.230451e-04   1.491274e-19   1946
  3.926998e+00   7.155218e-18   1.292790e-03   1.241931e-19   3360
  3.930918e+00   7.407608e-18   1.221617e-04   1.966513e-19   1446
  3.934708e+00   7.322013e-18   1.290208e-03   1.440760e-19   2456
  3.938666e+00   7.571651e-18   2.340394e-04   2.153107e-19   1034
  3.942432e+00   6.880086e-18   1.288305e-03   1.823399e-19   1680
  3.946383e+00   7.320734e-18   5.837572e-05   2.644595e-19   678
  3.950143e+00   6.858656e-18   1.286681e-03   2.003062e-19   1064
  3.954177e+00   7.171825e-18   3.540138e-04   3.838513e-19   410
  3.957868e+00   6.685708e-18   1.284749e-03   2.736289e-19   576
  3.961879e+00   8.234546e-18   1.855368e-05   6.372788e-19   198
  3.965528e+00   6.521615e-18   1.272780e-03   4.108932e-19   248
  3.969917e+00   5.795256e-18   8.019490e-04   5.625586e-19   74
  3.973198e+00   6.788660e-18   1.252635e-03   7.206467e-19   48
  3.977405e+00   9.768256e-18   5.034095e-08   2.095821e-18   6
