# power spectrum of phi_prime/H (dimensionless)
# redshift z=5.964582
# k              Pk             sigma(k)       sigma(Pk)      count
  5.727314e-03   1.891471e-14   8.763345e-04   4.179311e-15   18
  1.001182e-02   3.300918e-14   1.059922e-03   4.403418e-15   62
  1.393445e-02   2.974418e-14   7.332271e-04   3.795213e-15   90
  1.764809e-02   3.250117e-14   1.157232e-03   1.992186e-15   170
  2.151286e-02   3.040020e-14   1.202795e-03   1.958237e-15   246
  2.528669e-02   3.956272e-14   1.146703e-03   1.979559e-15   338
  2.901099e-02   4.447436e-14   9.857564e-04   2.367016e-15   432
  3.284683e-02   5.705687e-14   1.010047e-03   2.364778e-15   578
  3.688195e-02   6.379654e-14   1.177086e-03   2.687822e-15   786
  4.101464e-02   7.097738e-14   1.190994e-03   2.456067e-15   974
  4.488954e-02   8.361854e-14   1.031402e-03   2.509816e-15   1002
  4.870958e-02   7.862689e-14   1.179303e-03   2.288956e-15   1334
  5.263577e-02   9.240467e-14   1.134676e-03   2.337340e-15   1458
  5.631027e-02   8.765551e-14   1.072446e-03   2.293753e-15   1604
  6.010158e-02   9.682504e-14   1.088865e-03   2.025889e-15   1974
  6.404851e-02   1.100719e-13   1.067989e-03   2.321030e-15   2234
  6.795611e-02   9.591678e-14   1.092954e-03   1.940384e-15   2490
  7.198483e-02   1.086103e-13   1.200217e-03   1.993469e-15   3014
  7.595394e-02   1.146472e-13   1.093611e-03   1.995542e-15   3018
  7.977896e-02   1.154008e-13   1.131598e-03   1.875814e-15   3446
  8.359600e-02   1.150221e-13   1.085617e-03   2.055926e-15   3626
  8.742004e-02   1.201914e-13   1.125556e-03   1.854668e-15   4164
  9.130612e-02   1.211318e-13   1.090740e-03   1.806846e-15   4470
  9.521636e-02   1.246759e-13   1.115446e-03   1.801620e-15   4970
  9.915211e-02   1.262344e-13   1.127844e-03   1.741896e-15   5366
  1.030785e-01   1.256114e-13   1.144516e-03   1.646715e-15   5778
  1.069619e-01   1.230419e-13   1.149148e-03   1.571856e-15   6162
  1.108671e-01   1.230440e-13   1.158272e-03   1.478303e-15   6734
  1.146806e-01   1.254308e-13   1.074898e-03   1.556267e-15   6756
  1.184510e-01   1.225584e-13   1.088568e-03   1.450542e-15   7502
  1.223464e-01   1.232078e-13   1.105366e-03   1.392026e-15   8154
  1.262469e-01   1.246334e-13   1.103283e-03   1.326091e-15   8618
  1.301909e-01   1.207082e-13   1.146655e-03   1.257073e-15   9390
  1.341197e-01   1.258406e-13   1.126004e-03   1.261194e-15   9722
  1.380051e-01   1.240892e-13   1.126950e-03   1.216356e-15   10242
  1.419007e-01   1.243330e-13   1.149257e-03   1.172033e-15   11006
  1.457777e-01   1.197225e-13   1.106962e-03   1.115439e-15   11348
  1.496576e-01   1.193735e-13   1.105725e-03   1.082720e-15   12150
  1.535164e-01   1.187043e-13   1.078348e-03   1.072997e-15   12498
  1.574072e-01   1.208529e-13   1.129889e-03   1.034483e-15   13586
  1.613096e-01   1.176593e-13   1.132072e-03   1.003341e-15   14006
  1.652381e-01   1.168989e-13   1.166232e-03   9.510907e-16   15162
  1.691226e-01   1.173964e-13   1.101754e-03   9.663629e-16   14990
  1.729750e-01   1.121578e-13   1.143142e-03   8.773083e-16   16380
  1.768610e-01   1.155193e-13   1.105581e-03   9.018054e-16   16666
  1.807168e-01   1.114944e-13   1.110348e-03   8.443361e-16   17638
  1.845996e-01   1.115281e-13   1.100521e-03   8.202855e-16   18354
  1.884710e-01   1.093704e-13   1.102640e-03   7.843388e-16   19034
  1.923685e-01   1.111865e-13   1.144302e-03   7.956383e-16   20270
  1.963174e-01   1.101131e-13   1.155956e-03   7.653959e-16   21258
  2.002141e-01   1.081211e-13   1.111898e-03   7.299555e-16   21350
  2.040863e-01   1.077499e-13   1.123159e-03   7.162197e-16   22644
  2.079681e-01   1.050494e-13   1.101476e-03   6.957307e-16   23114
  2.118390e-01   1.051262e-13   1.118265e-03   6.725618e-16   24342
  2.157382e-01   1.036275e-13   1.117694e-03   6.562361e-16   25194
  2.196235e-01   1.025925e-13   1.116195e-03   6.365373e-16   25982
  2.234724e-01   1.027188e-13   1.109599e-03   6.372266e-16   26506
  2.273806e-01   1.018650e-13   1.167806e-03   6.007876e-16   28738
  2.312750e-01   1.004201e-13   1.110542e-03   5.972485e-16   28296
  2.351662e-01   9.892791e-14   1.143823e-03   5.672145e-16   30554
  2.390501e-01   9.828539e-14   1.084103e-03   5.660738e-16   30094
  2.428824e-01   9.680731e-14   1.109820e-03   5.422283e-16   31738
  2.467836e-01   9.638890e-14   1.134747e-03   5.321588e-16   33306
  2.506613e-01   9.432524e-14   1.104153e-03   5.137344e-16   33422
  2.545365e-01   9.417209e-14   1.131527e-03   4.974118e-16   35298
  2.584714e-01   9.296049e-14   1.143069e-03   4.871877e-16   36650
  2.623670e-01   9.068296e-14   1.115532e-03   4.653640e-16   36888
  2.662651e-01   9.076033e-14   1.131896e-03   4.556998e-16   38834
  2.701697e-01   8.933997e-14   1.107355e-03   4.570904e-16   39246
  2.740453e-01   8.881423e-14   1.111777e-03   4.442058e-16   40466
  2.778984e-01   8.706990e-14   1.108403e-03   4.252529e-16   41106
  2.817847e-01   8.730319e-14   1.145602e-03   4.206179e-16   43598
  2.856833e-01   8.730176e-14   1.116308e-03   4.185573e-16   43650
  2.895471e-01   8.577688e-14   1.120907e-03   3.977916e-16   45272
  2.934575e-01   8.484270e-14   1.131740e-03   3.985871e-16   46994
  2.973636e-01   8.361542e-14   1.124346e-03   3.865702e-16   47850
  3.012447e-01   8.297065e-14   1.115858e-03   3.810240e-16   48846
  3.051030e-01   8.161160e-14   1.105642e-03   3.644993e-16   49706
  3.089532e-01   8.190261e-14   1.113265e-03   3.646568e-16   51198
  3.128464e-01   7.973116e-14   1.134266e-03   3.496705e-16   53402
  3.167281e-01   8.038997e-14   1.111145e-03   3.459104e-16   53634
  3.206428e-01   7.910527e-14   1.143806e-03   3.299439e-16   56888
  3.245618e-01   7.849783e-14   1.106794e-03   3.324967e-16   56474
  3.284581e-01   7.724261e-14   1.130606e-03   3.169889e-16   58962
  3.323510e-01   7.707905e-14   1.114731e-03   3.159725e-16   59214
  3.362265e-01   7.664707e-14   1.127963e-03   3.121013e-16   61250
  3.400938e-01   7.540156e-14   1.110759e-03   3.013242e-16   61694
  3.439480e-01   7.381858e-14   1.120230e-03   2.954038e-16   63618
  3.478512e-01   7.367675e-14   1.140078e-03   2.855428e-16   66284
  3.517691e-01   7.254731e-14   1.123324e-03   2.801121e-16   67014
  3.556494e-01   7.276223e-14   1.113722e-03   2.764887e-16   67930
  3.595371e-01   7.220081e-14   1.127426e-03   2.729411e-16   70294
  3.634200e-01   7.160940e-14   1.114424e-03   2.705222e-16   70658
  3.672742e-01   7.057841e-14   1.121955e-03   2.613466e-16   72522
  3.711539e-01   6.956572e-14   1.125103e-03   2.551258e-16   74550
  3.750359e-01   6.879712e-14   1.112832e-03   2.502188e-16   75674
  3.789191e-01   6.772135e-14   1.116846e-03   2.415979e-16   77708
  3.828461e-01   6.848812e-14   1.136191e-03   2.428927e-16   80622
  3.867545e-01   6.780344e-14   1.112810e-03   2.388002e-16   80330
  3.906423e-01   6.724093e-14   1.128269e-03   2.360187e-16   82974
  3.945313e-01   6.651849e-14   1.118618e-03   2.284156e-16   83666
  3.984084e-01   6.531999e-14   1.126394e-03   2.230228e-16   85746
  4.022765e-01   6.476878e-14   1.118427e-03   2.217321e-16   86702
  4.061542e-01   6.395842e-14   1.126154e-03   2.139357e-16   89556
  4.100569e-01   6.403203e-14   1.118519e-03   2.148214e-16   91038
  4.139484e-01   6.331101e-14   1.117921e-03   2.072270e-16   92522
  4.178268e-01   6.268469e-14   1.119569e-03   2.053750e-16   94034
  4.217415e-01   6.265639e-14   1.145339e-03   2.027728e-16   97758
  4.256173e-01   6.166353e-14   1.103600e-03   2.014101e-16   95770
  4.294627e-01   6.139934e-14   1.123790e-03   1.951711e-16   99646
  4.333400e-01   6.085788e-14   1.115333e-03   1.934110e-16   100980
  4.372362e-01   6.065338e-14   1.127284e-03   1.899442e-16   104258
  4.411386e-01   6.001373e-14   1.114910e-03   1.870929e-16   104998
  4.450377e-01   5.943103e-14   1.124073e-03   1.816636e-16   107866
  4.489311e-01   5.922757e-14   1.113184e-03   1.818298e-16   108154
  4.528161e-01   5.860270e-14   1.135370e-03   1.759772e-16   111622
  4.567076e-01   5.799180e-14   1.122976e-03   1.740024e-16   112146
  4.605727e-01   5.773517e-14   1.119518e-03   1.716335e-16   114014
  4.644440e-01   5.689980e-14   1.115906e-03   1.688116e-16   116220
  4.683319e-01   5.674768e-14   1.119789e-03   1.664143e-16   118682
  4.722291e-01   5.627547e-14   1.126606e-03   1.634346e-16   121118
  4.761348e-01   5.601107e-14   1.124808e-03   1.614618e-16   122994
  4.800157e-01   5.549517e-14   1.114862e-03   1.593129e-16   123574
  4.838959e-01   5.499055e-14   1.131276e-03   1.550235e-16   126922
  4.877763e-01   5.452151e-14   1.124735e-03   1.539099e-16   127906
  4.916481e-01   5.415140e-14   1.121767e-03   1.513168e-16   130432
  4.955333e-01   5.384330e-14   1.114812e-03   1.495193e-16   132642
  4.994186e-01   5.312874e-14   1.110800e-03   1.472604e-16   134534
  5.033164e-01   5.299345e-14   1.124671e-03   1.450209e-16   137778
  5.072392e-01   5.258077e-14   1.135312e-03   1.419901e-16   140786
  5.111285e-01   5.233054e-14   1.110620e-03   1.419805e-16   139590
  5.149976e-01   5.209839e-14   1.125619e-03   1.395709e-16   143546
  5.188865e-01   5.162098e-14   1.125142e-03   1.364619e-16   145338
  5.227635e-01   5.155548e-14   1.120484e-03   1.365632e-16   147272
  5.266520e-01   5.099808e-14   1.122335e-03   1.333961e-16   150330
  5.305485e-01   5.028889e-14   1.118234e-03   1.311519e-16   152318
  5.344262e-01   5.011957e-14   1.111066e-03   1.295179e-16   153202
  5.383243e-01   4.936738e-14   1.138693e-03   1.255141e-16   158626
  5.422165e-01   4.925806e-14   1.116855e-03   1.269022e-16   157350
  5.460935e-01   4.850211e-14   1.131200e-03   1.228410e-16   161906
  5.499589e-01   4.901704e-14   1.105071e-03   1.250796e-16   160872
  5.538418e-01   4.845499e-14   1.133375e-03   1.201028e-16   167858
  5.577463e-01   4.835942e-14   1.114977e-03   1.200072e-16   167514
  5.616201e-01   4.763246e-14   1.113803e-03   1.183806e-16   169862
  5.655108e-01   4.721007e-14   1.124453e-03   1.151036e-16   173602
  5.694083e-01   4.706896e-14   1.123533e-03   1.153084e-16   175258
  5.732959e-01   4.664676e-14   1.127164e-03   1.130134e-16   177654
  5.771897e-01   4.647282e-14   1.130949e-03   1.115605e-16   180698
  5.810773e-01   4.625905e-14   1.119005e-03   1.101972e-16   181968
  5.849616e-01   4.599677e-14   1.118541e-03   1.092156e-16   184850
  5.888448e-01   4.573489e-14   1.119144e-03   1.082834e-16   187034
  5.927421e-01   4.518301e-14   1.129966e-03   1.057559e-16   191238
  5.966308e-01   4.503453e-14   1.116348e-03   1.052934e-16   191042
  6.005065e-01   4.476510e-14   1.126286e-03   1.034684e-16   195102
  6.043812e-01   4.435211e-14   1.117515e-03   1.027717e-16   195786
  6.082630e-01   4.420696e-14   1.131649e-03   1.019825e-16   201164
  6.121481e-01   4.404083e-14   1.112645e-03   1.010278e-16   201070
  6.160242e-01   4.365853e-14   1.118305e-03   9.886937e-17   205234
  6.199111e-01   4.375236e-14   1.116352e-03   9.890043e-17   207342
  6.237987e-01   4.303436e-14   1.121735e-03   9.622531e-17   210602
  6.276909e-01   4.264151e-14   1.124203e-03   9.568470e-17   213130
  6.315953e-01   4.271588e-14   1.133190e-03   9.461473e-17   217318
  6.354807e-01   4.218817e-14   1.113546e-03   9.402810e-17   216306
  6.393491e-01   4.223118e-14   1.119403e-03   9.304802e-17   220652
  6.432430e-01   4.180661e-14   1.124854e-03   9.124804e-17   224502
  6.471454e-01   4.162008e-14   1.125081e-03   9.014253e-17   227186
  6.510345e-01   4.146706e-14   1.118193e-03   9.011256e-17   228398
  6.549165e-01   4.078373e-14   1.122259e-03   8.742193e-17   231642
  6.587972e-01   4.067958e-14   1.122763e-03   8.736269e-17   233946
  6.626908e-01   4.057770e-14   1.132956e-03   8.652799e-17   238694
  6.665707e-01   4.041010e-14   1.114640e-03   8.566180e-17   238068
  6.704525e-01   4.008710e-14   1.124042e-03   8.435237e-17   244190
  6.743498e-01   3.968819e-14   1.116752e-03   8.318560e-17   245362
  6.782313e-01   3.967161e-14   1.120102e-03   8.282545e-17   248362
  6.821206e-01   3.951773e-14   1.124509e-03   8.192620e-17   251966
  6.860099e-01   3.938939e-14   1.120649e-03   8.172348e-17   254034
  6.898855e-01   3.885695e-14   1.117172e-03   8.019029e-17   255818
  6.937781e-01   3.862211e-14   1.132899e-03   7.916034e-17   262254
  6.976722e-01   3.866452e-14   1.116974e-03   7.958911e-17   261980
  7.015718e-01   3.831945e-14   1.129534e-03   7.757150e-17   268566
  7.054538e-01   3.821563e-14   1.104857e-03   7.741622e-17   265538
  7.093286e-01   3.783049e-14   1.128000e-03   7.618617e-17   273330
  7.132165e-01   3.765282e-14   1.121481e-03   7.508481e-17   273718
  7.171069e-01   3.747921e-14   1.132652e-03   7.476217e-17   279658
  7.209986e-01   3.724155e-14   1.120025e-03   7.409444e-17   279670
  7.248700e-01   3.693984e-14   1.119062e-03   7.321789e-17   282964
  7.287608e-01   3.690807e-14   1.126489e-03   7.273784e-17   288362
  7.326540e-01   3.671563e-14   1.118613e-03   7.191119e-17   289686
  7.365333e-01   3.652077e-14   1.116235e-03   7.134054e-17   292234
  7.404015e-01   3.615836e-14   1.112765e-03   7.065442e-17   294190
  7.442845e-01   3.601254e-14   1.127923e-03   6.973488e-17   300642
  7.481851e-01   3.590274e-14   1.128116e-03   6.932077e-17   303386
  7.520700e-01   3.556542e-14   1.119257e-03   6.889455e-17   304662
  7.559583e-01   3.541648e-14   1.122290e-03   6.804150e-17   309812
  7.598513e-01   3.537247e-14   1.117608e-03   6.717667e-17   311714
  7.637547e-01   3.511091e-14   1.130270e-03   6.614389e-17   318126
  7.676398e-01   3.495081e-14   1.111035e-03   6.616648e-17   315114
  7.715118e-01   3.474683e-14   1.127143e-03   6.520501e-17   322622
  7.753932e-01   3.448518e-14   1.117154e-03   6.488459e-17   322850
  7.792787e-01   3.419529e-14   1.131101e-03   6.368611e-17   329802
  7.831716e-01   3.430249e-14   1.123851e-03   6.392716e-17   331104
  7.870696e-01   3.405107e-14   1.127607e-03   6.299786e-17   336986
  7.909587e-01   3.381607e-14   1.111055e-03   6.257006e-17   335870
  7.948355e-01   3.361798e-14   1.120862e-03   6.156130e-17   341610
  7.987215e-01   3.340476e-14   1.121955e-03   6.095620e-17   344370
  8.026031e-01   3.337524e-14   1.122207e-03   6.083938e-17   347606
  8.064886e-01   3.316893e-14   1.124033e-03   6.041152e-17   351650
  8.103706e-01   3.287132e-14   1.118654e-03   5.972694e-17   353760
  8.142669e-01   3.270654e-14   1.129493e-03   5.889685e-17   360970
  8.181738e-01   3.266940e-14   1.123124e-03   5.855544e-17   362818
  8.220521e-01   3.251985e-14   1.110144e-03   5.841948e-17   362334
  8.259414e-01   3.228824e-14   1.129348e-03   5.755089e-17   371642
  8.298275e-01   3.212993e-14   1.114584e-03   5.712172e-17   368778
  8.337006e-01   3.189809e-14   1.128744e-03   5.643814e-17   376526
  8.375857e-01   3.171431e-14   1.121330e-03   5.627220e-17   377786
  8.414675e-01   3.168125e-14   1.123524e-03   5.572701e-17   382968
  8.453573e-01   3.142899e-14   1.120822e-03   5.506263e-17   386146
  8.492503e-01   3.150880e-14   1.124050e-03   5.524136e-17   390826
  8.531392e-01   3.114328e-14   1.119718e-03   5.426133e-17   392662
  8.570302e-01   3.091049e-14   1.125822e-03   5.369761e-17   398242
  8.609051e-01   3.081054e-14   1.111972e-03   5.357198e-17   396726
  8.647781e-01   3.076879e-14   1.124714e-03   5.296917e-17   404738
  8.686664e-01   3.048439e-14   1.122897e-03   5.239734e-17   407628
  8.725545e-01   3.025090e-14   1.121536e-03   5.196516e-17   411734
  8.764395e-01   3.027950e-14   1.117149e-03   5.203976e-17   414242
  8.803359e-01   3.003378e-14   1.126317e-03   5.105746e-17   421434
  8.842333e-01   2.998167e-14   1.120273e-03   5.068722e-17   421918
  8.881244e-01   2.980560e-14   1.128330e-03   5.051839e-17   427810
  8.920157e-01   2.961654e-14   1.123036e-03   4.985858e-17   429470
  8.958948e-01   2.949336e-14   1.119658e-03   4.955523e-17   432282
  8.997746e-01   2.933693e-14   1.122449e-03   4.909478e-17   437260
  9.036583e-01   2.927204e-14   1.120747e-03   4.900445e-17   440758
  9.075489e-01   2.923022e-14   1.124778e-03   4.848974e-17   446370
  9.114474e-01   2.890518e-14   1.123943e-03   4.790458e-17   450182
  9.153288e-01   2.878821e-14   1.115142e-03   4.789033e-17   449850
  9.192089e-01   2.860072e-14   1.127357e-03   4.707788e-17   457898
  9.230929e-01   2.860709e-14   1.119604e-03   4.735584e-17   458662
  9.269737e-01   2.852174e-14   1.121722e-03   4.702500e-17   464620
  9.308545e-01   2.826745e-14   1.114316e-03   4.647011e-17   466302
  9.347441e-01   2.820643e-14   1.124571e-03   4.613921e-17   474314
  9.386369e-01   2.807911e-14   1.120021e-03   4.567261e-17   475530
  9.425348e-01   2.794007e-14   1.129051e-03   4.532514e-17   483206
  9.464328e-01   2.785816e-14   1.121669e-03   4.508482e-17   483530
  9.503142e-01   2.760412e-14   1.121047e-03   4.457213e-17   487002
  9.541966e-01   2.749683e-14   1.124058e-03   4.404555e-17   491774
  9.580774e-01   2.734904e-14   1.120518e-03   4.399339e-17   495084
  9.619601e-01   2.722854e-14   1.119352e-03   4.373050e-17   499438
  9.658473e-01   2.713842e-14   1.122356e-03   4.333709e-17   504682
  9.697357e-01   2.696818e-14   1.121500e-03   4.305865e-17   507738
  9.736321e-01   2.687053e-14   1.130456e-03   4.262927e-17   515174
  9.775214e-01   2.675025e-14   1.119580e-03   4.246294e-17   514234
  9.813957e-01   2.661681e-14   1.119450e-03   4.212352e-17   519022
  9.852705e-01   2.644653e-14   1.117281e-03   4.170060e-17   522636
  9.891535e-01   2.642591e-14   1.121739e-03   4.143707e-17   529442
  9.930474e-01   2.635090e-14   1.122647e-03   4.153462e-17   534078
  9.969375e-01   2.613802e-14   1.118397e-03   4.090290e-17   536666
  1.000817e+00   2.600405e-14   1.116716e-03   4.058922e-17   539142
  1.004715e+00   2.588337e-14   1.134178e-03   3.993946e-17   550658
  1.008615e+00   2.579027e-14   1.121935e-03   4.015653e-17   548298
  1.012495e+00   2.561102e-14   1.123048e-03   3.961002e-17   553694
  1.016374e+00   2.565683e-14   1.116375e-03   3.969192e-17   556116
  1.020264e+00   2.541860e-14   1.125051e-03   3.909152e-17   564890
  1.024148e+00   2.535907e-14   1.116141e-03   3.920461e-17   563718
  1.028036e+00   2.531646e-14   1.128568e-03   3.894615e-17   574298
  1.031929e+00   2.524016e-14   1.120551e-03   3.848399e-17   573966
  1.035814e+00   2.499702e-14   1.126024e-03   3.806905e-17   580586
  1.039699e+00   2.500036e-14   1.122029e-03   3.820510e-17   582666
  1.043587e+00   2.473324e-14   1.125959e-03   3.742012e-17   590648
  1.047474e+00   2.469492e-14   1.114820e-03   3.763442e-17   590394
  1.051350e+00   2.456820e-14   1.116684e-03   3.711571e-17   596174
  1.055234e+00   2.455433e-14   1.120236e-03   3.703303e-17   601674
  1.059126e+00   2.433125e-14   1.125352e-03   3.640036e-17   607682
  1.063019e+00   2.431007e-14   1.124350e-03   3.647401e-17   611166
  1.066910e+00   2.411061e-14   1.124099e-03   3.619339e-17   615626
  1.070791e+00   2.400490e-14   1.119456e-03   3.618507e-17   617290
  1.074678e+00   2.410104e-14   1.126011e-03   3.595580e-17   626344
  1.078566e+00   2.390895e-14   1.117274e-03   3.564478e-17   626658
  1.082451e+00   2.376385e-14   1.122467e-03   3.520050e-17   634022
  1.086331e+00   2.361523e-14   1.116124e-03   3.506748e-17   634554
  1.090218e+00   2.352019e-14   1.128467e-03   3.482717e-17   645026
  1.094107e+00   2.343766e-14   1.122446e-03   3.469492e-17   645102
  1.097993e+00   2.339552e-14   1.126954e-03   3.452722e-17   653018
  1.101879e+00   2.322125e-14   1.119089e-03   3.430107e-17   654384
  1.105770e+00   2.319554e-14   1.123901e-03   3.393206e-17   663194
  1.109660e+00   2.305405e-14   1.117576e-03   3.378301e-17   663834
  1.113540e+00   2.299459e-14   1.118796e-03   3.349021e-17   669158
  1.117424e+00   2.291253e-14   1.120650e-03   3.346330e-17   674490
  1.121304e+00   2.278977e-14   1.118416e-03   3.319105e-17   677222
  1.125193e+00   2.271513e-14   1.128225e-03   3.304854e-17   686874
  1.129092e+00   2.255130e-14   1.126811e-03   3.253517e-17   690722
  1.132980e+00   2.263289e-14   1.118907e-03   3.297602e-17   692008
  1.136871e+00   2.249952e-14   1.124678e-03   3.239220e-17   701386
  1.140761e+00   2.229490e-14   1.117002e-03   3.212345e-17   700778
  1.144643e+00   2.221966e-14   1.123318e-03   3.195755e-17   708774
  1.148529e+00   2.223419e-14   1.121990e-03   3.188678e-17   711690
  1.152418e+00   2.205814e-14   1.126973e-03   3.157621e-17   719606
  1.156298e+00   2.187583e-14   1.116380e-03   3.130720e-17   717762
  1.160181e+00   2.190380e-14   1.127123e-03   3.127676e-17   730460
  1.164073e+00   2.181154e-14   1.119262e-03   3.111704e-17   731070
  1.167968e+00   2.173463e-14   1.125901e-03   3.078286e-17   741170
  1.171853e+00   2.170075e-14   1.112045e-03   3.094956e-17   737094
  1.175730e+00   2.151152e-14   1.122374e-03   3.042028e-17   747698
  1.179618e+00   2.147515e-14   1.122867e-03   3.044541e-17   751658
  1.183501e+00   2.132941e-14   1.121599e-03   3.011598e-17   755574
  1.187383e+00   2.125874e-14   1.122256e-03   2.980791e-17   761442
  1.191279e+00   2.121446e-14   1.126787e-03   2.974432e-17   770816
  1.195171e+00   2.120403e-14   1.117539e-03   2.968875e-17   769274
  1.199064e+00   2.112814e-14   1.129525e-03   2.936620e-17   782130
  1.202947e+00   2.094614e-14   1.112602e-03   2.950573e-17   775230
  1.206825e+00   2.089133e-14   1.126605e-03   2.907689e-17   789866
  1.210710e+00   2.078109e-14   1.118361e-03   2.904008e-17   787914
  1.214592e+00   2.074456e-14   1.128225e-03   2.883055e-17   799598
  1.218486e+00   2.062782e-14   1.124161e-03   2.856642e-17   802980
  1.222371e+00   2.055328e-14   1.117789e-03   2.850478e-17   805622
  1.226254e+00   2.051697e-14   1.119738e-03   2.846993e-17   812050
  1.230147e+00   2.041789e-14   1.126034e-03   2.818104e-17   820954
  1.234035e+00   2.035244e-14   1.118780e-03   2.814914e-17   820062
  1.237911e+00   2.020295e-14   1.119897e-03   2.779826e-17   826298
  1.241794e+00   2.025393e-14   1.121814e-03   2.793067e-17   833118
  1.245672e+00   2.009835e-14   1.117137e-03   2.751709e-17   834812
  1.249560e+00   2.011970e-14   1.126815e-03   2.755349e-17   847858
  1.253469e+00   2.003317e-14   1.127442e-03   2.732321e-17   854278
  1.257361e+00   1.993742e-14   1.116253e-03   2.718207e-17   850978
  1.261241e+00   1.987410e-14   1.121687e-03   2.705879e-17   859186
  1.265131e+00   1.972255e-14   1.127494e-03   2.673559e-17   867126
  1.269018e+00   1.962263e-14   1.121886e-03   2.661893e-17   868274
  1.272897e+00   1.956267e-14   1.120976e-03   2.654278e-17   873606
  1.276776e+00   1.957860e-14   1.119398e-03   2.648911e-17   879284
  1.280663e+00   1.950470e-14   1.122355e-03   2.631246e-17   887170
  1.284564e+00   1.941627e-14   1.128693e-03   2.614673e-17   897526
  1.288458e+00   1.934387e-14   1.117587e-03   2.613264e-17   894258
  1.292341e+00   1.933359e-14   1.122714e-03   2.604372e-17   903374
  1.296223e+00   1.920486e-14   1.118323e-03   2.584397e-17   904338
  1.300103e+00   1.916296e-14   1.123719e-03   2.564849e-17   913586
  1.303982e+00   1.910657e-14   1.118150e-03   2.580190e-17   915416
  1.307871e+00   1.904491e-14   1.124217e-03   2.544692e-17   928122
  1.311759e+00   1.890959e-14   1.115167e-03   2.525972e-17   926094
  1.315654e+00   1.893364e-14   1.130093e-03   2.519223e-17   942890
  1.319549e+00   1.877122e-14   1.118827e-03   2.503753e-17   937266
  1.323433e+00   1.873651e-14   1.126506e-03   2.488491e-17   948854
  1.327319e+00   1.869566e-14   1.120121e-03   2.490251e-17   948714
  1.331197e+00   1.859792e-14   1.122687e-03   2.474245e-17   956186
  1.335082e+00   1.854225e-14   1.124444e-03   2.454317e-17   964272
  1.338973e+00   1.845224e-14   1.121587e-03   2.441597e-17   969458
  1.342859e+00   1.839341e-14   1.118296e-03   2.420931e-17   972750
  1.346749e+00   1.843485e-14   1.124460e-03   2.420015e-17   982706
  1.350635e+00   1.832849e-14   1.119858e-03   2.411010e-17   982906
  1.354527e+00   1.819819e-14   1.129306e-03   2.395052e-17   996622
  1.358414e+00   1.821802e-14   1.117989e-03   2.393574e-17   992378
  1.362284e+00   1.813644e-14   1.117150e-03   2.378317e-17   999000
  1.366168e+00   1.807253e-14   1.122014e-03   2.362479e-17   1010114
  1.370061e+00   1.803968e-14   1.121750e-03   2.351278e-17   1015722
  1.373948e+00   1.798674e-14   1.119290e-03   2.348529e-17   1018742
  1.377843e+00   1.793176e-14   1.127371e-03   2.336782e-17   1031250
  1.381733e+00   1.784442e-14   1.118461e-03   2.336407e-17   1027226
  1.385615e+00   1.778610e-14   1.126435e-03   2.304180e-17   1039734
  1.389500e+00   1.771028e-14   1.120654e-03   2.299848e-17   1039914
  1.393382e+00   1.766620e-14   1.123683e-03   2.283338e-17   1050272
  1.397267e+00   1.765844e-14   1.117473e-03   2.292786e-17   1052306
  1.401154e+00   1.758704e-14   1.122308e-03   2.271647e-17   1062666
  1.405045e+00   1.751201e-14   1.122401e-03   2.255946e-17   1067262
  1.408935e+00   1.740889e-14   1.123952e-03   2.238169e-17   1073906
  1.412823e+00   1.745183e-14   1.122463e-03   2.249093e-17   1078190
  1.416712e+00   1.724396e-14   1.124033e-03   2.211150e-17   1085634
  1.420592e+00   1.731623e-14   1.117456e-03   2.234700e-17   1085508
  1.424480e+00   1.725585e-14   1.126594e-03   2.211171e-17   1101926
  1.428369e+00   1.725145e-14   1.116061e-03   2.213476e-17   1098322
  1.432252e+00   1.717569e-14   1.121199e-03   2.187504e-17   1109878
  1.436144e+00   1.711740e-14   1.122554e-03   2.195991e-17   1115338
  1.440035e+00   1.708146e-14   1.125793e-03   2.183404e-17   1122586
  1.443924e+00   1.699561e-14   1.123292e-03   2.170683e-17   1125862
  1.447810e+00   1.691332e-14   1.122976e-03   2.149999e-17   1132498
  1.451691e+00   1.688256e-14   1.119415e-03   2.150864e-17   1135444
  1.455573e+00   1.689919e-14   1.122581e-03   2.146067e-17   1145374
  1.459464e+00   1.681090e-14   1.123383e-03   2.132831e-17   1152698
  1.463354e+00   1.675102e-14   1.121349e-03   2.123651e-17   1157046
  1.467236e+00   1.671519e-14   1.119148e-03   2.116490e-17   1160226
  1.471127e+00   1.663213e-14   1.127743e-03   2.099700e-17   1174346
  1.475014e+00   1.661238e-14   1.119897e-03   2.098746e-17   1171462
  1.478897e+00   1.652945e-14   1.124033e-03   2.087155e-17   1183828
  1.482778e+00   1.654026e-14   1.114458e-03   2.087832e-17   1181822
  1.486657e+00   1.649844e-14   1.120779e-03   2.078265e-17   1194930
  1.490547e+00   1.644375e-14   1.122593e-03   2.067714e-17   1202010
  1.494437e+00   1.641766e-14   1.122115e-03   2.067817e-17   1207166
  1.498326e+00   1.634427e-14   1.123291e-03   2.043951e-17   1214106
  1.502209e+00   1.624853e-14   1.118748e-03   2.036908e-17   1215302
  1.506095e+00   1.624833e-14   1.126666e-03   2.032423e-17   1229274
  1.509994e+00   1.625184e-14   1.126873e-03   2.019961e-17   1236164
  1.513882e+00   1.619847e-14   1.118916e-03   2.026417e-17   1235326
  1.517764e+00   1.613451e-14   1.120265e-03   2.017608e-17   1244026
  1.521647e+00   1.605506e-14   1.120382e-03   2.000640e-17   1249154
  1.525536e+00   1.602247e-14   1.126025e-03   1.992550e-17   1260558
  1.529421e+00   1.597074e-14   1.119984e-03   1.975578e-17   1260394
  1.533310e+00   1.597891e-14   1.125848e-03   1.973666e-17   1274758
  1.537193e+00   1.591138e-14   1.115594e-03   1.977300e-17   1270188
  1.541083e+00   1.589190e-14   1.128008e-03   1.970968e-17   1291202
  1.544971e+00   1.587685e-14   1.115149e-03   1.976582e-17   1282654
  1.548850e+00   1.576774e-14   1.122198e-03   1.948254e-17   1298242
  1.552739e+00   1.578375e-14   1.120395e-03   1.954230e-17   1301774
  1.556625e+00   1.567214e-14   1.123165e-03   1.922858e-17   1309770
  1.560512e+00   1.559319e-14   1.123502e-03   1.916415e-17   1315714
  1.564403e+00   1.558991e-14   1.124924e-03   1.911737e-17   1325110
  1.568290e+00   1.566002e-14   1.118940e-03   1.933081e-17   1326012
  1.572174e+00   1.555650e-14   1.122090e-03   1.908932e-17   1336154
  1.576069e+00   1.550044e-14   1.126474e-03   1.896556e-17   1347334
  1.579958e+00   1.546752e-14   1.119782e-03   1.900576e-17   1345354
  1.583833e+00   1.543828e-14   1.119555e-03   1.888364e-17   1350998
  1.587719e+00   1.540233e-14   1.125829e-03   1.878542e-17   1365546
  1.591609e+00   1.533259e-14   1.122088e-03   1.867164e-17   1367474
  1.595497e+00   1.533909e-14   1.123693e-03   1.867288e-17   1377984
  1.599384e+00   1.531572e-14   1.118321e-03   1.861556e-17   1379394
  1.603272e+00   1.530071e-14   1.123056e-03   1.867475e-17   1392230
  1.607160e+00   1.528250e-14   1.118740e-03   1.860636e-17   1392634
  1.611042e+00   1.519125e-14   1.122441e-03   1.848180e-17   1402666
  1.614928e+00   1.516457e-14   1.122269e-03   1.842040e-17   1408502
  1.618814e+00   1.511852e-14   1.122041e-03   1.827352e-17   1415418
  1.622692e+00   1.512904e-14   1.117068e-03   1.836553e-17   1416856
  1.626588e+00   1.506364e-14   1.130843e-03   1.823567e-17   1442002
  1.630485e+00   1.500634e-14   1.117858e-03   1.816025e-17   1431634
  1.634367e+00   1.502211e-14   1.122585e-03   1.817014e-17   1444606
  1.638250e+00   1.497169e-14   1.118765e-03   1.810771e-17   1445890
  1.642138e+00   1.494443e-14   1.126997e-03   1.805379e-17   1462210
  1.646026e+00   1.487385e-14   1.120901e-03   1.789665e-17   1459590
  1.649907e+00   1.487279e-14   1.123856e-03   1.781776e-17   1471226
  1.653797e+00   1.488515e-14   1.123379e-03   1.789539e-17   1480072
  1.657690e+00   1.482104e-14   1.121364e-03   1.778179e-17   1486594
  1.661576e+00   1.476590e-14   1.118520e-03   1.777363e-17   1488882
  1.665461e+00   1.477723e-14   1.123128e-03   1.771408e-17   1500854
  1.669353e+00   1.470492e-14   1.123083e-03   1.757927e-17   1506874
  1.673232e+00   1.468764e-14   1.117624e-03   1.762786e-17   1506094
  1.677111e+00   1.465757e-14   1.122855e-03   1.753890e-17   1519682
  1.680997e+00   1.457889e-14   1.122626e-03   1.737313e-17   1526724
  1.684890e+00   1.462470e-14   1.125240e-03   1.738717e-17   1539038
  1.688782e+00   1.458397e-14   1.119859e-03   1.737332e-17   1539810
  1.692664e+00   1.454617e-14   1.119007e-03   1.731002e-17   1545046
  1.696554e+00   1.451428e-14   1.126236e-03   1.727766e-17   1560538
  1.700441e+00   1.447784e-14   1.120507e-03   1.722786e-17   1557506
  1.704322e+00   1.441856e-14   1.124114e-03   1.712832e-17   1570062
  1.708203e+00   1.448095e-14   1.119253e-03   1.721461e-17   1571290
  1.712089e+00   1.444683e-14   1.124856e-03   1.711919e-17   1588228
  1.715982e+00   1.440322e-14   1.121250e-03   1.704089e-17   1591046
  1.719873e+00   1.436537e-14   1.123715e-03   1.698234e-17   1602474
  1.723761e+00   1.435471e-14   1.118014e-03   1.697123e-17   1601646
  1.727642e+00   1.429023e-14   1.120550e-03   1.685942e-17   1611266
  1.731523e+00   1.428280e-14   1.120678e-03   1.684642e-17   1616634
  1.735410e+00   1.420835e-14   1.126166e-03   1.670322e-17   1631366
  1.739297e+00   1.424144e-14   1.119655e-03   1.677321e-17   1631028
  1.743180e+00   1.427721e-14   1.119854e-03   1.681215e-17   1641446
  1.747073e+00   1.422628e-14   1.124208e-03   1.670384e-17   1654234
  1.750973e+00   1.416113e-14   1.126198e-03   1.667341e-17   1662874
  1.754858e+00   1.412807e-14   1.117471e-03   1.659975e-17   1656686
  1.758736e+00   1.409885e-14   1.122008e-03   1.652659e-17   1670898
  1.762622e+00   1.409992e-14   1.123056e-03   1.653496e-17   1678074
  1.766507e+00   1.405295e-14   1.123311e-03   1.650176e-17   1685198
  1.770393e+00   1.404833e-14   1.122996e-03   1.647691e-17   1694524
  1.774282e+00   1.408107e-14   1.120709e-03   1.648359e-17   1701334
  1.778171e+00   1.406212e-14   1.120908e-03   1.646582e-17   1709386
  1.782064e+00   1.396270e-14   1.123720e-03   1.633097e-17   1719994
  1.785953e+00   1.395160e-14   1.121006e-03   1.628124e-17   1721510
  1.789842e+00   1.395007e-14   1.124974e-03   1.627936e-17   1734978
  1.793722e+00   1.391248e-14   1.116124e-03   1.624457e-17   1728646
  1.797599e+00   1.388304e-14   1.122713e-03   1.613300e-17   1746868
  1.801486e+00   1.389875e-14   1.121127e-03   1.624150e-17   1752922
  1.805380e+00   1.386513e-14   1.125234e-03   1.608152e-17   1767862
  1.809271e+00   1.385116e-14   1.119301e-03   1.618521e-17   1765698
  1.813160e+00   1.382355e-14   1.125035e-03   1.600776e-17   1781270
  1.817049e+00   1.381882e-14   1.121176e-03   1.606674e-17   1780650
  1.820932e+00   1.379356e-14   1.124142e-03   1.602210e-17   1792418
  1.824813e+00   1.374570e-14   1.119388e-03   1.592778e-17   1792790
  1.828696e+00   1.375857e-14   1.123591e-03   1.593166e-17   1809852
  1.832585e+00   1.378027e-14   1.120140e-03   1.593921e-17   1812666
  1.836475e+00   1.370208e-14   1.124777e-03   1.581431e-17   1827614
  1.840367e+00   1.371375e-14   1.121640e-03   1.587145e-17   1829970
  1.844251e+00   1.366942e-14   1.120370e-03   1.583188e-17   1835030
  1.848131e+00   1.364763e-14   1.119790e-03   1.576226e-17   1841410
  1.852017e+00   1.359947e-14   1.124723e-03   1.566684e-17   1856626
  1.855900e+00   1.360336e-14   1.118305e-03   1.567036e-17   1854656
  1.859782e+00   1.362668e-14   1.121720e-03   1.570476e-17   1870698
  1.863671e+00   1.363177e-14   1.120553e-03   1.569730e-17   1876998
  1.867559e+00   1.356171e-14   1.120979e-03   1.556727e-17   1884458
  1.871445e+00   1.359108e-14   1.122381e-03   1.570337e-17   1891730
  1.875338e+00   1.353193e-14   1.127317e-03   1.546833e-17   1907574
  1.879232e+00   1.354122e-14   1.122851e-03   1.552456e-17   1907730
  1.883115e+00   1.351065e-14   1.120697e-03   1.549522e-17   1912154
  1.886997e+00   1.355281e-14   1.121764e-03   1.554744e-17   1923216
  1.890888e+00   1.352263e-14   1.124326e-03   1.549939e-17   1936562
  1.894776e+00   1.347476e-14   1.119734e-03   1.540326e-17   1936862
  1.898663e+00   1.348616e-14   1.122747e-03   1.543951e-17   1950114
  1.902549e+00   1.347589e-14   1.121089e-03   1.547398e-17   1953306
  1.906439e+00   1.344208e-14   1.125982e-03   1.531941e-17   1968806
  1.910327e+00   1.347146e-14   1.121186e-03   1.544701e-17   1968818
  1.914211e+00   1.340628e-14   1.121720e-03   1.530334e-17   1980624
  1.918097e+00   1.344548e-14   1.118800e-03   1.537696e-17   1985034
  1.921980e+00   1.343111e-14   1.120281e-03   1.535992e-17   1995242
  1.925870e+00   1.339722e-14   1.123830e-03   1.526773e-17   2007742
  1.929759e+00   1.337304e-14   1.121495e-03   1.529681e-17   2010538
  1.933641e+00   1.338155e-14   1.121298e-03   1.529841e-17   2017390
  1.937531e+00   1.334550e-14   1.126602e-03   1.519502e-17   2034346
  1.941413e+00   1.332366e-14   1.117450e-03   1.517187e-17   2025498
  1.945299e+00   1.334853e-14   1.127850e-03   1.514800e-17   2055248
  1.949189e+00   1.334738e-14   1.116586e-03   1.522399e-17   2045090
  1.953070e+00   1.334992e-14   1.121603e-03   1.521822e-17   2062074
  1.956959e+00   1.331320e-14   1.122727e-03   1.516602e-17   2070190
  1.960848e+00   1.328463e-14   1.123891e-03   1.505075e-17   2079226
  1.964734e+00   1.328985e-14   1.122069e-03   1.510578e-17   2083990
  1.968623e+00   1.330500e-14   1.124515e-03   1.509147e-17   2097898
  1.972507e+00   1.328384e-14   1.118548e-03   1.511374e-17   2095452
  1.976394e+00   1.329656e-14   1.124843e-03   1.505602e-17   2117390
  1.980286e+00   1.324227e-14   1.119656e-03   1.500829e-17   2117066
  1.984162e+00   1.321596e-14   1.115140e-03   1.499673e-17   2117238
  1.988045e+00   1.323117e-14   1.124414e-03   1.494784e-17   2140026
  1.991938e+00   1.320454e-14   1.125139e-03   1.490499e-17   2147234
  1.995825e+00   1.316764e-14   1.122378e-03   1.491071e-17   2150118
  1.999710e+00   1.319668e-14   1.122400e-03   1.491592e-17   2160386
  2.003596e+00   1.321687e-14   1.121122e-03   1.489519e-17   2168256
  2.007488e+00   1.321278e-14   1.124409e-03   1.493571e-17   2183306
  2.011378e+00   1.321841e-14   1.120925e-03   1.493481e-17   2184642
  2.015262e+00   1.318095e-14   1.120511e-03   1.487391e-17   2192318
  2.019141e+00   1.319915e-14   1.118713e-03   1.491790e-17   2196066
  2.023031e+00   1.314419e-14   1.127541e-03   1.481670e-17   2220890
  2.026922e+00   1.317062e-14   1.121128e-03   1.485267e-17   2215758
  2.030810e+00   1.316833e-14   1.124804e-03   1.484753e-17   2233988
  2.034697e+00   1.316704e-14   1.118045e-03   1.487514e-17   2231670
  2.038579e+00   1.318917e-14   1.119728e-03   1.488407e-17   2244338
  2.042469e+00   1.314853e-14   1.123477e-03   1.484097e-17   2258610
  2.046358e+00   1.315161e-14   1.121050e-03   1.481386e-17   2260718
  2.050240e+00   1.313844e-14   1.120914e-03   1.472930e-17   2268162
  2.054123e+00   1.314083e-14   1.121571e-03   1.478620e-17   2277494
  2.058008e+00   1.312405e-14   1.123134e-03   1.475413e-17   2288796
  2.061901e+00   1.312742e-14   1.126253e-03   1.474360e-17   2305226
  2.065791e+00   1.316766e-14   1.119672e-03   1.482137e-17   2301630
  2.069679e+00   1.313672e-14   1.123731e-03   1.480391e-17   2319770
  2.073565e+00   1.314596e-14   1.118309e-03   1.480451e-17   2315610
  2.077447e+00   1.311124e-14   1.124236e-03   1.464194e-17   2334662
  2.081332e+00   1.309154e-14   1.120785e-03   1.469792e-17   2335722
  2.085219e+00   1.310672e-14   1.124829e-03   1.472638e-17   2354102
  2.089107e+00   1.312644e-14   1.120313e-03   1.473335e-17   2355156
  2.092998e+00   1.315096e-14   1.124614e-03   1.479531e-17   2374250
  2.096888e+00   1.313594e-14   1.120068e-03   1.480346e-17   2373102
  2.100776e+00   1.312810e-14   1.122758e-03   1.470782e-17   2388194
  2.104658e+00   1.313417e-14   1.116928e-03   1.477697e-17   2383470
  2.108539e+00   1.311330e-14   1.123618e-03   1.467841e-17   2404994
  2.112426e+00   1.309463e-14   1.121916e-03   1.464336e-17   2408538
  2.116308e+00   1.311652e-14   1.121742e-03   1.476215e-17   2417744
  2.120198e+00   1.314932e-14   1.124446e-03   1.478408e-17   2434578
  2.124090e+00   1.312148e-14   1.121710e-03   1.471889e-17   2438414
  2.127979e+00   1.310736e-14   1.122410e-03   1.469014e-17   2448066
  2.131867e+00   1.312166e-14   1.122662e-03   1.469698e-17   2456018
  2.135751e+00   1.312358e-14   1.121406e-03   1.479178e-17   2461230
  2.139636e+00   1.312960e-14   1.122653e-03   1.473625e-17   2474330
  2.143519e+00   1.310908e-14   1.119652e-03   1.470534e-17   2476498
  2.147405e+00   1.316824e-14   1.124366e-03   1.483076e-17   2497240
  2.151298e+00   1.316344e-14   1.122529e-03   1.481719e-17   2502930
  2.155185e+00   1.314273e-14   1.120390e-03   1.477179e-17   2508470
  2.159072e+00   1.312316e-14   1.121001e-03   1.472325e-17   2518482
  2.162961e+00   1.311136e-14   1.123829e-03   1.467906e-17   2532074
  2.166844e+00   1.310076e-14   1.118275e-03   1.470334e-17   2526678
  2.170724e+00   1.312487e-14   1.124045e-03   1.470525e-17   2549018
  2.174611e+00   1.311781e-14   1.120040e-03   1.467117e-17   2551704
  2.178497e+00   1.317362e-14   1.122028e-03   1.480151e-17   2566226
  2.182386e+00   1.316456e-14   1.122230e-03   1.480938e-17   2573898
  2.186278e+00   1.314668e-14   1.124844e-03   1.473801e-17   2589182
  2.190164e+00   1.313514e-14   1.119195e-03   1.476750e-17   2584890
  2.194049e+00   1.318710e-14   1.124371e-03   1.488885e-17   2605190
  2.197936e+00   1.311607e-14   1.121682e-03   1.469101e-17   2606418
  2.201821e+00   1.316579e-14   1.123741e-03   1.474055e-17   2621186
  2.205707e+00   1.318409e-14   1.120704e-03   1.480291e-17   2626608
  2.209592e+00   1.320254e-14   1.119995e-03   1.486958e-17   2636714
  2.213479e+00   1.321414e-14   1.121274e-03   1.484030e-17   2647482
  2.217374e+00   1.317596e-14   1.127022e-03   1.472370e-17   2668382
  2.221265e+00   1.318579e-14   1.120175e-03   1.481786e-17   2660418
  2.225149e+00   1.316845e-14   1.122869e-03   1.476231e-17   2676662
  2.229029e+00   1.320750e-14   1.117920e-03   1.486132e-17   2674210
  2.232911e+00   1.320914e-14   1.123157e-03   1.481483e-17   2697076
  2.236800e+00   1.322632e-14   1.121599e-03   1.484202e-17   2703558
  2.240687e+00   1.318412e-14   1.121191e-03   1.479551e-17   2713250
  2.244572e+00   1.326358e-14   1.119243e-03   1.497761e-17   2717718
  2.248464e+00   1.321934e-14   1.127021e-03   1.481366e-17   2743178
  2.252353e+00   1.324300e-14   1.120305e-03   1.492515e-17   2732730
  2.256238e+00   1.321703e-14   1.126187e-03   1.483712e-17   2758022
  2.260125e+00   1.327429e-14   1.119041e-03   1.495090e-17   2751994
  2.264006e+00   1.328212e-14   1.121171e-03   1.492584e-17   2769052
  2.267895e+00   1.327136e-14   1.122842e-03   1.492119e-17   2783062
  2.271785e+00   1.332590e-14   1.121645e-03   1.503508e-17   2789362
  2.275674e+00   1.327651e-14   1.121981e-03   1.493571e-17   2799582
  2.279564e+00   1.329375e-14   1.123236e-03   1.499160e-17   2811170
  2.283450e+00   1.326631e-14   1.121033e-03   1.497133e-17   2812658
  2.287338e+00   1.328914e-14   1.125793e-03   1.491731e-17   2833302
  2.291222e+00   1.330235e-14   1.118388e-03   1.498351e-17   2827420
  2.295104e+00   1.332855e-14   1.121018e-03   1.503492e-17   2846710
  2.298989e+00   1.315755e-14   1.120692e-03   1.479682e-17   2846535
  2.302873e+00   1.292274e-14   1.122997e-03   1.442543e-17   2848496
  2.306761e+00   1.266126e-14   1.122225e-03   1.407512e-17   2841084
  2.310652e+00   1.236650e-14   1.124928e-03   1.354035e-17   2843480
  2.314540e+00   1.207101e-14   1.120270e-03   1.312869e-17   2826624
  2.318424e+00   1.184163e-14   1.123352e-03   1.282938e-17   2828732
  2.322310e+00   1.160849e-14   1.121451e-03   1.245429e-17   2819296
  2.326197e+00   1.138347e-14   1.122811e-03   1.209375e-17   2819548
  2.330081e+00   1.112546e-14   1.118959e-03   1.172040e-17   2805192
  2.333967e+00   1.087964e-14   1.123463e-03   1.132606e-17   2811104
  2.337856e+00   1.068634e-14   1.121717e-03   1.106777e-17   2800672
  2.341743e+00   1.047369e-14   1.122654e-03   1.077208e-17   2798080
  2.345628e+00   1.027504e-14   1.120248e-03   1.050926e-17   2786976
  2.349516e+00   1.010376e-14   1.123594e-03   1.024844e-17   2791016
  2.353406e+00   9.912131e-15   1.121382e-03   9.944740e-18   2779360
  2.357287e+00   9.734798e-15   1.119573e-03   9.734681e-18   2768644
  2.361169e+00   9.540722e-15   1.122534e-03   9.442396e-18   2771192
  2.365058e+00   9.398623e-15   1.121875e-03   9.275884e-18   2765028
  2.368946e+00   9.229425e-15   1.122751e-03   9.012916e-18   2760864
  2.372840e+00   9.068759e-15   1.125689e-03   8.830934e-18   2761616
  2.376724e+00   8.915121e-15   1.118525e-03   8.614779e-18   2737932
  2.380610e+00   8.790931e-15   1.125904e-03   8.430332e-18   2752280
  2.384498e+00   8.634846e-15   1.118464e-03   8.215092e-18   2728764
  2.388382e+00   8.485439e-15   1.123937e-03   8.007373e-18   2736368
  2.392268e+00   8.351246e-15   1.119459e-03   7.857294e-18   2719952
  2.396155e+00   8.233327e-15   1.124236e-03   7.687583e-18   2727120
  2.400042e+00   8.092293e-15   1.118614e-03   7.531383e-18   2708400
  2.403932e+00   7.963569e-15   1.125719e-03   7.362839e-18   2718536
  2.407818e+00   7.832830e-15   1.118504e-03   7.209948e-18   2694300
  2.411707e+00   7.743555e-15   1.126793e-03   7.056457e-18   2709440
  2.415596e+00   7.633540e-15   1.117787e-03   6.934894e-18   2682108
  2.419475e+00   7.502067e-15   1.121308e-03   6.766510e-18   2684912
  2.423360e+00   7.413801e-15   1.121998e-03   6.661459e-18   2678868
  2.427246e+00   7.291623e-15   1.122668e-03   6.522738e-18   2674772
  2.431135e+00   7.196009e-15   1.123033e-03   6.407331e-18   2670120
  2.435021e+00   7.099611e-15   1.120804e-03   6.270073e-18   2659532
  2.438909e+00   7.006808e-15   1.123713e-03   6.163227e-18   2659704
  2.442801e+00   6.905016e-15   1.124617e-03   6.049625e-18   2654348
  2.446687e+00   6.824690e-15   1.121000e-03   5.953127e-18   2640276
  2.450572e+00   6.718489e-15   1.121992e-03   5.829896e-18   2638700
  2.454457e+00   6.643347e-15   1.120074e-03   5.738154e-18   2628244
  2.458344e+00   6.542083e-15   1.124115e-03   5.593901e-18   2630920
  2.462234e+00   6.476739e-15   1.121877e-03   5.538286e-18   2618904
  2.466118e+00   6.400461e-15   1.120448e-03   5.447200e-18   2610932
  2.470005e+00   6.327631e-15   1.121951e-03   5.369318e-18   2608464
  2.473895e+00   6.246846e-15   1.123139e-03   5.263895e-18   2603708
  2.477779e+00   6.164203e-15   1.119694e-03   5.181109e-18   2588012
  2.481660e+00   6.092879e-15   1.122196e-03   5.088111e-18   2588364
  2.485545e+00   6.036783e-15   1.120384e-03   5.038719e-18   2579076
  2.489430e+00   5.965724e-15   1.121132e-03   4.954302e-18   2574152
  2.493314e+00   5.897940e-15   1.121505e-03   4.869727e-18   2566812
  2.497207e+00   5.829720e-15   1.127061e-03   4.796242e-18   2573732
  2.501098e+00   5.767710e-15   1.119524e-03   4.752161e-18   2550568
  2.504983e+00   5.702274e-15   1.123035e-03   4.674018e-18   2552068
  2.508870e+00   5.642638e-15   1.121138e-03   4.606405e-18   2539620
  2.512757e+00   5.582519e-15   1.124635e-03   4.526458e-18   2540936
  2.516646e+00   5.520516e-15   1.121040e-03   4.479663e-18   2528032
  2.520531e+00   5.459676e-15   1.120365e-03   4.412578e-18   2521480
  2.524419e+00   5.413030e-15   1.122347e-03   4.360560e-18   2517980
  2.528309e+00   5.360968e-15   1.123011e-03   4.318165e-18   2511744
  2.532195e+00   5.309967e-15   1.120855e-03   4.263439e-18   2500140
  2.536081e+00   5.255959e-15   1.121926e-03   4.198287e-18   2496980
  2.539968e+00   5.207080e-15   1.121125e-03   4.152911e-18   2486924
  2.543856e+00   5.149755e-15   1.124762e-03   4.095689e-18   2487000
  2.547743e+00   5.101456e-15   1.120210e-03   4.053591e-18   2469840
  2.551626e+00   5.068180e-15   1.122637e-03   4.008434e-18   2469656
  2.555511e+00   5.024764e-15   1.119469e-03   3.977755e-18   2456844
  2.559401e+00   4.966250e-15   1.125965e-03   3.904875e-18   2462876
  2.563290e+00   4.935641e-15   1.120472e-03   3.882904e-18   2442136
  2.567174e+00   4.878854e-15   1.123165e-03   3.823700e-18   2441944
  2.571061e+00   4.837517e-15   1.120769e-03   3.796441e-18   2430508
  2.574945e+00   4.797560e-15   1.121157e-03   3.761962e-18   2424352
  2.578832e+00   4.761371e-15   1.123693e-03   3.716793e-18   2421264
  2.582722e+00   4.715908e-15   1.122895e-03   3.687570e-18   2413064
  2.586608e+00   4.682323e-15   1.120676e-03   3.657896e-18   2401572
  2.590492e+00   4.634397e-15   1.121724e-03   3.605545e-18   2397284
  2.594379e+00   4.603397e-15   1.121499e-03   3.574742e-18   2388336
  2.598268e+00   4.571427e-15   1.124943e-03   3.550427e-18   2387204
  2.602153e+00   4.535261e-15   1.119280e-03   3.526255e-18   2368644
  2.606033e+00   4.491027e-15   1.120613e-03   3.482179e-18   2365400
  2.609918e+00   4.457677e-15   1.121690e-03   3.444760e-18   2360072
  2.613808e+00   4.424822e-15   1.123660e-03   3.416944e-18   2356464
  2.617696e+00   4.393057e-15   1.121214e-03   3.401768e-18   2343240
  2.621583e+00   4.360052e-15   1.122605e-03   3.365229e-18   2340248
  2.625468e+00   4.331306e-15   1.118824e-03   3.351433e-18   2325000
  2.629355e+00   4.290806e-15   1.124959e-03   3.293305e-18   2328632
  2.633245e+00   4.264695e-15   1.121910e-03   3.286069e-18   2313220
  2.637134e+00   4.236537e-15   1.124095e-03   3.263875e-18   2310772
  2.641020e+00   4.208958e-15   1.119781e-03   3.247746e-18   2295420
  2.644905e+00   4.180909e-15   1.122584e-03   3.226032e-18   2293592
  2.648791e+00   4.146924e-15   1.120952e-03   3.199298e-18   2281384
  2.652683e+00   4.117916e-15   1.126704e-03   3.166541e-18   2285776
  2.656570e+00   4.101840e-15   1.117325e-03   3.167542e-18   2259408
  2.660455e+00   4.068878e-15   1.124314e-03   3.132818e-18   2266808
  2.664344e+00   4.055656e-15   1.120389e-03   3.136220e-18   2248836
  2.668227e+00   4.018794e-15   1.123045e-03   3.107015e-18   2245244
  2.672111e+00   3.996447e-15   1.120801e-03   3.086309e-18   2233908
  2.675998e+00   3.964015e-15   1.122974e-03   3.062121e-18   2231660
  2.679886e+00   3.942763e-15   1.120422e-03   3.051178e-18   2218544
  2.683775e+00   3.922409e-15   1.124792e-03   3.027220e-18   2218176
  2.687664e+00   3.895062e-15   1.121286e-03   3.010549e-18   2202900
  2.691550e+00   3.872609e-15   1.121747e-03   2.996014e-18   2197472
  2.695433e+00   3.851422e-15   1.118354e-03   2.985279e-18   2181960
  2.699317e+00   3.838943e-15   1.124130e-03   2.970773e-18   2183696
  2.703207e+00   3.811841e-15   1.123719e-03   2.953521e-18   2173416
  2.707096e+00   3.791643e-15   1.122917e-03   2.951873e-18   2165444
  2.710982e+00   3.777054e-15   1.119761e-03   2.951188e-18   2152688
  2.714867e+00   3.753594e-15   1.121777e-03   2.927890e-18   2147628
  2.718754e+00   3.739837e-15   1.122335e-03   2.917193e-18   2139012
  2.722646e+00   3.711650e-15   1.125226e-03   2.896989e-18   2136008
  2.726525e+00   3.687692e-15   1.114594e-03   2.897491e-18   2108656
  2.730404e+00   3.668703e-15   1.123744e-03   2.876727e-18   2117896
  2.734296e+00   3.663563e-15   1.123450e-03   2.870557e-18   2106260
  2.738185e+00   3.629706e-15   1.123855e-03   2.851794e-18   2099088
  2.742075e+00   3.616263e-15   1.121974e-03   2.847579e-18   2088432
  2.745961e+00   3.592480e-15   1.120471e-03   2.836907e-18   2078432
  2.749845e+00   3.589519e-15   1.120708e-03   2.838667e-18   2069048
  2.753732e+00   3.573519e-15   1.123831e-03   2.830682e-18   2064804
  2.757623e+00   3.549756e-15   1.123568e-03   2.814466e-18   2055644
  2.761510e+00   3.527640e-15   1.120700e-03   2.805753e-18   2043000
  2.765392e+00   3.510997e-15   1.120067e-03   2.793569e-18   2032348
  2.769281e+00   3.503371e-15   1.126495e-03   2.789281e-18   2034064
  2.773172e+00   3.488398e-15   1.122211e-03   2.789653e-18   2017740
  2.777059e+00   3.470675e-15   1.121480e-03   2.781308e-18   2010188
  2.780942e+00   3.460883e-15   1.118751e-03   2.787655e-18   1996556
  2.784826e+00   3.435548e-15   1.122456e-03   2.771208e-18   1992816
  2.788712e+00   3.425404e-15   1.122411e-03   2.763492e-18   1982400
  2.792596e+00   3.418698e-15   1.121262e-03   2.771869e-18   1972256
  2.796480e+00   3.396818e-15   1.121000e-03   2.750166e-18   1964384
  2.800370e+00   3.378166e-15   1.122889e-03   2.738207e-18   1958544
  2.804258e+00   3.375753e-15   1.122489e-03   2.741895e-18   1946988
  2.808149e+00   3.350654e-15   1.124629e-03   2.729819e-18   1942532
  2.812034e+00   3.346006e-15   1.117383e-03   2.746123e-18   1921692
  2.815918e+00   3.327927e-15   1.123808e-03   2.730217e-18   1924004
  2.819806e+00   3.320358e-15   1.120365e-03   2.735397e-18   1907344
  2.823695e+00   3.307928e-15   1.126069e-03   2.722584e-18   1907440
  2.827583e+00   3.297606e-15   1.118720e-03   2.733656e-18   1886136
  2.831464e+00   3.282614e-15   1.121920e-03   2.730496e-18   1883144
  2.835353e+00   3.266318e-15   1.122753e-03   2.722579e-18   1874724
  2.839243e+00   3.259614e-15   1.123826e-03   2.721867e-18   1866068
  2.843130e+00   3.244796e-15   1.121455e-03   2.714800e-18   1852980
  2.847017e+00   3.234000e-15   1.122782e-03   2.719721e-18   1847468
  2.850900e+00   3.225103e-15   1.117935e-03   2.719468e-18   1829636
  2.854785e+00   3.215367e-15   1.123959e-03   2.719214e-18   1829688
  2.858675e+00   3.204652e-15   1.122789e-03   2.717821e-18   1817192
  2.862561e+00   3.180347e-15   1.121150e-03   2.710332e-18   1806312
  2.866446e+00   3.179459e-15   1.120289e-03   2.712928e-18   1795984
  2.870334e+00   3.167413e-15   1.123627e-03   2.714536e-18   1791100
  2.874224e+00   3.153979e-15   1.122050e-03   2.705100e-18   1777648
  2.878111e+00   3.153689e-15   1.123043e-03   2.720248e-18   1769848
  2.881996e+00   3.140137e-15   1.119995e-03   2.726636e-18   1756536
  2.885881e+00   3.118145e-15   1.121386e-03   2.711198e-18   1748960
  2.889768e+00   3.119128e-15   1.123014e-03   2.719787e-18   1739952
  2.893658e+00   3.108656e-15   1.124239e-03   2.722613e-18   1732124
  2.897544e+00   3.103563e-15   1.120323e-03   2.721206e-18   1716852
  2.901430e+00   3.084813e-15   1.122735e-03   2.714944e-18   1712276
  2.905319e+00   3.086035e-15   1.121222e-03   2.735635e-18   1698500
  2.909208e+00   3.071553e-15   1.125604e-03   2.731440e-18   1693932
  2.913093e+00   3.055679e-15   1.119232e-03   2.721780e-18   1675204
  2.916975e+00   3.049652e-15   1.121771e-03   2.733355e-18   1670644
  2.920858e+00   3.043892e-15   1.118515e-03   2.739946e-18   1655532
  2.924748e+00   3.031251e-15   1.126990e-03   2.725347e-18   1656860
  2.928637e+00   3.030039e-15   1.119840e-03   2.747161e-18   1635372
  2.932524e+00   3.014902e-15   1.124773e-03   2.735702e-18   1634324
  2.936410e+00   3.008200e-15   1.117372e-03   2.745483e-18   1613676
  2.940295e+00   3.004006e-15   1.124617e-03   2.748690e-18   1613348
  2.944183e+00   2.995888e-15   1.120803e-03   2.765118e-18   1596236
  2.948069e+00   2.984355e-15   1.123999e-03   2.755679e-18   1591476
  2.951956e+00   2.979785e-15   1.119134e-03   2.773978e-18   1575732
  2.955838e+00   2.969623e-15   1.120429e-03   2.778399e-18   1566236
  2.959725e+00   2.963856e-15   1.124724e-03   2.774957e-18   1560292
  2.963618e+00   2.957288e-15   1.124442e-03   2.788272e-18   1550092
  2.967503e+00   2.944015e-15   1.118750e-03   2.781376e-18   1532628
  2.971386e+00   2.929900e-15   1.121507e-03   2.779601e-18   1527332
  2.975274e+00   2.936408e-15   1.121884e-03   2.798787e-18   1515212
  2.979160e+00   2.926729e-15   1.123567e-03   2.804995e-18   1506444
  2.983048e+00   2.916195e-15   1.122261e-03   2.807948e-18   1495116
  2.986928e+00   2.902927e-15   1.117074e-03   2.816440e-18   1479152
  2.990812e+00   2.892757e-15   1.122982e-03   2.804205e-18   1475512
  2.994707e+00   2.895366e-15   1.126591e-03   2.817820e-18   1467820
  2.998598e+00   2.881002e-15   1.121923e-03   2.821763e-18   1451256
  3.002486e+00   2.872922e-15   1.122725e-03   2.826341e-18   1443212
  3.006369e+00   2.858147e-15   1.117256e-03   2.830922e-18   1425680
  3.010254e+00   2.854939e-15   1.124371e-03   2.843464e-18   1422972
  3.014143e+00   2.855503e-15   1.123023e-03   2.860614e-18   1408632
  3.018032e+00   2.835618e-15   1.123941e-03   2.843529e-18   1400984
  3.021918e+00   2.835387e-15   1.117887e-03   2.869344e-18   1383196
  3.025801e+00   2.820053e-15   1.123197e-03   2.852002e-18   1378120
  3.029692e+00   2.816340e-15   1.124450e-03   2.873263e-18   1367272
  3.033584e+00   2.819679e-15   1.124457e-03   2.891409e-18   1356580
  3.037464e+00   2.800643e-15   1.115974e-03   2.896631e-18   1337028
  3.041343e+00   2.795816e-15   1.120802e-03   2.902967e-18   1332500
  3.045230e+00   2.786210e-15   1.122780e-03   2.908855e-18   1321796
  3.049120e+00   2.783692e-15   1.124838e-03   2.916618e-18   1312716
  3.053007e+00   2.773781e-15   1.119942e-03   2.927982e-18   1296580
  3.056896e+00   2.760733e-15   1.124221e-03   2.911399e-18   1291528
  3.060783e+00   2.760450e-15   1.119071e-03   2.951731e-18   1273128
  3.064669e+00   2.753232e-15   1.125633e-03   2.951384e-18   1268720
  3.068560e+00   2.743976e-15   1.122309e-03   2.964836e-18   1254016
  3.072444e+00   2.727592e-15   1.119894e-03   2.962159e-18   1241296
  3.076322e+00   2.717969e-15   1.116955e-03   2.972930e-18   1226712
  3.080211e+00   2.714321e-15   1.128188e-03   2.975106e-18   1226228
  3.084105e+00   2.707572e-15   1.122621e-03   3.007193e-18   1207768
  3.087992e+00   2.688718e-15   1.122433e-03   2.997915e-18   1198336
  3.091874e+00   2.679368e-15   1.117108e-03   3.000168e-18   1181484
  3.095761e+00   2.679987e-15   1.125421e-03   3.016941e-18   1178012
  3.099653e+00   2.673681e-15   1.123268e-03   3.036826e-18   1162564
  3.103535e+00   2.652226e-15   1.120338e-03   3.024901e-18   1149340
  3.107418e+00   2.645056e-15   1.119954e-03   3.033212e-18   1138848
  3.111303e+00   2.636198e-15   1.120192e-03   3.041605e-18   1126748
  3.115189e+00   2.635679e-15   1.123911e-03   3.066739e-18   1117428
  3.119084e+00   2.615362e-15   1.126323e-03   3.049654e-18   1108112
  3.122973e+00   2.607595e-15   1.119549e-03   3.062839e-18   1090596
  3.126857e+00   2.587376e-15   1.120292e-03   3.064448e-18   1081052
  3.130738e+00   2.585746e-15   1.118514e-03   3.086475e-18   1065716
  3.134626e+00   2.580536e-15   1.127732e-03   3.090862e-18   1061940
  3.138518e+00   2.558387e-15   1.121370e-03   3.082095e-18   1044096
  3.142404e+00   2.548682e-15   1.122139e-03   3.094883e-18   1034864
  3.146289e+00   2.532524e-15   1.117591e-03   3.113815e-18   1018308
  3.150179e+00   2.532316e-15   1.129200e-03   3.115361e-18   1014812
  3.154072e+00   2.512529e-15   1.121981e-03   3.134868e-18   996288
  3.157955e+00   2.488594e-15   1.120847e-03   3.122460e-18   985376
  3.161835e+00   2.478641e-15   1.115880e-03   3.125753e-18   969652
  3.165722e+00   2.476737e-15   1.125987e-03   3.129326e-18   964924
  3.169610e+00   2.470447e-15   1.121515e-03   3.163016e-18   947228
  3.173495e+00   2.434611e-15   1.123457e-03   3.130094e-18   939084
  3.177381e+00   2.425770e-15   1.116472e-03   3.145376e-18   921864
  3.181265e+00   2.416863e-15   1.123502e-03   3.144807e-18   914252
  3.185159e+00   2.410510e-15   1.126304e-03   3.174193e-18   902572
  3.189050e+00   2.373324e-15   1.123145e-03   3.126196e-18   888784
  3.192932e+00   2.357375e-15   1.116224e-03   3.141323e-18   872540
  3.196811e+00   2.340223e-15   1.120157e-03   3.138871e-18   862848
  3.200697e+00   2.337844e-15   1.124093e-03   3.155318e-18   851760
  3.204592e+00   2.308011e-15   1.127172e-03   3.133131e-18   841940
  3.208479e+00   2.283448e-15   1.117661e-03   3.120891e-18   823032
  3.212364e+00   2.264542e-15   1.123934e-03   3.118342e-18   816044
  3.216253e+00   2.259028e-15   1.120364e-03   3.139674e-18   799292
  3.220140e+00   2.231901e-15   1.126784e-03   3.103856e-18   791304
  3.224026e+00   2.197580e-15   1.117490e-03   3.076142e-18   772868
  3.227902e+00   2.166414e-15   1.119936e-03   3.037794e-18   762552
  3.231787e+00   2.146516e-15   1.121745e-03   3.020420e-18   750876
  3.235677e+00   2.127223e-15   1.123999e-03   3.010604e-18   739280
  3.239565e+00   2.098593e-15   1.121784e-03   2.980811e-18   724944
  3.243456e+00   2.061862e-15   1.124267e-03   2.911930e-18   714380
  3.247336e+00   2.040654e-15   1.116046e-03   2.909014e-18   695932
  3.251222e+00   2.011878e-15   1.126879e-03   2.856086e-18   690949
  3.255114e+00   1.983845e-15   1.118914e-03   2.820389e-18   673638
  3.258999e+00   1.953226e-15   1.124434e-03   2.778215e-18   666092
  3.262883e+00   1.945133e-15   1.117312e-03   2.786618e-18   651024
  3.266766e+00   1.915265e-15   1.124054e-03   2.732150e-18   644804
  3.270656e+00   1.908851e-15   1.121035e-03   2.745831e-18   632676
  3.274546e+00   1.872555e-15   1.125434e-03   2.681527e-18   624962
  3.278430e+00   1.872507e-15   1.118496e-03   2.712772e-18   611280
  3.282321e+00   1.848622e-15   1.127391e-03   2.663918e-18   607256
  3.286211e+00   1.836311e-15   1.118374e-03   2.670520e-18   592616
  3.290095e+00   1.819103e-15   1.124430e-03   2.637623e-18   587160
  3.293983e+00   1.806977e-15   1.120749e-03   2.634760e-18   575482
  3.297866e+00   1.793507e-15   1.122505e-03   2.621815e-18   568258
  3.301757e+00   1.782551e-15   1.122731e-03   2.620100e-18   559638
  3.305647e+00   1.768310e-15   1.123210e-03   2.621718e-18   551498
  3.309536e+00   1.765804e-15   1.121790e-03   2.625636e-18   542364
  3.313423e+00   1.736277e-15   1.122328e-03   2.589541e-18   534146
  3.317305e+00   1.740198e-15   1.119988e-03   2.606890e-18   524980
  3.321196e+00   1.730040e-15   1.125222e-03   2.596260e-18   519964
  3.325077e+00   1.707516e-15   1.115886e-03   2.581534e-18   507108
  3.328962e+00   1.693887e-15   1.126905e-03   2.560952e-18   504992
  3.332852e+00   1.692555e-15   1.118656e-03   2.591801e-18   492948
  3.336740e+00   1.673363e-15   1.127360e-03   2.559110e-18   489740
  3.340629e+00   1.671214e-15   1.117346e-03   2.569972e-18   477716
  3.344511e+00   1.660959e-15   1.124864e-03   2.563800e-18   473844
  3.348399e+00   1.657397e-15   1.119228e-03   2.584265e-18   464222
  3.352284e+00   1.637569e-15   1.123815e-03   2.560946e-18   459048
  3.356167e+00   1.637055e-15   1.117888e-03   2.582963e-18   449574
  3.360054e+00   1.623294e-15   1.125019e-03   2.562573e-18   445820
  3.363936e+00   1.615743e-15   1.116211e-03   2.574652e-18   435158
  3.367827e+00   1.618170e-15   1.127850e-03   2.589344e-18   433566
  3.371713e+00   1.598284e-15   1.114763e-03   2.588459e-18   421014
  3.375597e+00   1.594883e-15   1.127754e-03   2.579255e-18   419996
  3.379490e+00   1.594199e-15   1.118287e-03   2.603032e-18   409482
  3.383368e+00   1.581005e-15   1.121665e-03   2.592692e-18   404414
  3.387257e+00   1.585358e-15   1.122567e-03   2.618770e-18   398518
  3.391148e+00   1.568363e-15   1.123750e-03   2.597639e-18   392302
  3.395033e+00   1.562900e-15   1.121765e-03   2.609347e-18   385318
  3.398930e+00   1.555643e-15   1.127631e-03   2.604058e-18   381718
  3.402811e+00   1.556039e-15   1.114511e-03   2.654653e-18   370674
  3.406696e+00   1.550426e-15   1.128673e-03   2.636540e-18   370166
  3.410587e+00   1.534332e-15   1.117032e-03   2.634304e-18   359838
  3.414471e+00   1.531395e-15   1.126612e-03   2.638568e-18   357488
  3.418356e+00   1.534926e-15   1.115416e-03   2.679689e-18   348174
  3.422239e+00   1.514308e-15   1.126138e-03   2.654771e-18   346010
  3.426123e+00   1.521576e-15   1.115666e-03   2.700581e-18   336966
  3.430017e+00   1.506113e-15   1.131496e-03   2.669335e-18   336488
  3.433906e+00   1.512553e-15   1.113178e-03   2.717765e-18   325206
  3.437790e+00   1.501289e-15   1.128394e-03   2.703570e-18   324614
  3.441675e+00   1.502150e-15   1.113950e-03   2.741383e-18   314792
  3.445561e+00   1.489446e-15   1.129033e-03   2.726985e-18   314082
  3.449445e+00   1.492549e-15   1.112843e-03   2.759326e-18   303918
  3.453329e+00   1.480151e-15   1.130230e-03   2.734131e-18   303872
  3.457223e+00   1.481829e-15   1.118237e-03   2.778285e-18   295070
  3.461110e+00   1.470971e-15   1.127117e-03   2.772047e-18   292776
  3.464999e+00   1.482182e-15   1.118155e-03   2.835974e-18   285198
  3.468882e+00   1.466825e-15   1.124173e-03   2.810948e-18   282068
  3.472770e+00   1.461156e-15   1.120642e-03   2.829100e-18   276094
  3.476654e+00   1.464400e-15   1.121770e-03   2.868014e-18   271936
  3.480537e+00   1.468182e-15   1.119604e-03   2.881388e-18   266352
  3.484425e+00   1.460224e-15   1.124273e-03   2.887240e-18   263198
  3.488309e+00   1.460774e-15   1.117087e-03   2.933282e-18   256540
  3.492199e+00   1.447086e-15   1.128018e-03   2.904989e-18   254758
  3.496085e+00   1.446395e-15   1.114575e-03   2.949158e-18   246888
  3.499973e+00   1.441151e-15   1.129431e-03   2.953007e-18   245984
  3.503859e+00   1.439982e-15   1.113747e-03   2.983853e-18   237838
  3.507743e+00   1.440050e-15   1.128624e-03   2.990942e-18   236932
  3.511628e+00   1.438749e-15   1.114686e-03   3.060771e-18   229296
  3.515519e+00   1.440798e-15   1.132107e-03   3.053356e-18   228968
  3.519410e+00   1.438211e-15   1.115334e-03   3.087260e-18   220862
  3.523299e+00   1.434338e-15   1.132320e-03   3.073568e-18   220440
  3.527188e+00   1.431910e-15   1.113877e-03   3.130323e-18   212400
  3.531075e+00   1.428689e-15   1.132596e-03   3.130776e-18   212228
  3.534965e+00   1.430530e-15   1.113928e-03   3.200404e-18   204518
  3.538852e+00   1.428990e-15   1.130227e-03   3.189612e-18   203928
  3.542735e+00   1.427078e-15   1.110921e-03   3.227121e-18   196280
  3.546619e+00   1.418842e-15   1.130361e-03   3.232983e-18   196272
  3.550503e+00   1.419469e-15   1.110008e-03   3.278355e-18   188572
  3.554385e+00   1.420256e-15   1.129045e-03   3.280491e-18   188440
  3.558272e+00   1.418782e-15   1.112527e-03   3.363149e-18   181574
  3.562156e+00   1.400158e-15   1.129325e-03   3.288991e-18   180912
  3.566042e+00   1.416237e-15   1.112617e-03   3.395487e-18   174304
  3.569927e+00   1.409411e-15   1.129933e-03   3.383964e-18   173620
  3.573814e+00   1.418440e-15   1.114477e-03   3.506771e-18   167424
  3.577707e+00   1.409704e-15   1.132693e-03   3.475984e-18   166952
  3.581590e+00   1.414399e-15   1.109406e-03   3.544519e-18   159744
  3.585479e+00   1.406200e-15   1.134885e-03   3.528950e-18   160424
  3.589363e+00   1.406568e-15   1.107308e-03   3.597701e-18   152748
  3.593250e+00   1.402434e-15   1.136784e-03   3.604879e-18   153920
  3.597136e+00   1.418244e-15   1.105473e-03   3.700913e-18   146016
  3.601018e+00   1.398881e-15   1.136208e-03   3.652889e-18   147176
  3.604907e+00   1.406670e-15   1.107710e-03   3.744297e-18   139992
  3.608791e+00   1.406684e-15   1.135264e-03   3.753253e-18   140588
  3.612682e+00   1.398034e-15   1.111007e-03   3.839710e-18   134184
  3.616571e+00   1.406321e-15   1.134121e-03   3.834376e-18   134192
  3.620457e+00   1.405153e-15   1.110077e-03   3.919788e-18   127992
  3.624344e+00   1.404620e-15   1.133946e-03   3.973859e-18   128132
  3.628235e+00   1.404349e-15   1.112933e-03   3.997977e-18   122384
  3.632120e+00   1.393871e-15   1.130787e-03   3.994813e-18   121896
  3.636006e+00   1.406359e-15   1.111987e-03   4.122109e-18   116592
  3.639888e+00   1.404528e-15   1.130031e-03   4.146721e-18   116072
  3.643776e+00   1.401387e-15   1.113281e-03   4.233893e-18   111196
  3.647666e+00   1.392132e-15   1.133982e-03   4.193564e-18   110824
  3.651553e+00   1.408749e-15   1.109351e-03   4.328262e-18   105456
  3.655445e+00   1.404480e-15   1.137911e-03   4.334345e-18   105746
  3.659331e+00   1.404273e-15   1.104570e-03   4.428900e-18   99816
  3.663217e+00   1.404543e-15   1.137630e-03   4.456602e-18   100460
  3.667098e+00   1.395337e-15   1.103186e-03   4.523156e-18   94616
  3.670986e+00   1.411835e-15   1.138482e-03   4.590026e-18   95448
  3.674871e+00   1.405774e-15   1.104767e-03   4.712964e-18   89784
  3.678762e+00   1.401999e-15   1.138753e-03   4.682387e-18   90536
  3.682640e+00   1.402587e-15   1.098833e-03   4.810507e-18   84566
  3.686528e+00   1.398140e-15   1.143171e-03   4.738052e-18   86088
  3.690411e+00   1.405715e-15   1.094501e-03   5.023729e-18   79680
  3.694290e+00   1.411801e-15   1.143460e-03   4.996275e-18   81368
  3.698177e+00   1.410021e-15   1.096007e-03   5.156365e-18   75356
  3.702056e+00   1.404004e-15   1.143156e-03   5.076732e-18   76704
  3.705948e+00   1.417783e-15   1.100016e-03   5.325653e-18   71322
  3.709834e+00   1.412416e-15   1.143672e-03   5.276847e-18   72248
  3.713724e+00   1.413537e-15   1.099908e-03   5.457202e-18   67160
  3.717610e+00   1.415231e-15   1.141543e-03   5.391971e-18   67836
  3.721489e+00   1.402719e-15   1.096984e-03   5.559852e-18   62976
  3.725379e+00   1.410799e-15   1.144398e-03   5.591466e-18   63914
  3.729253e+00   1.410663e-15   1.092761e-03   5.827348e-18   58832
  3.733144e+00   1.425393e-15   1.147084e-03   5.782548e-18   60108
  3.737017e+00   1.417833e-15   1.090205e-03   5.983613e-18   54920
  3.740928e+00   1.408438e-15   1.160099e-03   5.924325e-18   56970
  3.744809e+00   1.435662e-15   1.078913e-03   6.425222e-18   50760
  3.748701e+00   1.416221e-15   1.161348e-03   6.136291e-18   53312
  3.752584e+00   1.417330e-15   1.074836e-03   6.546605e-18   47164
  3.756472e+00   1.433134e-15   1.163802e-03   6.404698e-18   49810
  3.760356e+00   1.433421e-15   1.069365e-03   6.823339e-18   43680
  3.764234e+00   1.426729e-15   1.164818e-03   6.595510e-18   46328
  3.768129e+00   1.435774e-15   1.073902e-03   7.137291e-18   40694
  3.772013e+00   1.427979e-15   1.167140e-03   6.868642e-18   42984
  3.775913e+00   1.428778e-15   1.073587e-03   7.336543e-18   37656
  3.779787e+00   1.433852e-15   1.164236e-03   7.167750e-18   39578
  3.783688e+00   1.420876e-15   1.077878e-03   7.584785e-18   34920
  3.787564e+00   1.465426e-15   1.160065e-03   7.582757e-18   36308
  3.791451e+00   1.442619e-15   1.076316e-03   8.014048e-18   32136
  3.795334e+00   1.448088e-15   1.159401e-03   7.914865e-18   33362
  3.799207e+00   1.444430e-15   1.069739e-03   8.311362e-18   29336
  3.803104e+00   1.454198e-15   1.167435e-03   8.270303e-18   30804
  3.806966e+00   1.445089e-15   1.055228e-03   8.741963e-18   26490
  3.810870e+00   1.460468e-15   1.176653e-03   8.597953e-18   28376
  3.814719e+00   1.467208e-15   1.039734e-03   9.588071e-18   23784
  3.818636e+00   1.450031e-15   1.189627e-03   9.152561e-18   26150
  3.822479e+00   1.439824e-15   1.021588e-03   9.919884e-18   21192
  3.826407e+00   1.470543e-15   1.204804e-03   9.607212e-18   24050
  3.830252e+00   1.464992e-15   1.002280e-03   1.063974e-17   18768
  3.834191e+00   1.455106e-15   1.221518e-03   9.620613e-18   22052
  3.838029e+00   1.471590e-15   9.660660e-04   1.166597e-17   16346
  3.841962e+00   1.483502e-15   1.236558e-03   1.040347e-17   20136
  3.845802e+00   1.478794e-15   9.274195e-04   1.249678e-17   14160
  3.849721e+00   1.457714e-15   1.247069e-03   1.084473e-17   18218
  3.853565e+00   1.494302e-15   8.859468e-04   1.354639e-17   12204
  3.857470e+00   1.486647e-15   1.256334e-03   1.179922e-17   16346
  3.861333e+00   1.465901e-15   8.562781e-04   1.400660e-17   10536
  3.865221e+00   1.496990e-15   1.261091e-03   1.256564e-17   14456
  3.869081e+00   1.523045e-15   8.165112e-04   1.587025e-17   8990
  3.872967e+00   1.506150e-15   1.270385e-03   1.338187e-17   12744
  3.876815e+00   1.487528e-15   7.482517e-04   1.766753e-17   7506
  3.880703e+00   1.532453e-15   1.282849e-03   1.463531e-17   11192
  3.884545e+00   1.531839e-15   6.569471e-04   1.942948e-17   6156
  3.888432e+00   1.469247e-15   1.294599e-03   1.499916e-17   9722
  3.892281e+00   1.540994e-15   5.567157e-04   2.225360e-17   4992
  3.896158e+00   1.493686e-15   1.304505e-03   1.663679e-17   8306
  3.900025e+00   1.513025e-15   4.384033e-04   2.284828e-17   3996
  3.903878e+00   1.471967e-15   1.309274e-03   1.752074e-17   6938
  3.907766e+00   1.474156e-15   3.047624e-04   2.653412e-17   3168
  3.911584e+00   1.578792e-15   1.304853e-03   2.032076e-17   5624
  3.915485e+00   1.474017e-15   2.103226e-04   2.883743e-17   2502
  3.919286e+00   1.533888e-15   1.297747e-03   2.273866e-17   4424
  3.923208e+00   1.518069e-15   2.230451e-04   3.443859e-17   1946
  3.926998e+00   1.590759e-15   1.292790e-03   2.788084e-17   3360
  3.930918e+00   1.605876e-15   1.221617e-04   4.124899e-17   1446
  3.934708e+00   1.585286e-15   1.290208e-03   3.166156e-17   2456
  3.938666e+00   1.503212e-15   2.340394e-04   4.399340e-17   1034
  3.942432e+00   1.527405e-15   1.288305e-03   3.773276e-17   1680
  3.946383e+00   1.626972e-15   5.837572e-05   5.789544e-17   678
  3.950143e+00   1.559537e-15   1.286681e-03   4.752293e-17   1064
  3.954177e+00   1.436704e-15   3.540138e-04   6.439184e-17   410
  3.957868e+00   1.658931e-15   1.284749e-03   6.955752e-17   576
  3.961879e+00   1.860747e-15   1.855368e-05   1.093044e-16   198
  3.965528e+00   1.584129e-15   1.272780e-03   1.052891e-16   248
  3.969917e+00   1.502553e-15   8.019490e-04   1.188197e-16   74
  3.973198e+00   1.268639e-15   1.252635e-03   1.723277e-16   48
  3.977405e+00   9.388817e-16   5.034095e-08   3.096270e-16   6
