# power spectrum of phi_prime/H (dimensionless)
# redshift z=99.899076
# k              Pk             sigma(k)       sigma(Pk)      count
  5.727314e-03   0.000000e+00   8.763345e-04   0.000000e+00   18
  1.001182e-02   0.000000e+00   1.059922e-03   0.000000e+00   62
  1.393445e-02   0.000000e+00   7.332271e-04   0.000000e+00   90
  1.764809e-02   0.000000e+00   1.157232e-03   0.000000e+00   170
  2.151286e-02   0.000000e+00   1.202795e-03   0.000000e+00   246
  2.528669e-02   0.000000e+00   1.146703e-03   0.000000e+00   338
  2.901099e-02   0.000000e+00   9.857564e-04   0.000000e+00   432
  3.284683e-02   0.000000e+00   1.010047e-03   0.000000e+00   578
  3.688195e-02   0.000000e+00   1.177086e-03   0.000000e+00   786
  4.101464e-02   0.000000e+00   1.190994e-03   0.000000e+00   974
  4.488954e-02   0.000000e+00   1.031402e-03   0.000000e+00   1002
  4.870958e-02   0.000000e+00   1.179303e-03   0.000000e+00   1334
  5.263577e-02   0.000000e+00   1.134676e-03   0.000000e+00   1458
  5.631027e-02   0.000000e+00   1.072446e-03   0.000000e+00   1604
  6.010158e-02   0.000000e+00   1.088865e-03   0.000000e+00   1974
  6.404851e-02   0.000000e+00   1.067989e-03   0.000000e+00   2234
  6.795611e-02   0.000000e+00   1.092954e-03   0.000000e+00   2490
  7.198483e-02   0.000000e+00   1.200217e-03   0.000000e+00   3014
  7.595394e-02   0.000000e+00   1.093611e-03   0.000000e+00   3018
  7.977896e-02   0.000000e+00   1.131598e-03   0.000000e+00   3446
  8.359600e-02   0.000000e+00   1.085617e-03   0.000000e+00   3626
  8.742004e-02   0.000000e+00   1.125556e-03   0.000000e+00   4164
  9.130612e-02   0.000000e+00   1.090740e-03   0.000000e+00   4470
  9.521636e-02   0.000000e+00   1.115446e-03   0.000000e+00   4970
  9.915211e-02   0.000000e+00   1.127844e-03   0.000000e+00   5366
  1.030785e-01   0.000000e+00   1.144516e-03   0.000000e+00   5778
  1.069619e-01   0.000000e+00   1.149148e-03   0.000000e+00   6162
  1.108671e-01   0.000000e+00   1.158272e-03   0.000000e+00   6734
  1.146806e-01   0.000000e+00   1.074898e-03   0.000000e+00   6756
  1.184510e-01   0.000000e+00   1.088568e-03   0.000000e+00   7502
  1.223464e-01   0.000000e+00   1.105366e-03   0.000000e+00   8154
  1.262469e-01   0.000000e+00   1.103283e-03   0.000000e+00   8618
  1.301909e-01   0.000000e+00   1.146655e-03   0.000000e+00   9390
  1.341197e-01   0.000000e+00   1.126004e-03   0.000000e+00   9722
  1.380051e-01   0.000000e+00   1.126950e-03   0.000000e+00   10242
  1.419007e-01   0.000000e+00   1.149257e-03   0.000000e+00   11006
  1.457777e-01   0.000000e+00   1.106962e-03   0.000000e+00   11348
  1.496576e-01   0.000000e+00   1.105725e-03   0.000000e+00   12150
  1.535164e-01   0.000000e+00   1.078348e-03   0.000000e+00   12498
  1.574072e-01   0.000000e+00   1.129889e-03   0.000000e+00   13586
  1.613096e-01   0.000000e+00   1.132072e-03   0.000000e+00   14006
  1.652381e-01   0.000000e+00   1.166232e-03   0.000000e+00   15162
  1.691226e-01   0.000000e+00   1.101754e-03   0.000000e+00   14990
  1.729750e-01   0.000000e+00   1.143142e-03   0.000000e+00   16380
  1.768610e-01   0.000000e+00   1.105581e-03   0.000000e+00   16666
  1.807168e-01   0.000000e+00   1.110348e-03   0.000000e+00   17638
  1.845996e-01   0.000000e+00   1.100521e-03   0.000000e+00   18354
  1.884710e-01   0.000000e+00   1.102640e-03   0.000000e+00   19034
  1.923685e-01   0.000000e+00   1.144302e-03   0.000000e+00   20270
  1.963174e-01   0.000000e+00   1.155956e-03   0.000000e+00   21258
  2.002141e-01   0.000000e+00   1.111898e-03   0.000000e+00   21350
  2.040863e-01   0.000000e+00   1.123159e-03   0.000000e+00   22644
  2.079681e-01   0.000000e+00   1.101476e-03   0.000000e+00   23114
  2.118390e-01   0.000000e+00   1.118265e-03   0.000000e+00   24342
  2.157382e-01   0.000000e+00   1.117694e-03   0.000000e+00   25194
  2.196235e-01   0.000000e+00   1.116195e-03   0.000000e+00   25982
  2.234724e-01   0.000000e+00   1.109599e-03   0.000000e+00   26506
  2.273806e-01   0.000000e+00   1.167806e-03   0.000000e+00   28738
  2.312750e-01   0.000000e+00   1.110542e-03   0.000000e+00   28296
  2.351662e-01   0.000000e+00   1.143823e-03   0.000000e+00   30554
  2.390501e-01   0.000000e+00   1.084103e-03   0.000000e+00   30094
  2.428824e-01   0.000000e+00   1.109820e-03   0.000000e+00   31738
  2.467836e-01   0.000000e+00   1.134747e-03   0.000000e+00   33306
  2.506613e-01   0.000000e+00   1.104153e-03   0.000000e+00   33422
  2.545365e-01   0.000000e+00   1.131527e-03   0.000000e+00   35298
  2.584714e-01   0.000000e+00   1.143069e-03   0.000000e+00   36650
  2.623670e-01   0.000000e+00   1.115532e-03   0.000000e+00   36888
  2.662651e-01   0.000000e+00   1.131896e-03   0.000000e+00   38834
  2.701697e-01   0.000000e+00   1.107355e-03   0.000000e+00   39246
  2.740453e-01   0.000000e+00   1.111777e-03   0.000000e+00   40466
  2.778984e-01   0.000000e+00   1.108403e-03   0.000000e+00   41106
  2.817847e-01   0.000000e+00   1.145602e-03   0.000000e+00   43598
  2.856833e-01   0.000000e+00   1.116308e-03   0.000000e+00   43650
  2.895471e-01   0.000000e+00   1.120907e-03   0.000000e+00   45272
  2.934575e-01   0.000000e+00   1.131740e-03   0.000000e+00   46994
  2.973636e-01   0.000000e+00   1.124346e-03   0.000000e+00   47850
  3.012447e-01   0.000000e+00   1.115858e-03   0.000000e+00   48846
  3.051030e-01   0.000000e+00   1.105642e-03   0.000000e+00   49706
  3.089532e-01   0.000000e+00   1.113265e-03   0.000000e+00   51198
  3.128464e-01   0.000000e+00   1.134266e-03   0.000000e+00   53402
  3.167281e-01   0.000000e+00   1.111145e-03   0.000000e+00   53634
  3.206428e-01   0.000000e+00   1.143806e-03   0.000000e+00   56888
  3.245618e-01   0.000000e+00   1.106794e-03   0.000000e+00   56474
  3.284581e-01   0.000000e+00   1.130606e-03   0.000000e+00   58962
  3.323510e-01   0.000000e+00   1.114731e-03   0.000000e+00   59214
  3.362265e-01   0.000000e+00   1.127963e-03   0.000000e+00   61250
  3.400938e-01   0.000000e+00   1.110759e-03   0.000000e+00   61694
  3.439480e-01   0.000000e+00   1.120230e-03   0.000000e+00   63618
  3.478512e-01   0.000000e+00   1.140078e-03   0.000000e+00   66284
  3.517691e-01   0.000000e+00   1.123324e-03   0.000000e+00   67014
  3.556494e-01   0.000000e+00   1.113722e-03   0.000000e+00   67930
  3.595371e-01   0.000000e+00   1.127426e-03   0.000000e+00   70294
  3.634200e-01   0.000000e+00   1.114424e-03   0.000000e+00   70658
  3.672742e-01   0.000000e+00   1.121955e-03   0.000000e+00   72522
  3.711539e-01   0.000000e+00   1.125103e-03   0.000000e+00   74550
  3.750359e-01   0.000000e+00   1.112832e-03   0.000000e+00   75674
  3.789191e-01   0.000000e+00   1.116846e-03   0.000000e+00   77708
  3.828461e-01   0.000000e+00   1.136191e-03   0.000000e+00   80622
  3.867545e-01   0.000000e+00   1.112810e-03   0.000000e+00   80330
  3.906423e-01   0.000000e+00   1.128269e-03   0.000000e+00   82974
  3.945313e-01   0.000000e+00   1.118618e-03   0.000000e+00   83666
  3.984084e-01   0.000000e+00   1.126394e-03   0.000000e+00   85746
  4.022765e-01   0.000000e+00   1.118427e-03   0.000000e+00   86702
  4.061542e-01   0.000000e+00   1.126154e-03   0.000000e+00   89556
  4.100569e-01   0.000000e+00   1.118519e-03   0.000000e+00   91038
  4.139484e-01   0.000000e+00   1.117921e-03   0.000000e+00   92522
  4.178268e-01   0.000000e+00   1.119569e-03   0.000000e+00   94034
  4.217415e-01   0.000000e+00   1.145339e-03   0.000000e+00   97758
  4.256173e-01   0.000000e+00   1.103600e-03   0.000000e+00   95770
  4.294627e-01   0.000000e+00   1.123790e-03   0.000000e+00   99646
  4.333400e-01   0.000000e+00   1.115333e-03   0.000000e+00   100980
  4.372362e-01   0.000000e+00   1.127284e-03   0.000000e+00   104258
  4.411386e-01   0.000000e+00   1.114910e-03   0.000000e+00   104998
  4.450377e-01   0.000000e+00   1.124073e-03   0.000000e+00   107866
  4.489311e-01   0.000000e+00   1.113184e-03   0.000000e+00   108154
  4.528161e-01   0.000000e+00   1.135370e-03   0.000000e+00   111622
  4.567076e-01   0.000000e+00   1.122976e-03   0.000000e+00   112146
  4.605727e-01   0.000000e+00   1.119518e-03   0.000000e+00   114014
  4.644440e-01   0.000000e+00   1.115906e-03   0.000000e+00   116220
  4.683319e-01   0.000000e+00   1.119789e-03   0.000000e+00   118682
  4.722291e-01   0.000000e+00   1.126606e-03   0.000000e+00   121118
  4.761348e-01   0.000000e+00   1.124808e-03   0.000000e+00   122994
  4.800157e-01   0.000000e+00   1.114862e-03   0.000000e+00   123574
  4.838959e-01   0.000000e+00   1.131276e-03   0.000000e+00   126922
  4.877763e-01   0.000000e+00   1.124735e-03   0.000000e+00   127906
  4.916481e-01   0.000000e+00   1.121767e-03   0.000000e+00   130432
  4.955333e-01   0.000000e+00   1.114812e-03   0.000000e+00   132642
  4.994186e-01   0.000000e+00   1.110800e-03   0.000000e+00   134534
  5.033164e-01   0.000000e+00   1.124671e-03   0.000000e+00   137778
  5.072392e-01   0.000000e+00   1.135312e-03   0.000000e+00   140786
  5.111285e-01   0.000000e+00   1.110620e-03   0.000000e+00   139590
  5.149976e-01   0.000000e+00   1.125619e-03   0.000000e+00   143546
  5.188865e-01   0.000000e+00   1.125142e-03   0.000000e+00   145338
  5.227635e-01   0.000000e+00   1.120484e-03   0.000000e+00   147272
  5.266520e-01   0.000000e+00   1.122335e-03   0.000000e+00   150330
  5.305485e-01   0.000000e+00   1.118234e-03   0.000000e+00   152318
  5.344262e-01   0.000000e+00   1.111066e-03   0.000000e+00   153202
  5.383243e-01   0.000000e+00   1.138693e-03   0.000000e+00   158626
  5.422165e-01   0.000000e+00   1.116855e-03   0.000000e+00   157350
  5.460935e-01   0.000000e+00   1.131200e-03   0.000000e+00   161906
  5.499589e-01   0.000000e+00   1.105071e-03   0.000000e+00   160872
  5.538418e-01   0.000000e+00   1.133375e-03   0.000000e+00   167858
  5.577463e-01   0.000000e+00   1.114977e-03   0.000000e+00   167514
  5.616201e-01   0.000000e+00   1.113803e-03   0.000000e+00   169862
  5.655108e-01   0.000000e+00   1.124453e-03   0.000000e+00   173602
  5.694083e-01   0.000000e+00   1.123533e-03   0.000000e+00   175258
  5.732959e-01   0.000000e+00   1.127164e-03   0.000000e+00   177654
  5.771897e-01   0.000000e+00   1.130949e-03   0.000000e+00   180698
  5.810773e-01   0.000000e+00   1.119005e-03   0.000000e+00   181968
  5.849616e-01   0.000000e+00   1.118541e-03   0.000000e+00   184850
  5.888448e-01   0.000000e+00   1.119144e-03   0.000000e+00   187034
  5.927421e-01   0.000000e+00   1.129966e-03   0.000000e+00   191238
  5.966308e-01   0.000000e+00   1.116348e-03   0.000000e+00   191042
  6.005065e-01   0.000000e+00   1.126286e-03   0.000000e+00   195102
  6.043812e-01   0.000000e+00   1.117515e-03   0.000000e+00   195786
  6.082630e-01   0.000000e+00   1.131649e-03   0.000000e+00   201164
  6.121481e-01   0.000000e+00   1.112645e-03   0.000000e+00   201070
  6.160242e-01   0.000000e+00   1.118305e-03   0.000000e+00   205234
  6.199111e-01   0.000000e+00   1.116352e-03   0.000000e+00   207342
  6.237987e-01   0.000000e+00   1.121735e-03   0.000000e+00   210602
  6.276909e-01   0.000000e+00   1.124203e-03   0.000000e+00   213130
  6.315953e-01   0.000000e+00   1.133190e-03   0.000000e+00   217318
  6.354807e-01   0.000000e+00   1.113546e-03   0.000000e+00   216306
  6.393491e-01   0.000000e+00   1.119403e-03   0.000000e+00   220652
  6.432430e-01   0.000000e+00   1.124854e-03   0.000000e+00   224502
  6.471454e-01   0.000000e+00   1.125081e-03   0.000000e+00   227186
  6.510345e-01   0.000000e+00   1.118193e-03   0.000000e+00   228398
  6.549165e-01   0.000000e+00   1.122259e-03   0.000000e+00   231642
  6.587972e-01   0.000000e+00   1.122763e-03   0.000000e+00   233946
  6.626908e-01   0.000000e+00   1.132956e-03   0.000000e+00   238694
  6.665707e-01   0.000000e+00   1.114640e-03   0.000000e+00   238068
  6.704525e-01   0.000000e+00   1.124042e-03   0.000000e+00   244190
  6.743498e-01   0.000000e+00   1.116752e-03   0.000000e+00   245362
  6.782313e-01   0.000000e+00   1.120102e-03   0.000000e+00   248362
  6.821206e-01   0.000000e+00   1.124509e-03   0.000000e+00   251966
  6.860099e-01   0.000000e+00   1.120649e-03   0.000000e+00   254034
  6.898855e-01   0.000000e+00   1.117172e-03   0.000000e+00   255818
  6.937781e-01   0.000000e+00   1.132899e-03   0.000000e+00   262254
  6.976722e-01   0.000000e+00   1.116974e-03   0.000000e+00   261980
  7.015718e-01   0.000000e+00   1.129534e-03   0.000000e+00   268566
  7.054538e-01   0.000000e+00   1.104857e-03   0.000000e+00   265538
  7.093286e-01   0.000000e+00   1.128000e-03   0.000000e+00   273330
  7.132165e-01   0.000000e+00   1.121481e-03   0.000000e+00   273718
  7.171069e-01   0.000000e+00   1.132652e-03   0.000000e+00   279658
  7.209986e-01   0.000000e+00   1.120025e-03   0.000000e+00   279670
  7.248700e-01   0.000000e+00   1.119062e-03   0.000000e+00   282964
  7.287608e-01   0.000000e+00   1.126489e-03   0.000000e+00   288362
  7.326540e-01   0.000000e+00   1.118613e-03   0.000000e+00   289686
  7.365333e-01   0.000000e+00   1.116235e-03   0.000000e+00   292234
  7.404015e-01   0.000000e+00   1.112765e-03   0.000000e+00   294190
  7.442845e-01   0.000000e+00   1.127923e-03   0.000000e+00   300642
  7.481851e-01   0.000000e+00   1.128116e-03   0.000000e+00   303386
  7.520700e-01   0.000000e+00   1.119257e-03   0.000000e+00   304662
  7.559583e-01   0.000000e+00   1.122290e-03   0.000000e+00   309812
  7.598513e-01   0.000000e+00   1.117608e-03   0.000000e+00   311714
  7.637547e-01   0.000000e+00   1.130270e-03   0.000000e+00   318126
  7.676398e-01   0.000000e+00   1.111035e-03   0.000000e+00   315114
  7.715118e-01   0.000000e+00   1.127143e-03   0.000000e+00   322622
  7.753932e-01   0.000000e+00   1.117154e-03   0.000000e+00   322850
  7.792787e-01   0.000000e+00   1.131101e-03   0.000000e+00   329802
  7.831716e-01   0.000000e+00   1.123851e-03   0.000000e+00   331104
  7.870696e-01   0.000000e+00   1.127607e-03   0.000000e+00   336986
  7.909587e-01   0.000000e+00   1.111055e-03   0.000000e+00   335870
  7.948355e-01   0.000000e+00   1.120862e-03   0.000000e+00   341610
  7.987215e-01   0.000000e+00   1.121955e-03   0.000000e+00   344370
  8.026031e-01   0.000000e+00   1.122207e-03   0.000000e+00   347606
  8.064886e-01   0.000000e+00   1.124033e-03   0.000000e+00   351650
  8.103706e-01   0.000000e+00   1.118654e-03   0.000000e+00   353760
  8.142669e-01   0.000000e+00   1.129493e-03   0.000000e+00   360970
  8.181738e-01   0.000000e+00   1.123124e-03   0.000000e+00   362818
  8.220521e-01   0.000000e+00   1.110144e-03   0.000000e+00   362334
  8.259414e-01   0.000000e+00   1.129348e-03   0.000000e+00   371642
  8.298275e-01   0.000000e+00   1.114584e-03   0.000000e+00   368778
  8.337006e-01   0.000000e+00   1.128744e-03   0.000000e+00   376526
  8.375857e-01   0.000000e+00   1.121330e-03   0.000000e+00   377786
  8.414675e-01   0.000000e+00   1.123524e-03   0.000000e+00   382968
  8.453573e-01   0.000000e+00   1.120822e-03   0.000000e+00   386146
  8.492503e-01   0.000000e+00   1.124050e-03   0.000000e+00   390826
  8.531392e-01   0.000000e+00   1.119718e-03   0.000000e+00   392662
  8.570302e-01   0.000000e+00   1.125822e-03   0.000000e+00   398242
  8.609051e-01   0.000000e+00   1.111972e-03   0.000000e+00   396726
  8.647781e-01   0.000000e+00   1.124714e-03   0.000000e+00   404738
  8.686664e-01   0.000000e+00   1.122897e-03   0.000000e+00   407628
  8.725545e-01   0.000000e+00   1.121536e-03   0.000000e+00   411734
  8.764395e-01   0.000000e+00   1.117149e-03   0.000000e+00   414242
  8.803359e-01   0.000000e+00   1.126317e-03   0.000000e+00   421434
  8.842333e-01   0.000000e+00   1.120273e-03   0.000000e+00   421918
  8.881244e-01   0.000000e+00   1.128330e-03   0.000000e+00   427810
  8.920157e-01   0.000000e+00   1.123036e-03   0.000000e+00   429470
  8.958948e-01   0.000000e+00   1.119658e-03   0.000000e+00   432282
  8.997746e-01   0.000000e+00   1.122449e-03   0.000000e+00   437260
  9.036583e-01   0.000000e+00   1.120747e-03   0.000000e+00   440758
  9.075489e-01   0.000000e+00   1.124778e-03   0.000000e+00   446370
  9.114474e-01   0.000000e+00   1.123943e-03   0.000000e+00   450182
  9.153288e-01   0.000000e+00   1.115142e-03   0.000000e+00   449850
  9.192089e-01   0.000000e+00   1.127357e-03   0.000000e+00   457898
  9.230929e-01   0.000000e+00   1.119604e-03   0.000000e+00   458662
  9.269737e-01   0.000000e+00   1.121722e-03   0.000000e+00   464620
  9.308545e-01   0.000000e+00   1.114316e-03   0.000000e+00   466302
  9.347441e-01   0.000000e+00   1.124571e-03   0.000000e+00   474314
  9.386369e-01   0.000000e+00   1.120021e-03   0.000000e+00   475530
  9.425348e-01   0.000000e+00   1.129051e-03   0.000000e+00   483206
  9.464328e-01   0.000000e+00   1.121669e-03   0.000000e+00   483530
  9.503142e-01   0.000000e+00   1.121047e-03   0.000000e+00   487002
  9.541966e-01   0.000000e+00   1.124058e-03   0.000000e+00   491774
  9.580774e-01   0.000000e+00   1.120518e-03   0.000000e+00   495084
  9.619601e-01   0.000000e+00   1.119352e-03   0.000000e+00   499438
  9.658473e-01   0.000000e+00   1.122356e-03   0.000000e+00   504682
  9.697357e-01   0.000000e+00   1.121500e-03   0.000000e+00   507738
  9.736321e-01   0.000000e+00   1.130456e-03   0.000000e+00   515174
  9.775214e-01   0.000000e+00   1.119580e-03   0.000000e+00   514234
  9.813957e-01   0.000000e+00   1.119450e-03   0.000000e+00   519022
  9.852705e-01   0.000000e+00   1.117281e-03   0.000000e+00   522636
  9.891535e-01   0.000000e+00   1.121739e-03   0.000000e+00   529442
  9.930474e-01   0.000000e+00   1.122647e-03   0.000000e+00   534078
  9.969375e-01   0.000000e+00   1.118397e-03   0.000000e+00   536666
  1.000817e+00   0.000000e+00   1.116716e-03   0.000000e+00   539142
  1.004715e+00   0.000000e+00   1.134178e-03   0.000000e+00   550658
  1.008615e+00   0.000000e+00   1.121935e-03   0.000000e+00   548298
  1.012495e+00   0.000000e+00   1.123048e-03   0.000000e+00   553694
  1.016374e+00   0.000000e+00   1.116375e-03   0.000000e+00   556116
  1.020264e+00   0.000000e+00   1.125051e-03   0.000000e+00   564890
  1.024148e+00   0.000000e+00   1.116141e-03   0.000000e+00   563718
  1.028036e+00   0.000000e+00   1.128568e-03   0.000000e+00   574298
  1.031929e+00   0.000000e+00   1.120551e-03   0.000000e+00   573966
  1.035814e+00   0.000000e+00   1.126024e-03   0.000000e+00   580586
  1.039699e+00   0.000000e+00   1.122029e-03   0.000000e+00   582666
  1.043587e+00   0.000000e+00   1.125959e-03   0.000000e+00   590648
  1.047474e+00   0.000000e+00   1.114820e-03   0.000000e+00   590394
  1.051350e+00   0.000000e+00   1.116684e-03   0.000000e+00   596174
  1.055234e+00   0.000000e+00   1.120236e-03   0.000000e+00   601674
  1.059126e+00   0.000000e+00   1.125352e-03   0.000000e+00   607682
  1.063019e+00   0.000000e+00   1.124350e-03   0.000000e+00   611166
  1.066910e+00   0.000000e+00   1.124099e-03   0.000000e+00   615626
  1.070791e+00   0.000000e+00   1.119456e-03   0.000000e+00   617290
  1.074678e+00   0.000000e+00   1.126011e-03   0.000000e+00   626344
  1.078566e+00   0.000000e+00   1.117274e-03   0.000000e+00   626658
  1.082451e+00   0.000000e+00   1.122467e-03   0.000000e+00   634022
  1.086331e+00   0.000000e+00   1.116124e-03   0.000000e+00   634554
  1.090218e+00   0.000000e+00   1.128467e-03   0.000000e+00   645026
  1.094107e+00   0.000000e+00   1.122446e-03   0.000000e+00   645102
  1.097993e+00   0.000000e+00   1.126954e-03   0.000000e+00   653018
  1.101879e+00   0.000000e+00   1.119089e-03   0.000000e+00   654384
  1.105770e+00   0.000000e+00   1.123901e-03   0.000000e+00   663194
  1.109660e+00   0.000000e+00   1.117576e-03   0.000000e+00   663834
  1.113540e+00   0.000000e+00   1.118796e-03   0.000000e+00   669158
  1.117424e+00   0.000000e+00   1.120650e-03   0.000000e+00   674490
  1.121304e+00   0.000000e+00   1.118416e-03   0.000000e+00   677222
  1.125193e+00   0.000000e+00   1.128225e-03   0.000000e+00   686874
  1.129092e+00   0.000000e+00   1.126811e-03   0.000000e+00   690722
  1.132980e+00   0.000000e+00   1.118907e-03   0.000000e+00   692008
  1.136871e+00   0.000000e+00   1.124678e-03   0.000000e+00   701386
  1.140761e+00   0.000000e+00   1.117002e-03   0.000000e+00   700778
  1.144643e+00   0.000000e+00   1.123318e-03   0.000000e+00   708774
  1.148529e+00   0.000000e+00   1.121990e-03   0.000000e+00   711690
  1.152418e+00   0.000000e+00   1.126973e-03   0.000000e+00   719606
  1.156298e+00   0.000000e+00   1.116380e-03   0.000000e+00   717762
  1.160181e+00   0.000000e+00   1.127123e-03   0.000000e+00   730460
  1.164073e+00   0.000000e+00   1.119262e-03   0.000000e+00   731070
  1.167968e+00   0.000000e+00   1.125901e-03   0.000000e+00   741170
  1.171853e+00   0.000000e+00   1.112045e-03   0.000000e+00   737094
  1.175730e+00   0.000000e+00   1.122374e-03   0.000000e+00   747698
  1.179618e+00   0.000000e+00   1.122867e-03   0.000000e+00   751658
  1.183501e+00   0.000000e+00   1.121599e-03   0.000000e+00   755574
  1.187383e+00   0.000000e+00   1.122256e-03   0.000000e+00   761442
  1.191279e+00   0.000000e+00   1.126787e-03   0.000000e+00   770816
  1.195171e+00   0.000000e+00   1.117539e-03   0.000000e+00   769274
  1.199064e+00   0.000000e+00   1.129525e-03   0.000000e+00   782130
  1.202947e+00   0.000000e+00   1.112602e-03   0.000000e+00   775230
  1.206825e+00   0.000000e+00   1.126605e-03   0.000000e+00   789866
  1.210710e+00   0.000000e+00   1.118361e-03   0.000000e+00   787914
  1.214592e+00   0.000000e+00   1.128225e-03   0.000000e+00   799598
  1.218486e+00   0.000000e+00   1.124161e-03   0.000000e+00   802980
  1.222371e+00   0.000000e+00   1.117789e-03   0.000000e+00   805622
  1.226254e+00   0.000000e+00   1.119738e-03   0.000000e+00   812050
  1.230147e+00   0.000000e+00   1.126034e-03   0.000000e+00   820954
  1.234035e+00   0.000000e+00   1.118780e-03   0.000000e+00   820062
  1.237911e+00   0.000000e+00   1.119897e-03   0.000000e+00   826298
  1.241794e+00   0.000000e+00   1.121814e-03   0.000000e+00   833118
  1.245672e+00   0.000000e+00   1.117137e-03   0.000000e+00   834812
  1.249560e+00   0.000000e+00   1.126815e-03   0.000000e+00   847858
  1.253469e+00   0.000000e+00   1.127442e-03   0.000000e+00   854278
  1.257361e+00   0.000000e+00   1.116253e-03   0.000000e+00   850978
  1.261241e+00   0.000000e+00   1.121687e-03   0.000000e+00   859186
  1.265131e+00   0.000000e+00   1.127494e-03   0.000000e+00   867126
  1.269018e+00   0.000000e+00   1.121886e-03   0.000000e+00   868274
  1.272897e+00   0.000000e+00   1.120976e-03   0.000000e+00   873606
  1.276776e+00   0.000000e+00   1.119398e-03   0.000000e+00   879284
  1.280663e+00   0.000000e+00   1.122355e-03   0.000000e+00   887170
  1.284564e+00   0.000000e+00   1.128693e-03   0.000000e+00   897526
  1.288458e+00   0.000000e+00   1.117587e-03   0.000000e+00   894258
  1.292341e+00   0.000000e+00   1.122714e-03   0.000000e+00   903374
  1.296223e+00   0.000000e+00   1.118323e-03   0.000000e+00   904338
  1.300103e+00   0.000000e+00   1.123719e-03   0.000000e+00   913586
  1.303982e+00   0.000000e+00   1.118150e-03   0.000000e+00   915416
  1.307871e+00   0.000000e+00   1.124217e-03   0.000000e+00   928122
  1.311759e+00   0.000000e+00   1.115167e-03   0.000000e+00   926094
  1.315654e+00   0.000000e+00   1.130093e-03   0.000000e+00   942890
  1.319549e+00   0.000000e+00   1.118827e-03   0.000000e+00   937266
  1.323433e+00   0.000000e+00   1.126506e-03   0.000000e+00   948854
  1.327319e+00   0.000000e+00   1.120121e-03   0.000000e+00   948714
  1.331197e+00   0.000000e+00   1.122687e-03   0.000000e+00   956186
  1.335082e+00   0.000000e+00   1.124444e-03   0.000000e+00   964272
  1.338973e+00   0.000000e+00   1.121587e-03   0.000000e+00   969458
  1.342859e+00   0.000000e+00   1.118296e-03   0.000000e+00   972750
  1.346749e+00   0.000000e+00   1.124460e-03   0.000000e+00   982706
  1.350635e+00   0.000000e+00   1.119858e-03   0.000000e+00   982906
  1.354527e+00   0.000000e+00   1.129306e-03   0.000000e+00   996622
  1.358414e+00   0.000000e+00   1.117989e-03   0.000000e+00   992378
  1.362284e+00   0.000000e+00   1.117150e-03   0.000000e+00   999000
  1.366168e+00   0.000000e+00   1.122014e-03   0.000000e+00   1010114
  1.370061e+00   0.000000e+00   1.121750e-03   0.000000e+00   1015722
  1.373948e+00   0.000000e+00   1.119290e-03   0.000000e+00   1018742
  1.377843e+00   0.000000e+00   1.127371e-03   0.000000e+00   1031250
  1.381733e+00   0.000000e+00   1.118461e-03   0.000000e+00   1027226
  1.385615e+00   0.000000e+00   1.126435e-03   0.000000e+00   1039734
  1.389500e+00   0.000000e+00   1.120654e-03   0.000000e+00   1039914
  1.393382e+00   0.000000e+00   1.123683e-03   0.000000e+00   1050272
  1.397267e+00   0.000000e+00   1.117473e-03   0.000000e+00   1052306
  1.401154e+00   0.000000e+00   1.122308e-03   0.000000e+00   1062666
  1.405045e+00   0.000000e+00   1.122401e-03   0.000000e+00   1067262
  1.408935e+00   0.000000e+00   1.123952e-03   0.000000e+00   1073906
  1.412823e+00   0.000000e+00   1.122463e-03   0.000000e+00   1078190
  1.416712e+00   0.000000e+00   1.124033e-03   0.000000e+00   1085634
  1.420592e+00   0.000000e+00   1.117456e-03   0.000000e+00   1085508
  1.424480e+00   0.000000e+00   1.126594e-03   0.000000e+00   1101926
  1.428369e+00   0.000000e+00   1.116061e-03   0.000000e+00   1098322
  1.432252e+00   0.000000e+00   1.121199e-03   0.000000e+00   1109878
  1.436144e+00   0.000000e+00   1.122554e-03   0.000000e+00   1115338
  1.440035e+00   0.000000e+00   1.125793e-03   0.000000e+00   1122586
  1.443924e+00   0.000000e+00   1.123292e-03   0.000000e+00   1125862
  1.447810e+00   0.000000e+00   1.122976e-03   0.000000e+00   1132498
  1.451691e+00   0.000000e+00   1.119415e-03   0.000000e+00   1135444
  1.455573e+00   0.000000e+00   1.122581e-03   0.000000e+00   1145374
  1.459464e+00   0.000000e+00   1.123383e-03   0.000000e+00   1152698
  1.463354e+00   0.000000e+00   1.121349e-03   0.000000e+00   1157046
  1.467236e+00   0.000000e+00   1.119148e-03   0.000000e+00   1160226
  1.471127e+00   0.000000e+00   1.127743e-03   0.000000e+00   1174346
  1.475014e+00   0.000000e+00   1.119897e-03   0.000000e+00   1171462
  1.478897e+00   0.000000e+00   1.124033e-03   0.000000e+00   1183828
  1.482778e+00   0.000000e+00   1.114458e-03   0.000000e+00   1181822
  1.486657e+00   0.000000e+00   1.120779e-03   0.000000e+00   1194930
  1.490547e+00   0.000000e+00   1.122593e-03   0.000000e+00   1202010
  1.494437e+00   0.000000e+00   1.122115e-03   0.000000e+00   1207166
  1.498326e+00   0.000000e+00   1.123291e-03   0.000000e+00   1214106
  1.502209e+00   0.000000e+00   1.118748e-03   0.000000e+00   1215302
  1.506095e+00   0.000000e+00   1.126666e-03   0.000000e+00   1229274
  1.509994e+00   0.000000e+00   1.126873e-03   0.000000e+00   1236164
  1.513882e+00   0.000000e+00   1.118916e-03   0.000000e+00   1235326
  1.517764e+00   0.000000e+00   1.120265e-03   0.000000e+00   1244026
  1.521647e+00   0.000000e+00   1.120382e-03   0.000000e+00   1249154
  1.525536e+00   0.000000e+00   1.126025e-03   0.000000e+00   1260558
  1.529421e+00   0.000000e+00   1.119984e-03   0.000000e+00   1260394
  1.533310e+00   0.000000e+00   1.125848e-03   0.000000e+00   1274758
  1.537193e+00   0.000000e+00   1.115594e-03   0.000000e+00   1270188
  1.541083e+00   0.000000e+00   1.128008e-03   0.000000e+00   1291202
  1.544971e+00   0.000000e+00   1.115149e-03   0.000000e+00   1282654
  1.548850e+00   0.000000e+00   1.122198e-03   0.000000e+00   1298242
  1.552739e+00   0.000000e+00   1.120395e-03   0.000000e+00   1301774
  1.556625e+00   0.000000e+00   1.123165e-03   0.000000e+00   1309770
  1.560512e+00   0.000000e+00   1.123502e-03   0.000000e+00   1315714
  1.564403e+00   0.000000e+00   1.124924e-03   0.000000e+00   1325110
  1.568290e+00   0.000000e+00   1.118940e-03   0.000000e+00   1326012
  1.572174e+00   0.000000e+00   1.122090e-03   0.000000e+00   1336154
  1.576069e+00   0.000000e+00   1.126474e-03   0.000000e+00   1347334
  1.579958e+00   0.000000e+00   1.119782e-03   0.000000e+00   1345354
  1.583833e+00   0.000000e+00   1.119555e-03   0.000000e+00   1350998
  1.587719e+00   0.000000e+00   1.125829e-03   0.000000e+00   1365546
  1.591609e+00   0.000000e+00   1.122088e-03   0.000000e+00   1367474
  1.595497e+00   0.000000e+00   1.123693e-03   0.000000e+00   1377984
  1.599384e+00   0.000000e+00   1.118321e-03   0.000000e+00   1379394
  1.603272e+00   0.000000e+00   1.123056e-03   0.000000e+00   1392230
  1.607160e+00   0.000000e+00   1.118740e-03   0.000000e+00   1392634
  1.611042e+00   0.000000e+00   1.122441e-03   0.000000e+00   1402666
  1.614928e+00   0.000000e+00   1.122269e-03   0.000000e+00   1408502
  1.618814e+00   0.000000e+00   1.122041e-03   0.000000e+00   1415418
  1.622692e+00   0.000000e+00   1.117068e-03   0.000000e+00   1416856
  1.626588e+00   0.000000e+00   1.130843e-03   0.000000e+00   1442002
  1.630485e+00   0.000000e+00   1.117858e-03   0.000000e+00   1431634
  1.634367e+00   0.000000e+00   1.122585e-03   0.000000e+00   1444606
  1.638250e+00   0.000000e+00   1.118765e-03   0.000000e+00   1445890
  1.642138e+00   0.000000e+00   1.126997e-03   0.000000e+00   1462210
  1.646026e+00   0.000000e+00   1.120901e-03   0.000000e+00   1459590
  1.649907e+00   0.000000e+00   1.123856e-03   0.000000e+00   1471226
  1.653797e+00   0.000000e+00   1.123379e-03   0.000000e+00   1480072
  1.657690e+00   0.000000e+00   1.121364e-03   0.000000e+00   1486594
  1.661576e+00   0.000000e+00   1.118520e-03   0.000000e+00   1488882
  1.665461e+00   0.000000e+00   1.123128e-03   0.000000e+00   1500854
  1.669353e+00   0.000000e+00   1.123083e-03   0.000000e+00   1506874
  1.673232e+00   0.000000e+00   1.117624e-03   0.000000e+00   1506094
  1.677111e+00   0.000000e+00   1.122855e-03   0.000000e+00   1519682
  1.680997e+00   0.000000e+00   1.122626e-03   0.000000e+00   1526724
  1.684890e+00   0.000000e+00   1.125240e-03   0.000000e+00   1539038
  1.688782e+00   0.000000e+00   1.119859e-03   0.000000e+00   1539810
  1.692664e+00   0.000000e+00   1.119007e-03   0.000000e+00   1545046
  1.696554e+00   0.000000e+00   1.126236e-03   0.000000e+00   1560538
  1.700441e+00   0.000000e+00   1.120507e-03   0.000000e+00   1557506
  1.704322e+00   0.000000e+00   1.124114e-03   0.000000e+00   1570062
  1.708203e+00   0.000000e+00   1.119253e-03   0.000000e+00   1571290
  1.712089e+00   0.000000e+00   1.124856e-03   0.000000e+00   1588228
  1.715982e+00   0.000000e+00   1.121250e-03   0.000000e+00   1591046
  1.719873e+00   0.000000e+00   1.123715e-03   0.000000e+00   1602474
  1.723761e+00   0.000000e+00   1.118014e-03   0.000000e+00   1601646
  1.727642e+00   0.000000e+00   1.120550e-03   0.000000e+00   1611266
  1.731523e+00   0.000000e+00   1.120678e-03   0.000000e+00   1616634
  1.735410e+00   0.000000e+00   1.126166e-03   0.000000e+00   1631366
  1.739297e+00   0.000000e+00   1.119655e-03   0.000000e+00   1631028
  1.743180e+00   0.000000e+00   1.119854e-03   0.000000e+00   1641446
  1.747073e+00   0.000000e+00   1.124208e-03   0.000000e+00   1654234
  1.750973e+00   0.000000e+00   1.126198e-03   0.000000e+00   1662874
  1.754858e+00   0.000000e+00   1.117471e-03   0.000000e+00   1656686
  1.758736e+00   0.000000e+00   1.122008e-03   0.000000e+00   1670898
  1.762622e+00   0.000000e+00   1.123056e-03   0.000000e+00   1678074
  1.766507e+00   0.000000e+00   1.123311e-03   0.000000e+00   1685198
  1.770393e+00   0.000000e+00   1.122996e-03   0.000000e+00   1694524
  1.774282e+00   0.000000e+00   1.120709e-03   0.000000e+00   1701334
  1.778171e+00   0.000000e+00   1.120908e-03   0.000000e+00   1709386
  1.782064e+00   0.000000e+00   1.123720e-03   0.000000e+00   1719994
  1.785953e+00   0.000000e+00   1.121006e-03   0.000000e+00   1721510
  1.789842e+00   0.000000e+00   1.124974e-03   0.000000e+00   1734978
  1.793722e+00   0.000000e+00   1.116124e-03   0.000000e+00   1728646
  1.797599e+00   0.000000e+00   1.122713e-03   0.000000e+00   1746868
  1.801486e+00   0.000000e+00   1.121127e-03   0.000000e+00   1752922
  1.805380e+00   0.000000e+00   1.125234e-03   0.000000e+00   1767862
  1.809271e+00   0.000000e+00   1.119301e-03   0.000000e+00   1765698
  1.813160e+00   0.000000e+00   1.125035e-03   0.000000e+00   1781270
  1.817049e+00   0.000000e+00   1.121176e-03   0.000000e+00   1780650
  1.820932e+00   0.000000e+00   1.124142e-03   0.000000e+00   1792418
  1.824813e+00   0.000000e+00   1.119388e-03   0.000000e+00   1792790
  1.828696e+00   0.000000e+00   1.123591e-03   0.000000e+00   1809852
  1.832585e+00   0.000000e+00   1.120140e-03   0.000000e+00   1812666
  1.836475e+00   0.000000e+00   1.124777e-03   0.000000e+00   1827614
  1.840367e+00   0.000000e+00   1.121640e-03   0.000000e+00   1829970
  1.844251e+00   0.000000e+00   1.120370e-03   0.000000e+00   1835030
  1.848131e+00   0.000000e+00   1.119790e-03   0.000000e+00   1841410
  1.852017e+00   0.000000e+00   1.124723e-03   0.000000e+00   1856626
  1.855900e+00   0.000000e+00   1.118305e-03   0.000000e+00   1854656
  1.859782e+00   0.000000e+00   1.121720e-03   0.000000e+00   1870698
  1.863671e+00   0.000000e+00   1.120553e-03   0.000000e+00   1876998
  1.867559e+00   0.000000e+00   1.120979e-03   0.000000e+00   1884458
  1.871445e+00   0.000000e+00   1.122381e-03   0.000000e+00   1891730
  1.875338e+00   0.000000e+00   1.127317e-03   0.000000e+00   1907574
  1.879232e+00   0.000000e+00   1.122851e-03   0.000000e+00   1907730
  1.883115e+00   0.000000e+00   1.120697e-03   0.000000e+00   1912154
  1.886997e+00   0.000000e+00   1.121764e-03   0.000000e+00   1923216
  1.890888e+00   0.000000e+00   1.124326e-03   0.000000e+00   1936562
  1.894776e+00   0.000000e+00   1.119734e-03   0.000000e+00   1936862
  1.898663e+00   0.000000e+00   1.122747e-03   0.000000e+00   1950114
  1.902549e+00   0.000000e+00   1.121089e-03   0.000000e+00   1953306
  1.906439e+00   0.000000e+00   1.125982e-03   0.000000e+00   1968806
  1.910327e+00   0.000000e+00   1.121186e-03   0.000000e+00   1968818
  1.914211e+00   0.000000e+00   1.121720e-03   0.000000e+00   1980624
  1.918097e+00   0.000000e+00   1.118800e-03   0.000000e+00   1985034
  1.921980e+00   0.000000e+00   1.120281e-03   0.000000e+00   1995242
  1.925870e+00   0.000000e+00   1.123830e-03   0.000000e+00   2007742
  1.929759e+00   0.000000e+00   1.121495e-03   0.000000e+00   2010538
  1.933641e+00   0.000000e+00   1.121298e-03   0.000000e+00   2017390
  1.937531e+00   0.000000e+00   1.126602e-03   0.000000e+00   2034346
  1.941413e+00   0.000000e+00   1.117450e-03   0.000000e+00   2025498
  1.945299e+00   0.000000e+00   1.127850e-03   0.000000e+00   2055248
  1.949189e+00   0.000000e+00   1.116586e-03   0.000000e+00   2045090
  1.953070e+00   0.000000e+00   1.121603e-03   0.000000e+00   2062074
  1.956959e+00   0.000000e+00   1.122727e-03   0.000000e+00   2070190
  1.960848e+00   0.000000e+00   1.123891e-03   0.000000e+00   2079226
  1.964734e+00   0.000000e+00   1.122069e-03   0.000000e+00   2083990
  1.968623e+00   0.000000e+00   1.124515e-03   0.000000e+00   2097898
  1.972507e+00   0.000000e+00   1.118548e-03   0.000000e+00   2095452
  1.976394e+00   0.000000e+00   1.124843e-03   0.000000e+00   2117390
  1.980286e+00   0.000000e+00   1.119656e-03   0.000000e+00   2117066
  1.984162e+00   0.000000e+00   1.115140e-03   0.000000e+00   2117238
  1.988045e+00   0.000000e+00   1.124414e-03   0.000000e+00   2140026
  1.991938e+00   0.000000e+00   1.125139e-03   0.000000e+00   2147234
  1.995825e+00   0.000000e+00   1.122378e-03   0.000000e+00   2150118
  1.999710e+00   0.000000e+00   1.122400e-03   0.000000e+00   2160386
  2.003596e+00   0.000000e+00   1.121122e-03   0.000000e+00   2168256
  2.007488e+00   0.000000e+00   1.124409e-03   0.000000e+00   2183306
  2.011378e+00   0.000000e+00   1.120925e-03   0.000000e+00   2184642
  2.015262e+00   0.000000e+00   1.120511e-03   0.000000e+00   2192318
  2.019141e+00   0.000000e+00   1.118713e-03   0.000000e+00   2196066
  2.023031e+00   0.000000e+00   1.127541e-03   0.000000e+00   2220890
  2.026922e+00   0.000000e+00   1.121128e-03   0.000000e+00   2215758
  2.030810e+00   0.000000e+00   1.124804e-03   0.000000e+00   2233988
  2.034697e+00   0.000000e+00   1.118045e-03   0.000000e+00   2231670
  2.038579e+00   0.000000e+00   1.119728e-03   0.000000e+00   2244338
  2.042469e+00   0.000000e+00   1.123477e-03   0.000000e+00   2258610
  2.046358e+00   0.000000e+00   1.121050e-03   0.000000e+00   2260718
  2.050240e+00   0.000000e+00   1.120914e-03   0.000000e+00   2268162
  2.054123e+00   0.000000e+00   1.121571e-03   0.000000e+00   2277494
  2.058008e+00   0.000000e+00   1.123134e-03   0.000000e+00   2288796
  2.061901e+00   0.000000e+00   1.126253e-03   0.000000e+00   2305226
  2.065791e+00   0.000000e+00   1.119672e-03   0.000000e+00   2301630
  2.069679e+00   0.000000e+00   1.123731e-03   0.000000e+00   2319770
  2.073565e+00   0.000000e+00   1.118309e-03   0.000000e+00   2315610
  2.077447e+00   0.000000e+00   1.124236e-03   0.000000e+00   2334662
  2.081332e+00   0.000000e+00   1.120785e-03   0.000000e+00   2335722
  2.085219e+00   0.000000e+00   1.124829e-03   0.000000e+00   2354102
  2.089107e+00   0.000000e+00   1.120313e-03   0.000000e+00   2355156
  2.092998e+00   0.000000e+00   1.124614e-03   0.000000e+00   2374250
  2.096888e+00   0.000000e+00   1.120068e-03   0.000000e+00   2373102
  2.100776e+00   0.000000e+00   1.122758e-03   0.000000e+00   2388194
  2.104658e+00   0.000000e+00   1.116928e-03   0.000000e+00   2383470
  2.108539e+00   0.000000e+00   1.123618e-03   0.000000e+00   2404994
  2.112426e+00   0.000000e+00   1.121916e-03   0.000000e+00   2408538
  2.116308e+00   0.000000e+00   1.121742e-03   0.000000e+00   2417744
  2.120198e+00   0.000000e+00   1.124446e-03   0.000000e+00   2434578
  2.124090e+00   0.000000e+00   1.121710e-03   0.000000e+00   2438414
  2.127979e+00   0.000000e+00   1.122410e-03   0.000000e+00   2448066
  2.131867e+00   0.000000e+00   1.122662e-03   0.000000e+00   2456018
  2.135751e+00   0.000000e+00   1.121406e-03   0.000000e+00   2461230
  2.139636e+00   0.000000e+00   1.122653e-03   0.000000e+00   2474330
  2.143519e+00   0.000000e+00   1.119652e-03   0.000000e+00   2476498
  2.147405e+00   0.000000e+00   1.124366e-03   0.000000e+00   2497240
  2.151298e+00   0.000000e+00   1.122529e-03   0.000000e+00   2502930
  2.155185e+00   0.000000e+00   1.120390e-03   0.000000e+00   2508470
  2.159072e+00   0.000000e+00   1.121001e-03   0.000000e+00   2518482
  2.162961e+00   0.000000e+00   1.123829e-03   0.000000e+00   2532074
  2.166844e+00   0.000000e+00   1.118275e-03   0.000000e+00   2526678
  2.170724e+00   0.000000e+00   1.124045e-03   0.000000e+00   2549018
  2.174611e+00   0.000000e+00   1.120040e-03   0.000000e+00   2551704
  2.178497e+00   0.000000e+00   1.122028e-03   0.000000e+00   2566226
  2.182386e+00   0.000000e+00   1.122230e-03   0.000000e+00   2573898
  2.186278e+00   0.000000e+00   1.124844e-03   0.000000e+00   2589182
  2.190164e+00   0.000000e+00   1.119195e-03   0.000000e+00   2584890
  2.194049e+00   0.000000e+00   1.124371e-03   0.000000e+00   2605190
  2.197936e+00   0.000000e+00   1.121682e-03   0.000000e+00   2606418
  2.201821e+00   0.000000e+00   1.123741e-03   0.000000e+00   2621186
  2.205707e+00   0.000000e+00   1.120704e-03   0.000000e+00   2626608
  2.209592e+00   0.000000e+00   1.119995e-03   0.000000e+00   2636714
  2.213479e+00   0.000000e+00   1.121274e-03   0.000000e+00   2647482
  2.217374e+00   0.000000e+00   1.127022e-03   0.000000e+00   2668382
  2.221265e+00   0.000000e+00   1.120175e-03   0.000000e+00   2660418
  2.225149e+00   0.000000e+00   1.122869e-03   0.000000e+00   2676662
  2.229029e+00   0.000000e+00   1.117920e-03   0.000000e+00   2674210
  2.232911e+00   0.000000e+00   1.123157e-03   0.000000e+00   2697076
  2.236800e+00   0.000000e+00   1.121599e-03   0.000000e+00   2703558
  2.240687e+00   0.000000e+00   1.121191e-03   0.000000e+00   2713250
  2.244572e+00   0.000000e+00   1.119243e-03   0.000000e+00   2717718
  2.248464e+00   0.000000e+00   1.127021e-03   0.000000e+00   2743178
  2.252353e+00   0.000000e+00   1.120305e-03   0.000000e+00   2732730
  2.256238e+00   0.000000e+00   1.126187e-03   0.000000e+00   2758022
  2.260125e+00   0.000000e+00   1.119041e-03   0.000000e+00   2751994
  2.264006e+00   0.000000e+00   1.121171e-03   0.000000e+00   2769052
  2.267895e+00   0.000000e+00   1.122842e-03   0.000000e+00   2783062
  2.271785e+00   0.000000e+00   1.121645e-03   0.000000e+00   2789362
  2.275674e+00   0.000000e+00   1.121981e-03   0.000000e+00   2799582
  2.279564e+00   0.000000e+00   1.123236e-03   0.000000e+00   2811170
  2.283450e+00   0.000000e+00   1.121033e-03   0.000000e+00   2812658
  2.287338e+00   0.000000e+00   1.125793e-03   0.000000e+00   2833302
  2.291222e+00   0.000000e+00   1.118388e-03   0.000000e+00   2827420
  2.295104e+00   0.000000e+00   1.121018e-03   0.000000e+00   2846710
  2.298989e+00   0.000000e+00   1.120692e-03   0.000000e+00   2846535
  2.302873e+00   0.000000e+00   1.122997e-03   0.000000e+00   2848496
  2.306761e+00   0.000000e+00   1.122225e-03   0.000000e+00   2841084
  2.310652e+00   0.000000e+00   1.124928e-03   0.000000e+00   2843480
  2.314540e+00   0.000000e+00   1.120270e-03   0.000000e+00   2826624
  2.318424e+00   0.000000e+00   1.123352e-03   0.000000e+00   2828732
  2.322310e+00   0.000000e+00   1.121451e-03   0.000000e+00   2819296
  2.326197e+00   0.000000e+00   1.122811e-03   0.000000e+00   2819548
  2.330081e+00   0.000000e+00   1.118959e-03   0.000000e+00   2805192
  2.333967e+00   0.000000e+00   1.123463e-03   0.000000e+00   2811104
  2.337856e+00   0.000000e+00   1.121717e-03   0.000000e+00   2800672
  2.341743e+00   0.000000e+00   1.122654e-03   0.000000e+00   2798080
  2.345628e+00   0.000000e+00   1.120248e-03   0.000000e+00   2786976
  2.349516e+00   0.000000e+00   1.123594e-03   0.000000e+00   2791016
  2.353406e+00   0.000000e+00   1.121382e-03   0.000000e+00   2779360
  2.357287e+00   0.000000e+00   1.119573e-03   0.000000e+00   2768644
  2.361169e+00   0.000000e+00   1.122534e-03   0.000000e+00   2771192
  2.365058e+00   0.000000e+00   1.121875e-03   0.000000e+00   2765028
  2.368946e+00   0.000000e+00   1.122751e-03   0.000000e+00   2760864
  2.372840e+00   0.000000e+00   1.125689e-03   0.000000e+00   2761616
  2.376724e+00   0.000000e+00   1.118525e-03   0.000000e+00   2737932
  2.380610e+00   0.000000e+00   1.125904e-03   0.000000e+00   2752280
  2.384498e+00   0.000000e+00   1.118464e-03   0.000000e+00   2728764
  2.388382e+00   0.000000e+00   1.123937e-03   0.000000e+00   2736368
  2.392268e+00   0.000000e+00   1.119459e-03   0.000000e+00   2719952
  2.396155e+00   0.000000e+00   1.124236e-03   0.000000e+00   2727120
  2.400042e+00   0.000000e+00   1.118614e-03   0.000000e+00   2708400
  2.403932e+00   0.000000e+00   1.125719e-03   0.000000e+00   2718536
  2.407818e+00   0.000000e+00   1.118504e-03   0.000000e+00   2694300
  2.411707e+00   0.000000e+00   1.126793e-03   0.000000e+00   2709440
  2.415596e+00   0.000000e+00   1.117787e-03   0.000000e+00   2682108
  2.419475e+00   0.000000e+00   1.121308e-03   0.000000e+00   2684912
  2.423360e+00   0.000000e+00   1.121998e-03   0.000000e+00   2678868
  2.427246e+00   0.000000e+00   1.122668e-03   0.000000e+00   2674772
  2.431135e+00   0.000000e+00   1.123033e-03   0.000000e+00   2670120
  2.435021e+00   0.000000e+00   1.120804e-03   0.000000e+00   2659532
  2.438909e+00   0.000000e+00   1.123713e-03   0.000000e+00   2659704
  2.442801e+00   0.000000e+00   1.124617e-03   0.000000e+00   2654348
  2.446687e+00   0.000000e+00   1.121000e-03   0.000000e+00   2640276
  2.450572e+00   0.000000e+00   1.121992e-03   0.000000e+00   2638700
  2.454457e+00   0.000000e+00   1.120074e-03   0.000000e+00   2628244
  2.458344e+00   0.000000e+00   1.124115e-03   0.000000e+00   2630920
  2.462234e+00   0.000000e+00   1.121877e-03   0.000000e+00   2618904
  2.466118e+00   0.000000e+00   1.120448e-03   0.000000e+00   2610932
  2.470005e+00   0.000000e+00   1.121951e-03   0.000000e+00   2608464
  2.473895e+00   0.000000e+00   1.123139e-03   0.000000e+00   2603708
  2.477779e+00   0.000000e+00   1.119694e-03   0.000000e+00   2588012
  2.481660e+00   0.000000e+00   1.122196e-03   0.000000e+00   2588364
  2.485545e+00   0.000000e+00   1.120384e-03   0.000000e+00   2579076
  2.489430e+00   0.000000e+00   1.121132e-03   0.000000e+00   2574152
  2.493314e+00   0.000000e+00   1.121505e-03   0.000000e+00   2566812
  2.497207e+00   0.000000e+00   1.127061e-03   0.000000e+00   2573732
  2.501098e+00   0.000000e+00   1.119524e-03   0.000000e+00   2550568
  2.504983e+00   0.000000e+00   1.123035e-03   0.000000e+00   2552068
  2.508870e+00   0.000000e+00   1.121138e-03   0.000000e+00   2539620
  2.512757e+00   0.000000e+00   1.124635e-03   0.000000e+00   2540936
  2.516646e+00   0.000000e+00   1.121040e-03   0.000000e+00   2528032
  2.520531e+00   0.000000e+00   1.120365e-03   0.000000e+00   2521480
  2.524419e+00   0.000000e+00   1.122347e-03   0.000000e+00   2517980
  2.528309e+00   0.000000e+00   1.123011e-03   0.000000e+00   2511744
  2.532195e+00   0.000000e+00   1.120855e-03   0.000000e+00   2500140
  2.536081e+00   0.000000e+00   1.121926e-03   0.000000e+00   2496980
  2.539968e+00   0.000000e+00   1.121125e-03   0.000000e+00   2486924
  2.543856e+00   0.000000e+00   1.124762e-03   0.000000e+00   2487000
  2.547743e+00   0.000000e+00   1.120210e-03   0.000000e+00   2469840
  2.551626e+00   0.000000e+00   1.122637e-03   0.000000e+00   2469656
  2.555511e+00   0.000000e+00   1.119469e-03   0.000000e+00   2456844
  2.559401e+00   0.000000e+00   1.125965e-03   0.000000e+00   2462876
  2.563290e+00   0.000000e+00   1.120472e-03   0.000000e+00   2442136
  2.567174e+00   0.000000e+00   1.123165e-03   0.000000e+00   2441944
  2.571061e+00   0.000000e+00   1.120769e-03   0.000000e+00   2430508
  2.574945e+00   0.000000e+00   1.121157e-03   0.000000e+00   2424352
  2.578832e+00   0.000000e+00   1.123693e-03   0.000000e+00   2421264
  2.582722e+00   0.000000e+00   1.122895e-03   0.000000e+00   2413064
  2.586608e+00   0.000000e+00   1.120676e-03   0.000000e+00   2401572
  2.590492e+00   0.000000e+00   1.121724e-03   0.000000e+00   2397284
  2.594379e+00   0.000000e+00   1.121499e-03   0.000000e+00   2388336
  2.598268e+00   0.000000e+00   1.124943e-03   0.000000e+00   2387204
  2.602153e+00   0.000000e+00   1.119280e-03   0.000000e+00   2368644
  2.606033e+00   0.000000e+00   1.120613e-03   0.000000e+00   2365400
  2.609918e+00   0.000000e+00   1.121690e-03   0.000000e+00   2360072
  2.613808e+00   0.000000e+00   1.123660e-03   0.000000e+00   2356464
  2.617696e+00   0.000000e+00   1.121214e-03   0.000000e+00   2343240
  2.621583e+00   0.000000e+00   1.122605e-03   0.000000e+00   2340248
  2.625468e+00   0.000000e+00   1.118824e-03   0.000000e+00   2325000
  2.629355e+00   0.000000e+00   1.124959e-03   0.000000e+00   2328632
  2.633245e+00   0.000000e+00   1.121910e-03   0.000000e+00   2313220
  2.637134e+00   0.000000e+00   1.124095e-03   0.000000e+00   2310772
  2.641020e+00   0.000000e+00   1.119781e-03   0.000000e+00   2295420
  2.644905e+00   0.000000e+00   1.122584e-03   0.000000e+00   2293592
  2.648791e+00   0.000000e+00   1.120952e-03   0.000000e+00   2281384
  2.652683e+00   0.000000e+00   1.126704e-03   0.000000e+00   2285776
  2.656570e+00   0.000000e+00   1.117325e-03   0.000000e+00   2259408
  2.660455e+00   0.000000e+00   1.124314e-03   0.000000e+00   2266808
  2.664344e+00   0.000000e+00   1.120389e-03   0.000000e+00   2248836
  2.668227e+00   0.000000e+00   1.123045e-03   0.000000e+00   2245244
  2.672111e+00   0.000000e+00   1.120801e-03   0.000000e+00   2233908
  2.675998e+00   0.000000e+00   1.122974e-03   0.000000e+00   2231660
  2.679886e+00   0.000000e+00   1.120422e-03   0.000000e+00   2218544
  2.683775e+00   0.000000e+00   1.124792e-03   0.000000e+00   2218176
  2.687664e+00   0.000000e+00   1.121286e-03   0.000000e+00   2202900
  2.691550e+00   0.000000e+00   1.121747e-03   0.000000e+00   2197472
  2.695433e+00   0.000000e+00   1.118354e-03   0.000000e+00   2181960
  2.699317e+00   0.000000e+00   1.124130e-03   0.000000e+00   2183696
  2.703207e+00   0.000000e+00   1.123719e-03   0.000000e+00   2173416
  2.707096e+00   0.000000e+00   1.122917e-03   0.000000e+00   2165444
  2.710982e+00   0.000000e+00   1.119761e-03   0.000000e+00   2152688
  2.714867e+00   0.000000e+00   1.121777e-03   0.000000e+00   2147628
  2.718754e+00   0.000000e+00   1.122335e-03   0.000000e+00   2139012
  2.722646e+00   0.000000e+00   1.125226e-03   0.000000e+00   2136008
  2.726525e+00   0.000000e+00   1.114594e-03   0.000000e+00   2108656
  2.730404e+00   0.000000e+00   1.123744e-03   0.000000e+00   2117896
  2.734296e+00   0.000000e+00   1.123450e-03   0.000000e+00   2106260
  2.738185e+00   0.000000e+00   1.123855e-03   0.000000e+00   2099088
  2.742075e+00   0.000000e+00   1.121974e-03   0.000000e+00   2088432
  2.745961e+00   0.000000e+00   1.120471e-03   0.000000e+00   2078432
  2.749845e+00   0.000000e+00   1.120708e-03   0.000000e+00   2069048
  2.753732e+00   0.000000e+00   1.123831e-03   0.000000e+00   2064804
  2.757623e+00   0.000000e+00   1.123568e-03   0.000000e+00   2055644
  2.761510e+00   0.000000e+00   1.120700e-03   0.000000e+00   2043000
  2.765392e+00   0.000000e+00   1.120067e-03   0.000000e+00   2032348
  2.769281e+00   0.000000e+00   1.126495e-03   0.000000e+00   2034064
  2.773172e+00   0.000000e+00   1.122211e-03   0.000000e+00   2017740
  2.777059e+00   0.000000e+00   1.121480e-03   0.000000e+00   2010188
  2.780942e+00   0.000000e+00   1.118751e-03   0.000000e+00   1996556
  2.784826e+00   0.000000e+00   1.122456e-03   0.000000e+00   1992816
  2.788712e+00   0.000000e+00   1.122411e-03   0.000000e+00   1982400
  2.792596e+00   0.000000e+00   1.121262e-03   0.000000e+00   1972256
  2.796480e+00   0.000000e+00   1.121000e-03   0.000000e+00   1964384
  2.800370e+00   0.000000e+00   1.122889e-03   0.000000e+00   1958544
  2.804258e+00   0.000000e+00   1.122489e-03   0.000000e+00   1946988
  2.808149e+00   0.000000e+00   1.124629e-03   0.000000e+00   1942532
  2.812034e+00   0.000000e+00   1.117383e-03   0.000000e+00   1921692
  2.815918e+00   0.000000e+00   1.123808e-03   0.000000e+00   1924004
  2.819806e+00   0.000000e+00   1.120365e-03   0.000000e+00   1907344
  2.823695e+00   0.000000e+00   1.126069e-03   0.000000e+00   1907440
  2.827583e+00   0.000000e+00   1.118720e-03   0.000000e+00   1886136
  2.831464e+00   0.000000e+00   1.121920e-03   0.000000e+00   1883144
  2.835353e+00   0.000000e+00   1.122753e-03   0.000000e+00   1874724
  2.839243e+00   0.000000e+00   1.123826e-03   0.000000e+00   1866068
  2.843130e+00   0.000000e+00   1.121455e-03   0.000000e+00   1852980
  2.847017e+00   0.000000e+00   1.122782e-03   0.000000e+00   1847468
  2.850900e+00   0.000000e+00   1.117935e-03   0.000000e+00   1829636
  2.854785e+00   0.000000e+00   1.123959e-03   0.000000e+00   1829688
  2.858675e+00   0.000000e+00   1.122789e-03   0.000000e+00   1817192
  2.862561e+00   0.000000e+00   1.121150e-03   0.000000e+00   1806312
  2.866446e+00   0.000000e+00   1.120289e-03   0.000000e+00   1795984
  2.870334e+00   0.000000e+00   1.123627e-03   0.000000e+00   1791100
  2.874224e+00   0.000000e+00   1.122050e-03   0.000000e+00   1777648
  2.878111e+00   0.000000e+00   1.123043e-03   0.000000e+00   1769848
  2.881996e+00   0.000000e+00   1.119995e-03   0.000000e+00   1756536
  2.885881e+00   0.000000e+00   1.121386e-03   0.000000e+00   1748960
  2.889768e+00   0.000000e+00   1.123014e-03   0.000000e+00   1739952
  2.893658e+00   0.000000e+00   1.124239e-03   0.000000e+00   1732124
  2.897544e+00   0.000000e+00   1.120323e-03   0.000000e+00   1716852
  2.901430e+00   0.000000e+00   1.122735e-03   0.000000e+00   1712276
  2.905319e+00   0.000000e+00   1.121222e-03   0.000000e+00   1698500
  2.909208e+00   0.000000e+00   1.125604e-03   0.000000e+00   1693932
  2.913093e+00   0.000000e+00   1.119232e-03   0.000000e+00   1675204
  2.916975e+00   0.000000e+00   1.121771e-03   0.000000e+00   1670644
  2.920858e+00   0.000000e+00   1.118515e-03   0.000000e+00   1655532
  2.924748e+00   0.000000e+00   1.126990e-03   0.000000e+00   1656860
  2.928637e+00   0.000000e+00   1.119840e-03   0.000000e+00   1635372
  2.932524e+00   0.000000e+00   1.124773e-03   0.000000e+00   1634324
  2.936410e+00   0.000000e+00   1.117372e-03   0.000000e+00   1613676
  2.940295e+00   0.000000e+00   1.124617e-03   0.000000e+00   1613348
  2.944183e+00   0.000000e+00   1.120803e-03   0.000000e+00   1596236
  2.948069e+00   0.000000e+00   1.123999e-03   0.000000e+00   1591476
  2.951956e+00   0.000000e+00   1.119134e-03   0.000000e+00   1575732
  2.955838e+00   0.000000e+00   1.120429e-03   0.000000e+00   1566236
  2.959725e+00   0.000000e+00   1.124724e-03   0.000000e+00   1560292
  2.963618e+00   0.000000e+00   1.124442e-03   0.000000e+00   1550092
  2.967503e+00   0.000000e+00   1.118750e-03   0.000000e+00   1532628
  2.971386e+00   0.000000e+00   1.121507e-03   0.000000e+00   1527332
  2.975274e+00   0.000000e+00   1.121884e-03   0.000000e+00   1515212
  2.979160e+00   0.000000e+00   1.123567e-03   0.000000e+00   1506444
  2.983048e+00   0.000000e+00   1.122261e-03   0.000000e+00   1495116
  2.986928e+00   0.000000e+00   1.117074e-03   0.000000e+00   1479152
  2.990812e+00   0.000000e+00   1.122982e-03   0.000000e+00   1475512
  2.994707e+00   0.000000e+00   1.126591e-03   0.000000e+00   1467820
  2.998598e+00   0.000000e+00   1.121923e-03   0.000000e+00   1451256
  3.002486e+00   0.000000e+00   1.122725e-03   0.000000e+00   1443212
  3.006369e+00   0.000000e+00   1.117256e-03   0.000000e+00   1425680
  3.010254e+00   0.000000e+00   1.124371e-03   0.000000e+00   1422972
  3.014143e+00   0.000000e+00   1.123023e-03   0.000000e+00   1408632
  3.018032e+00   0.000000e+00   1.123941e-03   0.000000e+00   1400984
  3.021918e+00   0.000000e+00   1.117887e-03   0.000000e+00   1383196
  3.025801e+00   0.000000e+00   1.123197e-03   0.000000e+00   1378120
  3.029692e+00   0.000000e+00   1.124450e-03   0.000000e+00   1367272
  3.033584e+00   0.000000e+00   1.124457e-03   0.000000e+00   1356580
  3.037464e+00   0.000000e+00   1.115974e-03   0.000000e+00   1337028
  3.041343e+00   0.000000e+00   1.120802e-03   0.000000e+00   1332500
  3.045230e+00   0.000000e+00   1.122780e-03   0.000000e+00   1321796
  3.049120e+00   0.000000e+00   1.124838e-03   0.000000e+00   1312716
  3.053007e+00   0.000000e+00   1.119942e-03   0.000000e+00   1296580
  3.056896e+00   0.000000e+00   1.124221e-03   0.000000e+00   1291528
  3.060783e+00   0.000000e+00   1.119071e-03   0.000000e+00   1273128
  3.064669e+00   0.000000e+00   1.125633e-03   0.000000e+00   1268720
  3.068560e+00   0.000000e+00   1.122309e-03   0.000000e+00   1254016
  3.072444e+00   0.000000e+00   1.119894e-03   0.000000e+00   1241296
  3.076322e+00   0.000000e+00   1.116955e-03   0.000000e+00   1226712
  3.080211e+00   0.000000e+00   1.128188e-03   0.000000e+00   1226228
  3.084105e+00   0.000000e+00   1.122621e-03   0.000000e+00   1207768
  3.087992e+00   0.000000e+00   1.122433e-03   0.000000e+00   1198336
  3.091874e+00   0.000000e+00   1.117108e-03   0.000000e+00   1181484
  3.095761e+00   0.000000e+00   1.125421e-03   0.000000e+00   1178012
  3.099653e+00   0.000000e+00   1.123268e-03   0.000000e+00   1162564
  3.103535e+00   0.000000e+00   1.120338e-03   0.000000e+00   1149340
  3.107418e+00   0.000000e+00   1.119954e-03   0.000000e+00   1138848
  3.111303e+00   0.000000e+00   1.120192e-03   0.000000e+00   1126748
  3.115189e+00   0.000000e+00   1.123911e-03   0.000000e+00   1117428
  3.119084e+00   0.000000e+00   1.126323e-03   0.000000e+00   1108112
  3.122973e+00   0.000000e+00   1.119549e-03   0.000000e+00   1090596
  3.126857e+00   0.000000e+00   1.120292e-03   0.000000e+00   1081052
  3.130738e+00   0.000000e+00   1.118514e-03   0.000000e+00   1065716
  3.134626e+00   0.000000e+00   1.127732e-03   0.000000e+00   1061940
  3.138518e+00   0.000000e+00   1.121370e-03   0.000000e+00   1044096
  3.142404e+00   0.000000e+00   1.122139e-03   0.000000e+00   1034864
  3.146289e+00   0.000000e+00   1.117591e-03   0.000000e+00   1018308
  3.150179e+00   0.000000e+00   1.129200e-03   0.000000e+00   1014812
  3.154072e+00   0.000000e+00   1.121981e-03   0.000000e+00   996288
  3.157955e+00   0.000000e+00   1.120847e-03   0.000000e+00   985376
  3.161835e+00   0.000000e+00   1.115880e-03   0.000000e+00   969652
  3.165722e+00   0.000000e+00   1.125987e-03   0.000000e+00   964924
  3.169610e+00   0.000000e+00   1.121515e-03   0.000000e+00   947228
  3.173495e+00   0.000000e+00   1.123457e-03   0.000000e+00   939084
  3.177381e+00   0.000000e+00   1.116472e-03   0.000000e+00   921864
  3.181265e+00   0.000000e+00   1.123502e-03   0.000000e+00   914252
  3.185159e+00   0.000000e+00   1.126304e-03   0.000000e+00   902572
  3.189050e+00   0.000000e+00   1.123145e-03   0.000000e+00   888784
  3.192932e+00   0.000000e+00   1.116224e-03   0.000000e+00   872540
  3.196811e+00   0.000000e+00   1.120157e-03   0.000000e+00   862848
  3.200697e+00   0.000000e+00   1.124093e-03   0.000000e+00   851760
  3.204592e+00   0.000000e+00   1.127172e-03   0.000000e+00   841940
  3.208479e+00   0.000000e+00   1.117661e-03   0.000000e+00   823032
  3.212364e+00   0.000000e+00   1.123934e-03   0.000000e+00   816044
  3.216253e+00   0.000000e+00   1.120364e-03   0.000000e+00   799292
  3.220140e+00   0.000000e+00   1.126784e-03   0.000000e+00   791304
  3.224026e+00   0.000000e+00   1.117490e-03   0.000000e+00   772868
  3.227902e+00   0.000000e+00   1.119936e-03   0.000000e+00   762552
  3.231787e+00   0.000000e+00   1.121745e-03   0.000000e+00   750876
  3.235677e+00   0.000000e+00   1.123999e-03   0.000000e+00   739280
  3.239565e+00   0.000000e+00   1.121784e-03   0.000000e+00   724944
  3.243456e+00   0.000000e+00   1.124267e-03   0.000000e+00   714380
  3.247336e+00   0.000000e+00   1.116046e-03   0.000000e+00   695932
  3.251222e+00   0.000000e+00   1.126879e-03   0.000000e+00   690949
  3.255114e+00   0.000000e+00   1.118914e-03   0.000000e+00   673638
  3.258999e+00   0.000000e+00   1.124434e-03   0.000000e+00   666092
  3.262883e+00   0.000000e+00   1.117312e-03   0.000000e+00   651024
  3.266766e+00   0.000000e+00   1.124054e-03   0.000000e+00   644804
  3.270656e+00   0.000000e+00   1.121035e-03   0.000000e+00   632676
  3.274546e+00   0.000000e+00   1.125434e-03   0.000000e+00   624962
  3.278430e+00   0.000000e+00   1.118496e-03   0.000000e+00   611280
  3.282321e+00   0.000000e+00   1.127391e-03   0.000000e+00   607256
  3.286211e+00   0.000000e+00   1.118374e-03   0.000000e+00   592616
  3.290095e+00   0.000000e+00   1.124430e-03   0.000000e+00   587160
  3.293983e+00   0.000000e+00   1.120749e-03   0.000000e+00   575482
  3.297866e+00   0.000000e+00   1.122505e-03   0.000000e+00   568258
  3.301757e+00   0.000000e+00   1.122731e-03   0.000000e+00   559638
  3.305647e+00   0.000000e+00   1.123210e-03   0.000000e+00   551498
  3.309536e+00   0.000000e+00   1.121790e-03   0.000000e+00   542364
  3.313423e+00   0.000000e+00   1.122328e-03   0.000000e+00   534146
  3.317305e+00   0.000000e+00   1.119988e-03   0.000000e+00   524980
  3.321196e+00   0.000000e+00   1.125222e-03   0.000000e+00   519964
  3.325077e+00   0.000000e+00   1.115886e-03   0.000000e+00   507108
  3.328962e+00   0.000000e+00   1.126905e-03   0.000000e+00   504992
  3.332852e+00   0.000000e+00   1.118656e-03   0.000000e+00   492948
  3.336740e+00   0.000000e+00   1.127360e-03   0.000000e+00   489740
  3.340629e+00   0.000000e+00   1.117346e-03   0.000000e+00   477716
  3.344511e+00   0.000000e+00   1.124864e-03   0.000000e+00   473844
  3.348399e+00   0.000000e+00   1.119228e-03   0.000000e+00   464222
  3.352284e+00   0.000000e+00   1.123815e-03   0.000000e+00   459048
  3.356167e+00   0.000000e+00   1.117888e-03   0.000000e+00   449574
  3.360054e+00   0.000000e+00   1.125019e-03   0.000000e+00   445820
  3.363936e+00   0.000000e+00   1.116211e-03   0.000000e+00   435158
  3.367827e+00   0.000000e+00   1.127850e-03   0.000000e+00   433566
  3.371713e+00   0.000000e+00   1.114763e-03   0.000000e+00   421014
  3.375597e+00   0.000000e+00   1.127754e-03   0.000000e+00   419996
  3.379490e+00   0.000000e+00   1.118287e-03   0.000000e+00   409482
  3.383368e+00   0.000000e+00   1.121665e-03   0.000000e+00   404414
  3.387257e+00   0.000000e+00   1.122567e-03   0.000000e+00   398518
  3.391148e+00   0.000000e+00   1.123750e-03   0.000000e+00   392302
  3.395033e+00   0.000000e+00   1.121765e-03   0.000000e+00   385318
  3.398930e+00   0.000000e+00   1.127631e-03   0.000000e+00   381718
  3.402811e+00   0.000000e+00   1.114511e-03   0.000000e+00   370674
  3.406696e+00   0.000000e+00   1.128673e-03   0.000000e+00   370166
  3.410587e+00   0.000000e+00   1.117032e-03   0.000000e+00   359838
  3.414471e+00   0.000000e+00   1.126612e-03   0.000000e+00   357488
  3.418356e+00   0.000000e+00   1.115416e-03   0.000000e+00   348174
  3.422239e+00   0.000000e+00   1.126138e-03   0.000000e+00   346010
  3.426123e+00   0.000000e+00   1.115666e-03   0.000000e+00   336966
  3.430017e+00   0.000000e+00   1.131496e-03   0.000000e+00   336488
  3.433906e+00   0.000000e+00   1.113178e-03   0.000000e+00   325206
  3.437790e+00   0.000000e+00   1.128394e-03   0.000000e+00   324614
  3.441675e+00   0.000000e+00   1.113950e-03   0.000000e+00   314792
  3.445561e+00   0.000000e+00   1.129033e-03   0.000000e+00   314082
  3.449445e+00   0.000000e+00   1.112843e-03   0.000000e+00   303918
  3.453329e+00   0.000000e+00   1.130230e-03   0.000000e+00   303872
  3.457223e+00   0.000000e+00   1.118237e-03   0.000000e+00   295070
  3.461110e+00   0.000000e+00   1.127117e-03   0.000000e+00   292776
  3.464999e+00   0.000000e+00   1.118155e-03   0.000000e+00   285198
  3.468882e+00   0.000000e+00   1.124173e-03   0.000000e+00   282068
  3.472770e+00   0.000000e+00   1.120642e-03   0.000000e+00   276094
  3.476654e+00   0.000000e+00   1.121770e-03   0.000000e+00   271936
  3.480537e+00   0.000000e+00   1.119604e-03   0.000000e+00   266352
  3.484425e+00   0.000000e+00   1.124273e-03   0.000000e+00   263198
  3.488309e+00   0.000000e+00   1.117087e-03   0.000000e+00   256540
  3.492199e+00   0.000000e+00   1.128018e-03   0.000000e+00   254758
  3.496085e+00   0.000000e+00   1.114575e-03   0.000000e+00   246888
  3.499973e+00   0.000000e+00   1.129431e-03   0.000000e+00   245984
  3.503859e+00   0.000000e+00   1.113747e-03   0.000000e+00   237838
  3.507743e+00   0.000000e+00   1.128624e-03   0.000000e+00   236932
  3.511628e+00   0.000000e+00   1.114686e-03   0.000000e+00   229296
  3.515519e+00   0.000000e+00   1.132107e-03   0.000000e+00   228968
  3.519410e+00   0.000000e+00   1.115334e-03   0.000000e+00   220862
  3.523299e+00   0.000000e+00   1.132320e-03   0.000000e+00   220440
  3.527188e+00   0.000000e+00   1.113877e-03   0.000000e+00   212400
  3.531075e+00   0.000000e+00   1.132596e-03   0.000000e+00   212228
  3.534965e+00   0.000000e+00   1.113928e-03   0.000000e+00   204518
  3.538852e+00   0.000000e+00   1.130227e-03   0.000000e+00   203928
  3.542735e+00   0.000000e+00   1.110921e-03   0.000000e+00   196280
  3.546619e+00   0.000000e+00   1.130361e-03   0.000000e+00   196272
  3.550503e+00   0.000000e+00   1.110008e-03   0.000000e+00   188572
  3.554385e+00   0.000000e+00   1.129045e-03   0.000000e+00   188440
  3.558272e+00   0.000000e+00   1.112527e-03   0.000000e+00   181574
  3.562156e+00   0.000000e+00   1.129325e-03   0.000000e+00   180912
  3.566042e+00   0.000000e+00   1.112617e-03   0.000000e+00   174304
  3.569927e+00   0.000000e+00   1.129933e-03   0.000000e+00   173620
  3.573814e+00   0.000000e+00   1.114477e-03   0.000000e+00   167424
  3.577707e+00   0.000000e+00   1.132693e-03   0.000000e+00   166952
  3.581590e+00   0.000000e+00   1.109406e-03   0.000000e+00   159744
  3.585479e+00   0.000000e+00   1.134885e-03   0.000000e+00   160424
  3.589363e+00   0.000000e+00   1.107308e-03   0.000000e+00   152748
  3.593250e+00   0.000000e+00   1.136784e-03   0.000000e+00   153920
  3.597136e+00   0.000000e+00   1.105473e-03   0.000000e+00   146016
  3.601018e+00   0.000000e+00   1.136208e-03   0.000000e+00   147176
  3.604907e+00   0.000000e+00   1.107710e-03   0.000000e+00   139992
  3.608791e+00   0.000000e+00   1.135264e-03   0.000000e+00   140588
  3.612682e+00   0.000000e+00   1.111007e-03   0.000000e+00   134184
  3.616571e+00   0.000000e+00   1.134121e-03   0.000000e+00   134192
  3.620457e+00   0.000000e+00   1.110077e-03   0.000000e+00   127992
  3.624344e+00   0.000000e+00   1.133946e-03   0.000000e+00   128132
  3.628235e+00   0.000000e+00   1.112933e-03   0.000000e+00   122384
  3.632120e+00   0.000000e+00   1.130787e-03   0.000000e+00   121896
  3.636006e+00   0.000000e+00   1.111987e-03   0.000000e+00   116592
  3.639888e+00   0.000000e+00   1.130031e-03   0.000000e+00   116072
  3.643776e+00   0.000000e+00   1.113281e-03   0.000000e+00   111196
  3.647666e+00   0.000000e+00   1.133982e-03   0.000000e+00   110824
  3.651553e+00   0.000000e+00   1.109351e-03   0.000000e+00   105456
  3.655445e+00   0.000000e+00   1.137911e-03   0.000000e+00   105746
  3.659331e+00   0.000000e+00   1.104570e-03   0.000000e+00   99816
  3.663217e+00   0.000000e+00   1.137630e-03   0.000000e+00   100460
  3.667098e+00   0.000000e+00   1.103186e-03   0.000000e+00   94616
  3.670986e+00   0.000000e+00   1.138482e-03   0.000000e+00   95448
  3.674871e+00   0.000000e+00   1.104767e-03   0.000000e+00   89784
  3.678762e+00   0.000000e+00   1.138753e-03   0.000000e+00   90536
  3.682640e+00   0.000000e+00   1.098833e-03   0.000000e+00   84566
  3.686528e+00   0.000000e+00   1.143171e-03   0.000000e+00   86088
  3.690411e+00   0.000000e+00   1.094501e-03   0.000000e+00   79680
  3.694290e+00   0.000000e+00   1.143460e-03   0.000000e+00   81368
  3.698177e+00   0.000000e+00   1.096007e-03   0.000000e+00   75356
  3.702056e+00   0.000000e+00   1.143156e-03   0.000000e+00   76704
  3.705948e+00   0.000000e+00   1.100016e-03   0.000000e+00   71322
  3.709834e+00   0.000000e+00   1.143672e-03   0.000000e+00   72248
  3.713724e+00   0.000000e+00   1.099908e-03   0.000000e+00   67160
  3.717610e+00   0.000000e+00   1.141543e-03   0.000000e+00   67836
  3.721489e+00   0.000000e+00   1.096984e-03   0.000000e+00   62976
  3.725379e+00   0.000000e+00   1.144398e-03   0.000000e+00   63914
  3.729253e+00   0.000000e+00   1.092761e-03   0.000000e+00   58832
  3.733144e+00   0.000000e+00   1.147084e-03   0.000000e+00   60108
  3.737017e+00   0.000000e+00   1.090205e-03   0.000000e+00   54920
  3.740928e+00   0.000000e+00   1.160099e-03   0.000000e+00   56970
  3.744809e+00   0.000000e+00   1.078913e-03   0.000000e+00   50760
  3.748701e+00   0.000000e+00   1.161348e-03   0.000000e+00   53312
  3.752584e+00   0.000000e+00   1.074836e-03   0.000000e+00   47164
  3.756472e+00   0.000000e+00   1.163802e-03   0.000000e+00   49810
  3.760356e+00   0.000000e+00   1.069365e-03   0.000000e+00   43680
  3.764234e+00   0.000000e+00   1.164818e-03   0.000000e+00   46328
  3.768129e+00   0.000000e+00   1.073902e-03   0.000000e+00   40694
  3.772013e+00   0.000000e+00   1.167140e-03   0.000000e+00   42984
  3.775913e+00   0.000000e+00   1.073587e-03   0.000000e+00   37656
  3.779787e+00   0.000000e+00   1.164236e-03   0.000000e+00   39578
  3.783688e+00   0.000000e+00   1.077878e-03   0.000000e+00   34920
  3.787564e+00   0.000000e+00   1.160065e-03   0.000000e+00   36308
  3.791451e+00   0.000000e+00   1.076316e-03   0.000000e+00   32136
  3.795334e+00   0.000000e+00   1.159401e-03   0.000000e+00   33362
  3.799207e+00   0.000000e+00   1.069739e-03   0.000000e+00   29336
  3.803104e+00   0.000000e+00   1.167435e-03   0.000000e+00   30804
  3.806966e+00   0.000000e+00   1.055228e-03   0.000000e+00   26490
  3.810870e+00   0.000000e+00   1.176653e-03   0.000000e+00   28376
  3.814719e+00   0.000000e+00   1.039734e-03   0.000000e+00   23784
  3.818636e+00   0.000000e+00   1.189627e-03   0.000000e+00   26150
  3.822479e+00   0.000000e+00   1.021588e-03   0.000000e+00   21192
  3.826407e+00   0.000000e+00   1.204804e-03   0.000000e+00   24050
  3.830252e+00   0.000000e+00   1.002280e-03   0.000000e+00   18768
  3.834191e+00   0.000000e+00   1.221518e-03   0.000000e+00   22052
  3.838029e+00   0.000000e+00   9.660660e-04   0.000000e+00   16346
  3.841962e+00   0.000000e+00   1.236558e-03   0.000000e+00   20136
  3.845802e+00   0.000000e+00   9.274195e-04   0.000000e+00   14160
  3.849721e+00   0.000000e+00   1.247069e-03   0.000000e+00   18218
  3.853565e+00   0.000000e+00   8.859468e-04   0.000000e+00   12204
  3.857470e+00   0.000000e+00   1.256334e-03   0.000000e+00   16346
  3.861333e+00   0.000000e+00   8.562781e-04   0.000000e+00   10536
  3.865221e+00   0.000000e+00   1.261091e-03   0.000000e+00   14456
  3.869081e+00   0.000000e+00   8.165112e-04   0.000000e+00   8990
  3.872967e+00   0.000000e+00   1.270385e-03   0.000000e+00   12744
  3.876815e+00   0.000000e+00   7.482517e-04   0.000000e+00   7506
  3.880703e+00   0.000000e+00   1.282849e-03   0.000000e+00   11192
  3.884545e+00   0.000000e+00   6.569471e-04   0.000000e+00   6156
  3.888432e+00   0.000000e+00   1.294599e-03   0.000000e+00   9722
  3.892281e+00   0.000000e+00   5.567157e-04   0.000000e+00   4992
  3.896158e+00   0.000000e+00   1.304505e-03   0.000000e+00   8306
  3.900025e+00   0.000000e+00   4.384033e-04   0.000000e+00   3996
  3.903878e+00   0.000000e+00   1.309274e-03   0.000000e+00   6938
  3.907766e+00   0.000000e+00   3.047624e-04   0.000000e+00   3168
  3.911584e+00   0.000000e+00   1.304853e-03   0.000000e+00   5624
  3.915485e+00   0.000000e+00   2.103226e-04   0.000000e+00   2502
  3.919286e+00   0.000000e+00   1.297747e-03   0.000000e+00   4424
  3.923208e+00   0.000000e+00   2.230451e-04   0.000000e+00   1946
  3.926998e+00   0.000000e+00   1.292790e-03   0.000000e+00   3360
  3.930918e+00   0.000000e+00   1.221617e-04   0.000000e+00   1446
  3.934708e+00   0.000000e+00   1.290208e-03   0.000000e+00   2456
  3.938666e+00   0.000000e+00   2.340394e-04   0.000000e+00   1034
  3.942432e+00   0.000000e+00   1.288305e-03   0.000000e+00   1680
  3.946383e+00   0.000000e+00   5.837572e-05   0.000000e+00   678
  3.950143e+00   0.000000e+00   1.286681e-03   0.000000e+00   1064
  3.954177e+00   0.000000e+00   3.540138e-04   0.000000e+00   410
  3.957868e+00   0.000000e+00   1.284749e-03   0.000000e+00   576
  3.961879e+00   0.000000e+00   1.855368e-05   0.000000e+00   198
  3.965528e+00   0.000000e+00   1.272780e-03   0.000000e+00   248
  3.969917e+00   0.000000e+00   8.019490e-04   0.000000e+00   74
  3.973198e+00   0.000000e+00   1.252635e-03   0.000000e+00   48
  3.977405e+00   0.000000e+00   5.034095e-08   0.000000e+00   6
