# power spectrum of pi_k * H (dimensionless)
# redshift z=99.899076
# k              Pk             sigma(k)       sigma(Pk)      count
  5.727314e-03   1.435262e-10   8.763345e-04   3.155541e-11   18
  1.001182e-02   2.413690e-10   1.059922e-03   3.438610e-11   62
  1.393445e-02   1.719751e-10   7.332271e-04   2.108367e-11   90
  1.764809e-02   1.653973e-10   1.157232e-03   1.091536e-11   170
  2.151286e-02   1.241173e-10   1.202795e-03   7.758369e-12   246
  2.528669e-02   9.359346e-11   1.146703e-03   5.240908e-12   338
  2.901099e-02   8.517120e-11   9.857564e-04   4.200457e-12   432
  3.284683e-02   6.789230e-11   1.010047e-03   3.085140e-12   578
  3.688195e-02   5.165240e-11   1.177086e-03   1.882560e-12   786
  4.101464e-02   3.991066e-11   1.190994e-03   1.278743e-12   974
  4.488954e-02   3.364621e-11   1.031402e-03   1.064537e-12   1002
  4.870958e-02   3.044853e-11   1.179303e-03   8.056707e-13   1334
  5.263577e-02   2.484861e-11   1.134676e-03   6.764125e-13   1458
  5.631027e-02   2.257172e-11   1.072446e-03   5.575501e-13   1604
  6.010158e-02   2.008506e-11   1.088865e-03   4.840784e-13   1974
  6.404851e-02   1.840669e-11   1.067989e-03   3.917127e-13   2234
  6.795611e-02   1.641244e-11   1.092954e-03   3.381436e-13   2490
  7.198483e-02   1.472491e-11   1.200217e-03   2.766379e-13   3014
  7.595394e-02   1.324713e-11   1.093611e-03   2.409520e-13   3018
  7.977896e-02   1.179978e-11   1.131598e-03   2.025027e-13   3446
  8.359600e-02   1.031951e-11   1.085617e-03   1.732732e-13   3626
  8.742004e-02   8.981505e-12   1.125556e-03   1.402235e-13   4164
  9.130612e-02   8.222231e-12   1.090740e-03   1.262574e-13   4470
  9.521636e-02   7.248191e-12   1.115446e-03   1.056354e-13   4970
  9.915211e-02   6.622986e-12   1.127844e-03   8.926075e-14   5366
  1.030785e-01   5.750341e-12   1.144516e-03   7.343620e-14   5778
  1.069619e-01   5.487679e-12   1.149148e-03   6.960780e-14   6162
  1.108671e-01   4.940329e-12   1.158272e-03   6.239790e-14   6734
  1.146806e-01   4.588754e-12   1.074898e-03   5.500113e-14   6756
  1.184510e-01   4.299624e-12   1.088568e-03   4.791564e-14   7502
  1.223464e-01   4.078351e-12   1.105366e-03   4.518045e-14   8154
  1.262469e-01   3.753966e-12   1.103283e-03   4.089169e-14   8618
  1.301909e-01   3.566479e-12   1.146655e-03   3.707684e-14   9390
  1.341197e-01   3.390300e-12   1.126004e-03   3.454000e-14   9722
  1.380051e-01   3.027871e-12   1.126950e-03   3.017385e-14   10242
  1.419007e-01   2.806094e-12   1.149257e-03   2.632458e-14   11006
  1.457777e-01   2.643582e-12   1.106962e-03   2.512515e-14   11348
  1.496576e-01   2.392074e-12   1.105725e-03   2.145008e-14   12150
  1.535164e-01   2.198797e-12   1.078348e-03   2.023474e-14   12498
  1.574072e-01   2.062942e-12   1.129889e-03   1.756017e-14   13586
  1.613096e-01   1.881271e-12   1.132072e-03   1.609543e-14   14006
  1.652381e-01   1.776699e-12   1.166232e-03   1.412961e-14   15162
  1.691226e-01   1.649632e-12   1.101754e-03   1.349652e-14   14990
  1.729750e-01   1.560060e-12   1.143142e-03   1.224306e-14   16380
  1.768610e-01   1.487001e-12   1.105581e-03   1.147820e-14   16666
  1.807168e-01   1.437448e-12   1.110348e-03   1.098458e-14   17638
  1.845996e-01   1.353474e-12   1.100521e-03   1.012594e-14   18354
  1.884710e-01   1.289603e-12   1.102640e-03   9.412078e-15   19034
  1.923685e-01   1.250938e-12   1.144302e-03   8.741727e-15   20270
  1.963174e-01   1.202913e-12   1.155956e-03   8.209712e-15   21258
  2.002141e-01   1.138077e-12   1.111898e-03   7.738360e-15   21350
  2.040863e-01   1.046709e-12   1.123159e-03   7.070917e-15   22644
  2.079681e-01   9.932351e-13   1.101476e-03   6.571280e-15   23114
  2.118390e-01   9.437101e-13   1.118265e-03   6.114143e-15   24342
  2.157382e-01   8.781518e-13   1.117694e-03   5.517987e-15   25194
  2.196235e-01   8.384931e-13   1.116195e-03   5.301723e-15   25982
  2.234724e-01   7.940115e-13   1.109599e-03   4.882001e-15   26506
  2.273806e-01   7.483326e-13   1.167806e-03   4.479107e-15   28738
  2.312750e-01   7.072747e-13   1.110542e-03   4.232135e-15   28296
  2.351662e-01   6.693368e-13   1.143823e-03   3.810209e-15   30554
  2.390501e-01   6.393974e-13   1.084103e-03   3.684709e-15   30094
  2.428824e-01   6.290923e-13   1.109820e-03   3.527355e-15   31738
  2.467836e-01   5.962351e-13   1.134747e-03   3.312150e-15   33306
  2.506613e-01   5.837238e-13   1.104153e-03   3.170451e-15   33422
  2.545365e-01   5.615390e-13   1.131527e-03   3.009796e-15   35298
  2.584714e-01   5.370654e-13   1.143069e-03   2.815599e-15   36650
  2.623670e-01   5.150950e-13   1.115532e-03   2.675265e-15   36888
  2.662651e-01   4.910955e-13   1.131896e-03   2.472764e-15   38834
  2.701697e-01   4.686088e-13   1.107355e-03   2.382655e-15   39246
  2.740453e-01   4.527291e-13   1.111777e-03   2.262443e-15   40466
  2.778984e-01   4.300113e-13   1.108403e-03   2.096824e-15   41106
  2.817847e-01   4.074480e-13   1.145602e-03   1.954881e-15   43598
  2.856833e-01   3.917852e-13   1.116308e-03   1.888261e-15   43650
  2.895471e-01   3.747702e-13   1.120907e-03   1.754336e-15   45272
  2.934575e-01   3.583023e-13   1.131740e-03   1.655333e-15   46994
  2.973636e-01   3.503239e-13   1.124346e-03   1.587062e-15   47850
  3.012447e-01   3.318802e-13   1.115858e-03   1.507077e-15   48846
  3.051030e-01   3.220435e-13   1.105642e-03   1.451195e-15   49706
  3.089532e-01   3.102416e-13   1.113265e-03   1.372623e-15   51198
  3.128464e-01   2.987265e-13   1.134266e-03   1.293060e-15   53402
  3.167281e-01   2.927913e-13   1.111145e-03   1.291588e-15   53634
  3.206428e-01   2.807005e-13   1.143806e-03   1.172557e-15   56888
  3.245618e-01   2.714157e-13   1.106794e-03   1.145468e-15   56474
  3.284581e-01   2.626351e-13   1.130606e-03   1.082148e-15   58962
  3.323510e-01   2.509106e-13   1.114731e-03   1.032220e-15   59214
  3.362265e-01   2.470013e-13   1.127963e-03   9.938051e-16   61250
  3.400938e-01   2.373302e-13   1.110759e-03   9.553756e-16   61694
  3.439480e-01   2.288073e-13   1.120230e-03   9.098191e-16   63618
  3.478512e-01   2.204501e-13   1.140078e-03   8.538049e-16   66284
  3.517691e-01   2.127291e-13   1.123324e-03   8.213673e-16   67014
  3.556494e-01   2.031438e-13   1.113722e-03   7.814181e-16   67930
  3.595371e-01   1.973086e-13   1.127426e-03   7.450226e-16   70294
  3.634200e-01   1.932458e-13   1.114424e-03   7.232654e-16   70658
  3.672742e-01   1.869540e-13   1.121955e-03   7.021101e-16   72522
  3.711539e-01   1.789082e-13   1.125103e-03   6.574021e-16   74550
  3.750359e-01   1.740178e-13   1.112832e-03   6.326687e-16   75674
  3.789191e-01   1.698912e-13   1.116846e-03   6.089433e-16   77708
  3.828461e-01   1.638721e-13   1.136191e-03   5.720647e-16   80622
  3.867545e-01   1.590955e-13   1.112810e-03   5.658945e-16   80330
  3.906423e-01   1.547829e-13   1.128269e-03   5.421586e-16   82974
  3.945313e-01   1.496852e-13   1.118618e-03   5.201687e-16   83666
  3.984084e-01   1.460645e-13   1.126394e-03   4.988889e-16   85746
  4.022765e-01   1.403170e-13   1.118427e-03   4.755985e-16   86702
  4.061542e-01   1.368316e-13   1.126154e-03   4.534295e-16   89556
  4.100569e-01   1.325603e-13   1.118519e-03   4.396479e-16   91038
  4.139484e-01   1.301274e-13   1.117921e-03   4.284855e-16   92522
  4.178268e-01   1.254084e-13   1.119569e-03   4.116689e-16   94034
  4.217415e-01   1.216051e-13   1.145339e-03   3.890009e-16   97758
  4.256173e-01   1.189126e-13   1.103600e-03   3.860632e-16   95770
  4.294627e-01   1.149763e-13   1.123790e-03   3.675064e-16   99646
  4.333400e-01   1.125308e-13   1.115333e-03   3.551145e-16   100980
  4.372362e-01   1.089409e-13   1.127284e-03   3.400319e-16   104258
  4.411386e-01   1.053039e-13   1.114910e-03   3.273075e-16   104998
  4.450377e-01   1.029365e-13   1.124073e-03   3.143770e-16   107866
  4.489311e-01   1.006687e-13   1.113184e-03   3.065030e-16   108154
  4.528161e-01   9.842354e-14   1.135370e-03   2.942655e-16   111622
  4.567076e-01   9.575863e-14   1.122976e-03   2.866585e-16   112146
  4.605727e-01   9.389693e-14   1.119518e-03   2.776740e-16   114014
  4.644440e-01   9.038618e-14   1.115906e-03   2.658303e-16   116220
  4.683319e-01   8.851137e-14   1.119789e-03   2.549101e-16   118682
  4.722291e-01   8.624961e-14   1.126606e-03   2.491044e-16   121118
  4.761348e-01   8.360609e-14   1.124808e-03   2.398131e-16   122994
  4.800157e-01   8.113951e-14   1.114862e-03   2.316434e-16   123574
  4.838959e-01   8.001214e-14   1.131276e-03   2.250878e-16   126922
  4.877763e-01   7.766470e-14   1.124735e-03   2.177644e-16   127906
  4.916481e-01   7.541355e-14   1.121767e-03   2.091081e-16   130432
  4.955333e-01   7.386127e-14   1.114812e-03   2.021311e-16   132642
  4.994186e-01   7.213731e-14   1.110800e-03   1.961743e-16   134534
  5.033164e-01   7.056331e-14   1.124671e-03   1.903637e-16   137778
  5.072392e-01   6.876419e-14   1.135312e-03   1.833784e-16   140786
  5.111285e-01   6.698025e-14   1.110620e-03   1.788582e-16   139590
  5.149976e-01   6.550775e-14   1.125619e-03   1.734608e-16   143546
  5.188865e-01   6.401727e-14   1.125142e-03   1.680184e-16   145338
  5.227635e-01   6.271598e-14   1.120484e-03   1.631730e-16   147272
  5.266520e-01   6.072493e-14   1.122335e-03   1.576278e-16   150330
  5.305485e-01   5.928703e-14   1.118234e-03   1.512924e-16   152318
  5.344262e-01   5.817439e-14   1.111066e-03   1.484217e-16   153202
  5.383243e-01   5.640630e-14   1.138693e-03   1.418334e-16   158626
  5.422165e-01   5.547606e-14   1.116855e-03   1.402556e-16   157350
  5.460935e-01   5.386292e-14   1.131200e-03   1.349536e-16   161906
  5.499589e-01   5.320521e-14   1.105071e-03   1.337484e-16   160872
  5.538418e-01   5.195286e-14   1.133375e-03   1.273448e-16   167858
  5.577463e-01   5.112680e-14   1.114977e-03   1.251634e-16   167514
  5.616201e-01   4.942826e-14   1.113803e-03   1.191047e-16   169862
  5.655108e-01   4.838292e-14   1.124453e-03   1.169888e-16   173602
  5.694083e-01   4.758644e-14   1.123533e-03   1.126318e-16   175258
  5.732959e-01   4.635065e-14   1.127164e-03   1.106264e-16   177654
  5.771897e-01   4.544420e-14   1.130949e-03   1.062270e-16   180698
  5.810773e-01   4.430801e-14   1.119005e-03   1.039529e-16   181968
  5.849616e-01   4.372745e-14   1.118541e-03   1.014157e-16   184850
  5.888448e-01   4.273888e-14   1.119144e-03   9.892846e-17   187034
  5.927421e-01   4.175411e-14   1.129966e-03   9.560924e-17   191238
  5.966308e-01   4.097892e-14   1.116348e-03   9.366046e-17   191042
  6.005065e-01   4.006792e-14   1.126286e-03   9.054409e-17   195102
  6.043812e-01   3.921124e-14   1.117515e-03   8.855266e-17   195786
  6.082630e-01   3.833154e-14   1.131649e-03   8.472168e-17   201164
  6.121481e-01   3.775269e-14   1.112645e-03   8.466593e-17   201070
  6.160242e-01   3.668449e-14   1.118305e-03   8.061236e-17   205234
  6.199111e-01   3.622992e-14   1.116352e-03   7.970110e-17   207342
  6.237987e-01   3.531259e-14   1.121735e-03   7.660659e-17   210602
  6.276909e-01   3.462146e-14   1.124203e-03   7.514398e-17   213130
  6.315953e-01   3.396749e-14   1.133190e-03   7.276910e-17   217318
  6.354807e-01   3.330000e-14   1.113546e-03   7.147914e-17   216306
  6.393491e-01   3.252659e-14   1.119403e-03   6.932313e-17   220652
  6.432430e-01   3.203841e-14   1.124854e-03   6.785959e-17   224502
  6.471454e-01   3.151201e-14   1.125081e-03   6.638818e-17   227186
  6.510345e-01   3.067197e-14   1.118193e-03   6.405069e-17   228398
  6.549165e-01   3.013473e-14   1.122259e-03   6.251136e-17   231642
  6.587972e-01   2.955350e-14   1.122763e-03   6.117212e-17   233946
  6.626908e-01   2.918868e-14   1.132956e-03   5.991371e-17   238694
  6.665707e-01   2.859835e-14   1.114640e-03   5.840861e-17   238068
  6.704525e-01   2.811123e-14   1.124042e-03   5.690623e-17   244190
  6.743498e-01   2.732170e-14   1.116752e-03   5.517890e-17   245362
  6.782313e-01   2.705593e-14   1.120102e-03   5.419632e-17   248362
  6.821206e-01   2.646963e-14   1.124509e-03   5.257746e-17   251966
  6.860099e-01   2.610941e-14   1.120649e-03   5.164693e-17   254034
  6.898855e-01   2.556539e-14   1.117172e-03   5.080846e-17   255818
  6.937781e-01   2.489059e-14   1.132899e-03   4.876580e-17   262254
  6.976722e-01   2.474105e-14   1.116974e-03   4.831847e-17   261980
  7.015718e-01   2.415453e-14   1.129534e-03   4.670428e-17   268566
  7.054538e-01   2.378644e-14   1.104857e-03   4.610693e-17   265538
  7.093286e-01   2.340515e-14   1.128000e-03   4.464903e-17   273330
  7.132165e-01   2.284161e-14   1.121481e-03   4.381384e-17   273718
  7.171069e-01   2.240767e-14   1.132652e-03   4.244345e-17   279658
  7.209986e-01   2.223235e-14   1.120025e-03   4.207935e-17   279670
  7.248700e-01   2.174397e-14   1.119062e-03   4.097319e-17   282964
  7.287608e-01   2.129769e-14   1.126489e-03   3.998276e-17   288362
  7.326540e-01   2.095491e-14   1.118613e-03   3.908246e-17   289686
  7.365333e-01   2.067116e-14   1.116235e-03   3.840528e-17   292234
  7.404015e-01   2.023140e-14   1.112765e-03   3.737750e-17   294190
  7.442845e-01   1.989569e-14   1.127923e-03   3.635457e-17   300642
  7.481851e-01   1.960398e-14   1.128116e-03   3.558768e-17   303386
  7.520700e-01   1.917059e-14   1.119257e-03   3.468921e-17   304662
  7.559583e-01   1.883784e-14   1.122290e-03   3.400554e-17   309812
  7.598513e-01   1.852020e-14   1.117608e-03   3.331007e-17   311714
  7.637547e-01   1.826594e-14   1.130270e-03   3.240903e-17   318126
  7.676398e-01   1.796648e-14   1.111035e-03   3.195796e-17   315114
  7.715118e-01   1.765526e-14   1.127143e-03   3.114602e-17   322622
  7.753932e-01   1.738568e-14   1.117154e-03   3.069227e-17   322850
  7.792787e-01   1.704809e-14   1.131101e-03   2.965959e-17   329802
  7.831716e-01   1.680831e-14   1.123851e-03   2.929979e-17   331104
  7.870696e-01   1.660150e-14   1.127607e-03   2.866161e-17   336986
  7.909587e-01   1.625335e-14   1.111055e-03   2.812296e-17   335870
  7.948355e-01   1.595281e-14   1.120862e-03   2.734621e-17   341610
  7.987215e-01   1.571648e-14   1.121955e-03   2.684535e-17   344370
  8.026031e-01   1.552066e-14   1.122207e-03   2.649484e-17   347606
  8.064886e-01   1.522461e-14   1.124033e-03   2.569360e-17   351650
  8.103706e-01   1.502353e-14   1.118654e-03   2.525153e-17   353760
  8.142669e-01   1.476622e-14   1.129493e-03   2.457917e-17   360970
  8.181738e-01   1.456650e-14   1.123124e-03   2.422709e-17   362818
  8.220521e-01   1.430994e-14   1.110144e-03   2.371485e-17   362334
  8.259414e-01   1.405929e-14   1.129348e-03   2.312241e-17   371642
  8.298275e-01   1.384771e-14   1.114584e-03   2.293105e-17   368778
  8.337006e-01   1.367298e-14   1.128744e-03   2.233889e-17   376526
  8.375857e-01   1.341044e-14   1.121330e-03   2.188587e-17   377786
  8.414675e-01   1.323785e-14   1.123524e-03   2.147162e-17   382968
  8.453573e-01   1.304194e-14   1.120822e-03   2.098099e-17   386146
  8.492503e-01   1.288322e-14   1.124050e-03   2.058618e-17   390826
  8.531392e-01   1.265038e-14   1.119718e-03   2.023707e-17   392662
  8.570302e-01   1.247776e-14   1.125822e-03   1.978307e-17   398242
  8.609051e-01   1.225594e-14   1.111972e-03   1.945651e-17   396726
  8.647781e-01   1.210243e-14   1.124714e-03   1.902541e-17   404738
  8.686664e-01   1.191180e-14   1.122897e-03   1.866800e-17   407628
  8.725545e-01   1.169439e-14   1.121536e-03   1.827225e-17   411734
  8.764395e-01   1.153321e-14   1.117149e-03   1.791274e-17   414242
  8.803359e-01   1.136565e-14   1.126317e-03   1.754439e-17   421434
  8.842333e-01   1.116964e-14   1.120273e-03   1.722028e-17   421918
  8.881244e-01   1.107741e-14   1.128330e-03   1.700636e-17   427810
  8.920157e-01   1.086557e-14   1.123036e-03   1.654377e-17   429470
  8.958948e-01   1.073776e-14   1.119658e-03   1.636775e-17   432282
  8.997746e-01   1.056874e-14   1.122449e-03   1.598602e-17   437260
  9.036583e-01   1.043384e-14   1.120747e-03   1.572702e-17   440758
  9.075489e-01   1.031588e-14   1.124778e-03   1.540822e-17   446370
  9.114474e-01   1.009881e-14   1.123943e-03   1.505478e-17   450182
  9.153288e-01   9.946921e-15   1.115142e-03   1.487885e-17   449850
  9.192089e-01   9.810377e-15   1.127357e-03   1.449380e-17   457898
  9.230929e-01   9.685882e-15   1.119604e-03   1.432241e-17   458662
  9.269737e-01   9.560253e-15   1.121722e-03   1.405320e-17   464620
  9.308545e-01   9.411626e-15   1.114316e-03   1.384308e-17   466302
  9.347441e-01   9.287968e-15   1.124571e-03   1.348529e-17   474314
  9.386369e-01   9.157081e-15   1.120021e-03   1.327194e-17   475530
  9.425348e-01   9.027329e-15   1.129051e-03   1.298425e-17   483206
  9.464328e-01   8.912528e-15   1.121669e-03   1.283373e-17   483530
  9.503142e-01   8.802407e-15   1.121047e-03   1.260302e-17   487002
  9.541966e-01   8.685835e-15   1.124058e-03   1.236448e-17   491774
  9.580774e-01   8.532062e-15   1.120518e-03   1.214529e-17   495084
  9.619601e-01   8.425911e-15   1.119352e-03   1.192790e-17   499438
  9.658473e-01   8.300863e-15   1.122356e-03   1.170775e-17   504682
  9.697357e-01   8.187784e-15   1.121500e-03   1.150460e-17   507738
  9.736321e-01   8.094321e-15   1.130456e-03   1.134401e-17   515174
  9.775214e-01   7.996212e-15   1.119580e-03   1.115953e-17   514234
  9.813957e-01   7.877106e-15   1.119450e-03   1.097165e-17   519022
  9.852705e-01   7.734967e-15   1.117281e-03   1.066698e-17   522636
  9.891535e-01   7.658556e-15   1.121739e-03   1.051045e-17   529442
  9.930474e-01   7.560660e-15   1.122647e-03   1.035214e-17   534078
  9.969375e-01   7.452265e-15   1.118397e-03   1.018229e-17   536666
  1.000817e+00   7.344695e-15   1.116716e-03   1.001335e-17   539142
  1.004715e+00   7.241700e-15   1.134178e-03   9.813070e-18   550658
  1.008615e+00   7.184248e-15   1.121935e-03   9.722483e-18   548298
  1.012495e+00   7.076031e-15   1.123048e-03   9.521994e-18   553694
  1.016374e+00   6.983990e-15   1.116375e-03   9.371092e-18   556116
  1.020264e+00   6.885756e-15   1.125051e-03   9.174473e-18   564890
  1.024148e+00   6.776152e-15   1.116141e-03   9.024798e-18   563718
  1.028036e+00   6.715354e-15   1.128568e-03   8.845356e-18   574298
  1.031929e+00   6.639278e-15   1.120551e-03   8.782665e-18   573966
  1.035814e+00   6.562672e-15   1.126024e-03   8.638459e-18   580586
  1.039699e+00   6.463529e-15   1.122029e-03   8.489548e-18   582666
  1.043587e+00   6.379282e-15   1.125959e-03   8.305083e-18   590648
  1.047474e+00   6.290176e-15   1.114820e-03   8.198256e-18   590394
  1.051350e+00   6.206560e-15   1.116684e-03   8.032029e-18   596174
  1.055234e+00   6.140271e-15   1.120236e-03   7.907323e-18   601674
  1.059126e+00   6.054640e-15   1.125352e-03   7.777983e-18   607682
  1.063019e+00   5.982465e-15   1.124350e-03   7.665648e-18   611166
  1.066910e+00   5.925499e-15   1.124099e-03   7.541878e-18   615626
  1.070791e+00   5.845663e-15   1.119456e-03   7.435401e-18   617290
  1.074678e+00   5.749900e-15   1.126011e-03   7.272597e-18   626344
  1.078566e+00   5.698098e-15   1.117274e-03   7.215316e-18   626658
  1.082451e+00   5.634688e-15   1.122467e-03   7.078838e-18   634022
  1.086331e+00   5.540002e-15   1.116124e-03   6.943397e-18   634554
  1.090218e+00   5.479583e-15   1.128467e-03   6.810450e-18   645026
  1.094107e+00   5.413119e-15   1.122446e-03   6.726219e-18   645102
  1.097993e+00   5.346170e-15   1.126954e-03   6.609251e-18   653018
  1.101879e+00   5.284730e-15   1.119089e-03   6.514442e-18   654384
  1.105770e+00   5.211855e-15   1.123901e-03   6.403133e-18   663194
  1.109660e+00   5.176767e-15   1.117576e-03   6.350663e-18   663834
  1.113540e+00   5.080442e-15   1.118796e-03   6.217782e-18   669158
  1.117424e+00   5.025102e-15   1.120650e-03   6.114042e-18   674490
  1.121304e+00   4.970783e-15   1.118416e-03   6.038250e-18   677222
  1.125193e+00   4.934117e-15   1.128225e-03   5.975103e-18   686874
  1.129092e+00   4.864420e-15   1.126811e-03   5.860837e-18   690722
  1.132980e+00   4.802993e-15   1.118907e-03   5.800662e-18   692008
  1.136871e+00   4.735296e-15   1.124678e-03   5.651657e-18   701386
  1.140761e+00   4.691678e-15   1.117002e-03   5.612602e-18   700778
  1.144643e+00   4.622806e-15   1.123318e-03   5.479009e-18   708774
  1.148529e+00   4.572776e-15   1.121990e-03   5.431926e-18   711690
  1.152418e+00   4.516394e-15   1.126973e-03   5.320711e-18   719606
  1.156298e+00   4.470734e-15   1.116380e-03   5.267023e-18   717762
  1.160181e+00   4.415821e-15   1.127123e-03   5.140712e-18   730460
  1.164073e+00   4.364361e-15   1.119262e-03   5.090345e-18   731070
  1.167968e+00   4.303157e-15   1.125901e-03   4.992895e-18   741170
  1.171853e+00   4.270581e-15   1.112045e-03   4.974000e-18   737094
  1.175730e+00   4.222245e-15   1.122374e-03   4.899803e-18   747698
  1.179618e+00   4.159879e-15   1.122867e-03   4.809964e-18   751658
  1.183501e+00   4.120580e-15   1.121599e-03   4.750276e-18   755574
  1.187383e+00   4.072733e-15   1.122256e-03   4.673003e-18   761442
  1.191279e+00   4.019075e-15   1.126787e-03   4.573549e-18   770816
  1.195171e+00   3.999807e-15   1.117539e-03   4.569722e-18   769274
  1.199064e+00   3.928803e-15   1.129525e-03   4.447188e-18   782130
  1.202947e+00   3.896246e-15   1.112602e-03   4.410516e-18   775230
  1.206825e+00   3.839678e-15   1.126605e-03   4.323330e-18   789866
  1.210710e+00   3.802320e-15   1.118361e-03   4.284415e-18   787914
  1.214592e+00   3.765398e-15   1.128225e-03   4.211122e-18   799598
  1.218486e+00   3.714325e-15   1.124161e-03   4.143868e-18   802980
  1.222371e+00   3.673312e-15   1.117789e-03   4.094594e-18   805622
  1.226254e+00   3.636416e-15   1.119738e-03   4.048392e-18   812050
  1.230147e+00   3.594199e-15   1.126034e-03   3.973743e-18   820954
  1.234035e+00   3.555944e-15   1.118780e-03   3.919028e-18   820062
  1.237911e+00   3.509569e-15   1.119897e-03   3.856692e-18   826298
  1.241794e+00   3.483540e-15   1.121814e-03   3.822669e-18   833118
  1.245672e+00   3.441840e-15   1.117137e-03   3.764867e-18   834812
  1.249560e+00   3.410158e-15   1.126815e-03   3.696545e-18   847858
  1.253469e+00   3.365576e-15   1.127442e-03   3.634520e-18   854278
  1.257361e+00   3.328982e-15   1.116253e-03   3.603616e-18   850978
  1.261241e+00   3.296417e-15   1.121687e-03   3.557902e-18   859186
  1.265131e+00   3.253460e-15   1.127494e-03   3.496694e-18   867126
  1.269018e+00   3.223824e-15   1.121886e-03   3.465028e-18   868274
  1.272897e+00   3.182640e-15   1.120976e-03   3.414731e-18   873606
  1.276776e+00   3.150342e-15   1.119398e-03   3.367761e-18   879284
  1.280663e+00   3.123045e-15   1.122355e-03   3.321889e-18   887170
  1.284564e+00   3.090083e-15   1.128693e-03   3.270839e-18   897526
  1.288458e+00   3.047934e-15   1.117587e-03   3.221774e-18   894258
  1.292341e+00   3.025465e-15   1.122714e-03   3.181658e-18   903374
  1.296223e+00   2.990827e-15   1.118323e-03   3.143073e-18   904338
  1.300103e+00   2.958166e-15   1.123719e-03   3.088225e-18   913586
  1.303982e+00   2.933108e-15   1.118150e-03   3.073883e-18   915416
  1.307871e+00   2.894643e-15   1.124217e-03   3.010911e-18   928122
  1.311759e+00   2.865305e-15   1.115167e-03   2.978771e-18   926094
  1.315654e+00   2.841675e-15   1.130093e-03   2.928473e-18   942890
  1.319549e+00   2.805105e-15   1.118827e-03   2.895042e-18   937266
  1.323433e+00   2.776206e-15   1.126506e-03   2.855983e-18   948854
  1.327319e+00   2.746083e-15   1.120121e-03   2.821340e-18   948714
  1.331197e+00   2.716972e-15   1.122687e-03   2.786010e-18   956186
  1.335082e+00   2.693379e-15   1.124444e-03   2.745421e-18   964272
  1.338973e+00   2.659990e-15   1.121587e-03   2.705172e-18   969458
  1.342859e+00   2.634876e-15   1.118296e-03   2.673493e-18   972750
  1.346749e+00   2.610138e-15   1.124460e-03   2.634460e-18   982706
  1.350635e+00   2.583257e-15   1.119858e-03   2.604898e-18   982906
  1.354527e+00   2.554376e-15   1.129306e-03   2.555243e-18   996622
  1.358414e+00   2.523541e-15   1.117989e-03   2.536772e-18   992378
  1.362284e+00   2.503332e-15   1.117150e-03   2.496522e-18   999000
  1.366168e+00   2.474936e-15   1.122014e-03   2.462538e-18   1010114
  1.370061e+00   2.453405e-15   1.121750e-03   2.440146e-18   1015722
  1.373948e+00   2.427185e-15   1.119290e-03   2.405324e-18   1018742
  1.377843e+00   2.405981e-15   1.127371e-03   2.369581e-18   1031250
  1.381733e+00   2.375568e-15   1.118461e-03   2.346626e-18   1027226
  1.385615e+00   2.354644e-15   1.126435e-03   2.310214e-18   1039734
  1.389500e+00   2.335313e-15   1.120654e-03   2.289282e-18   1039914
  1.393382e+00   2.312442e-15   1.123683e-03   2.253549e-18   1050272
  1.397267e+00   2.283120e-15   1.117473e-03   2.223768e-18   1052306
  1.401154e+00   2.266702e-15   1.122308e-03   2.198741e-18   1062666
  1.405045e+00   2.234865e-15   1.122401e-03   2.166001e-18   1067262
  1.408935e+00   2.222892e-15   1.123952e-03   2.146617e-18   1073906
  1.412823e+00   2.194795e-15   1.122463e-03   2.121352e-18   1078190
  1.416712e+00   2.175241e-15   1.124033e-03   2.082867e-18   1085634
  1.420592e+00   2.154258e-15   1.117456e-03   2.068487e-18   1085508
  1.424480e+00   2.128059e-15   1.126594e-03   2.025858e-18   1101926
  1.428369e+00   2.107662e-15   1.116061e-03   2.010682e-18   1098322
  1.432252e+00   2.091004e-15   1.121199e-03   1.984751e-18   1109878
  1.436144e+00   2.070992e-15   1.122554e-03   1.963635e-18   1115338
  1.440035e+00   2.047873e-15   1.125793e-03   1.936779e-18   1122586
  1.443924e+00   2.028974e-15   1.123292e-03   1.910146e-18   1125862
  1.447810e+00   2.011897e-15   1.122976e-03   1.892055e-18   1132498
  1.451691e+00   1.989780e-15   1.119415e-03   1.872509e-18   1135444
  1.455573e+00   1.971047e-15   1.122581e-03   1.837765e-18   1145374
  1.459464e+00   1.948718e-15   1.123383e-03   1.813982e-18   1152698
  1.463354e+00   1.932232e-15   1.121349e-03   1.797113e-18   1157046
  1.467236e+00   1.916394e-15   1.119148e-03   1.778619e-18   1160226
  1.471127e+00   1.896621e-15   1.127743e-03   1.746563e-18   1174346
  1.475014e+00   1.881199e-15   1.119897e-03   1.741151e-18   1171462
  1.478897e+00   1.855159e-15   1.124033e-03   1.705977e-18   1183828
  1.482778e+00   1.845743e-15   1.114458e-03   1.695816e-18   1181822
  1.486657e+00   1.823742e-15   1.120779e-03   1.667997e-18   1194930
  1.490547e+00   1.807735e-15   1.122593e-03   1.647450e-18   1202010
  1.494437e+00   1.787011e-15   1.122115e-03   1.629196e-18   1207166
  1.498326e+00   1.773406e-15   1.123291e-03   1.610880e-18   1214106
  1.502209e+00   1.756567e-15   1.118748e-03   1.593182e-18   1215302
  1.506095e+00   1.739218e-15   1.126666e-03   1.567001e-18   1229274
  1.509994e+00   1.727393e-15   1.126873e-03   1.556794e-18   1236164
  1.513882e+00   1.707065e-15   1.118916e-03   1.540323e-18   1235326
  1.517764e+00   1.695612e-15   1.120265e-03   1.522501e-18   1244026
  1.521647e+00   1.676477e-15   1.120382e-03   1.500410e-18   1249154
  1.525536e+00   1.660553e-15   1.126025e-03   1.483355e-18   1260558
  1.529421e+00   1.643337e-15   1.119984e-03   1.463049e-18   1260394
  1.533310e+00   1.634126e-15   1.125848e-03   1.448120e-18   1274758
  1.537193e+00   1.612948e-15   1.115594e-03   1.428078e-18   1270188
  1.541083e+00   1.601567e-15   1.128008e-03   1.408966e-18   1291202
  1.544971e+00   1.587656e-15   1.115149e-03   1.404059e-18   1282654
  1.548850e+00   1.572296e-15   1.122198e-03   1.379261e-18   1298242
  1.552739e+00   1.559569e-15   1.120395e-03   1.363198e-18   1301774
  1.556625e+00   1.543089e-15   1.123165e-03   1.349566e-18   1309770
  1.560512e+00   1.528186e-15   1.123502e-03   1.332855e-18   1315714
  1.564403e+00   1.511957e-15   1.124924e-03   1.313052e-18   1325110
  1.568290e+00   1.500484e-15   1.118940e-03   1.303614e-18   1326012
  1.572174e+00   1.484535e-15   1.122090e-03   1.285937e-18   1336154
  1.576069e+00   1.472127e-15   1.126474e-03   1.268373e-18   1347334
  1.579958e+00   1.458483e-15   1.119782e-03   1.256387e-18   1345354
  1.583833e+00   1.445646e-15   1.119555e-03   1.245007e-18   1350998
  1.587719e+00   1.431888e-15   1.125829e-03   1.227844e-18   1365546
  1.591609e+00   1.422555e-15   1.122088e-03   1.214540e-18   1367474
  1.595497e+00   1.407791e-15   1.123693e-03   1.198679e-18   1377984
  1.599384e+00   1.395474e-15   1.118321e-03   1.190154e-18   1379394
  1.603272e+00   1.385420e-15   1.123056e-03   1.176736e-18   1392230
  1.607160e+00   1.369156e-15   1.118740e-03   1.162104e-18   1392634
  1.611042e+00   1.360774e-15   1.122441e-03   1.150507e-18   1402666
  1.614928e+00   1.347285e-15   1.122269e-03   1.137792e-18   1408502
  1.618814e+00   1.332955e-15   1.122041e-03   1.120333e-18   1415418
  1.622692e+00   1.324547e-15   1.117068e-03   1.116969e-18   1416856
  1.626588e+00   1.312480e-15   1.130843e-03   1.092957e-18   1442002
  1.630485e+00   1.298498e-15   1.117858e-03   1.085423e-18   1431634
  1.634367e+00   1.286738e-15   1.122585e-03   1.070345e-18   1444606
  1.638250e+00   1.279572e-15   1.118765e-03   1.064431e-18   1445890
  1.642138e+00   1.266133e-15   1.126997e-03   1.048430e-18   1462210
  1.646026e+00   1.253950e-15   1.120901e-03   1.036925e-18   1459590
  1.649907e+00   1.242340e-15   1.123856e-03   1.022467e-18   1471226
  1.653797e+00   1.232702e-15   1.123379e-03   1.013187e-18   1480072
  1.657690e+00   1.223119e-15   1.121364e-03   1.003723e-18   1486594
  1.661576e+00   1.210801e-15   1.118520e-03   9.918138e-19   1488882
  1.665461e+00   1.202003e-15   1.123128e-03   9.790798e-19   1500854
  1.669353e+00   1.190451e-15   1.123083e-03   9.706159e-19   1506874
  1.673232e+00   1.183135e-15   1.117624e-03   9.639136e-19   1506094
  1.677111e+00   1.170115e-15   1.122855e-03   9.486284e-19   1519682
  1.680997e+00   1.161438e-15   1.122626e-03   9.414536e-19   1526724
  1.684890e+00   1.148629e-15   1.125240e-03   9.248179e-19   1539038
  1.688782e+00   1.140126e-15   1.119859e-03   9.194200e-19   1539810
  1.692664e+00   1.131076e-15   1.119007e-03   9.104100e-19   1545046
  1.696554e+00   1.122439e-15   1.126236e-03   8.994854e-19   1560538
  1.700441e+00   1.111741e-15   1.120507e-03   8.905171e-19   1557506
  1.704322e+00   1.102157e-15   1.124114e-03   8.802246e-19   1570062
  1.708203e+00   1.093276e-15   1.119253e-03   8.718043e-19   1571290
  1.712089e+00   1.083384e-15   1.124856e-03   8.598226e-19   1588228
  1.715982e+00   1.074775e-15   1.121250e-03   8.511792e-19   1591046
  1.719873e+00   1.066681e-15   1.123715e-03   8.429213e-19   1602474
  1.723761e+00   1.056577e-15   1.118014e-03   8.352104e-19   1601646
  1.727642e+00   1.046370e-15   1.120550e-03   8.243190e-19   1611266
  1.731523e+00   1.038641e-15   1.120678e-03   8.165741e-19   1616634
  1.735410e+00   1.028561e-15   1.126166e-03   8.045900e-19   1631366
  1.739297e+00   1.022679e-15   1.119655e-03   8.011732e-19   1631028
  1.743180e+00   1.015365e-15   1.119854e-03   7.913773e-19   1641446
  1.747073e+00   1.005470e-15   1.124208e-03   7.827346e-19   1654234
  1.750973e+00   9.959405e-16   1.126198e-03   7.715590e-19   1662874
  1.754858e+00   9.886875e-16   1.117471e-03   7.682067e-19   1656686
  1.758736e+00   9.798802e-16   1.122008e-03   7.579810e-19   1670898
  1.762622e+00   9.716835e-16   1.123056e-03   7.495855e-19   1678074
  1.766507e+00   9.642217e-16   1.123311e-03   7.438947e-19   1685198
  1.770393e+00   9.548383e-16   1.122996e-03   7.343811e-19   1694524
  1.774282e+00   9.480359e-16   1.120709e-03   7.256102e-19   1701334
  1.778171e+00   9.396757e-16   1.120908e-03   7.185278e-19   1709386
  1.782064e+00   9.320606e-16   1.123720e-03   7.105386e-19   1719994
  1.785953e+00   9.241517e-16   1.121006e-03   7.045213e-19   1721510
  1.789842e+00   9.162115e-16   1.124974e-03   6.957766e-19   1734978
  1.793722e+00   9.092936e-16   1.116124e-03   6.911450e-19   1728646
  1.797599e+00   9.029295e-16   1.122713e-03   6.825010e-19   1746868
  1.801486e+00   8.942218e-16   1.121127e-03   6.753851e-19   1752922
  1.805380e+00   8.878196e-16   1.125234e-03   6.678242e-19   1767862
  1.809271e+00   8.783986e-16   1.119301e-03   6.619994e-19   1765698
  1.813160e+00   8.736185e-16   1.125035e-03   6.539224e-19   1781270
  1.817049e+00   8.661366e-16   1.121176e-03   6.500642e-19   1780650
  1.820932e+00   8.564801e-16   1.124142e-03   6.401004e-19   1792418
  1.824813e+00   8.516774e-16   1.119388e-03   6.357673e-19   1792790
  1.828696e+00   8.434834e-16   1.123591e-03   6.263754e-19   1809852
  1.832585e+00   8.376591e-16   1.120140e-03   6.223757e-19   1812666
  1.836475e+00   8.326004e-16   1.124777e-03   6.149899e-19   1827614
  1.840367e+00   8.257011e-16   1.121640e-03   6.100946e-19   1829970
  1.844251e+00   8.173793e-16   1.120370e-03   6.033936e-19   1835030
  1.848131e+00   8.114371e-16   1.119790e-03   5.969968e-19   1841410
  1.852017e+00   8.052631e-16   1.124723e-03   5.909546e-19   1856626
  1.855900e+00   7.988912e-16   1.118305e-03   5.869086e-19   1854656
  1.859782e+00   7.920787e-16   1.121720e-03   5.792998e-19   1870698
  1.863671e+00   7.867603e-16   1.120553e-03   5.742459e-19   1876998
  1.867559e+00   7.794574e-16   1.120979e-03   5.682044e-19   1884458
  1.871445e+00   7.742841e-16   1.122381e-03   5.633989e-19   1891730
  1.875338e+00   7.671217e-16   1.127317e-03   5.564921e-19   1907574
  1.879232e+00   7.610316e-16   1.122851e-03   5.508317e-19   1907730
  1.883115e+00   7.567275e-16   1.120697e-03   5.469709e-19   1912154
  1.886997e+00   7.496076e-16   1.121764e-03   5.410207e-19   1923216
  1.890888e+00   7.440876e-16   1.124326e-03   5.350356e-19   1936562
  1.894776e+00   7.380429e-16   1.119734e-03   5.311509e-19   1936862
  1.898663e+00   7.302296e-16   1.122747e-03   5.224624e-19   1950114
  1.902549e+00   7.277677e-16   1.121089e-03   5.198891e-19   1953306
  1.906439e+00   7.207503e-16   1.125982e-03   5.136443e-19   1968806
  1.910327e+00   7.134989e-16   1.121186e-03   5.087525e-19   1968818
  1.914211e+00   7.096080e-16   1.121720e-03   5.039304e-19   1980624
  1.918097e+00   7.031845e-16   1.118800e-03   4.998094e-19   1985034
  1.921980e+00   6.991016e-16   1.120281e-03   4.947637e-19   1995242
  1.925870e+00   6.930028e-16   1.123830e-03   4.888353e-19   2007742
  1.929759e+00   6.866840e-16   1.121495e-03   4.839315e-19   2010538
  1.933641e+00   6.810560e-16   1.121298e-03   4.806133e-19   2017390
  1.937531e+00   6.768999e-16   1.126602e-03   4.748111e-19   2034346
  1.941413e+00   6.706972e-16   1.117450e-03   4.715328e-19   2025498
  1.945299e+00   6.666100e-16   1.127850e-03   4.652216e-19   2055248
  1.949189e+00   6.608006e-16   1.116586e-03   4.627639e-19   2045090
  1.953070e+00   6.570587e-16   1.121603e-03   4.573884e-19   2062074
  1.956959e+00   6.505707e-16   1.122727e-03   4.527855e-19   2070190
  1.960848e+00   6.466484e-16   1.123891e-03   4.482975e-19   2079226
  1.964734e+00   6.417374e-16   1.122069e-03   4.444791e-19   2083990
  1.968623e+00   6.373050e-16   1.124515e-03   4.399041e-19   2097898
  1.972507e+00   6.315003e-16   1.118548e-03   4.366362e-19   2095452
  1.976394e+00   6.260740e-16   1.124843e-03   4.297121e-19   2117390
  1.980286e+00   6.216070e-16   1.119656e-03   4.278403e-19   2117066
  1.984162e+00   6.165211e-16   1.115140e-03   4.240130e-19   2117238
  1.988045e+00   6.122031e-16   1.124414e-03   4.184827e-19   2140026
  1.991938e+00   6.078428e-16   1.125139e-03   4.147918e-19   2147234
  1.995825e+00   6.027124e-16   1.122378e-03   4.118128e-19   2150118
  1.999710e+00   5.991537e-16   1.122400e-03   4.081143e-19   2160386
  2.003596e+00   5.940376e-16   1.121122e-03   4.034030e-19   2168256
  2.007488e+00   5.888476e-16   1.124409e-03   3.982048e-19   2183306
  2.011378e+00   5.858301e-16   1.120925e-03   3.963590e-19   2184642
  2.015262e+00   5.812929e-16   1.120511e-03   3.931877e-19   2192318
  2.019141e+00   5.759929e-16   1.118713e-03   3.886683e-19   2196066
  2.023031e+00   5.719322e-16   1.127541e-03   3.841469e-19   2220890
  2.026922e+00   5.670857e-16   1.121128e-03   3.808427e-19   2215758
  2.030810e+00   5.637648e-16   1.124804e-03   3.774240e-19   2233988
  2.034697e+00   5.593401e-16   1.118045e-03   3.741448e-19   2231670
  2.038579e+00   5.549057e-16   1.119728e-03   3.704665e-19   2244338
  2.042469e+00   5.512234e-16   1.123477e-03   3.671307e-19   2258610
  2.046358e+00   5.458925e-16   1.121050e-03   3.631628e-19   2260718
  2.050240e+00   5.430962e-16   1.120914e-03   3.612285e-19   2268162
  2.054123e+00   5.389405e-16   1.121571e-03   3.573527e-19   2277494
  2.058008e+00   5.345891e-16   1.123134e-03   3.535055e-19   2288796
  2.061901e+00   5.313884e-16   1.126253e-03   3.496592e-19   2305226
  2.065791e+00   5.269286e-16   1.119672e-03   3.469053e-19   2301630
  2.069679e+00   5.232499e-16   1.123731e-03   3.440409e-19   2319770
  2.073565e+00   5.191250e-16   1.118309e-03   3.418934e-19   2315610
  2.077447e+00   5.153563e-16   1.124236e-03   3.374206e-19   2334662
  2.081332e+00   5.120753e-16   1.120785e-03   3.348220e-19   2335722
  2.085219e+00   5.082794e-16   1.124829e-03   3.315821e-19   2354102
  2.089107e+00   5.047848e-16   1.120313e-03   3.287774e-19   2355156
  2.092998e+00   4.995588e-16   1.124614e-03   3.241006e-19   2374250
  2.096888e+00   4.972242e-16   1.120068e-03   3.233060e-19   2373102
  2.100776e+00   4.924465e-16   1.122758e-03   3.190111e-19   2388194
  2.104658e+00   4.890016e-16   1.116928e-03   3.168736e-19   2383470
  2.108539e+00   4.869613e-16   1.123618e-03   3.137360e-19   2404994
  2.112426e+00   4.819141e-16   1.121916e-03   3.107004e-19   2408538
  2.116308e+00   4.792567e-16   1.121742e-03   3.080951e-19   2417744
  2.120198e+00   4.758725e-16   1.124446e-03   3.050457e-19   2434578
  2.124090e+00   4.716265e-16   1.121710e-03   3.025989e-19   2438414
  2.127979e+00   4.689548e-16   1.122410e-03   2.993915e-19   2448066
  2.131867e+00   4.651248e-16   1.122662e-03   2.970485e-19   2456018
  2.135751e+00   4.617666e-16   1.121406e-03   2.945270e-19   2461230
  2.139636e+00   4.589259e-16   1.122653e-03   2.916049e-19   2474330
  2.143519e+00   4.551908e-16   1.119652e-03   2.891289e-19   2476498
  2.147405e+00   4.521948e-16   1.124366e-03   2.861373e-19   2497240
  2.151298e+00   4.487948e-16   1.122529e-03   2.839792e-19   2502930
  2.155185e+00   4.448603e-16   1.120390e-03   2.811671e-19   2508470
  2.159072e+00   4.417711e-16   1.121001e-03   2.789008e-19   2518482
  2.162961e+00   4.393947e-16   1.123829e-03   2.762544e-19   2532074
  2.166844e+00   4.362271e-16   1.118275e-03   2.744633e-19   2526678
  2.170724e+00   4.328090e-16   1.124045e-03   2.713855e-19   2549018
  2.174611e+00   4.300227e-16   1.120040e-03   2.691341e-19   2551704
  2.178497e+00   4.270370e-16   1.122028e-03   2.662686e-19   2566226
  2.182386e+00   4.236262e-16   1.122230e-03   2.642828e-19   2573898
  2.186278e+00   4.214566e-16   1.124844e-03   2.622235e-19   2589182
  2.190164e+00   4.181355e-16   1.119195e-03   2.600930e-19   2584890
  2.194049e+00   4.152538e-16   1.124371e-03   2.573225e-19   2605190
  2.197936e+00   4.117142e-16   1.121682e-03   2.553924e-19   2606418
  2.201821e+00   4.086075e-16   1.123741e-03   2.526961e-19   2621186
  2.205707e+00   4.053123e-16   1.120704e-03   2.501276e-19   2626608
  2.209592e+00   4.029954e-16   1.119995e-03   2.480393e-19   2636714
  2.213479e+00   4.003247e-16   1.121274e-03   2.460511e-19   2647482
  2.217374e+00   3.980855e-16   1.127022e-03   2.440400e-19   2668382
  2.221265e+00   3.949208e-16   1.120175e-03   2.420091e-19   2660418
  2.225149e+00   3.925609e-16   1.122869e-03   2.400046e-19   2676662
  2.229029e+00   3.895322e-16   1.117920e-03   2.381549e-19   2674210
  2.232911e+00   3.861970e-16   1.123157e-03   2.352696e-19   2697076
  2.236800e+00   3.833331e-16   1.121599e-03   2.332248e-19   2703558
  2.240687e+00   3.815725e-16   1.121191e-03   2.317146e-19   2713250
  2.244572e+00   3.785132e-16   1.119243e-03   2.299430e-19   2717718
  2.248464e+00   3.757811e-16   1.127021e-03   2.269044e-19   2743178
  2.252353e+00   3.736709e-16   1.120305e-03   2.263895e-19   2732730
  2.256238e+00   3.704646e-16   1.126187e-03   2.231872e-19   2758022
  2.260125e+00   3.682846e-16   1.119041e-03   2.220495e-19   2751994
  2.264006e+00   3.657941e-16   1.121171e-03   2.198636e-19   2769052
  2.267895e+00   3.630779e-16   1.122842e-03   2.176481e-19   2783062
  2.271785e+00   3.603891e-16   1.121645e-03   2.161219e-19   2789362
  2.275674e+00   3.579572e-16   1.121981e-03   2.142713e-19   2799582
  2.279564e+00   3.549629e-16   1.123236e-03   2.119499e-19   2811170
  2.283450e+00   3.528536e-16   1.121033e-03   2.101529e-19   2812658
  2.287338e+00   3.505734e-16   1.125793e-03   2.084238e-19   2833302
  2.291222e+00   3.478900e-16   1.118388e-03   2.066852e-19   2827420
  2.295104e+00   1.669593e-17   1.121018e-03   6.272317e-20   2846710
  2.298989e+00   9.225614e-34   1.120692e-03   5.758798e-37   2846535
  2.302873e+00   8.666055e-34   1.122997e-03   5.393619e-37   2848496
  2.306761e+00   8.146611e-34   1.122225e-03   5.047233e-37   2841084
  2.310652e+00   7.672085e-34   1.124928e-03   4.746488e-37   2843480
  2.314540e+00   7.252448e-34   1.120270e-03   4.502201e-37   2826624
  2.318424e+00   6.887631e-34   1.123352e-03   4.267320e-37   2828732
  2.322310e+00   6.560033e-34   1.121451e-03   4.079614e-37   2819296
  2.326197e+00   6.267653e-34   1.122811e-03   3.904057e-37   2819548
  2.330081e+00   5.999370e-34   1.118959e-03   3.750010e-37   2805192
  2.333967e+00   5.762213e-34   1.123463e-03   3.603909e-37   2811104
  2.337856e+00   5.547848e-34   1.121717e-03   3.481071e-37   2800672
  2.341743e+00   5.334801e-34   1.122654e-03   3.353853e-37   2798080
  2.345628e+00   5.136093e-34   1.120248e-03   3.245346e-37   2786976
  2.349516e+00   4.956672e-34   1.123594e-03   3.129467e-37   2791016
  2.353406e+00   4.795217e-34   1.121382e-03   3.035576e-37   2779360
  2.357287e+00   4.633859e-34   1.119573e-03   2.943430e-37   2768644
  2.361169e+00   4.481355e-34   1.122534e-03   2.850478e-37   2771192
  2.365058e+00   4.343011e-34   1.121875e-03   2.764916e-37   2765028
  2.368946e+00   4.211176e-34   1.122751e-03   2.689904e-37   2760864
  2.372840e+00   4.096740e-34   1.125689e-03   2.614020e-37   2761616
  2.376724e+00   3.975579e-34   1.118525e-03   2.554397e-37   2737932
  2.380610e+00   3.861588e-34   1.125904e-03   2.478468e-37   2752280
  2.384498e+00   3.755857e-34   1.118464e-03   2.427093e-37   2728764
  2.388382e+00   3.653847e-34   1.123937e-03   2.355912e-37   2736368
  2.392268e+00   3.560138e-34   1.119459e-03   2.305457e-37   2719952
  2.396155e+00   3.467252e-34   1.124236e-03   2.241939e-37   2727120
  2.400042e+00   3.388208e-34   1.118614e-03   2.206595e-37   2708400
  2.403932e+00   3.301998e-34   1.125719e-03   2.145102e-37   2718536
  2.407818e+00   3.223405e-34   1.118504e-03   2.108329e-37   2694300
  2.411707e+00   3.144207e-34   1.126793e-03   2.048727e-37   2709440
  2.415596e+00   3.073097e-34   1.117787e-03   2.014662e-37   2682108
  2.419475e+00   2.997519e-34   1.121308e-03   1.967898e-37   2684912
  2.423360e+00   2.931718e-34   1.121998e-03   1.929447e-37   2678868
  2.427246e+00   2.869819e-34   1.122668e-03   1.887486e-37   2674772
  2.431135e+00   2.795578e-34   1.123033e-03   1.841599e-37   2670120
  2.435021e+00   2.738353e-34   1.120804e-03   1.812046e-37   2659532
  2.438909e+00   2.677613e-34   1.123713e-03   1.770853e-37   2659704
  2.442801e+00   2.621813e-34   1.124617e-03   1.734341e-37   2654348
  2.446687e+00   2.566182e-34   1.121000e-03   1.704415e-37   2640276
  2.450572e+00   2.510511e-34   1.121992e-03   1.671311e-37   2638700
  2.454457e+00   2.463367e-34   1.120074e-03   1.643643e-37   2628244
  2.458344e+00   2.412737e-34   1.124115e-03   1.605220e-37   2630920
  2.462234e+00   2.365205e-34   1.121877e-03   1.582941e-37   2618904
  2.466118e+00   2.315444e-34   1.120448e-03   1.553503e-37   2610932
  2.470005e+00   2.270973e-34   1.121951e-03   1.521684e-37   2608464
  2.473895e+00   2.224115e-34   1.123139e-03   1.492838e-37   2603708
  2.477779e+00   2.177819e-34   1.119694e-03   1.462463e-37   2588012
  2.481660e+00   2.138936e-34   1.122196e-03   1.439643e-37   2588364
  2.485545e+00   2.098164e-34   1.120384e-03   1.414720e-37   2579076
  2.489430e+00   2.061564e-34   1.121132e-03   1.395303e-37   2574152
  2.493314e+00   2.019856e-34   1.121505e-03   1.366381e-37   2566812
  2.497207e+00   1.981993e-34   1.127061e-03   1.339751e-37   2573732
  2.501098e+00   1.945958e-34   1.119524e-03   1.318808e-37   2550568
  2.504983e+00   1.908886e-34   1.123035e-03   1.296774e-37   2552068
  2.508870e+00   1.876516e-34   1.121138e-03   1.277952e-37   2539620
  2.512757e+00   1.840324e-34   1.124635e-03   1.251041e-37   2540936
  2.516646e+00   1.810894e-34   1.121040e-03   1.233870e-37   2528032
  2.520531e+00   1.773191e-34   1.120365e-03   1.210461e-37   2521480
  2.524419e+00   1.746386e-34   1.122347e-03   1.195319e-37   2517980
  2.528309e+00   1.712263e-34   1.123011e-03   1.172008e-37   2511744
  2.532195e+00   1.687680e-34   1.120855e-03   1.158695e-37   2500140
  2.536081e+00   1.655379e-34   1.121926e-03   1.139041e-37   2496980
  2.539968e+00   1.628332e-34   1.121125e-03   1.119699e-37   2486924
  2.543856e+00   1.598439e-34   1.124762e-03   1.101140e-37   2487000
  2.547743e+00   1.570409e-34   1.120210e-03   1.084405e-37   2469840
  2.551626e+00   1.544035e-34   1.122637e-03   1.066895e-37   2469656
  2.555511e+00   1.521095e-34   1.119469e-03   1.054272e-37   2456844
  2.559401e+00   1.495200e-34   1.125965e-03   1.035438e-37   2462876
  2.563290e+00   1.469583e-34   1.120472e-03   1.020226e-37   2442136
  2.567174e+00   1.445047e-34   1.123165e-03   1.003342e-37   2441944
  2.571061e+00   1.423379e-34   1.120769e-03   9.930126e-38   2430508
  2.574945e+00   1.398979e-34   1.121157e-03   9.759128e-38   2424352
  2.578832e+00   1.376646e-34   1.123693e-03   9.612794e-38   2421264
  2.582722e+00   1.354279e-34   1.122895e-03   9.466137e-38   2413064
  2.586608e+00   1.333758e-34   1.120676e-03   9.331224e-38   2401572
  2.590492e+00   1.311928e-34   1.121724e-03   9.200844e-38   2397284
  2.594379e+00   1.292287e-34   1.121499e-03   9.088327e-38   2388336
  2.598268e+00   1.268855e-34   1.124943e-03   8.929494e-38   2387204
  2.602153e+00   1.251324e-34   1.119280e-03   8.838511e-38   2368644
  2.606033e+00   1.231296e-34   1.120613e-03   8.703872e-38   2365400
  2.609918e+00   1.216524e-34   1.121690e-03   8.598007e-38   2360072
  2.613808e+00   1.193355e-34   1.123660e-03   8.452942e-38   2356464
  2.617696e+00   1.177390e-34   1.121214e-03   8.348863e-38   2343240
  2.621583e+00   1.158338e-34   1.122605e-03   8.215322e-38   2340248
  2.625468e+00   1.140082e-34   1.118824e-03   8.113484e-38   2325000
  2.629355e+00   1.124063e-34   1.124959e-03   7.998904e-38   2328632
  2.633245e+00   1.107419e-34   1.121910e-03   7.885745e-38   2313220
  2.637134e+00   1.088660e-34   1.124095e-03   7.773133e-38   2310772
  2.641020e+00   1.075051e-34   1.119781e-03   7.702982e-38   2295420
  2.644905e+00   1.057436e-34   1.122584e-03   7.563155e-38   2293592
  2.648791e+00   1.042763e-34   1.120952e-03   7.490993e-38   2281384
  2.652683e+00   1.027262e-34   1.126704e-03   7.365094e-38   2285776
  2.656570e+00   1.012507e-34   1.117325e-03   7.316866e-38   2259408
  2.660455e+00   9.973536e-35   1.124314e-03   7.197569e-38   2266808
  2.664344e+00   9.833418e-35   1.120389e-03   7.127897e-38   2248836
  2.668227e+00   9.681061e-35   1.123045e-03   7.021331e-38   2245244
  2.672111e+00   9.549312e-35   1.120801e-03   6.931270e-38   2233908
  2.675998e+00   9.417946e-35   1.122974e-03   6.836858e-38   2231660
  2.679886e+00   9.275405e-35   1.120422e-03   6.777345e-38   2218544
  2.683775e+00   9.145505e-35   1.124792e-03   6.669381e-38   2218176
  2.687664e+00   9.026887e-35   1.121286e-03   6.605384e-38   2202900
  2.691550e+00   8.899593e-35   1.121747e-03   6.520032e-38   2197472
  2.695433e+00   8.779872e-35   1.118354e-03   6.454285e-38   2181960
  2.699317e+00   8.655937e-35   1.124130e-03   6.359820e-38   2183696
  2.703207e+00   8.535028e-35   1.123719e-03   6.298524e-38   2173416
  2.707096e+00   8.431920e-35   1.122917e-03   6.230804e-38   2165444
  2.710982e+00   8.292203e-35   1.119761e-03   6.141827e-38   2152688
  2.714867e+00   8.188924e-35   1.121777e-03   6.063594e-38   2147628
  2.718754e+00   8.078034e-35   1.122335e-03   6.008970e-38   2139012
  2.722646e+00   7.975183e-35   1.125226e-03   5.931095e-38   2136008
  2.726525e+00   7.850910e-35   1.114594e-03   5.878434e-38   2108656
  2.730404e+00   7.757999e-35   1.123744e-03   5.796052e-38   2117896
  2.734296e+00   7.663463e-35   1.123450e-03   5.735729e-38   2106260
  2.738185e+00   7.553168e-35   1.123855e-03   5.671372e-38   2099088
  2.742075e+00   7.430001e-35   1.121974e-03   5.598267e-38   2088432
  2.745961e+00   7.332415e-35   1.120471e-03   5.524093e-38   2078432
  2.749845e+00   7.249710e-35   1.120708e-03   5.483044e-38   2069048
  2.753732e+00   7.158440e-35   1.123831e-03   5.425133e-38   2064804
  2.757623e+00   7.058280e-35   1.123568e-03   5.358845e-38   2055644
  2.761510e+00   6.977017e-35   1.120700e-03   5.311347e-38   2043000
  2.765392e+00   6.866626e-35   1.120067e-03   5.230857e-38   2032348
  2.769281e+00   6.796053e-35   1.126495e-03   5.177249e-38   2034064
  2.773172e+00   6.723548e-35   1.122211e-03   5.155891e-38   2017740
  2.777059e+00   6.610143e-35   1.121480e-03   5.068739e-38   2010188
  2.780942e+00   6.530505e-35   1.118751e-03   5.023323e-38   1996556
  2.784826e+00   6.470542e-35   1.122456e-03   4.992016e-38   1992816
  2.788712e+00   6.369236e-35   1.122411e-03   4.928696e-38   1982400
  2.792596e+00   6.296187e-35   1.121262e-03   4.897143e-38   1972256
  2.796480e+00   6.218149e-35   1.121000e-03   4.835188e-38   1964384
  2.800370e+00   6.136522e-35   1.122889e-03   4.775711e-38   1958544
  2.804258e+00   6.081585e-35   1.122489e-03   4.749869e-38   1946988
  2.808149e+00   5.981420e-35   1.124629e-03   4.679711e-38   1942532
  2.812034e+00   5.917065e-35   1.117383e-03   4.650371e-38   1921692
  2.815918e+00   5.839295e-35   1.123808e-03   4.587159e-38   1924004
  2.819806e+00   5.773896e-35   1.120365e-03   4.559210e-38   1907344
  2.823695e+00   5.691754e-35   1.126069e-03   4.502339e-38   1907440
  2.827583e+00   5.629548e-35   1.118720e-03   4.478045e-38   1886136
  2.831464e+00   5.569565e-35   1.121920e-03   4.448600e-38   1883144
  2.835353e+00   5.494617e-35   1.122753e-03   4.380592e-38   1874724
  2.839243e+00   5.442982e-35   1.123826e-03   4.353535e-38   1866068
  2.843130e+00   5.356344e-35   1.121455e-03   4.306539e-38   1852980
  2.847017e+00   5.297263e-35   1.122782e-03   4.270329e-38   1847468
  2.850900e+00   5.244651e-35   1.117935e-03   4.237817e-38   1829636
  2.854785e+00   5.164063e-35   1.123959e-03   4.181526e-38   1829688
  2.858675e+00   5.108423e-35   1.122789e-03   4.151862e-38   1817192
  2.862561e+00   5.058815e-35   1.121150e-03   4.132269e-38   1806312
  2.866446e+00   4.998323e-35   1.120289e-03   4.100441e-38   1795984
  2.870334e+00   4.942263e-35   1.123627e-03   4.059661e-38   1791100
  2.874224e+00   4.891026e-35   1.122050e-03   4.029406e-38   1777648
  2.878111e+00   4.827302e-35   1.123043e-03   3.986611e-38   1769848
  2.881996e+00   4.773736e-35   1.119995e-03   3.960697e-38   1756536
  2.885881e+00   4.718902e-35   1.121386e-03   3.928488e-38   1748960
  2.889768e+00   4.669843e-35   1.123014e-03   3.899822e-38   1739952
  2.893658e+00   4.602847e-35   1.124239e-03   3.857133e-38   1732124
  2.897544e+00   4.556688e-35   1.120323e-03   3.834617e-38   1716852
  2.901430e+00   4.503399e-35   1.122735e-03   3.798136e-38   1712276
  2.905319e+00   4.454727e-35   1.121222e-03   3.775345e-38   1698500
  2.909208e+00   4.409033e-35   1.125604e-03   3.735774e-38   1693932
  2.913093e+00   4.361047e-35   1.119232e-03   3.719408e-38   1675204
  2.916975e+00   4.304408e-35   1.121771e-03   3.683385e-38   1670644
  2.920858e+00   4.265285e-35   1.118515e-03   3.682908e-38   1655532
  2.924748e+00   4.219928e-35   1.126990e-03   3.634248e-38   1656860
  2.928637e+00   4.181703e-35   1.119840e-03   3.633640e-38   1635372
  2.932524e+00   4.117783e-35   1.124773e-03   3.578176e-38   1634324
  2.936410e+00   4.087771e-35   1.117372e-03   3.572680e-38   1613676
  2.940295e+00   4.034464e-35   1.124617e-03   3.532072e-38   1613348
  2.944183e+00   3.994415e-35   1.120803e-03   3.520876e-38   1596236
  2.948069e+00   3.948463e-35   1.123999e-03   3.494570e-38   1591476
  2.951956e+00   3.907288e-35   1.119134e-03   3.476779e-38   1575732
  2.955838e+00   3.856670e-35   1.120429e-03   3.438262e-38   1566236
  2.959725e+00   3.834523e-35   1.124724e-03   3.429853e-38   1560292
  2.963618e+00   3.780126e-35   1.124442e-03   3.403639e-38   1550092
  2.967503e+00   3.744486e-35   1.118750e-03   3.398177e-38   1532628
  2.971386e+00   3.706268e-35   1.121507e-03   3.355989e-38   1527332
  2.975274e+00   3.666222e-35   1.121884e-03   3.347453e-38   1515212
  2.979160e+00   3.634196e-35   1.123567e-03   3.334438e-38   1506444
  2.983048e+00   3.594298e-35   1.122261e-03   3.310505e-38   1495116
  2.986928e+00   3.550663e-35   1.117074e-03   3.290066e-38   1479152
  2.990812e+00   3.510835e-35   1.122982e-03   3.260551e-38   1475512
  2.994707e+00   3.492002e-35   1.126591e-03   3.264171e-38   1467820
  2.998598e+00   3.445447e-35   1.121923e-03   3.232045e-38   1451256
  3.002486e+00   3.409707e-35   1.122725e-03   3.218756e-38   1443212
  3.006369e+00   3.371285e-35   1.117256e-03   3.193893e-38   1425680
  3.010254e+00   3.335663e-35   1.124371e-03   3.181675e-38   1422972
  3.014143e+00   3.311300e-35   1.123023e-03   3.175073e-38   1408632
  3.018032e+00   3.271035e-35   1.123941e-03   3.148348e-38   1400984
  3.021918e+00   3.239399e-35   1.117887e-03   3.141277e-38   1383196
  3.025801e+00   3.205536e-35   1.123197e-03   3.115074e-38   1378120
  3.029692e+00   3.183471e-35   1.124450e-03   3.127494e-38   1367272
  3.033584e+00   3.147383e-35   1.124457e-03   3.102694e-38   1356580
  3.037464e+00   3.106709e-35   1.115974e-03   3.086563e-38   1337028
  3.041343e+00   3.075078e-35   1.120802e-03   3.071553e-38   1332500
  3.045230e+00   3.049447e-35   1.122780e-03   3.055606e-38   1321796
  3.049120e+00   3.016409e-35   1.124838e-03   3.047301e-38   1312716
  3.053007e+00   2.989395e-35   1.119942e-03   3.041840e-38   1296580
  3.056896e+00   2.951895e-35   1.124221e-03   3.009632e-38   1291528
  3.060783e+00   2.924232e-35   1.119071e-03   3.008454e-38   1273128
  3.064669e+00   2.901162e-35   1.125633e-03   3.005541e-38   1268720
  3.068560e+00   2.870672e-35   1.122309e-03   2.981575e-38   1254016
  3.072444e+00   2.834424e-35   1.119894e-03   2.972219e-38   1241296
  3.076322e+00   2.808939e-35   1.116955e-03   2.962817e-38   1226712
  3.080211e+00   2.785946e-35   1.128188e-03   2.949441e-38   1226228
  3.084105e+00   2.763368e-35   1.122621e-03   2.962438e-38   1207768
  3.087992e+00   2.725509e-35   1.122433e-03   2.936284e-38   1198336
  3.091874e+00   2.708469e-35   1.117108e-03   2.944956e-38   1181484
  3.095761e+00   2.665552e-35   1.125421e-03   2.913733e-38   1178012
  3.099653e+00   2.658174e-35   1.123268e-03   2.929154e-38   1162564
  3.103535e+00   2.613460e-35   1.120338e-03   2.907283e-38   1149340
  3.107418e+00   2.591060e-35   1.119954e-03   2.892844e-38   1138848
  3.111303e+00   2.559969e-35   1.120192e-03   2.889619e-38   1126748
  3.115189e+00   2.550835e-35   1.123911e-03   2.904959e-38   1117428
  3.119084e+00   2.519871e-35   1.126323e-03   2.875696e-38   1108112
  3.122973e+00   2.484470e-35   1.119549e-03   2.862424e-38   1090596
  3.126857e+00   2.449914e-35   1.120292e-03   2.846515e-38   1081052
  3.130738e+00   2.440003e-35   1.118514e-03   2.868474e-38   1065716
  3.134626e+00   2.418776e-35   1.127732e-03   2.842478e-38   1061940
  3.138518e+00   2.387251e-35   1.121370e-03   2.854556e-38   1044096
  3.142404e+00   2.349226e-35   1.122139e-03   2.830473e-38   1034864
  3.146289e+00   2.332225e-35   1.117591e-03   2.823048e-38   1018308
  3.150179e+00   2.317296e-35   1.129200e-03   2.830202e-38   1014812
  3.154072e+00   2.280577e-35   1.121981e-03   2.828691e-38   996288
  3.157955e+00   2.249365e-35   1.120847e-03   2.803920e-38   985376
  3.161835e+00   2.231577e-35   1.115880e-03   2.814675e-38   969652
  3.165722e+00   2.205077e-35   1.125987e-03   2.784374e-38   964924
  3.169610e+00   2.185657e-35   1.121515e-03   2.806804e-38   947228
  3.173495e+00   2.144504e-35   1.123457e-03   2.766862e-38   939084
  3.177381e+00   2.120600e-35   1.116472e-03   2.756089e-38   921864
  3.181265e+00   2.092457e-35   1.123502e-03   2.746692e-38   914252
  3.185159e+00   2.085390e-35   1.126304e-03   2.765336e-38   902572
  3.189050e+00   2.048687e-35   1.123145e-03   2.740857e-38   888784
  3.192932e+00   2.007161e-35   1.116224e-03   2.696283e-38   872540
  3.196811e+00   1.981902e-35   1.120157e-03   2.683964e-38   862848
  3.200697e+00   1.967506e-35   1.124093e-03   2.707910e-38   851760
  3.204592e+00   1.934450e-35   1.127172e-03   2.667858e-38   841940
  3.208479e+00   1.903694e-35   1.117661e-03   2.657027e-38   823032
  3.212364e+00   1.873273e-35   1.123934e-03   2.630444e-38   816044
  3.216253e+00   1.846583e-35   1.120364e-03   2.627191e-38   799292
  3.220140e+00   1.820212e-35   1.126784e-03   2.616201e-38   791304
  3.224026e+00   1.783635e-35   1.117490e-03   2.572088e-38   772868
  3.227902e+00   1.745897e-35   1.119936e-03   2.536802e-38   762552
  3.231787e+00   1.724041e-35   1.121745e-03   2.512231e-38   750876
  3.235677e+00   1.692998e-35   1.123999e-03   2.492270e-38   739280
  3.239565e+00   1.651488e-35   1.121784e-03   2.435799e-38   724944
  3.243456e+00   1.611999e-35   1.124267e-03   2.390210e-38   714380
  3.247336e+00   1.576169e-35   1.116046e-03   2.339481e-38   695932
  3.251222e+00   1.538923e-35   1.126879e-03   2.276658e-38   690949
  3.255114e+00   1.507269e-35   1.118914e-03   2.227597e-38   673638
  3.258999e+00   1.473678e-35   1.124434e-03   2.181456e-38   666092
  3.262883e+00   1.453751e-35   1.117312e-03   2.174298e-38   651024
  3.266766e+00   1.426875e-35   1.124054e-03   2.125209e-38   644804
  3.270656e+00   1.400372e-35   1.121035e-03   2.100614e-38   632676
  3.274546e+00   1.374015e-35   1.125434e-03   2.073596e-38   624962
  3.278430e+00   1.348399e-35   1.118496e-03   2.023394e-38   611280
  3.282321e+00   1.328444e-35   1.127391e-03   2.002900e-38   607256
  3.286211e+00   1.310612e-35   1.118374e-03   1.996479e-38   592616
  3.290095e+00   1.288294e-35   1.124430e-03   1.970563e-38   587160
  3.293983e+00   1.264333e-35   1.120749e-03   1.937790e-38   575482
  3.297866e+00   1.244934e-35   1.122505e-03   1.927792e-38   568258
  3.301757e+00   1.228950e-35   1.122731e-03   1.898162e-38   559638
  3.305647e+00   1.207106e-35   1.123210e-03   1.888653e-38   551498
  3.309536e+00   1.192329e-35   1.121790e-03   1.861184e-38   542364
  3.313423e+00   1.168431e-35   1.122328e-03   1.842089e-38   534146
  3.317305e+00   1.154288e-35   1.119988e-03   1.826520e-38   524980
  3.321196e+00   1.131590e-35   1.125222e-03   1.795168e-38   519964
  3.325077e+00   1.116102e-35   1.115886e-03   1.780908e-38   507108
  3.328962e+00   1.099287e-35   1.126905e-03   1.748764e-38   504992
  3.332852e+00   1.084702e-35   1.118656e-03   1.744701e-38   492948
  3.336740e+00   1.070459e-35   1.127360e-03   1.725534e-38   489740
  3.340629e+00   1.054039e-35   1.117346e-03   1.715845e-38   477716
  3.344511e+00   1.034452e-35   1.124864e-03   1.689771e-38   473844
  3.348399e+00   1.025519e-35   1.119228e-03   1.675136e-38   464222
  3.352284e+00   1.001678e-35   1.123815e-03   1.652401e-38   459048
  3.356167e+00   9.983676e-36   1.117888e-03   1.655822e-38   449574
  3.360054e+00   9.762817e-36   1.125019e-03   1.626922e-38   445820
  3.363936e+00   9.674105e-36   1.116211e-03   1.635306e-38   435158
  3.367827e+00   9.541958e-36   1.127850e-03   1.617050e-38   433566
  3.371713e+00   9.407064e-36   1.114763e-03   1.601863e-38   421014
  3.375597e+00   9.275645e-36   1.127754e-03   1.580168e-38   419996
  3.379490e+00   9.150020e-36   1.118287e-03   1.568139e-38   409482
  3.383368e+00   8.964231e-36   1.121665e-03   1.545097e-38   404414
  3.387257e+00   8.929723e-36   1.122567e-03   1.551931e-38   398518
  3.391148e+00   8.726564e-36   1.123750e-03   1.522312e-38   392302
  3.395033e+00   8.691350e-36   1.121765e-03   1.533153e-38   385318
  3.398930e+00   8.507589e-36   1.127631e-03   1.509955e-38   381718
  3.402811e+00   8.402326e-36   1.114511e-03   1.506300e-38   370674
  3.406696e+00   8.302008e-36   1.128673e-03   1.497101e-38   370166
  3.410587e+00   8.274425e-36   1.117032e-03   1.498383e-38   359838
  3.414471e+00   8.105935e-36   1.126612e-03   1.468083e-38   357488
  3.418356e+00   8.035276e-36   1.115416e-03   1.480525e-38   348174
  3.422239e+00   7.891654e-36   1.126138e-03   1.455845e-38   346010
  3.426123e+00   7.826262e-36   1.115666e-03   1.454641e-38   336966
  3.430017e+00   7.693914e-36   1.131496e-03   1.432469e-38   336488
  3.433906e+00   7.617711e-36   1.113178e-03   1.440577e-38   325206
  3.437790e+00   7.490678e-36   1.128394e-03   1.417778e-38   324614
  3.441675e+00   7.415577e-36   1.113950e-03   1.419397e-38   314792
  3.445561e+00   7.288397e-36   1.129033e-03   1.399405e-38   314082
  3.449445e+00   7.200879e-36   1.112843e-03   1.409418e-38   303918
  3.453329e+00   7.146888e-36   1.130230e-03   1.388395e-38   303872
  3.457223e+00   7.056916e-36   1.118237e-03   1.386285e-38   295070
  3.461110e+00   6.963896e-36   1.127117e-03   1.371162e-38   292776
  3.464999e+00   6.866055e-36   1.118155e-03   1.366400e-38   285198
  3.468882e+00   6.752286e-36   1.124173e-03   1.357933e-38   282068
  3.472770e+00   6.709539e-36   1.120642e-03   1.354059e-38   276094
  3.476654e+00   6.590884e-36   1.121770e-03   1.346702e-38   271936
  3.480537e+00   6.535043e-36   1.119604e-03   1.343472e-38   266352
  3.484425e+00   6.465182e-36   1.124273e-03   1.328846e-38   263198
  3.488309e+00   6.418935e-36   1.117087e-03   1.350222e-38   256540
  3.492199e+00   6.314832e-36   1.128018e-03   1.321981e-38   254758
  3.496085e+00   6.222971e-36   1.114575e-03   1.326186e-38   246888
  3.499973e+00   6.156893e-36   1.129431e-03   1.319388e-38   245984
  3.503859e+00   6.068533e-36   1.113747e-03   1.314265e-38   237838
  3.507743e+00   6.001837e-36   1.128624e-03   1.309561e-38   236932
  3.511628e+00   5.927989e-36   1.114686e-03   1.291409e-38   229296
  3.515519e+00   5.848242e-36   1.132107e-03   1.289477e-38   228968
  3.519410e+00   5.830621e-36   1.115334e-03   1.299789e-38   220862
  3.523299e+00   5.728115e-36   1.132320e-03   1.288134e-38   220440
  3.527188e+00   5.689947e-36   1.113877e-03   1.290363e-38   212400
  3.531075e+00   5.570364e-36   1.132596e-03   1.264946e-38   212228
  3.534965e+00   5.566803e-36   1.113928e-03   1.285004e-38   204518
  3.538852e+00   5.447369e-36   1.130227e-03   1.270744e-38   203928
  3.542735e+00   5.382566e-36   1.110921e-03   1.268300e-38   196280
  3.546619e+00   5.305204e-36   1.130361e-03   1.246125e-38   196272
  3.550503e+00   5.284366e-36   1.110008e-03   1.273031e-38   188572
  3.554385e+00   5.197442e-36   1.129045e-03   1.237317e-38   188440
  3.558272e+00   5.172741e-36   1.112527e-03   1.263546e-38   181574
  3.562156e+00   5.093627e-36   1.129325e-03   1.243999e-38   180912
  3.566042e+00   5.081419e-36   1.112617e-03   1.263096e-38   174304
  3.569927e+00   4.969346e-36   1.129933e-03   1.239463e-38   173620
  3.573814e+00   4.977254e-36   1.114477e-03   1.265150e-38   167424
  3.577707e+00   4.878222e-36   1.132693e-03   1.239887e-38   166952
  3.581590e+00   4.851915e-36   1.109406e-03   1.261948e-38   159744
  3.585479e+00   4.751475e-36   1.134885e-03   1.219627e-38   160424
  3.589363e+00   4.780657e-36   1.107308e-03   1.260212e-38   152748
  3.593250e+00   4.677781e-36   1.136784e-03   1.232195e-38   153920
  3.597136e+00   4.613016e-36   1.105473e-03   1.235989e-38   146016
  3.601018e+00   4.560988e-36   1.136208e-03   1.220908e-38   147176
  3.604907e+00   4.529828e-36   1.107710e-03   1.244736e-38   139992
  3.608791e+00   4.508366e-36   1.135264e-03   1.235579e-38   140588
  3.612682e+00   4.455237e-36   1.111007e-03   1.247074e-38   134184
  3.616571e+00   4.385168e-36   1.134121e-03   1.233966e-38   134192
  3.620457e+00   4.367598e-36   1.110077e-03   1.252414e-38   127992
  3.624344e+00   4.326601e-36   1.133946e-03   1.236737e-38   128132
  3.628235e+00   4.290962e-36   1.112933e-03   1.260745e-38   122384
  3.632120e+00   4.177431e-36   1.130787e-03   1.218999e-38   121896
  3.636006e+00   4.198604e-36   1.111987e-03   1.256345e-38   116592
  3.639888e+00   4.137977e-36   1.130031e-03   1.242562e-38   116072
  3.643776e+00   4.125548e-36   1.113281e-03   1.269112e-38   111196
  3.647666e+00   4.038501e-36   1.133982e-03   1.234748e-38   110824
  3.651553e+00   4.038892e-36   1.109351e-03   1.269498e-38   105456
  3.655445e+00   3.962010e-36   1.137911e-03   1.234598e-38   105746
  3.659331e+00   3.959778e-36   1.104570e-03   1.274927e-38   99816
  3.663217e+00   3.896750e-36   1.137630e-03   1.251985e-38   100460
  3.667098e+00   3.903515e-36   1.103186e-03   1.295315e-38   94616
  3.670986e+00   3.844425e-36   1.138482e-03   1.260569e-38   95448
  3.674871e+00   3.788357e-36   1.104767e-03   1.274709e-38   89784
  3.678762e+00   3.766955e-36   1.138753e-03   1.278846e-38   90536
  3.682640e+00   3.744290e-36   1.098833e-03   1.300438e-38   84566
  3.686528e+00   3.680250e-36   1.143171e-03   1.272476e-38   86088
  3.690411e+00   3.680111e-36   1.094501e-03   1.311060e-38   79680
  3.694290e+00   3.657714e-36   1.143460e-03   1.293114e-38   81368
  3.698177e+00   3.603694e-36   1.096007e-03   1.324156e-38   75356
  3.702056e+00   3.561848e-36   1.143156e-03   1.309865e-38   76704
  3.705948e+00   3.581454e-36   1.100016e-03   1.346898e-38   71322
  3.709834e+00   3.521379e-36   1.143672e-03   1.318840e-38   72248
  3.713724e+00   3.503907e-36   1.099908e-03   1.348306e-38   67160
  3.717610e+00   3.449663e-36   1.141543e-03   1.342469e-38   67836
  3.721489e+00   3.433627e-36   1.096984e-03   1.386146e-38   62976
  3.725379e+00   3.381029e-36   1.144398e-03   1.350036e-38   63914
  3.729253e+00   3.352172e-36   1.092761e-03   1.399967e-38   58832
  3.733144e+00   3.358719e-36   1.147084e-03   1.378339e-38   60108
  3.737017e+00   3.343351e-36   1.090205e-03   1.436401e-38   54920
  3.740928e+00   3.295056e-36   1.160099e-03   1.382846e-38   56970
  3.744809e+00   3.296641e-36   1.078913e-03   1.470094e-38   50760
  3.748701e+00   3.248413e-36   1.161348e-03   1.409707e-38   53312
  3.752584e+00   3.252608e-36   1.074836e-03   1.513021e-38   47164
  3.756472e+00   3.155474e-36   1.163802e-03   1.434469e-38   49810
  3.760356e+00   3.223695e-36   1.069365e-03   1.554114e-38   43680
  3.764234e+00   3.160456e-36   1.164818e-03   1.479883e-38   46328
  3.768129e+00   3.139732e-36   1.073902e-03   1.573178e-38   40694
  3.772013e+00   3.079915e-36   1.167140e-03   1.497607e-38   42984
  3.775913e+00   3.098348e-36   1.073587e-03   1.616030e-38   37656
  3.779787e+00   3.052591e-36   1.164236e-03   1.534272e-38   39578
  3.783688e+00   3.073781e-36   1.077878e-03   1.654185e-38   34920
  3.787564e+00   3.024478e-36   1.160065e-03   1.581655e-38   36308
  3.791451e+00   3.046310e-36   1.076316e-03   1.717080e-38   32136
  3.795334e+00   2.963911e-36   1.159401e-03   1.634174e-38   33362
  3.799207e+00   3.011511e-36   1.069739e-03   1.777164e-38   29336
  3.803104e+00   2.964530e-36   1.167435e-03   1.685205e-38   30804
  3.806966e+00   2.980476e-36   1.055228e-03   1.835443e-38   26490
  3.810870e+00   2.939624e-36   1.176653e-03   1.738582e-38   28376
  3.814719e+00   2.958744e-36   1.039734e-03   1.951849e-38   23784
  3.818636e+00   2.922642e-36   1.189627e-03   1.774038e-38   26150
  3.822479e+00   2.917060e-36   1.021588e-03   1.995739e-38   21192
  3.826407e+00   2.938331e-36   1.204804e-03   1.910669e-38   24050
  3.830252e+00   2.877030e-36   1.002280e-03   2.084245e-38   18768
  3.834191e+00   2.873255e-36   1.221518e-03   1.887002e-38   22052
  3.838029e+00   2.866098e-36   9.660660e-04   2.246579e-38   16346
  3.841962e+00   2.798104e-36   1.236558e-03   2.008800e-38   20136
  3.845802e+00   2.853180e-36   9.274195e-04   2.450421e-38   14160
  3.849721e+00   2.831251e-36   1.247069e-03   2.064703e-38   18218
  3.853565e+00   2.837623e-36   8.859468e-04   2.619981e-38   12204
  3.857470e+00   2.793417e-36   1.256334e-03   2.190773e-38   16346
  3.861333e+00   2.807585e-36   8.562781e-04   2.746322e-38   10536
  3.865221e+00   2.717477e-36   1.261091e-03   2.276831e-38   14456
  3.869081e+00   2.810401e-36   8.165112e-04   2.997902e-38   8990
  3.872967e+00   2.755225e-36   1.270385e-03   2.453622e-38   12744
  3.876815e+00   2.794439e-36   7.482517e-04   3.231895e-38   7506
  3.880703e+00   2.776246e-36   1.282849e-03   2.584620e-38   11192
  3.884545e+00   2.762566e-36   6.569471e-04   3.438239e-38   6156
  3.888432e+00   2.698117e-36   1.294599e-03   2.712155e-38   9722
  3.892281e+00   2.713435e-36   5.567157e-04   3.880624e-38   4992
  3.896158e+00   2.814039e-36   1.304505e-03   3.126095e-38   8306
  3.900025e+00   2.751140e-36   4.384033e-04   4.469907e-38   3996
  3.903878e+00   2.762073e-36   1.309274e-03   3.303527e-38   6938
  3.907766e+00   2.879014e-36   3.047624e-04   5.138817e-38   3168
  3.911584e+00   2.754566e-36   1.304853e-03   3.697512e-38   5624
  3.915485e+00   2.784167e-36   2.103226e-04   5.472252e-38   2502
  3.919286e+00   2.778795e-36   1.297747e-03   4.096907e-38   4424
  3.923208e+00   2.817338e-36   2.230451e-04   6.092305e-38   1946
  3.926998e+00   2.688781e-36   1.292790e-03   4.644431e-38   3360
  3.930918e+00   2.882354e-36   1.221617e-04   7.311004e-38   1446
  3.934708e+00   2.611867e-36   1.290208e-03   5.539285e-38   2456
  3.938666e+00   2.691372e-36   2.340394e-04   8.382179e-38   1034
  3.942432e+00   2.592249e-36   1.288305e-03   6.394121e-38   1680
  3.946383e+00   2.666643e-36   5.837572e-05   9.544317e-38   678
  3.950143e+00   2.522649e-36   1.286681e-03   7.659411e-38   1064
  3.954177e+00   2.438417e-36   3.540138e-04   1.121245e-37   410
  3.957868e+00   2.730595e-36   1.284749e-03   1.137139e-37   576
  3.961879e+00   3.152182e-36   1.855368e-05   2.108736e-37   198
  3.965528e+00   2.371914e-36   1.272780e-03   1.641709e-37   248
  3.969917e+00   2.041882e-36   8.019490e-04   2.530480e-37   74
  3.973198e+00   2.836571e-36   1.252635e-03   4.505044e-37   48
  3.977405e+00   4.594360e-36   5.034095e-08   1.506154e-36   6
