# power spectrum of zeta (dimensionless)
# redshift z=-0.004205
# k              Pk             sigma(k)       sigma(Pk)      count
  5.727314e-03   3.029439e-18   8.763345e-04   5.901068e-19   18
  1.001182e-02   5.209732e-17   1.059922e-03   8.113341e-18   62
  1.393445e-02   1.240493e-16   7.332271e-04   1.601076e-17   90
  1.764809e-02   2.961697e-16   1.157232e-03   2.034756e-17   170
  2.151286e-02   4.771388e-16   1.202795e-03   2.791013e-17   246
  2.528669e-02   6.963399e-16   1.146703e-03   3.854440e-17   338
  2.901099e-02   1.092783e-15   9.857564e-04   5.476886e-17   432
  3.284683e-02   1.419725e-15   1.010047e-03   6.253921e-17   578
  3.688195e-02   1.702552e-15   1.177086e-03   6.204083e-17   786
  4.101464e-02   2.034241e-15   1.190994e-03   6.610330e-17   974
  4.488954e-02   2.442942e-15   1.031402e-03   7.767375e-17   1002
  4.870958e-02   3.083701e-15   1.179303e-03   8.243221e-17   1334
  5.263577e-02   3.391162e-15   1.134676e-03   9.253541e-17   1458
  5.631027e-02   4.086192e-15   1.072446e-03   1.002552e-16   1604
  6.010158e-02   4.666575e-15   1.088865e-03   1.113543e-16   1974
  6.404851e-02   5.427459e-15   1.067989e-03   1.156946e-16   2234
  6.795611e-02   6.246551e-15   1.092954e-03   1.275812e-16   2490
  7.198483e-02   6.962741e-15   1.200217e-03   1.308563e-16   3014
  7.595394e-02   7.724562e-15   1.093611e-03   1.405985e-16   3018
  7.977896e-02   8.301978e-15   1.131598e-03   1.446347e-16   3446
  8.359600e-02   8.672600e-15   1.085617e-03   1.466991e-16   3626
  8.742004e-02   9.041914e-15   1.125556e-03   1.424338e-16   4164
  9.130612e-02   9.920654e-15   1.090740e-03   1.517878e-16   4470
  9.521636e-02   1.010717e-14   1.115446e-03   1.483539e-16   4970
  9.915211e-02   1.095205e-14   1.127844e-03   1.477335e-16   5366
  1.030785e-01   1.107192e-14   1.144516e-03   1.428286e-16   5778
  1.069619e-01   1.212416e-14   1.149148e-03   1.529658e-16   6162
  1.108671e-01   1.277441e-14   1.158272e-03   1.615321e-16   6734
  1.146806e-01   1.322577e-14   1.074898e-03   1.600273e-16   6756
  1.184510e-01   1.437211e-14   1.088568e-03   1.610854e-16   7502
  1.223464e-01   1.533906e-14   1.105366e-03   1.716213e-16   8154
  1.262469e-01   1.584519e-14   1.103283e-03   1.710967e-16   8618
  1.301909e-01   1.701385e-14   1.146655e-03   1.770774e-16   9390
  1.341197e-01   1.801309e-14   1.126004e-03   1.825461e-16   9722
  1.380051e-01   1.794987e-14   1.126950e-03   1.771644e-16   10242
  1.419007e-01   1.844454e-14   1.149257e-03   1.749601e-16   11006
  1.457777e-01   1.930653e-14   1.106962e-03   1.830372e-16   11348
  1.496576e-01   1.932884e-14   1.105725e-03   1.734015e-16   12150
  1.535164e-01   1.943392e-14   1.078348e-03   1.767993e-16   12498
  1.574072e-01   2.005145e-14   1.129889e-03   1.694969e-16   13586
  1.613096e-01   2.032660e-14   1.132072e-03   1.732113e-16   14006
  1.652381e-01   2.100779e-14   1.166232e-03   1.675968e-16   15162
  1.691226e-01   2.131247e-14   1.101754e-03   1.750229e-16   14990
  1.729750e-01   2.178833e-14   1.143142e-03   1.697952e-16   16380
  1.768610e-01   2.286534e-14   1.105581e-03   1.779839e-16   16666
  1.807168e-01   2.357544e-14   1.110348e-03   1.782166e-16   17638
  1.845996e-01   2.445943e-14   1.100521e-03   1.817317e-16   18354
  1.884710e-01   2.484324e-14   1.102640e-03   1.841905e-16   19034
  1.923685e-01   2.595852e-14   1.144302e-03   1.790459e-16   20270
  1.963174e-01   2.677448e-14   1.155956e-03   1.822458e-16   21258
  2.002141e-01   2.697382e-14   1.111898e-03   1.831124e-16   21350
  2.040863e-01   2.700902e-14   1.123159e-03   1.811757e-16   22644
  2.079681e-01   2.762012e-14   1.101476e-03   1.821251e-16   23114
  2.118390e-01   2.780659e-14   1.118265e-03   1.811088e-16   24342
  2.157382e-01   2.762196e-14   1.117694e-03   1.752042e-16   25194
  2.196235e-01   2.796372e-14   1.116195e-03   1.758971e-16   25982
  2.234724e-01   2.865038e-14   1.109599e-03   1.759959e-16   26506
  2.273806e-01   2.903358e-14   1.167806e-03   1.717638e-16   28738
  2.312750e-01   2.925942e-14   1.110542e-03   1.745728e-16   28296
  2.351662e-01   2.911585e-14   1.143823e-03   1.657033e-16   30554
  2.390501e-01   2.925817e-14   1.084103e-03   1.696572e-16   30094
  2.428824e-01   3.047351e-14   1.109820e-03   1.717974e-16   31738
  2.467836e-01   3.046923e-14   1.134747e-03   1.678027e-16   33306
  2.506613e-01   3.131434e-14   1.104153e-03   1.689357e-16   33422
  2.545365e-01   3.186398e-14   1.131527e-03   1.699841e-16   35298
  2.584714e-01   3.195731e-14   1.143069e-03   1.674060e-16   36650
  2.623670e-01   3.209536e-14   1.115532e-03   1.660219e-16   36888
  2.662651e-01   3.240036e-14   1.131896e-03   1.639383e-16   38834
  2.701697e-01   3.269138e-14   1.107355e-03   1.655531e-16   39246
  2.740453e-01   3.290208e-14   1.111777e-03   1.632144e-16   40466
  2.778984e-01   3.333731e-14   1.108403e-03   1.643768e-16   41106
  2.817847e-01   3.321241e-14   1.145602e-03   1.598376e-16   43598
  2.856833e-01   3.362218e-14   1.116308e-03   1.604905e-16   43650
  2.895471e-01   3.318961e-14   1.120907e-03   1.565658e-16   45272
  2.934575e-01   3.398157e-14   1.131740e-03   1.574446e-16   46994
  2.973636e-01   3.414769e-14   1.124346e-03   1.562169e-16   47850
  3.012447e-01   3.412407e-14   1.115858e-03   1.553751e-16   48846
  3.051030e-01   3.419385e-14   1.105642e-03   1.543861e-16   49706
  3.089532e-01   3.458672e-14   1.113265e-03   1.536389e-16   51198
  3.128464e-01   3.432821e-14   1.134266e-03   1.511293e-16   53402
  3.167281e-01   3.519708e-14   1.111145e-03   1.513727e-16   53634
  3.206428e-01   3.525380e-14   1.143806e-03   1.477300e-16   56888
  3.245618e-01   3.528789e-14   1.106794e-03   1.489729e-16   56474
  3.284581e-01   3.530256e-14   1.130606e-03   1.449729e-16   58962
  3.323510e-01   3.547269e-14   1.114731e-03   1.459409e-16   59214
  3.362265e-01   3.558610e-14   1.127963e-03   1.448503e-16   61250
  3.400938e-01   3.565719e-14   1.110759e-03   1.451854e-16   61694
  3.439480e-01   3.594005e-14   1.120230e-03   1.430497e-16   63618
  3.478512e-01   3.579612e-14   1.140078e-03   1.397368e-16   66284
  3.517691e-01   3.569275e-14   1.123324e-03   1.382260e-16   67014
  3.556494e-01   3.539671e-14   1.113722e-03   1.355378e-16   67930
  3.595371e-01   3.597314e-14   1.127426e-03   1.354475e-16   70294
  3.634200e-01   3.614424e-14   1.114424e-03   1.368027e-16   70658
  3.672742e-01   3.556626e-14   1.121955e-03   1.331449e-16   72522
  3.711539e-01   3.593768e-14   1.125103e-03   1.335189e-16   74550
  3.750359e-01   3.609448e-14   1.112832e-03   1.319731e-16   75674
  3.789191e-01   3.584339e-14   1.116846e-03   1.275039e-16   77708
  3.828461e-01   3.625010e-14   1.136191e-03   1.262545e-16   80622
  3.867545e-01   3.602109e-14   1.112810e-03   1.268227e-16   80330
  3.906423e-01   3.612706e-14   1.128269e-03   1.249966e-16   82974
  3.945313e-01   3.592221e-14   1.118618e-03   1.241606e-16   83666
  3.984084e-01   3.629217e-14   1.126394e-03   1.243817e-16   85746
  4.022765e-01   3.601755e-14   1.118427e-03   1.231889e-16   86702
  4.061542e-01   3.596235e-14   1.126154e-03   1.195722e-16   89556
  4.100569e-01   3.608133e-14   1.118519e-03   1.199056e-16   91038
  4.139484e-01   3.614409e-14   1.117921e-03   1.186373e-16   92522
  4.178268e-01   3.580933e-14   1.119569e-03   1.164592e-16   94034
  4.217415e-01   3.590545e-14   1.145339e-03   1.155852e-16   97758
  4.256173e-01   3.591518e-14   1.103600e-03   1.156295e-16   95770
  4.294627e-01   3.583638e-14   1.123790e-03   1.136561e-16   99646
  4.333400e-01   3.607673e-14   1.115333e-03   1.136076e-16   100980
  4.372362e-01   3.573155e-14   1.127284e-03   1.108477e-16   104258
  4.411386e-01   3.582286e-14   1.114910e-03   1.112420e-16   104998
  4.450377e-01   3.575426e-14   1.124073e-03   1.086874e-16   107866
  4.489311e-01   3.582168e-14   1.113184e-03   1.092984e-16   108154
  4.528161e-01   3.579136e-14   1.135370e-03   1.071977e-16   111622
  4.567076e-01   3.565761e-14   1.122976e-03   1.063757e-16   112146
  4.605727e-01   3.528807e-14   1.119518e-03   1.050325e-16   114014
  4.644440e-01   3.541811e-14   1.115906e-03   1.047347e-16   116220
  4.683319e-01   3.521737e-14   1.119789e-03   1.022833e-16   118682
  4.722291e-01   3.544419e-14   1.126606e-03   1.026249e-16   121118
  4.761348e-01   3.526551e-14   1.124808e-03   1.002278e-16   122994
  4.800157e-01   3.517898e-14   1.114862e-03   1.004179e-16   123574
  4.838959e-01   3.537145e-14   1.131276e-03   9.934102e-17   126922
  4.877763e-01   3.502228e-14   1.124735e-03   9.798341e-17   127906
  4.916481e-01   3.488955e-14   1.121767e-03   9.578678e-17   130432
  4.955333e-01   3.484352e-14   1.114812e-03   9.614188e-17   132642
  4.994186e-01   3.478226e-14   1.110800e-03   9.522060e-17   134534
  5.033164e-01   3.449822e-14   1.124671e-03   9.334932e-17   137778
  5.072392e-01   3.436188e-14   1.135312e-03   9.196870e-17   140786
  5.111285e-01   3.469766e-14   1.110620e-03   9.299722e-17   139590
  5.149976e-01   3.440512e-14   1.125619e-03   9.102161e-17   143546
  5.188865e-01   3.443027e-14   1.125142e-03   9.034527e-17   145338
  5.227635e-01   3.419004e-14   1.120484e-03   8.858969e-17   147272
  5.266520e-01   3.405269e-14   1.122335e-03   8.791993e-17   150330
  5.305485e-01   3.427989e-14   1.118234e-03   8.785343e-17   152318
  5.344262e-01   3.408432e-14   1.111066e-03   8.647205e-17   153202
  5.383243e-01   3.363121e-14   1.138693e-03   8.423497e-17   158626
  5.422165e-01   3.386116e-14   1.116855e-03   8.517551e-17   157350
  5.460935e-01   3.352725e-14   1.131200e-03   8.294952e-17   161906
  5.499589e-01   3.356173e-14   1.105071e-03   8.356277e-17   160872
  5.538418e-01   3.363942e-14   1.133375e-03   8.189071e-17   167858
  5.577463e-01   3.337320e-14   1.114977e-03   8.210485e-17   167514
  5.616201e-01   3.315089e-14   1.113803e-03   8.059197e-17   169862
  5.655108e-01   3.304141e-14   1.124453e-03   7.948139e-17   173602
  5.694083e-01   3.287159e-14   1.123533e-03   7.888790e-17   175258
  5.732959e-01   3.293297e-14   1.127164e-03   7.822216e-17   177654
  5.771897e-01   3.261010e-14   1.130949e-03   7.683038e-17   180698
  5.810773e-01   3.281862e-14   1.119005e-03   7.695457e-17   181968
  5.849616e-01   3.263095e-14   1.118541e-03   7.582326e-17   184850
  5.888448e-01   3.256822e-14   1.119144e-03   7.561412e-17   187034
  5.927421e-01   3.237033e-14   1.129966e-03   7.351598e-17   191238
  5.966308e-01   3.221179e-14   1.116348e-03   7.391820e-17   191042
  6.005065e-01   3.209075e-14   1.126286e-03   7.266332e-17   195102
  6.043812e-01   3.211317e-14   1.117515e-03   7.239012e-17   195786
  6.082630e-01   3.189210e-14   1.131649e-03   7.125225e-17   201164
  6.121481e-01   3.179935e-14   1.112645e-03   7.116538e-17   201070
  6.160242e-01   3.189684e-14   1.118305e-03   7.042136e-17   205234
  6.199111e-01   3.171615e-14   1.116352e-03   6.961481e-17   207342
  6.237987e-01   3.142311e-14   1.121735e-03   6.862492e-17   210602
  6.276909e-01   3.119478e-14   1.124203e-03   6.757033e-17   213130
  6.315953e-01   3.125229e-14   1.133190e-03   6.688969e-17   217318
  6.354807e-01   3.105896e-14   1.113546e-03   6.681304e-17   216306
  6.393491e-01   3.107368e-14   1.119403e-03   6.622394e-17   220652
  6.432430e-01   3.097021e-14   1.124854e-03   6.534937e-17   224502
  6.471454e-01   3.075139e-14   1.125081e-03   6.479886e-17   227186
  6.510345e-01   3.072163e-14   1.118193e-03   6.459997e-17   228398
  6.549165e-01   3.054451e-14   1.122259e-03   6.361082e-17   231642
  6.587972e-01   3.041370e-14   1.122763e-03   6.289018e-17   233946
  6.626908e-01   3.016550e-14   1.132956e-03   6.180511e-17   238694
  6.665707e-01   3.016620e-14   1.114640e-03   6.224502e-17   238068
  6.704525e-01   3.009405e-14   1.124042e-03   6.083343e-17   244190
  6.743498e-01   2.987647e-14   1.116752e-03   6.044932e-17   245362
  6.782313e-01   2.985919e-14   1.120102e-03   6.008513e-17   248362
  6.821206e-01   2.977841e-14   1.124509e-03   5.967894e-17   251966
  6.860099e-01   2.970794e-14   1.120649e-03   5.890804e-17   254034
  6.898855e-01   2.964148e-14   1.117172e-03   5.892640e-17   255818
  6.937781e-01   2.940902e-14   1.132899e-03   5.773262e-17   262254
  6.976722e-01   2.922000e-14   1.116974e-03   5.710988e-17   261980
  7.015718e-01   2.907864e-14   1.129534e-03   5.622316e-17   268566
  7.054538e-01   2.900008e-14   1.104857e-03   5.624191e-17   265538
  7.093286e-01   2.892776e-14   1.128000e-03   5.557320e-17   273330
  7.132165e-01   2.877528e-14   1.121481e-03   5.523867e-17   273718
  7.171069e-01   2.867648e-14   1.132652e-03   5.428471e-17   279658
  7.209986e-01   2.853226e-14   1.120025e-03   5.400178e-17   279670
  7.248700e-01   2.847732e-14   1.119062e-03   5.369189e-17   282964
  7.287608e-01   2.840877e-14   1.126489e-03   5.291348e-17   288362
  7.326540e-01   2.818931e-14   1.118613e-03   5.247013e-17   289686
  7.365333e-01   2.816574e-14   1.116235e-03   5.223688e-17   292234
  7.404015e-01   2.789064e-14   1.112765e-03   5.162215e-17   294190
  7.442845e-01   2.788631e-14   1.127923e-03   5.089264e-17   300642
  7.481851e-01   2.765413e-14   1.128116e-03   5.029565e-17   303386
  7.520700e-01   2.763855e-14   1.119257e-03   5.016431e-17   304662
  7.559583e-01   2.760146e-14   1.122290e-03   4.971768e-17   309812
  7.598513e-01   2.744551e-14   1.117608e-03   4.932547e-17   311714
  7.637547e-01   2.731132e-14   1.130270e-03   4.861790e-17   318126
  7.676398e-01   2.723007e-14   1.111035e-03   4.871960e-17   315114
  7.715118e-01   2.711192e-14   1.127143e-03   4.766322e-17   322622
  7.753932e-01   2.686171e-14   1.117154e-03   4.717626e-17   322850
  7.792787e-01   2.680009e-14   1.131101e-03   4.686799e-17   329802
  7.831716e-01   2.670945e-14   1.123851e-03   4.642040e-17   331104
  7.870696e-01   2.658287e-14   1.127607e-03   4.600937e-17   336986
  7.909587e-01   2.649039e-14   1.111055e-03   4.569148e-17   335870
  7.948355e-01   2.630660e-14   1.120862e-03   4.503916e-17   341610
  7.987215e-01   2.636659e-14   1.121955e-03   4.491854e-17   344370
  8.026031e-01   2.607443e-14   1.122207e-03   4.441100e-17   347606
  8.064886e-01   2.605072e-14   1.124033e-03   4.398766e-17   351650
  8.103706e-01   2.595330e-14   1.118654e-03   4.363998e-17   353760
  8.142669e-01   2.577280e-14   1.129493e-03   4.308689e-17   360970
  8.181738e-01   2.573613e-14   1.123124e-03   4.291882e-17   362818
  8.220521e-01   2.553981e-14   1.110144e-03   4.245973e-17   362334
  8.259414e-01   2.545479e-14   1.129348e-03   4.192351e-17   371642
  8.298275e-01   2.526591e-14   1.114584e-03   4.173599e-17   368778
  8.337006e-01   2.509384e-14   1.128744e-03   4.108942e-17   376526
  8.375857e-01   2.511181e-14   1.121330e-03   4.102578e-17   377786
  8.414675e-01   2.493947e-14   1.123524e-03   4.044954e-17   382968
  8.453573e-01   2.477920e-14   1.120822e-03   4.006497e-17   386146
  8.492503e-01   2.476331e-14   1.124050e-03   3.965193e-17   390826
  8.531392e-01   2.466435e-14   1.119718e-03   3.953990e-17   392662
  8.570302e-01   2.451533e-14   1.125822e-03   3.908724e-17   398242
  8.609051e-01   2.440396e-14   1.111972e-03   3.883912e-17   396726
  8.647781e-01   2.425180e-14   1.124714e-03   3.810814e-17   404738
  8.686664e-01   2.418771e-14   1.122897e-03   3.797114e-17   407628
  8.725545e-01   2.406325e-14   1.121536e-03   3.752083e-17   411734
  8.764395e-01   2.398806e-14   1.117149e-03   3.733326e-17   414242
  8.803359e-01   2.383036e-14   1.126317e-03   3.683071e-17   421434
  8.842333e-01   2.366415e-14   1.120273e-03   3.659234e-17   421918
  8.881244e-01   2.360544e-14   1.128330e-03   3.616304e-17   427810
  8.920157e-01   2.341261e-14   1.123036e-03   3.585370e-17   429470
  8.958948e-01   2.343695e-14   1.119658e-03   3.570882e-17   432282
  8.997746e-01   2.331552e-14   1.122449e-03   3.533802e-17   437260
  9.036583e-01   2.321965e-14   1.120747e-03   3.523812e-17   440758
  9.075489e-01   2.309087e-14   1.124778e-03   3.464211e-17   446370
  9.114474e-01   2.296104e-14   1.123943e-03   3.444062e-17   450182
  9.153288e-01   2.285160e-14   1.115142e-03   3.408184e-17   449850
  9.192089e-01   2.275217e-14   1.127357e-03   3.374278e-17   457898
  9.230929e-01   2.251970e-14   1.119604e-03   3.328303e-17   458662
  9.269737e-01   2.245810e-14   1.121722e-03   3.305980e-17   464620
  9.308545e-01   2.238790e-14   1.114316e-03   3.293309e-17   466302
  9.347441e-01   2.225716e-14   1.124571e-03   3.236920e-17   474314
  9.386369e-01   2.216603e-14   1.120021e-03   3.226942e-17   475530
  9.425348e-01   2.206119e-14   1.129051e-03   3.174227e-17   483206
  9.464328e-01   2.204804e-14   1.121669e-03   3.174088e-17   483530
  9.503142e-01   2.188675e-14   1.121047e-03   3.147264e-17   487002
  9.541966e-01   2.176091e-14   1.124058e-03   3.107257e-17   491774
  9.580774e-01   2.166985e-14   1.120518e-03   3.089282e-17   495084
  9.619601e-01   2.154522e-14   1.119352e-03   3.061624e-17   499438
  9.658473e-01   2.141005e-14   1.122356e-03   3.020766e-17   504682
  9.697357e-01   2.131245e-14   1.121500e-03   3.009594e-17   507738
  9.736321e-01   2.113182e-14   1.130456e-03   2.947531e-17   515174
  9.775214e-01   2.109320e-14   1.119580e-03   2.949117e-17   514234
  9.813957e-01   2.101326e-14   1.119450e-03   2.931275e-17   519022
  9.852705e-01   2.089717e-14   1.117281e-03   2.906097e-17   522636
  9.891535e-01   2.079468e-14   1.121739e-03   2.865960e-17   529442
  9.930474e-01   2.061711e-14   1.122647e-03   2.831209e-17   534078
  9.969375e-01   2.055957e-14   1.118397e-03   2.813100e-17   536666
  1.000817e+00   2.042981e-14   1.116716e-03   2.795011e-17   539142
  1.004715e+00   2.039050e-14   1.134178e-03   2.762885e-17   550658
  1.008615e+00   2.023047e-14   1.121935e-03   2.734085e-17   548298
  1.012495e+00   2.017533e-14   1.123048e-03   2.723202e-17   553694
  1.016374e+00   1.998349e-14   1.116375e-03   2.697046e-17   556116
  1.020264e+00   2.000248e-14   1.125051e-03   2.671132e-17   564890
  1.024148e+00   1.982141e-14   1.116141e-03   2.644513e-17   563718
  1.028036e+00   1.966381e-14   1.128568e-03   2.594837e-17   574298
  1.031929e+00   1.971567e-14   1.120551e-03   2.603561e-17   573966
  1.035814e+00   1.948445e-14   1.126024e-03   2.562103e-17   580586
  1.039699e+00   1.939895e-14   1.122029e-03   2.549066e-17   582666
  1.043587e+00   1.932316e-14   1.125959e-03   2.526573e-17   590648
  1.047474e+00   1.922682e-14   1.114820e-03   2.509617e-17   590394
  1.051350e+00   1.907999e-14   1.116684e-03   2.480551e-17   596174
  1.055234e+00   1.901469e-14   1.120236e-03   2.459367e-17   601674
  1.059126e+00   1.887158e-14   1.125352e-03   2.420354e-17   607682
  1.063019e+00   1.878564e-14   1.124350e-03   2.409791e-17   611166
  1.066910e+00   1.871060e-14   1.124099e-03   2.382384e-17   615626
  1.070791e+00   1.857227e-14   1.119456e-03   2.369817e-17   617290
  1.074678e+00   1.850312e-14   1.126011e-03   2.339040e-17   626344
  1.078566e+00   1.840074e-14   1.117274e-03   2.336473e-17   626658
  1.082451e+00   1.827166e-14   1.122467e-03   2.308882e-17   634022
  1.086331e+00   1.816942e-14   1.116124e-03   2.283886e-17   634554
  1.090218e+00   1.810229e-14   1.128467e-03   2.259003e-17   645026
  1.094107e+00   1.796761e-14   1.122446e-03   2.240893e-17   645102
  1.097993e+00   1.786086e-14   1.126954e-03   2.216202e-17   653018
  1.101879e+00   1.775645e-14   1.119089e-03   2.204009e-17   654384
  1.105770e+00   1.771664e-14   1.123901e-03   2.186672e-17   663194
  1.109660e+00   1.756599e-14   1.117576e-03   2.163477e-17   663834
  1.113540e+00   1.749313e-14   1.118796e-03   2.143638e-17   669158
  1.117424e+00   1.734907e-14   1.120650e-03   2.120541e-17   674490
  1.121304e+00   1.726080e-14   1.118416e-03   2.112680e-17   677222
  1.125193e+00   1.722567e-14   1.128225e-03   2.083808e-17   686874
  1.129092e+00   1.711651e-14   1.126811e-03   2.071751e-17   690722
  1.132980e+00   1.702778e-14   1.118907e-03   2.059038e-17   692008
  1.136871e+00   1.690711e-14   1.124678e-03   2.030924e-17   701386
  1.140761e+00   1.679555e-14   1.117002e-03   2.016332e-17   700778
  1.144643e+00   1.674243e-14   1.123318e-03   1.998965e-17   708774
  1.148529e+00   1.658771e-14   1.121990e-03   1.971775e-17   711690
  1.152418e+00   1.649032e-14   1.126973e-03   1.955978e-17   719606
  1.156298e+00   1.639114e-14   1.116380e-03   1.943747e-17   717762
  1.160181e+00   1.633531e-14   1.127123e-03   1.923258e-17   730460
  1.164073e+00   1.624154e-14   1.119262e-03   1.903880e-17   731070
  1.167968e+00   1.612165e-14   1.125901e-03   1.878980e-17   741170
  1.171853e+00   1.601279e-14   1.112045e-03   1.870820e-17   737094
  1.175730e+00   1.598527e-14   1.122374e-03   1.862169e-17   747698
  1.179618e+00   1.591702e-14   1.122867e-03   1.839463e-17   751658
  1.183501e+00   1.575982e-14   1.121599e-03   1.822539e-17   755574
  1.187383e+00   1.562108e-14   1.122256e-03   1.794863e-17   761442
  1.191279e+00   1.554833e-14   1.126787e-03   1.778613e-17   770816
  1.195171e+00   1.547804e-14   1.117539e-03   1.769756e-17   769274
  1.199064e+00   1.537864e-14   1.129525e-03   1.751259e-17   782130
  1.202947e+00   1.527932e-14   1.112602e-03   1.748001e-17   775230
  1.206825e+00   1.527220e-14   1.126605e-03   1.731990e-17   789866
  1.210710e+00   1.515906e-14   1.118361e-03   1.719375e-17   787914
  1.214592e+00   1.504043e-14   1.128225e-03   1.690753e-17   799598
  1.218486e+00   1.490559e-14   1.124161e-03   1.669775e-17   802980
  1.222371e+00   1.492887e-14   1.117789e-03   1.673587e-17   805622
  1.226254e+00   1.480192e-14   1.119738e-03   1.653503e-17   812050
  1.230147e+00   1.472629e-14   1.126034e-03   1.634883e-17   820954
  1.234035e+00   1.464465e-14   1.118780e-03   1.625209e-17   820062
  1.237911e+00   1.451517e-14   1.119897e-03   1.604698e-17   826298
  1.241794e+00   1.441404e-14   1.121814e-03   1.590849e-17   833118
  1.245672e+00   1.431479e-14   1.117137e-03   1.579668e-17   834812
  1.249560e+00   1.425246e-14   1.126815e-03   1.553231e-17   847858
  1.253469e+00   1.420666e-14   1.127442e-03   1.547600e-17   854278
  1.257361e+00   1.407724e-14   1.116253e-03   1.535064e-17   850978
  1.261241e+00   1.395553e-14   1.121687e-03   1.517728e-17   859186
  1.265131e+00   1.393081e-14   1.127494e-03   1.502741e-17   867126
  1.269018e+00   1.384137e-14   1.121886e-03   1.495331e-17   868274
  1.272897e+00   1.377994e-14   1.120976e-03   1.484795e-17   873606
  1.276776e+00   1.366782e-14   1.119398e-03   1.465955e-17   879284
  1.280663e+00   1.356759e-14   1.122355e-03   1.451035e-17   887170
  1.284564e+00   1.348768e-14   1.128693e-03   1.432770e-17   897526
  1.288458e+00   1.342927e-14   1.117587e-03   1.425624e-17   894258
  1.292341e+00   1.333306e-14   1.122714e-03   1.409758e-17   903374
  1.296223e+00   1.330029e-14   1.118323e-03   1.408785e-17   904338
  1.300103e+00   1.318454e-14   1.123719e-03   1.388545e-17   913586
  1.303982e+00   1.311283e-14   1.118150e-03   1.376668e-17   915416
  1.307871e+00   1.300999e-14   1.124217e-03   1.358530e-17   928122
  1.311759e+00   1.295066e-14   1.115167e-03   1.360160e-17   926094
  1.315654e+00   1.288111e-14   1.130093e-03   1.331414e-17   942890
  1.319549e+00   1.278723e-14   1.118827e-03   1.330376e-17   937266
  1.323433e+00   1.270998e-14   1.126506e-03   1.314574e-17   948854
  1.327319e+00   1.262862e-14   1.120121e-03   1.304271e-17   948714
  1.331197e+00   1.255080e-14   1.122687e-03   1.293824e-17   956186
  1.335082e+00   1.246652e-14   1.124444e-03   1.280888e-17   964272
  1.338973e+00   1.238661e-14   1.121587e-03   1.263770e-17   969458
  1.342859e+00   1.229468e-14   1.118296e-03   1.257926e-17   972750
  1.346749e+00   1.222496e-14   1.124460e-03   1.244614e-17   982706
  1.350635e+00   1.213097e-14   1.119858e-03   1.229965e-17   982906
  1.354527e+00   1.209779e-14   1.129306e-03   1.218281e-17   996622
  1.358414e+00   1.199068e-14   1.117989e-03   1.212039e-17   992378
  1.362284e+00   1.195276e-14   1.117150e-03   1.204612e-17   999000
  1.366168e+00   1.185986e-14   1.122014e-03   1.187044e-17   1010114
  1.370061e+00   1.179134e-14   1.121750e-03   1.178521e-17   1015722
  1.373948e+00   1.171011e-14   1.119290e-03   1.167249e-17   1018742
  1.377843e+00   1.162943e-14   1.127371e-03   1.153938e-17   1031250
  1.381733e+00   1.156338e-14   1.118461e-03   1.152908e-17   1027226
  1.385615e+00   1.148812e-14   1.126435e-03   1.134831e-17   1039734
  1.389500e+00   1.142232e-14   1.120654e-03   1.128266e-17   1039914
  1.393382e+00   1.132276e-14   1.123683e-03   1.111463e-17   1050272
  1.397267e+00   1.127348e-14   1.117473e-03   1.109086e-17   1052306
  1.401154e+00   1.119411e-14   1.122308e-03   1.096373e-17   1062666
  1.405045e+00   1.114021e-14   1.122401e-03   1.089089e-17   1067262
  1.408935e+00   1.106594e-14   1.123952e-03   1.078043e-17   1073906
  1.412823e+00   1.101313e-14   1.122463e-03   1.069452e-17   1078190
  1.416712e+00   1.090839e-14   1.124033e-03   1.054099e-17   1085634
  1.420592e+00   1.085280e-14   1.117456e-03   1.050301e-17   1085508
  1.424480e+00   1.078217e-14   1.126594e-03   1.037337e-17   1101926
  1.428369e+00   1.071993e-14   1.116061e-03   1.028914e-17   1098322
  1.432252e+00   1.066573e-14   1.121199e-03   1.023056e-17   1109878
  1.436144e+00   1.055850e-14   1.122554e-03   1.010217e-17   1115338
  1.440035e+00   1.051930e-14   1.125793e-03   1.001854e-17   1122586
  1.443924e+00   1.042271e-14   1.123292e-03   9.933427e-18   1125862
  1.447810e+00   1.038302e-14   1.122976e-03   9.837746e-18   1132498
  1.451691e+00   1.029976e-14   1.119415e-03   9.760302e-18   1135444
  1.455573e+00   1.025342e-14   1.122581e-03   9.657339e-18   1145374
  1.459464e+00   1.016489e-14   1.123383e-03   9.554650e-18   1152698
  1.463354e+00   1.009521e-14   1.121349e-03   9.483423e-18   1157046
  1.467236e+00   1.002100e-14   1.119148e-03   9.369735e-18   1160226
  1.471127e+00   9.974677e-15   1.127743e-03   9.312170e-18   1174346
  1.475014e+00   9.908564e-15   1.119897e-03   9.248129e-18   1171462
  1.478897e+00   9.845238e-15   1.124033e-03   9.162541e-18   1183828
  1.482778e+00   9.763051e-15   1.114458e-03   9.079390e-18   1181822
  1.486657e+00   9.727081e-15   1.120779e-03   8.997759e-18   1194930
  1.490547e+00   9.666703e-15   1.122593e-03   8.908827e-18   1202010
  1.494437e+00   9.607917e-15   1.122115e-03   8.843958e-18   1207166
  1.498326e+00   9.538553e-15   1.123291e-03   8.772130e-18   1214106
  1.502209e+00   9.484754e-15   1.118748e-03   8.714540e-18   1215302
  1.506095e+00   9.405335e-15   1.126666e-03   8.564384e-18   1229274
  1.509994e+00   9.320880e-15   1.126873e-03   8.484703e-18   1236164
  1.513882e+00   9.282031e-15   1.118916e-03   8.432901e-18   1235326
  1.517764e+00   9.221163e-15   1.120265e-03   8.359255e-18   1244026
  1.521647e+00   9.154348e-15   1.120382e-03   8.273038e-18   1249154
  1.525536e+00   9.111159e-15   1.126025e-03   8.221721e-18   1260558
  1.529421e+00   9.060280e-15   1.119984e-03   8.164364e-18   1260394
  1.533310e+00   8.981766e-15   1.125848e-03   8.051902e-18   1274758
  1.537193e+00   8.915802e-15   1.115594e-03   7.995519e-18   1270188
  1.541083e+00   8.854617e-15   1.128008e-03   7.899687e-18   1291202
  1.544971e+00   8.804693e-15   1.115149e-03   7.858351e-18   1282654
  1.548850e+00   8.733514e-15   1.122198e-03   7.747586e-18   1298242
  1.552739e+00   8.701070e-15   1.120395e-03   7.726877e-18   1301774
  1.556625e+00   8.642733e-15   1.123165e-03   7.659509e-18   1309770
  1.560512e+00   8.576887e-15   1.123502e-03   7.577871e-18   1315714
  1.564403e+00   8.507314e-15   1.124924e-03   7.484415e-18   1325110
  1.568290e+00   8.467003e-15   1.118940e-03   7.447121e-18   1326012
  1.572174e+00   8.410648e-15   1.122090e-03   7.367794e-18   1336154
  1.576069e+00   8.344965e-15   1.126474e-03   7.280284e-18   1347334
  1.579958e+00   8.282793e-15   1.119782e-03   7.241064e-18   1345354
  1.583833e+00   8.251991e-15   1.119555e-03   7.215180e-18   1350998
  1.587719e+00   8.181123e-15   1.125829e-03   7.103419e-18   1365546
  1.591609e+00   8.133986e-15   1.122088e-03   7.057491e-18   1367474
  1.595497e+00   8.071893e-15   1.123693e-03   6.977772e-18   1377984
  1.599384e+00   8.020375e-15   1.118321e-03   6.923908e-18   1379394
  1.603272e+00   7.971731e-15   1.123056e-03   6.851726e-18   1392230
  1.607160e+00   7.926624e-15   1.118740e-03   6.824502e-18   1392634
  1.611042e+00   7.866899e-15   1.122441e-03   6.732932e-18   1402666
  1.614928e+00   7.811630e-15   1.122269e-03   6.671411e-18   1408502
  1.618814e+00   7.777760e-15   1.122041e-03   6.628770e-18   1415418
  1.622692e+00   7.716547e-15   1.117068e-03   6.589593e-18   1416856
  1.626588e+00   7.645249e-15   1.130843e-03   6.466759e-18   1442002
  1.630485e+00   7.599992e-15   1.117858e-03   6.458044e-18   1431634
  1.634367e+00   7.551707e-15   1.122585e-03   6.371182e-18   1444606
  1.638250e+00   7.520572e-15   1.118765e-03   6.353776e-18   1445890
  1.642138e+00   7.453207e-15   1.126997e-03   6.282259e-18   1462210
  1.646026e+00   7.395186e-15   1.120901e-03   6.225155e-18   1459590
  1.649907e+00   7.356502e-15   1.123856e-03   6.167877e-18   1471226
  1.653797e+00   7.302653e-15   1.123379e-03   6.101015e-18   1480072
  1.657690e+00   7.254590e-15   1.121364e-03   6.064585e-18   1486594
  1.661576e+00   7.213718e-15   1.118520e-03   6.017033e-18   1488882
  1.665461e+00   7.177890e-15   1.123128e-03   5.958413e-18   1500854
  1.669353e+00   7.115237e-15   1.123083e-03   5.894770e-18   1506874
  1.673232e+00   7.062977e-15   1.117624e-03   5.868147e-18   1506094
  1.677111e+00   7.003308e-15   1.122855e-03   5.784200e-18   1519682
  1.680997e+00   6.970798e-15   1.122626e-03   5.741803e-18   1526724
  1.684890e+00   6.921753e-15   1.125240e-03   5.685849e-18   1539038
  1.688782e+00   6.879489e-15   1.119859e-03   5.651170e-18   1539810
  1.692664e+00   6.839142e-15   1.119007e-03   5.613072e-18   1545046
  1.696554e+00   6.779182e-15   1.126236e-03   5.536219e-18   1560538
  1.700441e+00   6.732723e-15   1.120507e-03   5.506856e-18   1557506
  1.704322e+00   6.702194e-15   1.124114e-03   5.441803e-18   1570062
  1.708203e+00   6.644786e-15   1.119253e-03   5.404681e-18   1571290
  1.712089e+00   6.605026e-15   1.124856e-03   5.348576e-18   1588228
  1.715982e+00   6.564047e-15   1.121250e-03   5.310621e-18   1591046
  1.719873e+00   6.523479e-15   1.123715e-03   5.245781e-18   1602474
  1.723761e+00   6.478935e-15   1.118014e-03   5.241735e-18   1601646
  1.727642e+00   6.426878e-15   1.120550e-03   5.174717e-18   1611266
  1.731523e+00   6.387871e-15   1.120678e-03   5.136549e-18   1616634
  1.735410e+00   6.340061e-15   1.126166e-03   5.075521e-18   1631366
  1.739297e+00   6.304140e-15   1.119655e-03   5.041986e-18   1631028
  1.743180e+00   6.254854e-15   1.119854e-03   4.990954e-18   1641446
  1.747073e+00   6.222066e-15   1.124208e-03   4.947622e-18   1654234
  1.750973e+00   6.169601e-15   1.126198e-03   4.903043e-18   1662874
  1.754858e+00   6.141526e-15   1.117471e-03   4.872137e-18   1656686
  1.758736e+00   6.103071e-15   1.122008e-03   4.825675e-18   1670898
  1.762622e+00   6.053173e-15   1.123056e-03   4.790571e-18   1678074
  1.766507e+00   6.011215e-15   1.123311e-03   4.731860e-18   1685198
  1.770393e+00   5.973868e-15   1.122996e-03   4.706176e-18   1694524
  1.774282e+00   5.934675e-15   1.120709e-03   4.661984e-18   1701334
  1.778171e+00   5.899967e-15   1.120908e-03   4.626233e-18   1709386
  1.782064e+00   5.853047e-15   1.123720e-03   4.562543e-18   1719994
  1.785953e+00   5.814422e-15   1.121006e-03   4.543118e-18   1721510
  1.789842e+00   5.781170e-15   1.124974e-03   4.503112e-18   1734978
  1.793722e+00   5.738184e-15   1.116124e-03   4.475390e-18   1728646
  1.797599e+00   5.710769e-15   1.122713e-03   4.434448e-18   1746868
  1.801486e+00   5.660809e-15   1.121127e-03   4.387062e-18   1752922
  1.805380e+00   5.632141e-15   1.125234e-03   4.344822e-18   1767862
  1.809271e+00   5.593291e-15   1.119301e-03   4.325515e-18   1765698
  1.813160e+00   5.542059e-15   1.125035e-03   4.262369e-18   1781270
  1.817049e+00   5.518690e-15   1.121176e-03   4.253156e-18   1780650
  1.820932e+00   5.475622e-15   1.124142e-03   4.205208e-18   1792418
  1.824813e+00   5.434351e-15   1.119388e-03   4.173484e-18   1792790
  1.828696e+00   5.399147e-15   1.123591e-03   4.125921e-18   1809852
  1.832585e+00   5.376112e-15   1.120140e-03   4.109576e-18   1812666
  1.836475e+00   5.339083e-15   1.124777e-03   4.064776e-18   1827614
  1.840367e+00   5.295819e-15   1.121640e-03   4.026093e-18   1829970
  1.844251e+00   5.256949e-15   1.120370e-03   3.992325e-18   1835030
  1.848131e+00   5.230906e-15   1.119790e-03   3.971451e-18   1841410
  1.852017e+00   5.201616e-15   1.124723e-03   3.939643e-18   1856626
  1.855900e+00   5.152799e-15   1.118305e-03   3.897055e-18   1854656
  1.859782e+00   5.122986e-15   1.121720e-03   3.867030e-18   1870698
  1.863671e+00   5.093132e-15   1.120553e-03   3.832601e-18   1876998
  1.867559e+00   5.065876e-15   1.120979e-03   3.811537e-18   1884458
  1.871445e+00   5.024139e-15   1.122381e-03   3.769737e-18   1891730
  1.875338e+00   4.995498e-15   1.127317e-03   3.744973e-18   1907574
  1.879232e+00   4.950998e-15   1.122851e-03   3.705585e-18   1907730
  1.883115e+00   4.931900e-15   1.120697e-03   3.688835e-18   1912154
  1.886997e+00   4.895308e-15   1.121764e-03   3.653117e-18   1923216
  1.890888e+00   4.864640e-15   1.124326e-03   3.623306e-18   1936562
  1.894776e+00   4.829240e-15   1.119734e-03   3.595226e-18   1936862
  1.898663e+00   4.797642e-15   1.122747e-03   3.559660e-18   1950114
  1.902549e+00   4.768373e-15   1.121089e-03   3.538844e-18   1953306
  1.906439e+00   4.744142e-15   1.125982e-03   3.508807e-18   1968806
  1.910327e+00   4.705275e-15   1.121186e-03   3.480410e-18   1968818
  1.914211e+00   4.674413e-15   1.121720e-03   3.447361e-18   1980624
  1.918097e+00   4.649636e-15   1.118800e-03   3.430827e-18   1985034
  1.921980e+00   4.621373e-15   1.120281e-03   3.403320e-18   1995242
  1.925870e+00   4.595599e-15   1.123830e-03   3.378739e-18   2007742
  1.929759e+00   4.560022e-15   1.121495e-03   3.346598e-18   2010538
  1.933641e+00   4.534770e-15   1.121298e-03   3.326296e-18   2017390
  1.937531e+00   4.496958e-15   1.126602e-03   3.284325e-18   2034346
  1.941413e+00   4.472427e-15   1.117450e-03   3.282939e-18   2025498
  1.945299e+00   4.450470e-15   1.127850e-03   3.238565e-18   2055248
  1.949189e+00   4.419140e-15   1.116586e-03   3.221955e-18   2045090
  1.953070e+00   4.394195e-15   1.121603e-03   3.197834e-18   2062074
  1.956959e+00   4.363421e-15   1.122727e-03   3.167151e-18   2070190
  1.960848e+00   4.341559e-15   1.123891e-03   3.157483e-18   2079226
  1.964734e+00   4.305198e-15   1.122069e-03   3.126397e-18   2083990
  1.968623e+00   4.277683e-15   1.124515e-03   3.096629e-18   2097898
  1.972507e+00   4.248447e-15   1.118548e-03   3.077771e-18   2095452
  1.976394e+00   4.228224e-15   1.124843e-03   3.047267e-18   2117390
  1.980286e+00   4.205515e-15   1.119656e-03   3.036000e-18   2117066
  1.984162e+00   4.177660e-15   1.115140e-03   3.015004e-18   2117238
  1.988045e+00   4.154596e-15   1.124414e-03   2.986227e-18   2140026
  1.991938e+00   4.126233e-15   1.125139e-03   2.962220e-18   2147234
  1.995825e+00   4.106064e-15   1.122378e-03   2.947847e-18   2150118
  1.999710e+00   4.074770e-15   1.122400e-03   2.920801e-18   2160386
  2.003596e+00   4.048288e-15   1.121122e-03   2.904680e-18   2168256
  2.007488e+00   4.028629e-15   1.124409e-03   2.880690e-18   2183306
  2.011378e+00   4.002802e-15   1.120925e-03   2.862080e-18   2184642
  2.015262e+00   3.978299e-15   1.120511e-03   2.842672e-18   2192318
  2.019141e+00   3.959465e-15   1.118713e-03   2.823895e-18   2196066
  2.023031e+00   3.934088e-15   1.127541e-03   2.799979e-18   2220890
  2.026922e+00   3.908088e-15   1.121128e-03   2.783258e-18   2215758
  2.030810e+00   3.889331e-15   1.124804e-03   2.771812e-18   2233988
  2.034697e+00   3.861818e-15   1.118045e-03   2.744309e-18   2231670
  2.038579e+00   3.837924e-15   1.119728e-03   2.723528e-18   2244338
  2.042469e+00   3.820172e-15   1.123477e-03   2.699790e-18   2258610
  2.046358e+00   3.795255e-15   1.121050e-03   2.683434e-18   2260718
  2.050240e+00   3.776150e-15   1.120914e-03   2.673353e-18   2268162
  2.054123e+00   3.754790e-15   1.121571e-03   2.652991e-18   2277494
  2.058008e+00   3.727478e-15   1.123134e-03   2.631627e-18   2288796
  2.061901e+00   3.709241e-15   1.126253e-03   2.615280e-18   2305226
  2.065791e+00   3.688918e-15   1.119672e-03   2.601330e-18   2301630
  2.069679e+00   3.665057e-15   1.123731e-03   2.578353e-18   2319770
  2.073565e+00   3.644361e-15   1.118309e-03   2.573538e-18   2315610
  2.077447e+00   3.629821e-15   1.124236e-03   2.557759e-18   2334662
  2.081332e+00   3.604927e-15   1.120785e-03   2.534114e-18   2335722
  2.085219e+00   3.586237e-15   1.124829e-03   2.516742e-18   2354102
  2.089107e+00   3.565881e-15   1.120313e-03   2.504936e-18   2355156
  2.092998e+00   3.550673e-15   1.124614e-03   2.488834e-18   2374250
  2.096888e+00   3.524718e-15   1.120068e-03   2.475734e-18   2373102
  2.100776e+00   3.509605e-15   1.122758e-03   2.458487e-18   2388194
  2.104658e+00   3.489470e-15   1.116928e-03   2.451415e-18   2383470
  2.108539e+00   3.468848e-15   1.123618e-03   2.427361e-18   2404994
  2.112426e+00   3.450158e-15   1.121916e-03   2.415894e-18   2408538
  2.116308e+00   3.438372e-15   1.121742e-03   2.412831e-18   2417744
  2.120198e+00   3.419151e-15   1.124446e-03   2.389582e-18   2434578
  2.124090e+00   3.398042e-15   1.121710e-03   2.374402e-18   2438414
  2.127979e+00   3.385561e-15   1.122410e-03   2.368239e-18   2448066
  2.131867e+00   3.357674e-15   1.122662e-03   2.347076e-18   2456018
  2.135751e+00   3.346680e-15   1.121406e-03   2.340492e-18   2461230
  2.139636e+00   3.333359e-15   1.122653e-03   2.324214e-18   2474330
  2.143519e+00   3.314957e-15   1.119652e-03   2.318533e-18   2476498
  2.147405e+00   3.296609e-15   1.124366e-03   2.293724e-18   2497240
  2.151298e+00   3.280756e-15   1.122529e-03   2.291156e-18   2502930
  2.155185e+00   3.269139e-15   1.120390e-03   2.286059e-18   2508470
  2.159072e+00   3.249365e-15   1.121001e-03   2.268288e-18   2518482
  2.162961e+00   3.230650e-15   1.123829e-03   2.254767e-18   2532074
  2.166844e+00   3.221003e-15   1.118275e-03   2.249503e-18   2526678
  2.170724e+00   3.205071e-15   1.124045e-03   2.232498e-18   2549018
  2.174611e+00   3.190034e-15   1.120040e-03   2.228795e-18   2551704
  2.178497e+00   3.176889e-15   1.122028e-03   2.218162e-18   2566226
  2.182386e+00   3.159851e-15   1.122230e-03   2.204555e-18   2573898
  2.186278e+00   3.150995e-15   1.124844e-03   2.201388e-18   2589182
  2.190164e+00   3.134836e-15   1.119195e-03   2.194190e-18   2584890
  2.194049e+00   3.114779e-15   1.124371e-03   2.172191e-18   2605190
  2.197936e+00   3.103986e-15   1.121682e-03   2.173295e-18   2606418
  2.201821e+00   3.088390e-15   1.123741e-03   2.157741e-18   2621186
  2.205707e+00   3.081154e-15   1.120704e-03   2.159606e-18   2626608
  2.209592e+00   3.071566e-15   1.119995e-03   2.151870e-18   2636714
  2.213479e+00   3.049497e-15   1.121274e-03   2.133728e-18   2647482
  2.217374e+00   3.040102e-15   1.127022e-03   2.129640e-18   2668382
  2.221265e+00   3.028994e-15   1.120175e-03   2.125605e-18   2660418
  2.225149e+00   3.015713e-15   1.122869e-03   2.112193e-18   2676662
  2.229029e+00   3.004926e-15   1.117920e-03   2.117470e-18   2674210
  2.232911e+00   2.990025e-15   1.123157e-03   2.102184e-18   2697076
  2.236800e+00   2.985652e-15   1.121599e-03   2.099088e-18   2703558
  2.240687e+00   2.968265e-15   1.121191e-03   2.089673e-18   2713250
  2.244572e+00   2.960592e-15   1.119243e-03   2.086561e-18   2717718
  2.248464e+00   2.946886e-15   1.127021e-03   2.073088e-18   2743178
  2.252353e+00   2.936762e-15   1.120305e-03   2.074274e-18   2732730
  2.256238e+00   2.931097e-15   1.126187e-03   2.070310e-18   2758022
  2.260125e+00   2.916554e-15   1.119041e-03   2.064928e-18   2751994
  2.264006e+00   2.910746e-15   1.121171e-03   2.064366e-18   2769052
  2.267895e+00   2.900056e-15   1.122842e-03   2.057266e-18   2783062
  2.271785e+00   2.890388e-15   1.121645e-03   2.053079e-18   2789362
  2.275674e+00   2.878450e-15   1.121981e-03   2.044564e-18   2799582
  2.279564e+00   2.873116e-15   1.123236e-03   2.047519e-18   2811170
  2.283450e+00   2.860222e-15   1.121033e-03   2.035347e-18   2812658
  2.287338e+00   2.850885e-15   1.125793e-03   2.034440e-18   2833302
  2.291222e+00   2.847076e-15   1.118388e-03   2.039532e-18   2827420
  2.295104e+00   2.839838e-15   1.121018e-03   2.031385e-18   2846710
  2.298989e+00   2.822937e-15   1.120692e-03   2.026022e-18   2846535
  2.302873e+00   2.788278e-15   1.122997e-03   1.996706e-18   2848496
  2.306761e+00   2.764602e-15   1.122225e-03   1.975779e-18   2841084
  2.310652e+00   2.737810e-15   1.124928e-03   1.953358e-18   2843480
  2.314540e+00   2.705384e-15   1.120270e-03   1.931567e-18   2826624
  2.318424e+00   2.673925e-15   1.123352e-03   1.902310e-18   2828732
  2.322310e+00   2.639581e-15   1.121451e-03   1.877345e-18   2819296
  2.326197e+00   2.616314e-15   1.122811e-03   1.851994e-18   2819548
  2.330081e+00   2.587285e-15   1.118959e-03   1.835230e-18   2805192
  2.333967e+00   2.561483e-15   1.123463e-03   1.811268e-18   2811104
  2.337856e+00   2.535058e-15   1.121717e-03   1.789782e-18   2800672
  2.341743e+00   2.509518e-15   1.122654e-03   1.769298e-18   2798080
  2.345628e+00   2.479244e-15   1.120248e-03   1.745173e-18   2786976
  2.349516e+00   2.447810e-15   1.123594e-03   1.720880e-18   2791016
  2.353406e+00   2.430141e-15   1.121382e-03   1.707579e-18   2779360
  2.357287e+00   2.403466e-15   1.119573e-03   1.690456e-18   2768644
  2.361169e+00   2.380830e-15   1.122534e-03   1.673965e-18   2771192
  2.365058e+00   2.360148e-15   1.121875e-03   1.655216e-18   2765028
  2.368946e+00   2.334403e-15   1.122751e-03   1.636209e-18   2760864
  2.372840e+00   2.305271e-15   1.125689e-03   1.611253e-18   2761616
  2.376724e+00   2.285821e-15   1.118525e-03   1.600058e-18   2737932
  2.380610e+00   2.262681e-15   1.125904e-03   1.579782e-18   2752280
  2.384498e+00   2.234945e-15   1.118464e-03   1.563291e-18   2728764
  2.388382e+00   2.210124e-15   1.123937e-03   1.538361e-18   2736368
  2.392268e+00   2.191816e-15   1.119459e-03   1.534575e-18   2719952
  2.396155e+00   2.175302e-15   1.124236e-03   1.516248e-18   2727120
  2.400042e+00   2.148487e-15   1.118614e-03   1.495294e-18   2708400
  2.403932e+00   2.127809e-15   1.125719e-03   1.475314e-18   2718536
  2.407818e+00   2.106359e-15   1.118504e-03   1.468712e-18   2694300
  2.411707e+00   2.087245e-15   1.126793e-03   1.449954e-18   2709440
  2.415596e+00   2.065761e-15   1.117787e-03   1.438767e-18   2682108
  2.419475e+00   2.044070e-15   1.121308e-03   1.421544e-18   2684912
  2.423360e+00   2.024998e-15   1.121998e-03   1.405383e-18   2678868
  2.427246e+00   2.002785e-15   1.122668e-03   1.392301e-18   2674772
  2.431135e+00   1.984501e-15   1.123033e-03   1.377066e-18   2670120
  2.435021e+00   1.966016e-15   1.120804e-03   1.364766e-18   2659532
  2.438909e+00   1.943326e-15   1.123713e-03   1.347225e-18   2659704
  2.442801e+00   1.926532e-15   1.124617e-03   1.335705e-18   2654348
  2.446687e+00   1.909899e-15   1.121000e-03   1.323376e-18   2640276
  2.450572e+00   1.891730e-15   1.121992e-03   1.314200e-18   2638700
  2.454457e+00   1.869576e-15   1.120074e-03   1.296361e-18   2628244
  2.458344e+00   1.850447e-15   1.124115e-03   1.282000e-18   2630920
  2.462234e+00   1.836487e-15   1.121877e-03   1.271201e-18   2618904
  2.466118e+00   1.820256e-15   1.120448e-03   1.259860e-18   2610932
  2.470005e+00   1.804680e-15   1.121951e-03   1.249510e-18   2608464
  2.473895e+00   1.783112e-15   1.123139e-03   1.235814e-18   2603708
  2.477779e+00   1.765689e-15   1.119694e-03   1.225416e-18   2588012
  2.481660e+00   1.750070e-15   1.122196e-03   1.212246e-18   2588364
  2.485545e+00   1.734107e-15   1.120384e-03   1.204319e-18   2579076
  2.489430e+00   1.717956e-15   1.121132e-03   1.189534e-18   2574152
  2.493314e+00   1.702560e-15   1.121505e-03   1.182137e-18   2566812
  2.497207e+00   1.685731e-15   1.127061e-03   1.166924e-18   2573732
  2.501098e+00   1.674888e-15   1.119524e-03   1.166888e-18   2550568
  2.504983e+00   1.656780e-15   1.123035e-03   1.149321e-18   2552068
  2.508870e+00   1.641342e-15   1.121138e-03   1.138128e-18   2539620
  2.512757e+00   1.623020e-15   1.124635e-03   1.127191e-18   2540936
  2.516646e+00   1.611449e-15   1.121040e-03   1.117113e-18   2528032
  2.520531e+00   1.594613e-15   1.120365e-03   1.107446e-18   2521480
  2.524419e+00   1.580712e-15   1.122347e-03   1.096837e-18   2517980
  2.528309e+00   1.565589e-15   1.123011e-03   1.090238e-18   2511744
  2.532195e+00   1.554168e-15   1.120855e-03   1.081320e-18   2500140
  2.536081e+00   1.537511e-15   1.121926e-03   1.069556e-18   2496980
  2.539968e+00   1.525607e-15   1.121125e-03   1.063826e-18   2486924
  2.543856e+00   1.511748e-15   1.124762e-03   1.052157e-18   2487000
  2.547743e+00   1.495415e-15   1.120210e-03   1.043017e-18   2469840
  2.551626e+00   1.482094e-15   1.122637e-03   1.032312e-18   2469656
  2.555511e+00   1.470711e-15   1.119469e-03   1.026266e-18   2456844
  2.559401e+00   1.456888e-15   1.125965e-03   1.013041e-18   2462876
  2.563290e+00   1.446229e-15   1.120472e-03   1.011405e-18   2442136
  2.567174e+00   1.431585e-15   1.123165e-03   9.993450e-19   2441944
  2.571061e+00   1.418742e-15   1.120769e-03   9.920356e-19   2430508
  2.574945e+00   1.408297e-15   1.121157e-03   9.875860e-19   2424352
  2.578832e+00   1.394012e-15   1.123693e-03   9.760189e-19   2421264
  2.582722e+00   1.381963e-15   1.122895e-03   9.672520e-19   2413064
  2.586608e+00   1.369253e-15   1.120676e-03   9.610481e-19   2401572
  2.590492e+00   1.358830e-15   1.121724e-03   9.536903e-19   2397284
  2.594379e+00   1.347713e-15   1.121499e-03   9.442869e-19   2388336
  2.598268e+00   1.335306e-15   1.124943e-03   9.367172e-19   2387204
  2.602153e+00   1.325401e-15   1.119280e-03   9.332902e-19   2368644
  2.606033e+00   1.311172e-15   1.120613e-03   9.230467e-19   2365400
  2.609918e+00   1.301075e-15   1.121690e-03   9.159402e-19   2360072
  2.613808e+00   1.289500e-15   1.123660e-03   9.089645e-19   2356464
  2.617696e+00   1.280070e-15   1.121214e-03   9.049156e-19   2343240
  2.621583e+00   1.267971e-15   1.122605e-03   8.944816e-19   2340248
  2.625468e+00   1.256235e-15   1.118824e-03   8.882577e-19   2325000
  2.629355e+00   1.242844e-15   1.124959e-03   8.788673e-19   2328632
  2.633245e+00   1.234159e-15   1.121910e-03   8.748647e-19   2313220
  2.637134e+00   1.225253e-15   1.124095e-03   8.674651e-19   2310772
  2.641020e+00   1.216011e-15   1.119781e-03   8.639685e-19   2295420
  2.644905e+00   1.202524e-15   1.122584e-03   8.548300e-19   2293592
  2.648791e+00   1.193529e-15   1.120952e-03   8.486705e-19   2281384
  2.652683e+00   1.183516e-15   1.126704e-03   8.399883e-19   2285776
  2.656570e+00   1.175208e-15   1.117325e-03   8.382854e-19   2259408
  2.660455e+00   1.164446e-15   1.124314e-03   8.301650e-19   2266808
  2.664344e+00   1.154708e-15   1.120389e-03   8.253242e-19   2248836
  2.668227e+00   1.144014e-15   1.123045e-03   8.176141e-19   2245244
  2.672111e+00   1.134471e-15   1.120801e-03   8.110449e-19   2233908
  2.675998e+00   1.126415e-15   1.122974e-03   8.055305e-19   2231660
  2.679886e+00   1.120158e-15   1.120422e-03   8.051142e-19   2218544
  2.683775e+00   1.108851e-15   1.124792e-03   7.978220e-19   2218176
  2.687664e+00   1.099868e-15   1.121286e-03   7.924622e-19   2202900
  2.691550e+00   1.088464e-15   1.121747e-03   7.843979e-19   2197472
  2.695433e+00   1.080883e-15   1.118354e-03   7.806516e-19   2181960
  2.699317e+00   1.072830e-15   1.124130e-03   7.734481e-19   2183696
  2.703207e+00   1.064665e-15   1.123719e-03   7.724396e-19   2173416
  2.707096e+00   1.055487e-15   1.122917e-03   7.633798e-19   2165444
  2.710982e+00   1.046690e-15   1.119761e-03   7.604332e-19   2152688
  2.714867e+00   1.038848e-15   1.121777e-03   7.554116e-19   2147628
  2.718754e+00   1.030454e-15   1.122335e-03   7.511941e-19   2139012
  2.722646e+00   1.020545e-15   1.125226e-03   7.415045e-19   2136008
  2.726525e+00   1.013899e-15   1.114594e-03   7.434022e-19   2108656
  2.730404e+00   1.006790e-15   1.123744e-03   7.371066e-19   2117896
  2.734296e+00   9.983535e-16   1.123450e-03   7.306808e-19   2106260
  2.738185e+00   9.890707e-16   1.123855e-03   7.273104e-19   2099088
  2.742075e+00   9.827346e-16   1.121974e-03   7.217784e-19   2088432
  2.745961e+00   9.733160e-16   1.120471e-03   7.174429e-19   2078432
  2.749845e+00   9.673784e-16   1.120708e-03   7.134803e-19   2069048
  2.753732e+00   9.601493e-16   1.123831e-03   7.085763e-19   2064804
  2.757623e+00   9.532830e-16   1.123568e-03   7.052220e-19   2055644
  2.761510e+00   9.448746e-16   1.120700e-03   7.005000e-19   2043000
  2.765392e+00   9.382174e-16   1.120067e-03   6.981224e-19   2032348
  2.769281e+00   9.311450e-16   1.126495e-03   6.921074e-19   2034064
  2.773172e+00   9.251099e-16   1.122211e-03   6.893620e-19   2017740
  2.777059e+00   9.166003e-16   1.121480e-03   6.854834e-19   2010188
  2.780942e+00   9.096210e-16   1.118751e-03   6.812180e-19   1996556
  2.784826e+00   9.033116e-16   1.122456e-03   6.791979e-19   1992816
  2.788712e+00   8.969621e-16   1.122411e-03   6.747203e-19   1982400
  2.792596e+00   8.892830e-16   1.121262e-03   6.716664e-19   1972256
  2.796480e+00   8.826089e-16   1.121000e-03   6.662161e-19   1964384
  2.800370e+00   8.761066e-16   1.122889e-03   6.630864e-19   1958544
  2.804258e+00   8.693217e-16   1.122489e-03   6.587831e-19   1946988
  2.808149e+00   8.621439e-16   1.124629e-03   6.548717e-19   1942532
  2.812034e+00   8.585308e-16   1.117383e-03   6.546037e-19   1921692
  2.815918e+00   8.516314e-16   1.123808e-03   6.502936e-19   1924004
  2.819806e+00   8.445243e-16   1.120365e-03   6.474851e-19   1907344
  2.823695e+00   8.373309e-16   1.126069e-03   6.414101e-19   1907440
  2.827583e+00   8.312685e-16   1.118720e-03   6.398085e-19   1886136
  2.831464e+00   8.263034e-16   1.121920e-03   6.363586e-19   1883144
  2.835353e+00   8.198023e-16   1.122753e-03   6.327707e-19   1874724
  2.839243e+00   8.143221e-16   1.123826e-03   6.317948e-19   1866068
  2.843130e+00   8.089836e-16   1.121455e-03   6.285942e-19   1852980
  2.847017e+00   8.024218e-16   1.122782e-03   6.241785e-19   1847468
  2.850900e+00   7.991850e-16   1.117935e-03   6.245225e-19   1829636
  2.854785e+00   7.920166e-16   1.123959e-03   6.192166e-19   1829688
  2.858675e+00   7.860415e-16   1.122789e-03   6.163917e-19   1817192
  2.862561e+00   7.800115e-16   1.121150e-03   6.136550e-19   1806312
  2.866446e+00   7.749894e-16   1.120289e-03   6.118907e-19   1795984
  2.870334e+00   7.701021e-16   1.123627e-03   6.084148e-19   1791100
  2.874224e+00   7.647735e-16   1.122050e-03   6.068933e-19   1777648
  2.878111e+00   7.583705e-16   1.123043e-03   6.027503e-19   1769848
  2.881996e+00   7.550692e-16   1.119995e-03   6.036454e-19   1756536
  2.885881e+00   7.468033e-16   1.121386e-03   5.972473e-19   1748960
  2.889768e+00   7.443041e-16   1.123014e-03   5.969152e-19   1739952
  2.893658e+00   7.362994e-16   1.124239e-03   5.925731e-19   1732124
  2.897544e+00   7.335701e-16   1.120323e-03   5.920951e-19   1716852
  2.901430e+00   7.283467e-16   1.122735e-03   5.894662e-19   1712276
  2.905319e+00   7.224887e-16   1.121222e-03   5.869747e-19   1698500
  2.909208e+00   7.194062e-16   1.125604e-03   5.853443e-19   1693932
  2.913093e+00   7.134733e-16   1.119232e-03   5.847135e-19   1675204
  2.916975e+00   7.097521e-16   1.121771e-03   5.825075e-19   1670644
  2.920858e+00   7.071840e-16   1.118515e-03   5.810106e-19   1655532
  2.924748e+00   7.017451e-16   1.126990e-03   5.782632e-19   1656860
  2.928637e+00   6.952772e-16   1.119840e-03   5.763303e-19   1635372
  2.932524e+00   6.894385e-16   1.124773e-03   5.732501e-19   1634324
  2.936410e+00   6.858373e-16   1.117372e-03   5.721656e-19   1613676
  2.940295e+00   6.822992e-16   1.124617e-03   5.705790e-19   1613348
  2.944183e+00   6.779096e-16   1.120803e-03   5.693086e-19   1596236
  2.948069e+00   6.735060e-16   1.123999e-03   5.676062e-19   1591476
  2.951956e+00   6.673902e-16   1.119134e-03   5.653934e-19   1575732
  2.955838e+00   6.646898e-16   1.120429e-03   5.648011e-19   1566236
  2.959725e+00   6.620285e-16   1.124724e-03   5.642249e-19   1560292
  2.963618e+00   6.547017e-16   1.124442e-03   5.592519e-19   1550092
  2.967503e+00   6.526086e-16   1.118750e-03   5.611141e-19   1532628
  2.971386e+00   6.470151e-16   1.121507e-03   5.578285e-19   1527332
  2.975274e+00   6.448461e-16   1.121884e-03   5.589351e-19   1515212
  2.979160e+00   6.393380e-16   1.123567e-03   5.574782e-19   1506444
  2.983048e+00   6.348638e-16   1.122261e-03   5.534698e-19   1495116
  2.986928e+00   6.321466e-16   1.117074e-03   5.538134e-19   1479152
  2.990812e+00   6.274818e-16   1.122982e-03   5.516956e-19   1475512
  2.994707e+00   6.244735e-16   1.126591e-03   5.492673e-19   1467820
  2.998598e+00   6.202788e-16   1.121923e-03   5.508122e-19   1451256
  3.002486e+00   6.167669e-16   1.122725e-03   5.484785e-19   1443212
  3.006369e+00   6.115587e-16   1.117256e-03   5.487880e-19   1425680
  3.010254e+00   6.066850e-16   1.124371e-03   5.445849e-19   1422972
  3.014143e+00   6.049691e-16   1.123023e-03   5.454553e-19   1408632
  3.018032e+00   6.005304e-16   1.123941e-03   5.441430e-19   1400984
  3.021918e+00   5.970134e-16   1.117887e-03   5.455598e-19   1383196
  3.025801e+00   5.944534e-16   1.123197e-03   5.437267e-19   1378120
  3.029692e+00   5.918346e-16   1.124450e-03   5.443234e-19   1367272
  3.033584e+00   5.863325e-16   1.124457e-03   5.421204e-19   1356580
  3.037464e+00   5.840559e-16   1.115974e-03   5.444835e-19   1337028
  3.041343e+00   5.793647e-16   1.120802e-03   5.408054e-19   1332500
  3.045230e+00   5.769142e-16   1.122780e-03   5.414766e-19   1321796
  3.049120e+00   5.729869e-16   1.124838e-03   5.404953e-19   1312716
  3.053007e+00   5.700041e-16   1.119942e-03   5.410524e-19   1296580
  3.056896e+00   5.665917e-16   1.124221e-03   5.388416e-19   1291528
  3.060783e+00   5.625474e-16   1.119071e-03   5.399274e-19   1273128
  3.064669e+00   5.596205e-16   1.125633e-03   5.384435e-19   1268720
  3.068560e+00   5.558040e-16   1.122309e-03   5.377266e-19   1254016
  3.072444e+00   5.516589e-16   1.119894e-03   5.372035e-19   1241296
  3.076322e+00   5.493065e-16   1.116955e-03   5.383998e-19   1226712
  3.080211e+00   5.473772e-16   1.128188e-03   5.390449e-19   1226228
  3.084105e+00   5.440948e-16   1.122621e-03   5.403824e-19   1207768
  3.087992e+00   5.386458e-16   1.122433e-03   5.342353e-19   1198336
  3.091874e+00   5.364292e-16   1.117108e-03   5.382639e-19   1181484
  3.095761e+00   5.328443e-16   1.125421e-03   5.356050e-19   1178012
  3.099653e+00   5.295426e-16   1.123268e-03   5.373525e-19   1162564
  3.103535e+00   5.260615e-16   1.120338e-03   5.401831e-19   1149340
  3.107418e+00   5.244233e-16   1.119954e-03   5.387090e-19   1138848
  3.111303e+00   5.193933e-16   1.120192e-03   5.378737e-19   1126748
  3.115189e+00   5.184836e-16   1.123911e-03   5.404459e-19   1117428
  3.119084e+00   5.135879e-16   1.126323e-03   5.375969e-19   1108112
  3.122973e+00   5.096493e-16   1.119549e-03   5.367518e-19   1090596
  3.126857e+00   5.075682e-16   1.120292e-03   5.371469e-19   1081052
  3.130738e+00   5.052197e-16   1.118514e-03   5.402470e-19   1065716
  3.134626e+00   5.005667e-16   1.127732e-03   5.365942e-19   1061940
  3.138518e+00   4.977836e-16   1.121370e-03   5.389737e-19   1044096
  3.142404e+00   4.932896e-16   1.122139e-03   5.363542e-19   1034864
  3.146289e+00   4.908295e-16   1.117591e-03   5.396288e-19   1018308
  3.150179e+00   4.879651e-16   1.129200e-03   5.388507e-19   1014812
  3.154072e+00   4.863560e-16   1.121981e-03   5.417988e-19   996288
  3.157955e+00   4.796903e-16   1.120847e-03   5.354928e-19   985376
  3.161835e+00   4.769578e-16   1.115880e-03   5.381746e-19   969652
  3.165722e+00   4.739596e-16   1.125987e-03   5.391549e-19   964924
  3.169610e+00   4.727237e-16   1.121515e-03   5.422507e-19   947228
  3.173495e+00   4.673239e-16   1.123457e-03   5.397989e-19   939084
  3.177381e+00   4.633800e-16   1.116472e-03   5.384588e-19   921864
  3.181265e+00   4.608879e-16   1.123502e-03   5.388807e-19   914252
  3.185159e+00   4.577054e-16   1.126304e-03   5.396524e-19   902572
  3.189050e+00   4.533359e-16   1.123145e-03   5.386460e-19   888784
  3.192932e+00   4.499162e-16   1.116224e-03   5.418674e-19   872540
  3.196811e+00   4.449621e-16   1.120157e-03   5.378835e-19   862848
  3.200697e+00   4.440456e-16   1.124093e-03   5.417130e-19   851760
  3.204592e+00   4.382714e-16   1.127172e-03   5.368973e-19   841940
  3.208479e+00   4.347321e-16   1.117661e-03   5.402670e-19   823032
  3.212364e+00   4.296441e-16   1.123934e-03   5.336044e-19   816044
  3.216253e+00   4.270494e-16   1.120364e-03   5.369308e-19   799292
  3.220140e+00   4.197338e-16   1.126784e-03   5.301360e-19   791304
  3.224026e+00   4.169420e-16   1.117490e-03   5.336173e-19   772868
  3.227902e+00   4.127436e-16   1.119936e-03   5.297104e-19   762552
  3.231787e+00   4.101711e-16   1.121745e-03   5.303328e-19   750876
  3.235677e+00   4.033906e-16   1.123999e-03   5.249652e-19   739280
  3.239565e+00   3.993903e-16   1.121784e-03   5.206876e-19   724944
  3.243456e+00   3.946216e-16   1.124267e-03   5.187712e-19   714380
  3.247336e+00   3.893157e-16   1.116046e-03   5.185725e-19   695932
  3.251222e+00   3.833870e-16   1.126879e-03   5.104234e-19   690949
  3.255114e+00   3.791569e-16   1.118914e-03   5.087505e-19   673638
  3.258999e+00   3.734650e-16   1.124434e-03   5.005824e-19   666092
  3.262883e+00   3.709762e-16   1.117312e-03   5.039628e-19   651024
  3.266766e+00   3.663549e-16   1.124054e-03   4.989702e-19   644804
  3.270656e+00   3.629061e-16   1.121035e-03   4.972764e-19   632676
  3.274546e+00   3.598275e-16   1.125434e-03   4.954115e-19   624962
  3.278430e+00   3.546830e-16   1.118496e-03   4.915845e-19   611280
  3.282321e+00   3.514989e-16   1.127391e-03   4.865248e-19   607256
  3.286211e+00   3.494620e-16   1.118374e-03   4.894566e-19   592616
  3.290095e+00   3.450875e-16   1.124430e-03   4.870859e-19   587160
  3.293983e+00   3.422090e-16   1.120749e-03   4.854546e-19   575482
  3.297866e+00   3.392241e-16   1.122505e-03   4.843929e-19   568258
  3.301757e+00   3.365890e-16   1.122731e-03   4.836793e-19   559638
  3.305647e+00   3.333585e-16   1.123210e-03   4.799343e-19   551498
  3.309536e+00   3.303446e-16   1.121790e-03   4.815452e-19   542364
  3.313423e+00   3.251415e-16   1.122328e-03   4.785167e-19   534146
  3.317305e+00   3.242829e-16   1.119988e-03   4.779816e-19   524980
  3.321196e+00   3.215999e-16   1.125222e-03   4.770229e-19   519964
  3.325077e+00   3.189920e-16   1.115886e-03   4.768184e-19   507108
  3.328962e+00   3.165725e-16   1.126905e-03   4.740111e-19   504992
  3.332852e+00   3.140218e-16   1.118656e-03   4.756424e-19   492948
  3.336740e+00   3.087874e-16   1.127360e-03   4.684458e-19   489740
  3.340629e+00   3.082759e-16   1.117346e-03   4.717032e-19   477716
  3.344511e+00   3.053687e-16   1.124864e-03   4.719327e-19   473844
  3.348399e+00   3.032899e-16   1.119228e-03   4.696319e-19   464222
  3.352284e+00   3.004227e-16   1.123815e-03   4.704195e-19   459048
  3.356167e+00   2.971894e-16   1.117888e-03   4.663389e-19   449574
  3.360054e+00   2.953479e-16   1.125019e-03   4.665439e-19   445820
  3.363936e+00   2.940952e-16   1.116211e-03   4.697316e-19   435158
  3.367827e+00   2.909040e-16   1.127850e-03   4.660885e-19   433566
  3.371713e+00   2.880273e-16   1.114763e-03   4.663006e-19   421014
  3.375597e+00   2.874830e-16   1.127754e-03   4.637544e-19   419996
  3.379490e+00   2.856430e-16   1.118287e-03   4.648073e-19   409482
  3.383368e+00   2.831237e-16   1.121665e-03   4.653248e-19   404414
  3.387257e+00   2.810600e-16   1.122567e-03   4.649293e-19   398518
  3.391148e+00   2.775584e-16   1.123750e-03   4.630107e-19   392302
  3.395033e+00   2.764758e-16   1.121765e-03   4.640052e-19   385318
  3.398930e+00   2.750660e-16   1.127631e-03   4.615302e-19   381718
  3.402811e+00   2.720812e-16   1.114511e-03   4.632937e-19   370674
  3.406696e+00   2.712292e-16   1.128673e-03   4.657210e-19   370166
  3.410587e+00   2.673399e-16   1.117032e-03   4.612923e-19   359838
  3.414471e+00   2.659601e-16   1.126612e-03   4.626303e-19   357488
  3.418356e+00   2.654117e-16   1.115416e-03   4.671506e-19   348174
  3.422239e+00   2.615000e-16   1.126138e-03   4.588793e-19   346010
  3.426123e+00   2.607858e-16   1.115666e-03   4.655154e-19   336966
  3.430017e+00   2.581997e-16   1.131496e-03   4.602040e-19   336488
  3.433906e+00   2.573314e-16   1.113178e-03   4.653448e-19   325206
  3.437790e+00   2.552598e-16   1.128394e-03   4.651531e-19   324614
  3.441675e+00   2.542698e-16   1.113950e-03   4.674014e-19   314792
  3.445561e+00   2.519728e-16   1.129033e-03   4.650276e-19   314082
  3.449445e+00   2.500812e-16   1.112843e-03   4.674462e-19   303918
  3.453329e+00   2.493670e-16   1.130230e-03   4.669198e-19   303872
  3.457223e+00   2.493908e-16   1.118237e-03   4.711462e-19   295070
  3.461110e+00   2.449722e-16   1.127117e-03   4.656133e-19   292776
  3.464999e+00   2.443635e-16   1.118155e-03   4.727782e-19   285198
  3.468882e+00   2.427875e-16   1.124173e-03   4.712053e-19   282068
  3.472770e+00   2.412706e-16   1.120642e-03   4.734847e-19   276094
  3.476654e+00   2.399001e-16   1.121770e-03   4.736490e-19   271936
  3.480537e+00   2.394049e-16   1.119604e-03   4.774435e-19   266352
  3.484425e+00   2.368495e-16   1.124273e-03   4.716380e-19   263198
  3.488309e+00   2.362371e-16   1.117087e-03   4.761259e-19   256540
  3.492199e+00   2.334529e-16   1.128018e-03   4.734548e-19   254758
  3.496085e+00   2.323700e-16   1.114575e-03   4.758063e-19   246888
  3.499973e+00   2.318951e-16   1.129431e-03   4.789415e-19   245984
  3.503859e+00   2.303873e-16   1.113747e-03   4.829185e-19   237838
  3.507743e+00   2.286866e-16   1.128624e-03   4.801648e-19   236932
  3.511628e+00   2.280899e-16   1.114686e-03   4.877054e-19   229296
  3.515519e+00   2.252742e-16   1.132107e-03   4.785951e-19   228968
  3.519410e+00   2.257531e-16   1.115334e-03   4.882299e-19   220862
  3.523299e+00   2.235283e-16   1.132320e-03   4.862016e-19   220440
  3.527188e+00   2.220031e-16   1.113877e-03   4.926616e-19   212400
  3.531075e+00   2.209717e-16   1.132596e-03   4.891557e-19   212228
  3.534965e+00   2.210242e-16   1.113928e-03   4.960231e-19   204518
  3.538852e+00   2.186087e-16   1.130227e-03   4.946616e-19   203928
  3.542735e+00   2.182364e-16   1.110921e-03   5.000976e-19   196280
  3.546619e+00   2.182597e-16   1.130361e-03   5.035765e-19   196272
  3.550503e+00   2.153487e-16   1.110008e-03   5.037179e-19   188572
  3.554385e+00   2.154741e-16   1.129045e-03   5.081407e-19   188440
  3.558272e+00   2.134918e-16   1.112527e-03   5.115374e-19   181574
  3.562156e+00   2.126274e-16   1.129325e-03   5.070930e-19   180912
  3.566042e+00   2.124972e-16   1.112617e-03   5.163435e-19   174304
  3.569927e+00   2.101448e-16   1.129933e-03   5.092093e-19   173620
  3.573814e+00   2.097008e-16   1.114477e-03   5.169567e-19   167424
  3.577707e+00   2.082919e-16   1.132693e-03   5.189984e-19   166952
  3.581590e+00   2.081092e-16   1.109406e-03   5.276299e-19   159744
  3.585479e+00   2.058616e-16   1.134885e-03   5.169993e-19   160424
  3.589363e+00   2.065169e-16   1.107308e-03   5.320462e-19   152748
  3.593250e+00   2.042091e-16   1.136784e-03   5.269242e-19   153920
  3.597136e+00   2.043443e-16   1.105473e-03   5.412987e-19   146016
  3.601018e+00   2.033252e-16   1.136208e-03   5.359265e-19   147176
  3.604907e+00   2.025502e-16   1.107710e-03   5.467482e-19   139992
  3.608791e+00   2.016785e-16   1.135264e-03   5.464434e-19   140588
  3.612682e+00   2.009134e-16   1.111007e-03   5.521119e-19   134184
  3.616571e+00   2.004722e-16   1.134121e-03   5.511102e-19   134192
  3.620457e+00   1.995177e-16   1.110077e-03   5.626435e-19   127992
  3.624344e+00   1.981833e-16   1.133946e-03   5.585241e-19   128132
  3.628235e+00   1.973033e-16   1.112933e-03   5.655167e-19   122384
  3.632120e+00   1.963405e-16   1.130787e-03   5.680767e-19   121896
  3.636006e+00   1.967349e-16   1.111987e-03   5.767717e-19   116592
  3.639888e+00   1.950465e-16   1.130031e-03   5.733713e-19   116072
  3.643776e+00   1.941683e-16   1.113281e-03   5.807349e-19   111196
  3.647666e+00   1.938815e-16   1.133982e-03   5.875692e-19   110824
  3.651553e+00   1.934986e-16   1.109351e-03   5.930665e-19   105456
  3.655445e+00   1.927567e-16   1.137911e-03   5.966351e-19   105746
  3.659331e+00   1.938815e-16   1.104570e-03   6.134678e-19   99816
  3.663217e+00   1.900015e-16   1.137630e-03   6.068066e-19   100460
  3.667098e+00   1.897363e-16   1.103186e-03   6.233831e-19   94616
  3.670986e+00   1.896239e-16   1.138482e-03   6.188621e-19   95448
  3.674871e+00   1.889171e-16   1.104767e-03   6.280610e-19   89784
  3.678762e+00   1.901672e-16   1.138753e-03   6.355092e-19   90536
  3.682640e+00   1.896416e-16   1.098833e-03   6.527164e-19   84566
  3.686528e+00   1.879435e-16   1.143171e-03   6.434543e-19   86088
  3.690411e+00   1.883709e-16   1.094501e-03   6.778990e-19   79680
  3.694290e+00   1.869361e-16   1.143460e-03   6.570063e-19   81368
  3.698177e+00   1.863389e-16   1.096007e-03   6.812068e-19   75356
  3.702056e+00   1.852208e-16   1.143156e-03   6.710688e-19   76704
  3.705948e+00   1.858715e-16   1.100016e-03   6.971909e-19   71322
  3.709834e+00   1.839239e-16   1.143672e-03   6.853446e-19   72248
  3.713724e+00   1.838256e-16   1.099908e-03   7.166459e-19   67160
  3.717610e+00   1.834944e-16   1.141543e-03   7.063843e-19   67836
  3.721489e+00   1.849911e-16   1.096984e-03   7.395655e-19   62976
  3.725379e+00   1.818547e-16   1.144398e-03   7.190215e-19   63914
  3.729253e+00   1.819652e-16   1.092761e-03   7.513070e-19   58832
  3.733144e+00   1.821775e-16   1.147084e-03   7.480538e-19   60108
  3.737017e+00   1.839144e-16   1.090205e-03   7.805431e-19   54920
  3.740928e+00   1.795599e-16   1.160099e-03   7.515481e-19   56970
  3.744809e+00   1.839508e-16   1.078913e-03   8.180820e-19   50760
  3.748701e+00   1.809318e-16   1.161348e-03   7.876164e-19   53312
  3.752584e+00   1.805309e-16   1.074836e-03   8.351216e-19   47164
  3.756472e+00   1.807670e-16   1.163802e-03   8.144578e-19   49810
  3.760356e+00   1.802669e-16   1.069365e-03   8.646053e-19   43680
  3.764234e+00   1.803981e-16   1.164818e-03   8.355493e-19   46328
  3.768129e+00   1.797444e-16   1.073902e-03   8.904170e-19   40694
  3.772013e+00   1.797654e-16   1.167140e-03   8.726514e-19   42984
  3.775913e+00   1.817723e-16   1.073587e-03   9.342808e-19   37656
  3.779787e+00   1.802126e-16   1.164236e-03   8.957597e-19   39578
  3.783688e+00   1.791145e-16   1.077878e-03   9.500430e-19   34920
  3.787564e+00   1.778169e-16   1.160065e-03   9.294132e-19   36308
  3.791451e+00   1.808406e-16   1.076316e-03   1.009236e-18   32136
  3.795334e+00   1.778891e-16   1.159401e-03   9.684486e-19   33362
  3.799207e+00   1.798500e-16   1.069739e-03   1.056029e-18   29336
  3.803104e+00   1.782298e-16   1.167435e-03   1.020276e-18   30804
  3.806966e+00   1.817404e-16   1.055228e-03   1.113118e-18   26490
  3.810870e+00   1.791352e-16   1.176653e-03   1.077807e-18   28376
  3.814719e+00   1.810996e-16   1.039734e-03   1.189777e-18   23784
  3.818636e+00   1.768063e-16   1.189627e-03   1.088268e-18   26150
  3.822479e+00   1.775682e-16   1.021588e-03   1.223253e-18   21192
  3.826407e+00   1.809901e-16   1.204804e-03   1.156346e-18   24050
  3.830252e+00   1.768206e-16   1.002280e-03   1.291480e-18   18768
  3.834191e+00   1.786949e-16   1.221518e-03   1.202639e-18   22052
  3.838029e+00   1.772171e-16   9.660660e-04   1.381046e-18   16346
  3.841962e+00   1.751486e-16   1.236558e-03   1.233615e-18   20136
  3.845802e+00   1.821260e-16   9.274195e-04   1.527639e-18   14160
  3.849721e+00   1.764195e-16   1.247069e-03   1.307407e-18   18218
  3.853565e+00   1.785604e-16   8.859468e-04   1.609734e-18   12204
  3.857470e+00   1.794934e-16   1.256334e-03   1.426524e-18   16346
  3.861333e+00   1.762026e-16   8.562781e-04   1.708521e-18   10536
  3.865221e+00   1.786481e-16   1.261091e-03   1.469730e-18   14456
  3.869081e+00   1.743229e-16   8.165112e-04   1.862933e-18   8990
  3.872967e+00   1.779786e-16   1.270385e-03   1.583546e-18   12744
  3.876815e+00   1.770421e-16   7.482517e-04   1.990682e-18   7506
  3.880703e+00   1.798720e-16   1.282849e-03   1.716181e-18   11192
  3.884545e+00   1.751150e-16   6.569471e-04   2.198355e-18   6156
  3.888432e+00   1.824275e-16   1.294599e-03   1.836363e-18   9722
  3.892281e+00   1.799205e-16   5.567157e-04   2.536620e-18   4992
  3.896158e+00   1.777773e-16   1.304505e-03   1.945583e-18   8306
  3.900025e+00   1.789790e-16   4.384033e-04   2.763692e-18   3996
  3.903878e+00   1.780712e-16   1.309274e-03   2.188059e-18   6938
  3.907766e+00   1.843307e-16   3.047624e-04   3.424860e-18   3168
  3.911584e+00   1.787378e-16   1.304853e-03   2.370832e-18   5624
  3.915485e+00   1.795919e-16   2.103226e-04   3.498655e-18   2502
  3.919286e+00   1.843887e-16   1.297747e-03   2.652554e-18   4424
  3.923208e+00   1.811349e-16   2.230451e-04   3.966298e-18   1946
  3.926998e+00   1.827784e-16   1.292790e-03   3.040787e-18   3360
  3.930918e+00   1.886013e-16   1.221617e-04   4.740224e-18   1446
  3.934708e+00   1.872652e-16   1.290208e-03   3.710727e-18   2456
  3.938666e+00   1.947149e-16   2.340394e-04   7.082086e-18   1034
  3.942432e+00   1.957237e-16   1.288305e-03   4.871946e-18   1680
  3.946383e+00   1.615591e-16   5.837572e-05   5.831809e-18   678
  3.950143e+00   1.823670e-16   1.286681e-03   5.438297e-18   1064
  3.954177e+00   1.931004e-16   3.540138e-04   8.933360e-18   410
  3.957868e+00   1.944818e-16   1.284749e-03   7.490181e-18   576
  3.961879e+00   1.935649e-16   1.855368e-05   1.356623e-17   198
  3.965528e+00   1.838230e-16   1.272780e-03   1.026659e-17   248
  3.969917e+00   2.069673e-16   8.019490e-04   2.835255e-17   74
  3.973198e+00   1.889806e-16   1.252635e-03   2.299414e-17   48
  3.977405e+00   3.069993e-16   5.034095e-08   2.879690e-17   6
