# power spectrum of pi_k * H (dimensionless)
# redshift z=0.980309
# k              Pk             sigma(k)       sigma(Pk)      count
  5.727314e-03   1.563987e-10   8.763345e-04   3.464208e-11   18
  1.001182e-02   2.588665e-10   1.059922e-03   3.690116e-11   62
  1.393445e-02   1.841451e-10   7.332271e-04   2.251284e-11   90
  1.764809e-02   1.767608e-10   1.157232e-03   1.169638e-11   170
  2.151286e-02   1.328967e-10   1.202795e-03   8.297311e-12   246
  2.528669e-02   9.952234e-11   1.146703e-03   5.588927e-12   338
  2.901099e-02   9.045987e-11   9.857564e-04   4.462843e-12   432
  3.284683e-02   7.171092e-11   1.010047e-03   3.249271e-12   578
  3.688195e-02   5.420271e-11   1.177086e-03   1.988490e-12   786
  4.101464e-02   4.213526e-11   1.190994e-03   1.357998e-12   974
  4.488954e-02   3.529780e-11   1.031402e-03   1.114222e-12   1002
  4.870958e-02   3.198794e-11   1.179303e-03   8.378118e-13   1334
  5.263577e-02   2.607816e-11   1.134676e-03   7.133365e-13   1458
  5.631027e-02   2.384697e-11   1.072446e-03   5.850464e-13   1604
  6.010158e-02   2.112706e-11   1.088865e-03   5.037867e-13   1974
  6.404851e-02   1.913086e-11   1.067989e-03   4.066039e-13   2234
  6.795611e-02   1.731494e-11   1.092954e-03   3.537162e-13   2490
  7.198483e-02   1.541181e-11   1.200217e-03   2.907785e-13   3014
  7.595394e-02   1.380733e-11   1.093611e-03   2.519178e-13   3018
  7.977896e-02   1.221190e-11   1.131598e-03   2.115190e-13   3446
  8.359600e-02   1.062248e-11   1.085617e-03   1.794632e-13   3626
  8.742004e-02   9.229561e-12   1.125556e-03   1.448358e-13   4164
  9.130612e-02   8.495246e-12   1.090740e-03   1.301241e-13   4470
  9.521636e-02   7.363858e-12   1.115446e-03   1.081331e-13   4970
  9.915211e-02   6.772066e-12   1.127844e-03   9.123567e-14   5366
  1.030785e-01   5.849306e-12   1.144516e-03   7.512985e-14   5778
  1.069619e-01   5.554043e-12   1.149148e-03   7.038582e-14   6162
  1.108671e-01   5.051870e-12   1.158272e-03   6.408558e-14   6734
  1.146806e-01   4.604007e-12   1.074898e-03   5.539537e-14   6756
  1.184510e-01   4.370843e-12   1.088568e-03   4.882757e-14   7502
  1.223464e-01   4.120058e-12   1.105366e-03   4.598710e-14   8154
  1.262469e-01   3.767979e-12   1.103283e-03   4.088792e-14   8618
  1.301909e-01   3.583332e-12   1.146655e-03   3.728207e-14   9390
  1.341197e-01   3.379977e-12   1.126004e-03   3.429505e-14   9722
  1.380051e-01   3.003273e-12   1.126950e-03   2.976945e-14   10242
  1.419007e-01   2.765023e-12   1.149257e-03   2.617564e-14   11006
  1.457777e-01   2.604032e-12   1.106962e-03   2.466537e-14   11348
  1.496576e-01   2.345177e-12   1.105725e-03   2.107595e-14   12150
  1.535164e-01   2.135041e-12   1.078348e-03   1.945799e-14   12498
  1.574072e-01   1.991977e-12   1.129889e-03   1.689761e-14   13586
  1.613096e-01   1.827523e-12   1.132072e-03   1.559084e-14   14006
  1.652381e-01   1.715129e-12   1.166232e-03   1.361326e-14   15162
  1.691226e-01   1.586920e-12   1.101754e-03   1.301390e-14   14990
  1.729750e-01   1.491744e-12   1.143142e-03   1.164238e-14   16380
  1.768610e-01   1.428095e-12   1.105581e-03   1.104171e-14   16666
  1.807168e-01   1.363356e-12   1.110348e-03   1.034034e-14   17638
  1.845996e-01   1.294324e-12   1.100521e-03   9.636721e-15   18354
  1.884710e-01   1.217037e-12   1.102640e-03   8.993057e-15   19034
  1.923685e-01   1.173893e-12   1.144302e-03   8.092088e-15   20270
  1.963174e-01   1.122018e-12   1.155956e-03   7.631381e-15   21258
  2.002141e-01   1.047711e-12   1.111898e-03   7.130507e-15   21350
  2.040863e-01   9.691090e-13   1.123159e-03   6.532062e-15   22644
  2.079681e-01   9.189257e-13   1.101476e-03   6.077762e-15   23114
  2.118390e-01   8.617506e-13   1.118265e-03   5.612374e-15   24342
  2.157382e-01   7.982868e-13   1.117694e-03   5.047841e-15   25194
  2.196235e-01   7.522638e-13   1.116195e-03   4.764154e-15   25982
  2.234724e-01   7.162744e-13   1.109599e-03   4.411533e-15   26506
  2.273806e-01   6.779344e-13   1.167806e-03   4.023136e-15   28738
  2.312750e-01   6.372325e-13   1.110542e-03   3.808795e-15   28296
  2.351662e-01   5.965862e-13   1.143823e-03   3.398185e-15   30554
  2.390501e-01   5.632610e-13   1.084103e-03   3.263653e-15   30094
  2.428824e-01   5.523513e-13   1.109820e-03   3.118558e-15   31738
  2.467836e-01   5.180560e-13   1.134747e-03   2.862133e-15   33306
  2.506613e-01   5.039506e-13   1.104153e-03   2.713069e-15   33422
  2.545365e-01   4.829344e-13   1.131527e-03   2.591700e-15   35298
  2.584714e-01   4.569814e-13   1.143069e-03   2.397726e-15   36650
  2.623670e-01   4.347360e-13   1.115532e-03   2.245090e-15   36888
  2.662651e-01   4.131412e-13   1.131896e-03   2.090765e-15   38834
  2.701697e-01   3.937169e-13   1.107355e-03   1.986756e-15   39246
  2.740453e-01   3.753333e-13   1.111777e-03   1.864435e-15   40466
  2.778984e-01   3.589209e-13   1.108403e-03   1.768916e-15   41106
  2.817847e-01   3.381148e-13   1.145602e-03   1.625128e-15   43598
  2.856833e-01   3.240330e-13   1.116308e-03   1.547900e-15   43650
  2.895471e-01   3.044230e-13   1.120907e-03   1.436997e-15   45272
  2.934575e-01   2.946513e-13   1.131740e-03   1.364333e-15   46994
  2.973636e-01   2.821385e-13   1.124346e-03   1.290620e-15   47850
  3.012447e-01   2.676450e-13   1.115858e-03   1.217121e-15   48846
  3.051030e-01   2.569105e-13   1.105642e-03   1.160751e-15   49706
  3.089532e-01   2.472286e-13   1.113265e-03   1.100175e-15   51198
  3.128464e-01   2.333203e-13   1.134266e-03   1.023375e-15   53402
  3.167281e-01   2.281502e-13   1.111145e-03   9.902319e-16   53634
  3.206428e-01   2.172682e-13   1.143806e-03   9.094359e-16   56888
  3.245618e-01   2.084652e-13   1.106794e-03   8.803508e-16   56474
  3.284581e-01   1.995227e-13   1.130606e-03   8.256811e-16   58962
  3.323510e-01   1.907251e-13   1.114731e-03   7.883881e-16   59214
  3.362265e-01   1.839301e-13   1.127963e-03   7.479643e-16   61250
  3.400938e-01   1.761394e-13   1.110759e-03   7.151368e-16   61694
  3.439480e-01   1.699884e-13   1.120230e-03   6.764805e-16   63618
  3.478512e-01   1.612697e-13   1.140078e-03   6.246991e-16   66284
  3.517691e-01   1.547019e-13   1.123324e-03   5.977735e-16   67014
  3.556494e-01   1.464924e-13   1.113722e-03   5.626480e-16   67930
  3.595371e-01   1.420588e-13   1.127426e-03   5.358147e-16   70294
  3.634200e-01   1.378892e-13   1.114424e-03   5.201434e-16   70658
  3.672742e-01   1.303269e-13   1.121955e-03   4.890074e-16   72522
  3.711539e-01   1.262266e-13   1.125103e-03   4.686829e-16   74550
  3.750359e-01   1.214961e-13   1.112832e-03   4.433860e-16   75674
  3.789191e-01   1.166625e-13   1.116846e-03   4.173960e-16   77708
  3.828461e-01   1.129780e-13   1.136191e-03   3.970112e-16   80622
  3.867545e-01   1.078972e-13   1.112810e-03   3.804243e-16   80330
  3.906423e-01   1.043375e-13   1.128269e-03   3.610267e-16   82974
  3.945313e-01   9.999369e-14   1.118618e-03   3.455654e-16   83666
  3.984084e-01   9.673000e-14   1.126394e-03   3.337215e-16   85746
  4.022765e-01   9.269389e-14   1.118427e-03   3.181954e-16   86702
  4.061542e-01   8.939124e-14   1.126154e-03   2.971516e-16   89556
  4.100569e-01   8.653913e-14   1.118519e-03   2.865229e-16   91038
  4.139484e-01   8.348636e-14   1.117921e-03   2.742746e-16   92522
  4.178268e-01   7.972197e-14   1.119569e-03   2.595333e-16   94034
  4.217415e-01   7.705634e-14   1.145339e-03   2.486420e-16   97758
  4.256173e-01   7.434330e-14   1.103600e-03   2.405535e-16   95770
  4.294627e-01   7.174014e-14   1.123790e-03   2.294873e-16   99646
  4.333400e-01   6.992731e-14   1.115333e-03   2.205006e-16   100980
  4.372362e-01   6.671621e-14   1.127284e-03   2.073547e-16   104258
  4.411386e-01   6.453214e-14   1.114910e-03   2.010693e-16   104998
  4.450377e-01   6.233902e-14   1.124073e-03   1.900274e-16   107866
  4.489311e-01   6.059547e-14   1.113184e-03   1.845396e-16   108154
  4.528161e-01   5.845435e-14   1.135370e-03   1.760196e-16   111622
  4.567076e-01   5.622369e-14   1.122976e-03   1.678903e-16   112146
  4.605727e-01   5.417875e-14   1.119518e-03   1.610711e-16   114014
  4.644440e-01   5.208786e-14   1.115906e-03   1.537808e-16   116220
  4.683319e-01   5.038217e-14   1.119789e-03   1.460386e-16   118682
  4.722291e-01   4.906636e-14   1.126606e-03   1.423798e-16   121118
  4.761348e-01   4.716134e-14   1.124808e-03   1.346491e-16   122994
  4.800157e-01   4.553437e-14   1.114862e-03   1.300202e-16   123574
  4.838959e-01   4.426513e-14   1.131276e-03   1.249101e-16   126922
  4.877763e-01   4.290127e-14   1.124735e-03   1.198596e-16   127906
  4.916481e-01   4.146041e-14   1.121767e-03   1.143439e-16   130432
  4.955333e-01   3.995752e-14   1.114812e-03   1.100064e-16   132642
  4.994186e-01   3.881349e-14   1.110800e-03   1.061578e-16   134534
  5.033164e-01   3.730535e-14   1.124671e-03   1.009957e-16   137778
  5.072392e-01   3.616611e-14   1.135312e-03   9.675405e-17   140786
  5.111285e-01   3.512350e-14   1.110620e-03   9.419619e-17   139590
  5.149976e-01   3.390676e-14   1.125619e-03   9.007157e-17   143546
  5.188865e-01   3.295890e-14   1.125142e-03   8.730961e-17   145338
  5.227635e-01   3.184562e-14   1.120484e-03   8.309717e-17   147272
  5.266520e-01   3.072437e-14   1.122335e-03   7.950804e-17   150330
  5.305485e-01   3.008706e-14   1.118234e-03   7.754432e-17   152318
  5.344262e-01   2.904262e-14   1.111066e-03   7.427944e-17   153202
  5.383243e-01   2.799928e-14   1.138693e-03   7.036383e-17   158626
  5.422165e-01   2.735102e-14   1.116855e-03   6.924393e-17   157350
  5.460935e-01   2.624952e-14   1.131200e-03   6.545136e-17   161906
  5.499589e-01   2.563900e-14   1.105071e-03   6.455461e-17   160872
  5.538418e-01   2.501505e-14   1.133375e-03   6.148726e-17   167858
  5.577463e-01   2.421966e-14   1.114977e-03   5.944979e-17   167514
  5.616201e-01   2.335389e-14   1.113803e-03   5.707183e-17   169862
  5.655108e-01   2.256657e-14   1.124453e-03   5.457181e-17   173602
  5.694083e-01   2.187641e-14   1.123533e-03   5.224727e-17   175258
  5.732959e-01   2.138130e-14   1.127164e-03   5.068955e-17   177654
  5.771897e-01   2.067261e-14   1.130949e-03   4.894717e-17   180698
  5.810773e-01   2.022630e-14   1.119005e-03   4.760204e-17   181968
  5.849616e-01   1.955295e-14   1.118541e-03   4.565173e-17   184850
  5.888448e-01   1.915326e-14   1.119144e-03   4.455198e-17   187034
  5.927421e-01   1.846513e-14   1.129966e-03   4.229953e-17   191238
  5.966308e-01   1.789597e-14   1.116348e-03   4.131239e-17   191042
  6.005065e-01   1.741161e-14   1.126286e-03   3.953691e-17   195102
  6.043812e-01   1.702151e-14   1.117515e-03   3.853991e-17   195786
  6.082630e-01   1.643115e-14   1.131649e-03   3.698805e-17   201164
  6.121481e-01   1.596636e-14   1.112645e-03   3.569688e-17   201070
  6.160242e-01   1.556988e-14   1.118305e-03   3.444036e-17   205234
  6.199111e-01   1.517215e-14   1.116352e-03   3.358868e-17   207342
  6.237987e-01   1.466541e-14   1.121735e-03   3.230141e-17   210602
  6.276909e-01   1.427412e-14   1.124203e-03   3.105726e-17   213130
  6.315953e-01   1.393515e-14   1.133190e-03   3.010940e-17   217318
  6.354807e-01   1.354386e-14   1.113546e-03   2.944522e-17   216306
  6.393491e-01   1.319022e-14   1.119403e-03   2.830335e-17   220652
  6.432430e-01   1.281332e-14   1.124854e-03   2.718285e-17   224502
  6.471454e-01   1.243991e-14   1.125081e-03   2.625180e-17   227186
  6.510345e-01   1.209767e-14   1.118193e-03   2.554977e-17   228398
  6.549165e-01   1.173666e-14   1.122259e-03   2.455747e-17   231642
  6.587972e-01   1.151249e-14   1.122763e-03   2.397314e-17   233946
  6.626908e-01   1.114871e-14   1.132956e-03   2.304958e-17   238694
  6.665707e-01   1.087485e-14   1.114640e-03   2.229883e-17   238068
  6.704525e-01   1.059146e-14   1.124042e-03   2.154032e-17   244190
  6.743498e-01   1.033551e-14   1.116752e-03   2.100838e-17   245362
  6.782313e-01   1.008872e-14   1.120102e-03   2.039694e-17   248362
  6.821206e-01   9.832959e-15   1.124509e-03   1.972351e-17   251966
  6.860099e-01   9.573269e-15   1.120649e-03   1.907404e-17   254034
  6.898855e-01   9.324938e-15   1.117172e-03   1.863170e-17   255818
  6.937781e-01   9.093043e-15   1.132899e-03   1.797493e-17   262254
  6.976722e-01   8.862812e-15   1.116974e-03   1.746923e-17   261980
  7.015718e-01   8.650047e-15   1.129534e-03   1.687049e-17   268566
  7.054538e-01   8.435606e-15   1.104857e-03   1.647865e-17   265538
  7.093286e-01   8.215520e-15   1.128000e-03   1.591858e-17   273330
  7.132165e-01   7.982725e-15   1.121481e-03   1.534622e-17   273718
  7.171069e-01   7.817784e-15   1.132652e-03   1.496810e-17   279658
  7.209986e-01   7.649271e-15   1.120025e-03   1.464431e-17   279670
  7.248700e-01   7.434147e-15   1.119062e-03   1.410742e-17   282964
  7.287608e-01   7.301818e-15   1.126489e-03   1.369597e-17   288362
  7.326540e-01   7.110576e-15   1.118613e-03   1.331443e-17   289686
  7.365333e-01   6.940295e-15   1.116235e-03   1.289170e-17   292234
  7.404015e-01   6.752005e-15   1.112765e-03   1.257290e-17   294190
  7.442845e-01   6.612055e-15   1.127923e-03   1.220715e-17   300642
  7.481851e-01   6.456284e-15   1.128116e-03   1.181021e-17   303386
  7.520700e-01   6.295830e-15   1.119257e-03   1.148582e-17   304662
  7.559583e-01   6.162064e-15   1.122290e-03   1.115213e-17   309812
  7.598513e-01   5.992574e-15   1.117608e-03   1.083948e-17   311714
  7.637547e-01   5.867699e-15   1.130270e-03   1.047864e-17   318126
  7.676398e-01   5.719841e-15   1.111035e-03   1.028078e-17   315114
  7.715118e-01   5.600007e-15   1.127143e-03   9.939517e-18   322622
  7.753932e-01   5.473918e-15   1.117154e-03   9.724636e-18   322850
  7.792787e-01   5.379454e-15   1.131101e-03   9.465723e-18   329802
  7.831716e-01   5.245324e-15   1.123851e-03   9.207100e-18   331104
  7.870696e-01   5.113183e-15   1.127607e-03   8.919901e-18   336986
  7.909587e-01   5.034425e-15   1.111055e-03   8.796107e-18   335870
  7.948355e-01   4.878486e-15   1.120862e-03   8.452118e-18   341610
  7.987215e-01   4.802074e-15   1.121955e-03   8.303910e-18   344370
  8.026031e-01   4.680838e-15   1.122207e-03   8.044991e-18   347606
  8.064886e-01   4.584850e-15   1.124033e-03   7.840422e-18   351650
  8.103706e-01   4.480007e-15   1.118654e-03   7.635260e-18   353760
  8.142669e-01   4.360498e-15   1.129493e-03   7.365353e-18   360970
  8.181738e-01   4.286453e-15   1.123124e-03   7.202973e-18   362818
  8.220521e-01   4.186667e-15   1.110144e-03   7.036573e-18   362334
  8.259414e-01   4.104469e-15   1.129348e-03   6.847520e-18   371642
  8.298275e-01   4.012200e-15   1.114584e-03   6.716879e-18   368778
  8.337006e-01   3.920270e-15   1.128744e-03   6.491102e-18   376526
  8.375857e-01   3.838584e-15   1.121330e-03   6.340889e-18   377786
  8.414675e-01   3.751677e-15   1.123524e-03   6.173154e-18   382968
  8.453573e-01   3.689691e-15   1.120822e-03   6.023835e-18   386146
  8.492503e-01   3.626559e-15   1.124050e-03   5.867897e-18   390826
  8.531392e-01   3.545954e-15   1.119718e-03   5.713543e-18   392662
  8.570302e-01   3.457054e-15   1.125822e-03   5.533359e-18   398242
  8.609051e-01   3.401440e-15   1.111972e-03   5.472178e-18   396726
  8.647781e-01   3.328083e-15   1.124714e-03   5.318302e-18   404738
  8.686664e-01   3.277018e-15   1.122897e-03   5.210595e-18   407628
  8.725545e-01   3.194388e-15   1.121536e-03   5.073449e-18   411734
  8.764395e-01   3.138793e-15   1.117149e-03   4.940416e-18   414242
  8.803359e-01   3.067297e-15   1.126317e-03   4.785420e-18   421434
  8.842333e-01   3.013923e-15   1.120273e-03   4.702683e-18   421918
  8.881244e-01   2.947285e-15   1.128330e-03   4.581909e-18   427810
  8.920157e-01   2.896194e-15   1.123036e-03   4.483238e-18   429470
  8.958948e-01   2.840440e-15   1.119658e-03   4.383573e-18   432282
  8.997746e-01   2.784118e-15   1.122449e-03   4.279904e-18   437260
  9.036583e-01   2.732895e-15   1.120747e-03   4.190402e-18   440758
  9.075489e-01   2.671715e-15   1.124778e-03   4.066487e-18   446370
  9.114474e-01   2.619796e-15   1.123943e-03   3.963960e-18   450182
  9.153288e-01   2.573624e-15   1.115142e-03   3.900413e-18   449850
  9.192089e-01   2.511320e-15   1.127357e-03   3.780923e-18   457898
  9.230929e-01   2.470481e-15   1.119604e-03   3.699447e-18   458662
  9.269737e-01   2.420788e-15   1.121722e-03   3.623167e-18   464620
  9.308545e-01   2.376724e-15   1.114316e-03   3.545019e-18   466302
  9.347441e-01   2.340561e-15   1.124571e-03   3.452878e-18   474314
  9.386369e-01   2.284565e-15   1.120021e-03   3.355614e-18   475530
  9.425348e-01   2.249261e-15   1.129051e-03   3.300065e-18   483206
  9.464328e-01   2.205882e-15   1.121669e-03   3.225713e-18   483530
  9.503142e-01   2.169281e-15   1.121047e-03   3.167244e-18   487002
  9.541966e-01   2.131036e-15   1.124058e-03   3.081346e-18   491774
  9.580774e-01   2.091558e-15   1.120518e-03   3.032966e-18   495084
  9.619601e-01   2.053362e-15   1.119352e-03   2.969704e-18   499438
  9.658473e-01   2.010602e-15   1.122356e-03   2.891206e-18   504682
  9.697357e-01   1.978189e-15   1.121500e-03   2.834595e-18   507738
  9.736321e-01   1.941880e-15   1.130456e-03   2.753943e-18   515174
  9.775214e-01   1.903671e-15   1.119580e-03   2.707048e-18   514234
  9.813957e-01   1.872217e-15   1.119450e-03   2.649703e-18   519022
  9.852705e-01   1.838554e-15   1.117281e-03   2.597626e-18   522636
  9.891535e-01   1.804226e-15   1.121739e-03   2.533708e-18   529442
  9.930474e-01   1.775455e-15   1.122647e-03   2.486517e-18   534078
  9.969375e-01   1.737582e-15   1.118397e-03   2.419842e-18   536666
  1.000817e+00   1.712291e-15   1.116716e-03   2.375571e-18   539142
  1.004715e+00   1.684293e-15   1.134178e-03   2.319114e-18   550658
  1.008615e+00   1.653259e-15   1.121935e-03   2.281931e-18   548298
  1.012495e+00   1.623209e-15   1.123048e-03   2.225200e-18   553694
  1.016374e+00   1.597303e-15   1.116375e-03   2.198468e-18   556116
  1.020264e+00   1.575593e-15   1.125051e-03   2.142117e-18   564890
  1.024148e+00   1.544368e-15   1.116141e-03   2.100995e-18   563718
  1.028036e+00   1.519968e-15   1.128568e-03   2.044999e-18   574298
  1.031929e+00   1.489685e-15   1.120551e-03   2.011870e-18   573966
  1.035814e+00   1.466906e-15   1.126024e-03   1.967838e-18   580586
  1.039699e+00   1.437747e-15   1.122029e-03   1.930100e-18   582666
  1.043587e+00   1.418321e-15   1.125959e-03   1.886143e-18   590648
  1.047474e+00   1.391498e-15   1.114820e-03   1.851287e-18   590394
  1.051350e+00   1.368395e-15   1.116684e-03   1.819768e-18   596174
  1.055234e+00   1.345660e-15   1.120236e-03   1.775612e-18   601674
  1.059126e+00   1.326450e-15   1.125352e-03   1.743157e-18   607682
  1.063019e+00   1.301211e-15   1.124350e-03   1.705293e-18   611166
  1.066910e+00   1.279734e-15   1.124099e-03   1.668899e-18   615626
  1.070791e+00   1.260875e-15   1.119456e-03   1.643271e-18   617290
  1.074678e+00   1.238598e-15   1.126011e-03   1.599832e-18   626344
  1.078566e+00   1.218323e-15   1.117274e-03   1.575140e-18   626658
  1.082451e+00   1.202035e-15   1.122467e-03   1.548839e-18   634022
  1.086331e+00   1.174404e-15   1.116124e-03   1.509068e-18   634554
  1.090218e+00   1.159109e-15   1.128467e-03   1.483237e-18   645026
  1.094107e+00   1.144423e-15   1.122446e-03   1.460160e-18   645102
  1.097993e+00   1.124905e-15   1.126954e-03   1.429783e-18   653018
  1.101879e+00   1.108549e-15   1.119089e-03   1.406500e-18   654384
  1.105770e+00   1.087183e-15   1.123901e-03   1.374933e-18   663194
  1.109660e+00   1.069298e-15   1.117576e-03   1.348558e-18   663834
  1.113540e+00   1.055101e-15   1.118796e-03   1.325080e-18   669158
  1.117424e+00   1.036799e-15   1.120650e-03   1.295778e-18   674490
  1.121304e+00   1.022414e-15   1.118416e-03   1.276006e-18   677222
  1.125193e+00   1.008263e-15   1.128225e-03   1.252627e-18   686874
  1.129092e+00   9.887253e-16   1.126811e-03   1.223139e-18   690722
  1.132980e+00   9.776753e-16   1.118907e-03   1.208600e-18   692008
  1.136871e+00   9.594569e-16   1.124678e-03   1.181415e-18   701386
  1.140761e+00   9.432087e-16   1.117002e-03   1.157612e-18   700778
  1.144643e+00   9.302722e-16   1.123318e-03   1.136695e-18   708774
  1.148529e+00   9.175143e-16   1.121990e-03   1.120398e-18   711690
  1.152418e+00   9.009783e-16   1.126973e-03   1.095500e-18   719606
  1.156298e+00   8.871399e-16   1.116380e-03   1.079941e-18   717762
  1.160181e+00   8.774992e-16   1.127123e-03   1.056265e-18   730460
  1.164073e+00   8.634881e-16   1.119262e-03   1.038748e-18   731070
  1.167968e+00   8.492771e-16   1.125901e-03   1.015003e-18   741170
  1.171853e+00   8.356131e-16   1.112045e-03   1.004513e-18   737094
  1.175730e+00   8.260451e-16   1.122374e-03   9.861917e-19   747698
  1.179618e+00   8.128381e-16   1.122867e-03   9.644447e-19   751658
  1.183501e+00   7.970727e-16   1.121599e-03   9.501652e-19   755574
  1.187383e+00   7.858196e-16   1.122256e-03   9.316192e-19   761442
  1.191279e+00   7.779769e-16   1.126787e-03   9.150904e-19   770816
  1.195171e+00   7.668799e-16   1.117539e-03   9.021872e-19   769274
  1.199064e+00   7.527523e-16   1.129525e-03   8.783181e-19   782130
  1.202947e+00   7.421078e-16   1.112602e-03   8.728913e-19   775230
  1.206825e+00   7.310488e-16   1.126605e-03   8.511286e-19   789866
  1.210710e+00   7.207774e-16   1.118361e-03   8.403122e-19   787914
  1.214592e+00   7.111270e-16   1.128225e-03   8.247882e-19   799598
  1.218486e+00   7.020033e-16   1.124161e-03   8.116710e-19   802980
  1.222371e+00   6.904859e-16   1.117789e-03   7.968615e-19   805622
  1.226254e+00   6.824688e-16   1.119738e-03   7.827202e-19   812050
  1.230147e+00   6.707817e-16   1.126034e-03   7.652126e-19   820954
  1.234035e+00   6.630537e-16   1.118780e-03   7.592917e-19   820062
  1.237911e+00   6.517711e-16   1.119897e-03   7.440931e-19   826298
  1.241794e+00   6.435011e-16   1.121814e-03   7.305966e-19   833118
  1.245672e+00   6.335216e-16   1.117137e-03   7.188744e-19   834812
  1.249560e+00   6.243038e-16   1.126815e-03   7.036007e-19   847858
  1.253469e+00   6.170055e-16   1.127442e-03   6.936824e-19   854278
  1.257361e+00   6.072897e-16   1.116253e-03   6.822396e-19   850978
  1.261241e+00   5.978059e-16   1.121687e-03   6.696236e-19   859186
  1.265131e+00   5.917976e-16   1.127494e-03   6.600984e-19   867126
  1.269018e+00   5.818228e-16   1.121886e-03   6.480091e-19   868274
  1.272897e+00   5.744709e-16   1.120976e-03   6.391918e-19   873606
  1.276776e+00   5.671223e-16   1.119398e-03   6.286311e-19   879284
  1.280663e+00   5.598808e-16   1.122355e-03   6.174554e-19   887170
  1.284564e+00   5.518000e-16   1.128693e-03   6.063890e-19   897526
  1.288458e+00   5.457024e-16   1.117587e-03   5.996053e-19   894258
  1.292341e+00   5.378559e-16   1.122714e-03   5.893363e-19   903374
  1.296223e+00   5.317395e-16   1.118323e-03   5.852277e-19   904338
  1.300103e+00   5.214949e-16   1.123719e-03   5.685112e-19   913586
  1.303982e+00   5.168617e-16   1.118150e-03   5.646793e-19   915416
  1.307871e+00   5.088656e-16   1.124217e-03   5.525057e-19   928122
  1.311759e+00   5.020777e-16   1.115167e-03   5.437969e-19   926094
  1.315654e+00   4.947080e-16   1.130093e-03   5.322780e-19   942890
  1.319549e+00   4.877310e-16   1.118827e-03   5.248593e-19   937266
  1.323433e+00   4.825578e-16   1.126506e-03   5.180874e-19   948854
  1.327319e+00   4.745382e-16   1.120121e-03   5.083150e-19   948714
  1.331197e+00   4.702296e-16   1.122687e-03   5.021177e-19   956186
  1.335082e+00   4.629724e-16   1.124444e-03   4.929438e-19   964272
  1.338973e+00   4.568341e-16   1.121587e-03   4.861869e-19   969458
  1.342859e+00   4.521482e-16   1.118296e-03   4.805288e-19   972750
  1.346749e+00   4.461881e-16   1.124460e-03   4.712876e-19   982706
  1.350635e+00   4.403743e-16   1.119858e-03   4.648430e-19   982906
  1.354527e+00   4.338249e-16   1.129306e-03   4.550059e-19   996622
  1.358414e+00   4.284429e-16   1.117989e-03   4.503912e-19   992378
  1.362284e+00   4.230486e-16   1.117150e-03   4.451188e-19   999000
  1.366168e+00   4.170615e-16   1.122014e-03   4.352754e-19   1010114
  1.370061e+00   4.132286e-16   1.121750e-03   4.297002e-19   1015722
  1.373948e+00   4.058550e-16   1.119290e-03   4.213825e-19   1018742
  1.377843e+00   4.016811e-16   1.127371e-03   4.150978e-19   1031250
  1.381733e+00   3.965893e-16   1.118461e-03   4.118678e-19   1027226
  1.385615e+00   3.911400e-16   1.126435e-03   4.029593e-19   1039734
  1.389500e+00   3.869769e-16   1.120654e-03   3.989459e-19   1039914
  1.393382e+00   3.815200e-16   1.123683e-03   3.919458e-19   1050272
  1.397267e+00   3.776207e-16   1.117473e-03   3.878391e-19   1052306
  1.401154e+00   3.728048e-16   1.122308e-03   3.812304e-19   1062666
  1.405045e+00   3.673105e-16   1.122401e-03   3.758601e-19   1067262
  1.408935e+00   3.631286e-16   1.123952e-03   3.701694e-19   1073906
  1.412823e+00   3.588367e-16   1.122463e-03   3.646237e-19   1078190
  1.416712e+00   3.550886e-16   1.124033e-03   3.583750e-19   1085634
  1.420592e+00   3.507842e-16   1.117456e-03   3.562357e-19   1085508
  1.424480e+00   3.470633e-16   1.126594e-03   3.497325e-19   1101926
  1.428369e+00   3.427967e-16   1.116061e-03   3.446609e-19   1098322
  1.432252e+00   3.370082e-16   1.121199e-03   3.382214e-19   1109878
  1.436144e+00   3.331436e-16   1.122554e-03   3.334441e-19   1115338
  1.440035e+00   3.292941e-16   1.125793e-03   3.293636e-19   1122586
  1.443924e+00   3.249282e-16   1.123292e-03   3.237183e-19   1125862
  1.447810e+00   3.215166e-16   1.122976e-03   3.205610e-19   1132498
  1.451691e+00   3.171746e-16   1.119415e-03   3.153409e-19   1135444
  1.455573e+00   3.143392e-16   1.122581e-03   3.119566e-19   1145374
  1.459464e+00   3.113803e-16   1.123383e-03   3.085077e-19   1152698
  1.463354e+00   3.063873e-16   1.121349e-03   3.032102e-19   1157046
  1.467236e+00   3.032032e-16   1.119148e-03   2.988832e-19   1160226
  1.471127e+00   2.991976e-16   1.127743e-03   2.936206e-19   1174346
  1.475014e+00   2.959322e-16   1.119897e-03   2.910789e-19   1171462
  1.478897e+00   2.919446e-16   1.124033e-03   2.856149e-19   1183828
  1.482778e+00   2.890082e-16   1.114458e-03   2.824495e-19   1181822
  1.486657e+00   2.856257e-16   1.120779e-03   2.787646e-19   1194930
  1.490547e+00   2.822325e-16   1.122593e-03   2.747027e-19   1202010
  1.494437e+00   2.792669e-16   1.122115e-03   2.715411e-19   1207166
  1.498326e+00   2.756469e-16   1.123291e-03   2.672861e-19   1214106
  1.502209e+00   2.728242e-16   1.118748e-03   2.645312e-19   1215302
  1.506095e+00   2.694798e-16   1.126666e-03   2.597644e-19   1229274
  1.509994e+00   2.664189e-16   1.126873e-03   2.565822e-19   1236164
  1.513882e+00   2.639846e-16   1.118916e-03   2.542731e-19   1235326
  1.517764e+00   2.603892e-16   1.120265e-03   2.498439e-19   1244026
  1.521647e+00   2.566707e-16   1.120382e-03   2.460578e-19   1249154
  1.525536e+00   2.548351e-16   1.126025e-03   2.433294e-19   1260558
  1.529421e+00   2.517208e-16   1.119984e-03   2.405297e-19   1260394
  1.533310e+00   2.483819e-16   1.125848e-03   2.362170e-19   1274758
  1.537193e+00   2.456863e-16   1.115594e-03   2.342242e-19   1270188
  1.541083e+00   2.422846e-16   1.128008e-03   2.294276e-19   1291202
  1.544971e+00   2.405693e-16   1.115149e-03   2.286042e-19   1282654
  1.548850e+00   2.372054e-16   1.122198e-03   2.236929e-19   1298242
  1.552739e+00   2.353009e-16   1.120395e-03   2.219274e-19   1301774
  1.556625e+00   2.328351e-16   1.123165e-03   2.195632e-19   1309770
  1.560512e+00   2.293844e-16   1.123502e-03   2.159100e-19   1315714
  1.564403e+00   2.275289e-16   1.124924e-03   2.133079e-19   1325110
  1.568290e+00   2.250287e-16   1.118940e-03   2.114041e-19   1326012
  1.572174e+00   2.222533e-16   1.122090e-03   2.083016e-19   1336154
  1.576069e+00   2.205448e-16   1.126474e-03   2.052177e-19   1347334
  1.579958e+00   2.179039e-16   1.119782e-03   2.034362e-19   1345354
  1.583833e+00   2.160554e-16   1.119555e-03   2.011701e-19   1350998
  1.587719e+00   2.128740e-16   1.125829e-03   1.976290e-19   1365546
  1.591609e+00   2.104328e-16   1.122088e-03   1.949829e-19   1367474
  1.595497e+00   2.081680e-16   1.123693e-03   1.926099e-19   1377984
  1.599384e+00   2.060373e-16   1.118321e-03   1.905317e-19   1379394
  1.603272e+00   2.044651e-16   1.123056e-03   1.881004e-19   1392230
  1.607160e+00   2.019920e-16   1.118740e-03   1.855915e-19   1392634
  1.611042e+00   1.997379e-16   1.122441e-03   1.836248e-19   1402666
  1.614928e+00   1.972665e-16   1.122269e-03   1.812899e-19   1408502
  1.618814e+00   1.953740e-16   1.122041e-03   1.790457e-19   1415418
  1.622692e+00   1.935658e-16   1.117068e-03   1.779788e-19   1416856
  1.626588e+00   1.916769e-16   1.130843e-03   1.742266e-19   1442002
  1.630485e+00   1.896729e-16   1.117858e-03   1.730723e-19   1431634
  1.634367e+00   1.877030e-16   1.122585e-03   1.703925e-19   1444606
  1.638250e+00   1.859592e-16   1.118765e-03   1.689242e-19   1445890
  1.642138e+00   1.837896e-16   1.126997e-03   1.661586e-19   1462210
  1.646026e+00   1.815368e-16   1.120901e-03   1.643080e-19   1459590
  1.649907e+00   1.797233e-16   1.123856e-03   1.623084e-19   1471226
  1.653797e+00   1.781715e-16   1.123379e-03   1.609872e-19   1480072
  1.657690e+00   1.760827e-16   1.121364e-03   1.587027e-19   1486594
  1.661576e+00   1.749435e-16   1.118520e-03   1.583098e-19   1488882
  1.665461e+00   1.725544e-16   1.123128e-03   1.550102e-19   1500854
  1.669353e+00   1.706838e-16   1.123083e-03   1.534828e-19   1506874
  1.673232e+00   1.693126e-16   1.117624e-03   1.519939e-19   1506094
  1.677111e+00   1.675858e-16   1.122855e-03   1.498921e-19   1519682
  1.680997e+00   1.657738e-16   1.122626e-03   1.485469e-19   1526724
  1.684890e+00   1.644905e-16   1.125240e-03   1.466583e-19   1539038
  1.688782e+00   1.623662e-16   1.119859e-03   1.450592e-19   1539810
  1.692664e+00   1.610650e-16   1.119007e-03   1.434250e-19   1545046
  1.696554e+00   1.591489e-16   1.126236e-03   1.413112e-19   1560538
  1.700441e+00   1.577537e-16   1.120507e-03   1.402884e-19   1557506
  1.704322e+00   1.563015e-16   1.124114e-03   1.388432e-19   1570062
  1.708203e+00   1.547386e-16   1.119253e-03   1.374228e-19   1571290
  1.712089e+00   1.536535e-16   1.124856e-03   1.356468e-19   1588228
  1.715982e+00   1.518657e-16   1.121250e-03   1.345117e-19   1591046
  1.719873e+00   1.500665e-16   1.123715e-03   1.322285e-19   1602474
  1.723761e+00   1.489571e-16   1.118014e-03   1.314211e-19   1601646
  1.727642e+00   1.472438e-16   1.120550e-03   1.301096e-19   1611266
  1.731523e+00   1.458147e-16   1.120678e-03   1.284096e-19   1616634
  1.735410e+00   1.446660e-16   1.126166e-03   1.267308e-19   1631366
  1.739297e+00   1.431901e-16   1.119655e-03   1.254710e-19   1631028
  1.743180e+00   1.421505e-16   1.119854e-03   1.248228e-19   1641446
  1.747073e+00   1.405028e-16   1.124208e-03   1.227405e-19   1654234
  1.750973e+00   1.388123e-16   1.126198e-03   1.209363e-19   1662874
  1.754858e+00   1.378877e-16   1.117471e-03   1.207162e-19   1656686
  1.758736e+00   1.367672e-16   1.122008e-03   1.196276e-19   1670898
  1.762622e+00   1.354396e-16   1.123056e-03   1.181811e-19   1678074
  1.766507e+00   1.338955e-16   1.123311e-03   1.167048e-19   1685198
  1.770393e+00   1.328841e-16   1.122996e-03   1.155261e-19   1694524
  1.774282e+00   1.318407e-16   1.120709e-03   1.145599e-19   1701334
  1.778171e+00   1.304476e-16   1.120908e-03   1.132583e-19   1709386
  1.782064e+00   1.292548e-16   1.123720e-03   1.119063e-19   1719994
  1.785953e+00   1.280903e-16   1.121006e-03   1.112023e-19   1721510
  1.789842e+00   1.266427e-16   1.124974e-03   1.095418e-19   1734978
  1.793722e+00   1.257097e-16   1.116124e-03   1.090437e-19   1728646
  1.797599e+00   1.243415e-16   1.122713e-03   1.071607e-19   1746868
  1.801486e+00   1.236360e-16   1.121127e-03   1.069547e-19   1752922
  1.805380e+00   1.225247e-16   1.125234e-03   1.056514e-19   1767862
  1.809271e+00   1.214222e-16   1.119301e-03   1.047662e-19   1765698
  1.813160e+00   1.201704e-16   1.125035e-03   1.033427e-19   1781270
  1.817049e+00   1.193767e-16   1.121176e-03   1.028534e-19   1780650
  1.820932e+00   1.179527e-16   1.124142e-03   1.017881e-19   1792418
  1.824813e+00   1.171570e-16   1.119388e-03   1.009565e-19   1792790
  1.828696e+00   1.159564e-16   1.123591e-03   9.964042e-20   1809852
  1.832585e+00   1.151425e-16   1.120140e-03   9.880052e-20   1812666
  1.836475e+00   1.142291e-16   1.124777e-03   9.757804e-20   1827614
  1.840367e+00   1.130690e-16   1.121640e-03   9.698806e-20   1829970
  1.844251e+00   1.120590e-16   1.120370e-03   9.613574e-20   1835030
  1.848131e+00   1.109223e-16   1.119790e-03   9.509778e-20   1841410
  1.852017e+00   1.099372e-16   1.124723e-03   9.407399e-20   1856626
  1.855900e+00   1.094305e-16   1.118305e-03   9.335650e-20   1854656
  1.859782e+00   1.085015e-16   1.121720e-03   9.251440e-20   1870698
  1.863671e+00   1.076156e-16   1.120553e-03   9.222252e-20   1876998
  1.867559e+00   1.066972e-16   1.120979e-03   9.120900e-20   1884458
  1.871445e+00   1.058581e-16   1.122381e-03   9.041246e-20   1891730
  1.875338e+00   1.046557e-16   1.127317e-03   8.915553e-20   1907574
  1.879232e+00   1.039784e-16   1.122851e-03   8.845853e-20   1907730
  1.883115e+00   1.031577e-16   1.120697e-03   8.801478e-20   1912154
  1.886997e+00   1.023020e-16   1.121764e-03   8.726637e-20   1923216
  1.890888e+00   1.013855e-16   1.124326e-03   8.622569e-20   1936562
  1.894776e+00   1.007495e-16   1.119734e-03   8.602680e-20   1936862
  1.898663e+00   9.986749e-17   1.122747e-03   8.490069e-20   1950114
  1.902549e+00   9.902236e-17   1.121089e-03   8.409081e-20   1953306
  1.906439e+00   9.824681e-17   1.125982e-03   8.353810e-20   1968806
  1.910327e+00   9.758917e-17   1.121186e-03   8.301503e-20   1968818
  1.914211e+00   9.664029e-17   1.121720e-03   8.228649e-20   1980624
  1.918097e+00   9.634781e-17   1.118800e-03   8.212978e-20   1985034
  1.921980e+00   9.518885e-17   1.120281e-03   8.092003e-20   1995242
  1.925870e+00   9.432691e-17   1.123830e-03   8.010048e-20   2007742
  1.929759e+00   9.371595e-17   1.121495e-03   7.987455e-20   2010538
  1.933641e+00   9.316679e-17   1.121298e-03   7.922617e-20   2017390
  1.937531e+00   9.227770e-17   1.126602e-03   7.814734e-20   2034346
  1.941413e+00   9.158103e-17   1.117450e-03   7.808606e-20   2025498
  1.945299e+00   9.086114e-17   1.127850e-03   7.695299e-20   2055248
  1.949189e+00   9.043881e-17   1.116586e-03   7.700494e-20   2045090
  1.953070e+00   8.959467e-17   1.121603e-03   7.619285e-20   2062074
  1.956959e+00   8.874887e-17   1.122727e-03   7.550774e-20   2070190
  1.960848e+00   8.807073e-17   1.123891e-03   7.468627e-20   2079226
  1.964734e+00   8.767508e-17   1.122069e-03   7.453741e-20   2083990
  1.968623e+00   8.692120e-17   1.124515e-03   7.376361e-20   2097898
  1.972507e+00   8.639695e-17   1.118548e-03   7.360487e-20   2095452
  1.976394e+00   8.570651e-17   1.124843e-03   7.290306e-20   2117390
  1.980286e+00   8.511474e-17   1.119656e-03   7.247117e-20   2117066
  1.984162e+00   8.462013e-17   1.115140e-03   7.199474e-20   2117238
  1.988045e+00   8.391838e-17   1.124414e-03   7.105385e-20   2140026
  1.991938e+00   8.333376e-17   1.125139e-03   7.087750e-20   2147234
  1.995825e+00   8.232060e-17   1.122378e-03   7.000190e-20   2150118
  1.999710e+00   8.206465e-17   1.122400e-03   6.982607e-20   2160386
  2.003596e+00   8.162963e-17   1.121122e-03   6.947006e-20   2168256
  2.007488e+00   8.105072e-17   1.124409e-03   6.894889e-20   2183306
  2.011378e+00   8.062145e-17   1.120925e-03   6.878046e-20   2184642
  2.015262e+00   8.003865e-17   1.120511e-03   6.833208e-20   2192318
  2.019141e+00   7.946217e-17   1.118713e-03   6.783666e-20   2196066
  2.023031e+00   7.892944e-17   1.127541e-03   6.704236e-20   2220890
  2.026922e+00   7.820496e-17   1.121128e-03   6.661586e-20   2215758
  2.030810e+00   7.780190e-17   1.124804e-03   6.631892e-20   2233988
  2.034697e+00   7.728588e-17   1.118045e-03   6.613649e-20   2231670
  2.038579e+00   7.696776e-17   1.119728e-03   6.580929e-20   2244338
  2.042469e+00   7.646501e-17   1.123477e-03   6.550390e-20   2258610
  2.046358e+00   7.574193e-17   1.121050e-03   6.473954e-20   2260718
  2.050240e+00   7.529039e-17   1.120914e-03   6.463290e-20   2268162
  2.054123e+00   7.494228e-17   1.121571e-03   6.441958e-20   2277494
  2.058008e+00   7.437782e-17   1.123134e-03   6.366037e-20   2288796
  2.061901e+00   7.403541e-17   1.126253e-03   6.341871e-20   2305226
  2.065791e+00   7.374441e-17   1.119672e-03   6.370032e-20   2301630
  2.069679e+00   7.320579e-17   1.123731e-03   6.285822e-20   2319770
  2.073565e+00   7.267864e-17   1.118309e-03   6.269062e-20   2315610
  2.077447e+00   7.235688e-17   1.124236e-03   6.245942e-20   2334662
  2.081332e+00   7.175572e-17   1.120785e-03   6.203778e-20   2335722
  2.085219e+00   7.150985e-17   1.124829e-03   6.162779e-20   2354102
  2.089107e+00   7.108111e-17   1.120313e-03   6.139709e-20   2355156
  2.092998e+00   7.068320e-17   1.124614e-03   6.105343e-20   2374250
  2.096888e+00   7.033409e-17   1.120068e-03   6.095004e-20   2373102
  2.100776e+00   6.975552e-17   1.122758e-03   6.037137e-20   2388194
  2.104658e+00   6.938539e-17   1.116928e-03   6.022011e-20   2383470
  2.108539e+00   6.900695e-17   1.123618e-03   5.993546e-20   2404994
  2.112426e+00   6.862387e-17   1.121916e-03   5.963298e-20   2408538
  2.116308e+00   6.829270e-17   1.121742e-03   5.967156e-20   2417744
  2.120198e+00   6.799078e-17   1.124446e-03   5.937437e-20   2434578
  2.124090e+00   6.756258e-17   1.121710e-03   5.895064e-20   2438414
  2.127979e+00   6.729678e-17   1.122410e-03   5.852971e-20   2448066
  2.131867e+00   6.697769e-17   1.122662e-03   5.870173e-20   2456018
  2.135751e+00   6.647178e-17   1.121406e-03   5.824931e-20   2461230
  2.139636e+00   6.599266e-17   1.122653e-03   5.780484e-20   2474330
  2.143519e+00   6.580920e-17   1.119652e-03   5.796766e-20   2476498
  2.147405e+00   6.555363e-17   1.124366e-03   5.758300e-20   2497240
  2.151298e+00   6.528672e-17   1.122529e-03   5.737358e-20   2502930
  2.155185e+00   6.508308e-17   1.120390e-03   5.755513e-20   2508470
  2.159072e+00   6.470740e-17   1.121001e-03   5.714690e-20   2518482
  2.162961e+00   6.450989e-17   1.123829e-03   5.713058e-20   2532074
  2.166844e+00   6.414784e-17   1.118275e-03   5.722161e-20   2526678
  2.170724e+00   6.367543e-17   1.124045e-03   5.634953e-20   2549018
  2.174611e+00   6.355676e-17   1.120040e-03   5.650008e-20   2551704
  2.178497e+00   6.331151e-17   1.122028e-03   5.664367e-20   2566226
  2.182386e+00   6.300945e-17   1.122230e-03   5.604066e-20   2573898
  2.186278e+00   6.272310e-17   1.124844e-03   5.609136e-20   2589182
  2.190164e+00   6.234874e-17   1.119195e-03   5.591972e-20   2584890
  2.194049e+00   6.229687e-17   1.124371e-03   5.597259e-20   2605190
  2.197936e+00   6.189794e-17   1.121682e-03   5.577704e-20   2606418
  2.201821e+00   6.166589e-17   1.123741e-03   5.560938e-20   2621186
  2.205707e+00   6.164518e-17   1.120704e-03   5.591945e-20   2626608
  2.209592e+00   6.134869e-17   1.119995e-03   5.559835e-20   2636714
  2.213479e+00   6.094762e-17   1.121274e-03   5.511438e-20   2647482
  2.217374e+00   6.073841e-17   1.127022e-03   5.518822e-20   2668382
  2.221265e+00   6.061951e-17   1.120175e-03   5.529198e-20   2660418
  2.225149e+00   6.036256e-17   1.122869e-03   5.515957e-20   2676662
  2.229029e+00   6.015601e-17   1.117920e-03   5.513132e-20   2674210
  2.232911e+00   5.989704e-17   1.123157e-03   5.476708e-20   2697076
  2.236800e+00   5.988813e-17   1.121599e-03   5.497824e-20   2703558
  2.240687e+00   5.961841e-17   1.121191e-03   5.491629e-20   2713250
  2.244572e+00   5.935616e-17   1.119243e-03   5.482627e-20   2717718
  2.248464e+00   5.911727e-17   1.127021e-03   5.442849e-20   2743178
  2.252353e+00   5.895910e-17   1.120305e-03   5.468425e-20   2732730
  2.256238e+00   5.873543e-17   1.126187e-03   5.435696e-20   2758022
  2.260125e+00   5.875171e-17   1.119041e-03   5.473830e-20   2751994
  2.264006e+00   5.855958e-17   1.121171e-03   5.458996e-20   2769052
  2.267895e+00   5.845913e-17   1.122842e-03   5.474828e-20   2783062
  2.271785e+00   5.821996e-17   1.121645e-03   5.452754e-20   2789362
  2.275674e+00   5.802493e-17   1.121981e-03   5.429128e-20   2799582
  2.279564e+00   5.795588e-17   1.123236e-03   5.444977e-20   2811170
  2.283450e+00   5.789889e-17   1.121033e-03   5.471027e-20   2812658
  2.287338e+00   5.760251e-17   1.125793e-03   5.447258e-20   2833302
  2.291222e+00   5.732113e-17   1.118388e-03   5.422628e-20   2827420
  2.295104e+00   5.760338e-17   1.121018e-03   5.488098e-20   2846710
  2.298989e+00   5.689531e-17   1.120692e-03   5.403996e-20   2846535
  2.302873e+00   5.573164e-17   1.122997e-03   5.259138e-20   2848496
  2.306761e+00   5.468434e-17   1.122225e-03   5.125927e-20   2841084
  2.310652e+00   5.374714e-17   1.124928e-03   4.986567e-20   2843480
  2.314540e+00   5.261134e-17   1.120270e-03   4.883167e-20   2826624
  2.318424e+00   5.172075e-17   1.123352e-03   4.736288e-20   2828732
  2.322310e+00   5.064832e-17   1.121451e-03   4.604687e-20   2819296
  2.326197e+00   4.958633e-17   1.122811e-03   4.469166e-20   2819548
  2.330081e+00   4.881931e-17   1.118959e-03   4.388047e-20   2805192
  2.333967e+00   4.782025e-17   1.123463e-03   4.272199e-20   2811104
  2.337856e+00   4.713904e-17   1.121717e-03   4.187071e-20   2800672
  2.341743e+00   4.625382e-17   1.122654e-03   4.086842e-20   2798080
  2.345628e+00   4.542815e-17   1.120248e-03   3.990427e-20   2786976
  2.349516e+00   4.463793e-17   1.123594e-03   3.901239e-20   2791016
  2.353406e+00   4.390366e-17   1.121382e-03   3.813546e-20   2779360
  2.357287e+00   4.316629e-17   1.119573e-03   3.731297e-20   2768644
  2.361169e+00   4.242008e-17   1.122534e-03   3.653148e-20   2771192
  2.365058e+00   4.175320e-17   1.121875e-03   3.566178e-20   2765028
  2.368946e+00   4.101839e-17   1.122751e-03   3.487974e-20   2760864
  2.372840e+00   4.032779e-17   1.125689e-03   3.406678e-20   2761616
  2.376724e+00   3.973046e-17   1.118525e-03   3.359095e-20   2737932
  2.380610e+00   3.911429e-17   1.125904e-03   3.285563e-20   2752280
  2.384498e+00   3.847958e-17   1.118464e-03   3.215111e-20   2728764
  2.388382e+00   3.787018e-17   1.123937e-03   3.146182e-20   2736368
  2.392268e+00   3.727478e-17   1.119459e-03   3.097607e-20   2719952
  2.396155e+00   3.668294e-17   1.124236e-03   3.030773e-20   2727120
  2.400042e+00   3.617896e-17   1.118614e-03   2.973698e-20   2708400
  2.403932e+00   3.552482e-17   1.125719e-03   2.906227e-20   2718536
  2.407818e+00   3.500977e-17   1.118504e-03   2.859189e-20   2694300
  2.411707e+00   3.450970e-17   1.126793e-03   2.806471e-20   2709440
  2.415596e+00   3.401241e-17   1.117787e-03   2.755820e-20   2682108
  2.419475e+00   3.343850e-17   1.121308e-03   2.689141e-20   2684912
  2.423360e+00   3.300243e-17   1.121998e-03   2.656617e-20   2678868
  2.427246e+00   3.255715e-17   1.122668e-03   2.612970e-20   2674772
  2.431135e+00   3.200627e-17   1.123033e-03   2.557492e-20   2670120
  2.435021e+00   3.161440e-17   1.120804e-03   2.525014e-20   2659532
  2.438909e+00   3.115752e-17   1.123713e-03   2.478519e-20   2659704
  2.442801e+00   3.070489e-17   1.124617e-03   2.433643e-20   2654348
  2.446687e+00   3.031301e-17   1.121000e-03   2.400594e-20   2640276
  2.450572e+00   2.987434e-17   1.121992e-03   2.354145e-20   2638700
  2.454457e+00   2.952803e-17   1.120074e-03   2.325645e-20   2628244
  2.458344e+00   2.904710e-17   1.124115e-03   2.275357e-20   2630920
  2.462234e+00   2.867641e-17   1.121877e-03   2.250080e-20   2618904
  2.466118e+00   2.826561e-17   1.120448e-03   2.215362e-20   2610932
  2.470005e+00   2.792061e-17   1.121951e-03   2.174357e-20   2608464
  2.473895e+00   2.754747e-17   1.123139e-03   2.141813e-20   2603708
  2.477779e+00   2.717271e-17   1.119694e-03   2.110921e-20   2588012
  2.481660e+00   2.677510e-17   1.122196e-03   2.067605e-20   2588364
  2.485545e+00   2.646001e-17   1.120384e-03   2.047503e-20   2579076
  2.489430e+00   2.613636e-17   1.121132e-03   2.021363e-20   2574152
  2.493314e+00   2.577781e-17   1.121505e-03   1.985448e-20   2566812
  2.497207e+00   2.542818e-17   1.127061e-03   1.945974e-20   2573732
  2.501098e+00   2.517782e-17   1.119524e-03   1.933412e-20   2550568
  2.504983e+00   2.478177e-17   1.123035e-03   1.901742e-20   2552068
  2.508870e+00   2.451110e-17   1.121138e-03   1.875418e-20   2539620
  2.512757e+00   2.421121e-17   1.124635e-03   1.847316e-20   2540936
  2.516646e+00   2.393807e-17   1.121040e-03   1.824975e-20   2528032
  2.520531e+00   2.365178e-17   1.120365e-03   1.804470e-20   2521480
  2.524419e+00   2.335977e-17   1.122347e-03   1.778651e-20   2517980
  2.528309e+00   2.303836e-17   1.123011e-03   1.750278e-20   2511744
  2.532195e+00   2.275068e-17   1.120855e-03   1.723557e-20   2500140
  2.536081e+00   2.250161e-17   1.121926e-03   1.709077e-20   2496980
  2.539968e+00   2.226857e-17   1.121125e-03   1.687894e-20   2486924
  2.543856e+00   2.197717e-17   1.124762e-03   1.659047e-20   2487000
  2.547743e+00   2.172561e-17   1.120210e-03   1.645484e-20   2469840
  2.551626e+00   2.146173e-17   1.122637e-03   1.625208e-20   2469656
  2.555511e+00   2.119217e-17   1.119469e-03   1.603852e-20   2456844
  2.559401e+00   2.096750e-17   1.125965e-03   1.582076e-20   2462876
  2.563290e+00   2.075967e-17   1.120472e-03   1.567693e-20   2442136
  2.567174e+00   2.048411e-17   1.123165e-03   1.542443e-20   2441944
  2.571061e+00   2.026975e-17   1.120769e-03   1.526330e-20   2430508
  2.574945e+00   1.998892e-17   1.121157e-03   1.504681e-20   2424352
  2.578832e+00   1.981463e-17   1.123693e-03   1.490557e-20   2421264
  2.582722e+00   1.957259e-17   1.122895e-03   1.472171e-20   2413064
  2.586608e+00   1.942174e-17   1.120676e-03   1.461421e-20   2401572
  2.590492e+00   1.912573e-17   1.121724e-03   1.433968e-20   2397284
  2.594379e+00   1.894206e-17   1.121499e-03   1.422055e-20   2388336
  2.598268e+00   1.873998e-17   1.124943e-03   1.403139e-20   2387204
  2.602153e+00   1.852216e-17   1.119280e-03   1.391312e-20   2368644
  2.606033e+00   1.835620e-17   1.120613e-03   1.382106e-20   2365400
  2.609918e+00   1.816912e-17   1.121690e-03   1.365140e-20   2360072
  2.613808e+00   1.796847e-17   1.123660e-03   1.348865e-20   2356464
  2.617696e+00   1.774790e-17   1.121214e-03   1.332043e-20   2343240
  2.621583e+00   1.757776e-17   1.122605e-03   1.320245e-20   2340248
  2.625468e+00   1.739897e-17   1.118824e-03   1.308942e-20   2325000
  2.629355e+00   1.719574e-17   1.124959e-03   1.289453e-20   2328632
  2.633245e+00   1.706546e-17   1.121910e-03   1.281989e-20   2313220
  2.637134e+00   1.683773e-17   1.124095e-03   1.263410e-20   2310772
  2.641020e+00   1.668568e-17   1.119781e-03   1.256615e-20   2295420
  2.644905e+00   1.649137e-17   1.122584e-03   1.239303e-20   2293592
  2.648791e+00   1.631522e-17   1.120952e-03   1.229576e-20   2281384
  2.652683e+00   1.613516e-17   1.126704e-03   1.213046e-20   2285776
  2.656570e+00   1.601648e-17   1.117325e-03   1.207585e-20   2259408
  2.660455e+00   1.583908e-17   1.124314e-03   1.192711e-20   2266808
  2.664344e+00   1.568401e-17   1.120389e-03   1.183126e-20   2248836
  2.668227e+00   1.551781e-17   1.123045e-03   1.169649e-20   2245244
  2.672111e+00   1.538118e-17   1.120801e-03   1.165184e-20   2233908
  2.675998e+00   1.522584e-17   1.122974e-03   1.151835e-20   2231660
  2.679886e+00   1.507552e-17   1.120422e-03   1.142422e-20   2218544
  2.683775e+00   1.489845e-17   1.124792e-03   1.125451e-20   2218176
  2.687664e+00   1.476899e-17   1.121286e-03   1.121262e-20   2202900
  2.691550e+00   1.465744e-17   1.121747e-03   1.113597e-20   2197472
  2.695433e+00   1.449538e-17   1.118354e-03   1.103012e-20   2181960
  2.699317e+00   1.439487e-17   1.124130e-03   1.094899e-20   2183696
  2.703207e+00   1.424490e-17   1.123719e-03   1.083974e-20   2173416
  2.707096e+00   1.408822e-17   1.122917e-03   1.075413e-20   2165444
  2.710982e+00   1.397570e-17   1.119761e-03   1.066551e-20   2152688
  2.714867e+00   1.382326e-17   1.121777e-03   1.056174e-20   2147628
  2.718754e+00   1.371693e-17   1.122335e-03   1.047989e-20   2139012
  2.722646e+00   1.357065e-17   1.125226e-03   1.037560e-20   2136008
  2.726525e+00   1.344927e-17   1.114594e-03   1.036428e-20   2108656
  2.730404e+00   1.332770e-17   1.123744e-03   1.023825e-20   2117896
  2.734296e+00   1.325533e-17   1.123450e-03   1.019539e-20   2106260
  2.738185e+00   1.307525e-17   1.123855e-03   1.008126e-20   2099088
  2.742075e+00   1.295942e-17   1.121974e-03   1.000511e-20   2088432
  2.745961e+00   1.287095e-17   1.120471e-03   9.968175e-21   2078432
  2.749845e+00   1.276659e-17   1.120708e-03   9.889135e-21   2069048
  2.753732e+00   1.263793e-17   1.123831e-03   9.831052e-21   2064804
  2.757623e+00   1.252535e-17   1.123568e-03   9.719641e-21   2055644
  2.761510e+00   1.242584e-17   1.120700e-03   9.674045e-21   2043000
  2.765392e+00   1.230652e-17   1.120067e-03   9.608088e-21   2032348
  2.769281e+00   1.222634e-17   1.126495e-03   9.543563e-21   2034064
  2.773172e+00   1.208869e-17   1.122211e-03   9.442513e-21   2017740
  2.777059e+00   1.198179e-17   1.121480e-03   9.397601e-21   2010188
  2.780942e+00   1.188841e-17   1.118751e-03   9.363625e-21   1996556
  2.784826e+00   1.179554e-17   1.122456e-03   9.297390e-21   1992816
  2.788712e+00   1.169311e-17   1.122411e-03   9.225371e-21   1982400
  2.792596e+00   1.157697e-17   1.121262e-03   9.147888e-21   1972256
  2.796480e+00   1.150536e-17   1.121000e-03   9.112414e-21   1964384
  2.800370e+00   1.141233e-17   1.122889e-03   9.088583e-21   1958544
  2.804258e+00   1.131974e-17   1.122489e-03   9.013390e-21   1946988
  2.808149e+00   1.121164e-17   1.124629e-03   8.939481e-21   1942532
  2.812034e+00   1.111839e-17   1.117383e-03   8.923097e-21   1921692
  2.815918e+00   1.105716e-17   1.123808e-03   8.880347e-21   1924004
  2.819806e+00   1.095533e-17   1.120365e-03   8.841064e-21   1907344
  2.823695e+00   1.087643e-17   1.126069e-03   8.758469e-21   1907440
  2.827583e+00   1.078336e-17   1.118720e-03   8.724339e-21   1886136
  2.831464e+00   1.070594e-17   1.121920e-03   8.685404e-21   1883144
  2.835353e+00   1.059170e-17   1.122753e-03   8.604620e-21   1874724
  2.839243e+00   1.050272e-17   1.123826e-03   8.565540e-21   1866068
  2.843130e+00   1.047502e-17   1.121455e-03   8.578914e-21   1852980
  2.847017e+00   1.035989e-17   1.122782e-03   8.481692e-21   1847468
  2.850900e+00   1.029580e-17   1.117935e-03   8.493319e-21   1829636
  2.854785e+00   1.020032e-17   1.123959e-03   8.406850e-21   1829688
  2.858675e+00   1.014144e-17   1.122789e-03   8.376239e-21   1817192
  2.862561e+00   1.005814e-17   1.121150e-03   8.353490e-21   1806312
  2.866446e+00   9.979541e-18   1.120289e-03   8.327287e-21   1795984
  2.870334e+00   9.889767e-18   1.123627e-03   8.258657e-21   1791100
  2.874224e+00   9.826525e-18   1.122050e-03   8.239373e-21   1777648
  2.878111e+00   9.743558e-18   1.123043e-03   8.190701e-21   1769848
  2.881996e+00   9.680869e-18   1.119995e-03   8.148234e-21   1756536
  2.885881e+00   9.591094e-18   1.121386e-03   8.138379e-21   1748960
  2.889768e+00   9.542843e-18   1.123014e-03   8.083309e-21   1739952
  2.893658e+00   9.461686e-18   1.124239e-03   8.052929e-21   1732124
  2.897544e+00   9.388331e-18   1.120323e-03   8.042721e-21   1716852
  2.901430e+00   9.327220e-18   1.122735e-03   8.016787e-21   1712276
  2.905319e+00   9.293156e-18   1.121222e-03   8.001871e-21   1698500
  2.909208e+00   9.214738e-18   1.125604e-03   7.965546e-21   1693932
  2.913093e+00   9.146435e-18   1.119232e-03   7.960845e-21   1675204
  2.916975e+00   9.066164e-18   1.121771e-03   7.896896e-21   1670644
  2.920858e+00   9.007057e-18   1.118515e-03   7.894216e-21   1655532
  2.924748e+00   8.956821e-18   1.126990e-03   7.844088e-21   1656860
  2.928637e+00   8.906694e-18   1.119840e-03   7.861260e-21   1635372
  2.932524e+00   8.817240e-18   1.124773e-03   7.803167e-21   1634324
  2.936410e+00   8.746537e-18   1.117372e-03   7.774071e-21   1613676
  2.940295e+00   8.693349e-18   1.124617e-03   7.752383e-21   1613348
  2.944183e+00   8.645642e-18   1.120803e-03   7.774056e-21   1596236
  2.948069e+00   8.567290e-18   1.123999e-03   7.700425e-21   1591476
  2.951956e+00   8.521805e-18   1.119134e-03   7.698678e-21   1575732
  2.955838e+00   8.461496e-18   1.120429e-03   7.687065e-21   1566236
  2.959725e+00   8.407475e-18   1.124724e-03   7.664962e-21   1560292
  2.963618e+00   8.342791e-18   1.124442e-03   7.636149e-21   1550092
  2.967503e+00   8.300141e-18   1.118750e-03   7.646644e-21   1532628
  2.971386e+00   8.229120e-18   1.121507e-03   7.584957e-21   1527332
  2.975274e+00   8.194103e-18   1.121884e-03   7.623554e-21   1515212
  2.979160e+00   8.145892e-18   1.123567e-03   7.615629e-21   1506444
  2.983048e+00   8.095225e-18   1.122261e-03   7.617869e-21   1495116
  2.986928e+00   8.027521e-18   1.117074e-03   7.576476e-21   1479152
  2.990812e+00   7.982176e-18   1.122982e-03   7.558442e-21   1475512
  2.994707e+00   7.920498e-18   1.126591e-03   7.518072e-21   1467820
  2.998598e+00   7.890263e-18   1.121923e-03   7.552212e-21   1451256
  3.002486e+00   7.802141e-18   1.122725e-03   7.479699e-21   1443212
  3.006369e+00   7.746887e-18   1.117256e-03   7.499862e-21   1425680
  3.010254e+00   7.727491e-18   1.124371e-03   7.517529e-21   1422972
  3.014143e+00   7.685399e-18   1.123023e-03   7.526355e-21   1408632
  3.018032e+00   7.625035e-18   1.123941e-03   7.493555e-21   1400984
  3.021918e+00   7.572552e-18   1.117887e-03   7.498643e-21   1383196
  3.025801e+00   7.522204e-18   1.123197e-03   7.460437e-21   1378120
  3.029692e+00   7.500583e-18   1.124450e-03   7.479899e-21   1367272
  3.033584e+00   7.424248e-18   1.124457e-03   7.427870e-21   1356580
  3.037464e+00   7.392891e-18   1.115974e-03   7.479552e-21   1337028
  3.041343e+00   7.339836e-18   1.120802e-03   7.446096e-21   1332500
  3.045230e+00   7.288705e-18   1.122780e-03   7.451075e-21   1321796
  3.049120e+00   7.237598e-18   1.124838e-03   7.414864e-21   1312716
  3.053007e+00   7.196647e-18   1.119942e-03   7.442718e-21   1296580
  3.056896e+00   7.150751e-18   1.124221e-03   7.435921e-21   1291528
  3.060783e+00   7.113804e-18   1.119071e-03   7.458632e-21   1273128
  3.064669e+00   7.055486e-18   1.125633e-03   7.414918e-21   1268720
  3.068560e+00   7.032948e-18   1.122309e-03   7.468199e-21   1254016
  3.072444e+00   6.960938e-18   1.119894e-03   7.425510e-21   1241296
  3.076322e+00   6.910697e-18   1.116955e-03   7.422292e-21   1226712
  3.080211e+00   6.878709e-18   1.128188e-03   7.425039e-21   1226228
  3.084105e+00   6.832649e-18   1.122621e-03   7.433043e-21   1207768
  3.087992e+00   6.774427e-18   1.122433e-03   7.423871e-21   1198336
  3.091874e+00   6.747554e-18   1.117108e-03   7.469556e-21   1181484
  3.095761e+00   6.695944e-18   1.125421e-03   7.429145e-21   1178012
  3.099653e+00   6.674111e-18   1.123268e-03   7.459135e-21   1162564
  3.103535e+00   6.596772e-18   1.120338e-03   7.452807e-21   1149340
  3.107418e+00   6.535297e-18   1.119954e-03   7.398821e-21   1138848
  3.111303e+00   6.502497e-18   1.120192e-03   7.423637e-21   1126748
  3.115189e+00   6.488898e-18   1.123911e-03   7.432993e-21   1117428
  3.119084e+00   6.402287e-18   1.126323e-03   7.428396e-21   1108112
  3.122973e+00   6.373157e-18   1.119549e-03   7.418137e-21   1090596
  3.126857e+00   6.317127e-18   1.120292e-03   7.434350e-21   1081052
  3.130738e+00   6.290746e-18   1.118514e-03   7.448345e-21   1065716
  3.134626e+00   6.246924e-18   1.127732e-03   7.439773e-21   1061940
  3.138518e+00   6.200060e-18   1.121370e-03   7.461341e-21   1044096
  3.142404e+00   6.128384e-18   1.122139e-03   7.444480e-21   1034864
  3.146289e+00   6.066088e-18   1.117591e-03   7.402170e-21   1018308
  3.150179e+00   6.066125e-18   1.129200e-03   7.466060e-21   1014812
  3.154072e+00   6.032441e-18   1.121981e-03   7.478586e-21   996288
  3.157955e+00   5.916938e-18   1.120847e-03   7.377171e-21   985376
  3.161835e+00   5.876692e-18   1.115880e-03   7.393379e-21   969652
  3.165722e+00   5.852664e-18   1.125987e-03   7.423762e-21   964924
  3.169610e+00   5.834890e-18   1.121515e-03   7.482920e-21   947228
  3.173495e+00   5.738834e-18   1.123457e-03   7.393026e-21   939084
  3.177381e+00   5.696847e-18   1.116472e-03   7.408088e-21   921864
  3.181265e+00   5.621656e-18   1.123502e-03   7.363156e-21   914252
  3.185159e+00   5.602816e-18   1.126304e-03   7.426195e-21   902572
  3.189050e+00   5.529622e-18   1.123145e-03   7.359422e-21   888784
  3.192932e+00   5.454702e-18   1.116224e-03   7.345702e-21   872540
  3.196811e+00   5.386887e-18   1.120157e-03   7.266206e-21   862848
  3.200697e+00   5.370907e-18   1.124093e-03   7.341393e-21   851760
  3.204592e+00   5.279991e-18   1.127172e-03   7.234490e-21   841940
  3.208479e+00   5.211690e-18   1.117661e-03   7.219339e-21   823032
  3.212364e+00   5.141974e-18   1.123934e-03   7.150677e-21   816044
  3.216253e+00   5.117579e-18   1.120364e-03   7.186601e-21   799292
  3.220140e+00   5.015965e-18   1.126784e-03   7.094240e-21   791304
  3.224026e+00   4.957396e-18   1.117490e-03   7.086148e-21   772868
  3.227902e+00   4.873433e-18   1.119936e-03   6.933731e-21   762552
  3.231787e+00   4.802609e-18   1.121745e-03   6.884402e-21   750876
  3.235677e+00   4.740352e-18   1.123999e-03   6.870553e-21   739280
  3.239565e+00   4.657175e-18   1.121784e-03   6.742732e-21   724944
  3.243456e+00   4.551238e-18   1.124267e-03   6.589106e-21   714380
  3.247336e+00   4.503109e-18   1.116046e-03   6.569396e-21   695932
  3.251222e+00   4.403772e-18   1.126879e-03   6.383659e-21   690949
  3.255114e+00   4.337636e-18   1.118914e-03   6.311571e-21   673638
  3.258999e+00   4.260296e-18   1.124434e-03   6.201368e-21   666092
  3.262883e+00   4.203101e-18   1.117312e-03   6.152344e-21   651024
  3.266766e+00   4.130357e-18   1.124054e-03   6.023999e-21   644804
  3.270656e+00   4.080403e-18   1.121035e-03   5.970254e-21   632676
  3.274546e+00   4.022291e-18   1.125434e-03   5.891954e-21   624962
  3.278430e+00   3.974825e-18   1.118496e-03   5.917748e-21   611280
  3.282321e+00   3.933073e-18   1.127391e-03   5.800562e-21   607256
  3.286211e+00   3.862220e-18   1.118374e-03   5.721772e-21   592616
  3.290095e+00   3.847116e-18   1.124430e-03   5.727945e-21   587160
  3.293983e+00   3.793862e-18   1.120749e-03   5.693244e-21   575482
  3.297866e+00   3.729201e-18   1.122505e-03   5.591703e-21   568258
  3.301757e+00   3.713934e-18   1.122731e-03   5.590904e-21   559638
  3.305647e+00   3.662306e-18   1.123210e-03   5.557594e-21   551498
  3.309536e+00   3.634009e-18   1.121790e-03   5.498032e-21   542364
  3.313423e+00   3.577263e-18   1.122328e-03   5.448016e-21   534146
  3.317305e+00   3.552605e-18   1.119988e-03   5.438263e-21   524980
  3.321196e+00   3.515382e-18   1.125222e-03   5.416384e-21   519964
  3.325077e+00   3.478307e-18   1.115886e-03   5.411736e-21   507108
  3.328962e+00   3.440934e-18   1.126905e-03   5.322741e-21   504992
  3.332852e+00   3.403224e-18   1.118656e-03   5.320474e-21   492948
  3.336740e+00   3.366128e-18   1.127360e-03   5.280414e-21   489740
  3.340629e+00   3.343331e-18   1.117346e-03   5.283219e-21   477716
  3.344511e+00   3.295840e-18   1.124864e-03   5.217523e-21   473844
  3.348399e+00   3.304779e-18   1.119228e-03   5.263893e-21   464222
  3.352284e+00   3.223509e-18   1.123815e-03   5.168521e-21   459048
  3.356167e+00   3.224566e-18   1.117888e-03   5.201797e-21   449574
  3.360054e+00   3.187537e-18   1.125019e-03   5.168691e-21   445820
  3.363936e+00   3.158679e-18   1.116211e-03   5.158812e-21   435158
  3.367827e+00   3.133966e-18   1.127850e-03   5.137467e-21   433566
  3.371713e+00   3.105341e-18   1.114763e-03   5.130193e-21   421014
  3.375597e+00   3.078010e-18   1.127754e-03   5.074142e-21   419996
  3.379490e+00   3.061921e-18   1.118287e-03   5.094767e-21   409482
  3.383368e+00   2.999013e-18   1.121665e-03   4.991298e-21   404414
  3.387257e+00   2.982214e-18   1.122567e-03   5.026397e-21   398518
  3.391148e+00   2.970833e-18   1.123750e-03   5.043273e-21   392302
  3.395033e+00   2.944822e-18   1.121765e-03   5.047854e-21   385318
  3.398930e+00   2.923846e-18   1.127631e-03   4.997247e-21   381718
  3.402811e+00   2.889728e-18   1.114511e-03   5.026925e-21   370674
  3.406696e+00   2.879605e-18   1.128673e-03   4.977456e-21   370166
  3.410587e+00   2.861796e-18   1.117032e-03   5.025643e-21   359838
  3.414471e+00   2.828063e-18   1.126612e-03   4.974029e-21   357488
  3.418356e+00   2.811102e-18   1.115416e-03   5.000407e-21   348174
  3.422239e+00   2.787260e-18   1.126138e-03   4.967048e-21   346010
  3.426123e+00   2.774854e-18   1.115666e-03   5.016785e-21   336966
  3.430017e+00   2.746964e-18   1.131496e-03   4.932459e-21   336488
  3.433906e+00   2.725202e-18   1.113178e-03   4.974440e-21   325206
  3.437790e+00   2.703105e-18   1.128394e-03   4.957052e-21   324614
  3.441675e+00   2.674956e-18   1.113950e-03   4.970287e-21   314792
  3.445561e+00   2.668131e-18   1.129033e-03   4.951487e-21   314082
  3.449445e+00   2.638622e-18   1.112843e-03   4.959915e-21   303918
  3.453329e+00   2.646894e-18   1.130230e-03   4.997815e-21   303872
  3.457223e+00   2.608979e-18   1.118237e-03   4.984369e-21   295070
  3.461110e+00   2.580628e-18   1.127117e-03   4.949477e-21   292776
  3.464999e+00   2.604464e-18   1.118155e-03   5.023098e-21   285198
  3.468882e+00   2.548237e-18   1.124173e-03   4.959659e-21   282068
  3.472770e+00   2.540614e-18   1.120642e-03   4.999519e-21   276094
  3.476654e+00   2.531176e-18   1.121770e-03   5.000113e-21   271936
  3.480537e+00   2.511239e-18   1.119604e-03   5.007953e-21   266352
  3.484425e+00   2.500680e-18   1.124273e-03   5.023599e-21   263198
  3.488309e+00   2.485696e-18   1.117087e-03   5.054138e-21   256540
  3.492199e+00   2.480623e-18   1.128018e-03   5.055798e-21   254758
  3.496085e+00   2.470121e-18   1.114575e-03   5.092771e-21   246888
  3.499973e+00   2.446753e-18   1.129431e-03   5.034899e-21   245984
  3.503859e+00   2.429295e-18   1.113747e-03   5.062461e-21   237838
  3.507743e+00   2.407136e-18   1.128624e-03   5.059448e-21   236932
  3.511628e+00   2.401688e-18   1.114686e-03   5.143452e-21   229296
  3.515519e+00   2.389860e-18   1.132107e-03   5.144894e-21   228968
  3.519410e+00   2.372085e-18   1.115334e-03   5.182782e-21   220862
  3.523299e+00   2.356718e-18   1.132320e-03   5.106253e-21   220440
  3.527188e+00   2.347859e-18   1.113877e-03   5.186113e-21   212400
  3.531075e+00   2.319124e-18   1.132596e-03   5.117723e-21   212228
  3.534965e+00   2.319801e-18   1.113928e-03   5.243535e-21   204518
  3.538852e+00   2.300156e-18   1.130227e-03   5.190072e-21   203928
  3.542735e+00   2.311388e-18   1.110921e-03   5.313093e-21   196280
  3.546619e+00   2.277744e-18   1.130361e-03   5.212744e-21   196272
  3.550503e+00   2.284653e-18   1.110008e-03   5.321199e-21   188572
  3.554385e+00   2.260360e-18   1.129045e-03   5.306435e-21   188440
  3.558272e+00   2.255663e-18   1.112527e-03   5.407940e-21   181574
  3.562156e+00   2.237702e-18   1.129325e-03   5.287499e-21   180912
  3.566042e+00   2.231302e-18   1.112617e-03   5.420619e-21   174304
  3.569927e+00   2.216790e-18   1.129933e-03   5.388709e-21   173620
  3.573814e+00   2.209641e-18   1.114477e-03   5.461083e-21   167424
  3.577707e+00   2.198575e-18   1.132693e-03   5.445624e-21   166952
  3.581590e+00   2.189177e-18   1.109406e-03   5.515892e-21   159744
  3.585479e+00   2.175334e-18   1.134885e-03   5.494404e-21   160424
  3.589363e+00   2.166351e-18   1.107308e-03   5.605358e-21   152748
  3.593250e+00   2.155135e-18   1.136784e-03   5.528994e-21   153920
  3.597136e+00   2.169161e-18   1.105473e-03   5.741299e-21   146016
  3.601018e+00   2.132549e-18   1.136208e-03   5.635122e-21   147176
  3.604907e+00   2.141588e-18   1.107710e-03   5.790955e-21   139992
  3.608791e+00   2.124628e-18   1.135264e-03   5.676935e-21   140588
  3.612682e+00   2.127513e-18   1.111007e-03   5.864496e-21   134184
  3.616571e+00   2.128381e-18   1.134121e-03   5.882599e-21   134192
  3.620457e+00   2.116052e-18   1.110077e-03   5.953179e-21   127992
  3.624344e+00   2.100421e-18   1.133946e-03   5.901870e-21   128132
  3.628235e+00   2.083476e-18   1.112933e-03   5.986611e-21   122384
  3.632120e+00   2.090084e-18   1.130787e-03   5.976318e-21   121896
  3.636006e+00   2.081919e-18   1.111987e-03   6.148286e-21   116592
  3.639888e+00   2.066317e-18   1.130031e-03   6.124057e-21   116072
  3.643776e+00   2.053207e-18   1.113281e-03   6.181672e-21   111196
  3.647666e+00   2.054582e-18   1.133982e-03   6.162729e-21   110824
  3.651553e+00   2.059886e-18   1.109351e-03   6.376930e-21   105456
  3.655445e+00   2.027639e-18   1.137911e-03   6.303145e-21   105746
  3.659331e+00   2.052507e-18   1.104570e-03   6.546909e-21   99816
  3.663217e+00   2.027421e-18   1.137630e-03   6.443221e-21   100460
  3.667098e+00   2.008031e-18   1.103186e-03   6.551714e-21   94616
  3.670986e+00   2.033109e-18   1.138482e-03   6.625422e-21   95448
  3.674871e+00   2.008421e-18   1.104767e-03   6.741987e-21   89784
  3.678762e+00   2.026474e-18   1.138753e-03   6.749071e-21   90536
  3.682640e+00   2.002528e-18   1.098833e-03   6.921771e-21   84566
  3.686528e+00   1.994710e-18   1.143171e-03   6.860902e-21   86088
  3.690411e+00   1.994853e-18   1.094501e-03   7.119014e-21   79680
  3.694290e+00   2.000002e-18   1.143460e-03   7.050985e-21   81368
  3.698177e+00   2.003997e-18   1.096007e-03   7.372821e-21   75356
  3.702056e+00   1.977741e-18   1.143156e-03   7.125418e-21   76704
  3.705948e+00   1.999577e-18   1.100016e-03   7.494167e-21   71322
  3.709834e+00   1.965326e-18   1.143672e-03   7.313150e-21   72248
  3.713724e+00   2.003848e-18   1.099908e-03   7.724298e-21   67160
  3.717610e+00   1.984560e-18   1.141543e-03   7.616409e-21   67836
  3.721489e+00   1.972866e-18   1.096984e-03   7.909872e-21   62976
  3.725379e+00   1.982085e-18   1.144398e-03   7.780022e-21   63914
  3.729253e+00   1.979539e-18   1.092761e-03   8.131033e-21   58832
  3.733144e+00   1.956080e-18   1.147084e-03   7.961329e-21   60108
  3.737017e+00   1.954977e-18   1.090205e-03   8.412217e-21   54920
  3.740928e+00   1.960696e-18   1.160099e-03   8.276823e-21   56970
  3.744809e+00   1.953336e-18   1.078913e-03   8.673648e-21   50760
  3.748701e+00   1.933796e-18   1.161348e-03   8.372593e-21   53312
  3.752584e+00   1.948316e-18   1.074836e-03   8.966668e-21   47164
  3.756472e+00   1.958149e-18   1.163802e-03   8.735988e-21   49810
  3.760356e+00   1.948524e-18   1.069365e-03   9.320354e-21   43680
  3.764234e+00   1.922534e-18   1.164818e-03   8.864435e-21   46328
  3.768129e+00   1.931974e-18   1.073902e-03   9.487163e-21   40694
  3.772013e+00   1.911731e-18   1.167140e-03   9.198968e-21   42984
  3.775913e+00   1.954191e-18   1.073587e-03   1.015651e-20   37656
  3.779787e+00   1.918449e-18   1.164236e-03   9.777706e-21   39578
  3.783688e+00   1.933317e-18   1.077878e-03   1.030022e-20   34920
  3.787564e+00   1.915201e-18   1.160065e-03   1.010092e-20   36308
  3.791451e+00   1.931330e-18   1.076316e-03   1.085906e-20   32136
  3.795334e+00   1.928789e-18   1.159401e-03   1.063686e-20   33362
  3.799207e+00   1.927763e-18   1.069739e-03   1.121617e-20   29336
  3.803104e+00   1.926813e-18   1.167435e-03   1.092769e-20   30804
  3.806966e+00   1.917031e-18   1.055228e-03   1.167346e-20   26490
  3.810870e+00   1.900289e-18   1.176653e-03   1.119235e-20   28376
  3.814719e+00   1.952652e-18   1.039734e-03   1.255853e-20   23784
  3.818636e+00   1.928096e-18   1.189627e-03   1.177553e-20   26150
  3.822479e+00   1.908844e-18   1.021588e-03   1.319719e-20   21192
  3.826407e+00   1.944094e-18   1.204804e-03   1.265094e-20   24050
  3.830252e+00   1.920498e-18   1.002280e-03   1.407268e-20   18768
  3.834191e+00   1.943310e-18   1.221518e-03   1.309391e-20   22052
  3.838029e+00   1.946045e-18   9.660660e-04   1.538655e-20   16346
  3.841962e+00   1.944402e-18   1.236558e-03   1.368024e-20   20136
  3.845802e+00   1.928817e-18   9.274195e-04   1.597872e-20   14160
  3.849721e+00   1.946739e-18   1.247069e-03   1.443448e-20   18218
  3.853565e+00   1.975527e-18   8.859468e-04   1.790542e-20   12204
  3.857470e+00   1.937730e-18   1.256334e-03   1.526423e-20   16346
  3.861333e+00   1.989135e-18   8.562781e-04   1.946715e-20   10536
  3.865221e+00   1.986245e-18   1.261091e-03   1.651707e-20   14456
  3.869081e+00   1.927489e-18   8.165112e-04   2.079797e-20   8990
  3.872967e+00   1.982794e-18   1.270385e-03   1.768544e-20   12744
  3.876815e+00   1.911476e-18   7.482517e-04   2.213198e-20   7506
  3.880703e+00   1.982241e-18   1.282849e-03   1.843487e-20   11192
  3.884545e+00   1.945671e-18   6.569471e-04   2.474110e-20   6156
  3.888432e+00   1.999662e-18   1.294599e-03   2.006217e-20   9722
  3.892281e+00   1.945709e-18   5.567157e-04   2.673061e-20   4992
  3.896158e+00   1.934600e-18   1.304505e-03   2.110651e-20   8306
  3.900025e+00   1.953786e-18   4.384033e-04   3.221843e-20   3996
  3.903878e+00   2.037845e-18   1.309274e-03   2.497360e-20   6938
  3.907766e+00   1.888512e-18   3.047624e-04   3.444279e-20   3168
  3.911584e+00   1.968763e-18   1.304853e-03   2.640130e-20   5624
  3.915485e+00   1.976955e-18   2.103226e-04   4.070120e-20   2502
  3.919286e+00   1.948928e-18   1.297747e-03   2.897441e-20   4424
  3.923208e+00   1.950717e-18   2.230451e-04   4.474915e-20   1946
  3.926998e+00   1.994626e-18   1.292790e-03   3.510317e-20   3360
  3.930918e+00   1.985403e-18   1.221617e-04   5.088199e-20   1446
  3.934708e+00   2.002131e-18   1.290208e-03   4.000138e-20   2456
  3.938666e+00   1.884640e-18   2.340394e-04   5.803434e-20   1034
  3.942432e+00   1.970956e-18   1.288305e-03   4.752946e-20   1680
  3.946383e+00   1.951039e-18   5.837572e-05   6.897678e-20   678
  3.950143e+00   1.883825e-18   1.286681e-03   5.680723e-20   1064
  3.954177e+00   1.969683e-18   3.540138e-04   9.061626e-20   410
  3.957868e+00   2.209016e-18   1.284749e-03   8.806233e-20   576
  3.961879e+00   2.059169e-18   1.855368e-05   1.351888e-19   198
  3.965528e+00   1.926887e-18   1.272780e-03   1.210860e-19   248
  3.969917e+00   1.758608e-18   8.019490e-04   1.871068e-19   74
  3.973198e+00   2.158198e-18   1.252635e-03   2.448857e-19   48
  3.977405e+00   1.469334e-18   5.034095e-08   3.396985e-19   6
