# power spectrum of phi_prime/H (dimensionless)
# redshift z=48.322258
# k              Pk             sigma(k)       sigma(Pk)      count
  5.727314e-03   1.661142e-14   8.763345e-04   4.924000e-15   18
  1.001182e-02   3.046188e-14   1.059922e-03   4.435982e-15   62
  1.393445e-02   2.892992e-14   7.332271e-04   3.567509e-15   90
  1.764809e-02   3.063515e-14   1.157232e-03   1.976897e-15   170
  2.151286e-02   2.448832e-14   1.202795e-03   1.526236e-15   246
  2.528669e-02   1.960565e-14   1.146703e-03   1.076363e-15   338
  2.901099e-02   1.832255e-14   9.857564e-04   9.156343e-16   432
  3.284683e-02   1.530283e-14   1.010047e-03   7.014827e-16   578
  3.688195e-02   1.208220e-14   1.177086e-03   4.384472e-16   786
  4.101464e-02   9.557324e-15   1.190994e-03   3.000335e-16   974
  4.488954e-02   8.381650e-15   1.031402e-03   2.681310e-16   1002
  4.870958e-02   7.671435e-15   1.179303e-03   2.118621e-16   1334
  5.263577e-02   6.527847e-15   1.134676e-03   1.753772e-16   1458
  5.631027e-02   5.988206e-15   1.072446e-03   1.556734e-16   1604
  6.010158e-02   5.436823e-15   1.088865e-03   1.313311e-16   1974
  6.404851e-02   5.369496e-15   1.067989e-03   1.160214e-16   2234
  6.795611e-02   4.583372e-15   1.092954e-03   9.770168e-17   2490
  7.198483e-02   4.412732e-15   1.200217e-03   8.138026e-17   3014
  7.595394e-02   4.130496e-15   1.093611e-03   7.474909e-17   3018
  7.977896e-02   3.826396e-15   1.131598e-03   6.717502e-17   3446
  8.359600e-02   3.484538e-15   1.085617e-03   6.045377e-17   3626
  8.742004e-02   3.178955e-15   1.125556e-03   5.110670e-17   4164
  9.130612e-02   2.912067e-15   1.090740e-03   4.598794e-17   4470
  9.521636e-02   2.751822e-15   1.115446e-03   3.945622e-17   4970
  9.915211e-02   2.559730e-15   1.127844e-03   3.613745e-17   5366
  1.030785e-01   2.400893e-15   1.144516e-03   3.246466e-17   5778
  1.069619e-01   2.295464e-15   1.149148e-03   2.957133e-17   6162
  1.108671e-01   2.168209e-15   1.158272e-03   2.738795e-17   6734
  1.146806e-01   2.086182e-15   1.074898e-03   2.635867e-17   6756
  1.184510e-01   1.980359e-15   1.088568e-03   2.331572e-17   7502
  1.223464e-01   1.923914e-15   1.105366e-03   2.306602e-17   8154
  1.262469e-01   1.871893e-15   1.103283e-03   2.124857e-17   8618
  1.301909e-01   1.809646e-15   1.146655e-03   1.938318e-17   9390
  1.341197e-01   1.799025e-15   1.126004e-03   1.933193e-17   9722
  1.380051e-01   1.701709e-15   1.126950e-03   1.819197e-17   10242
  1.419007e-01   1.663865e-15   1.149257e-03   1.668290e-17   11006
  1.457777e-01   1.563414e-15   1.106962e-03   1.605126e-17   11348
  1.496576e-01   1.514317e-15   1.105725e-03   1.506555e-17   12150
  1.535164e-01   1.430636e-15   1.078348e-03   1.453192e-17   12498
  1.574072e-01   1.438069e-15   1.129889e-03   1.348455e-17   13586
  1.613096e-01   1.341130e-15   1.132072e-03   1.254260e-17   14006
  1.652381e-01   1.335291e-15   1.166232e-03   1.187668e-17   15162
  1.691226e-01   1.293702e-15   1.101754e-03   1.177158e-17   14990
  1.729750e-01   1.238990e-15   1.143142e-03   1.071504e-17   16380
  1.768610e-01   1.223846e-15   1.105581e-03   1.055603e-17   16666
  1.807168e-01   1.201870e-15   1.110348e-03   1.004622e-17   17638
  1.845996e-01   1.161663e-15   1.100521e-03   9.531436e-18   18354
  1.884710e-01   1.131252e-15   1.102640e-03   8.976325e-18   19034
  1.923685e-01   1.140410e-15   1.144302e-03   9.092566e-18   20270
  1.963174e-01   1.130869e-15   1.155956e-03   8.693876e-18   21258
  2.002141e-01   1.105595e-15   1.111898e-03   8.555565e-18   21350
  2.040863e-01   1.053349e-15   1.123159e-03   8.005998e-18   22644
  2.079681e-01   1.032612e-15   1.101476e-03   7.780568e-18   23114
  2.118390e-01   1.002985e-15   1.118265e-03   7.226467e-18   24342
  2.157382e-01   9.828987e-16   1.117694e-03   7.104874e-18   25194
  2.196235e-01   9.660603e-16   1.116195e-03   6.921877e-18   25982
  2.234724e-01   9.569040e-16   1.109599e-03   6.664833e-18   26506
  2.273806e-01   9.236473e-16   1.167806e-03   6.258167e-18   28738
  2.312750e-01   8.990388e-16   1.110542e-03   6.200563e-18   28296
  2.351662e-01   8.886951e-16   1.143823e-03   5.788184e-18   30554
  2.390501e-01   8.770789e-16   1.084103e-03   5.843311e-18   30094
  2.428824e-01   8.667824e-16   1.109820e-03   5.652549e-18   31738
  2.467836e-01   8.557122e-16   1.134747e-03   5.400959e-18   33306
  2.506613e-01   8.405660e-16   1.104153e-03   5.305258e-18   33422
  2.545365e-01   8.371183e-16   1.131527e-03   5.146332e-18   35298
  2.584714e-01   8.206427e-16   1.143069e-03   4.975227e-18   36650
  2.623670e-01   7.982047e-16   1.115532e-03   4.885028e-18   36888
  2.662651e-01   7.928381e-16   1.131896e-03   4.651337e-18   38834
  2.701697e-01   7.755084e-16   1.107355e-03   4.541824e-18   39246
  2.740453e-01   7.669996e-16   1.111777e-03   4.438239e-18   40466
  2.778984e-01   7.511706e-16   1.108403e-03   4.332610e-18   41106
  2.817847e-01   7.516447e-16   1.145602e-03   4.225768e-18   43598
  2.856833e-01   7.322209e-16   1.116308e-03   4.127398e-18   43650
  2.895471e-01   7.205527e-16   1.120907e-03   3.885688e-18   45272
  2.934575e-01   6.965342e-16   1.131740e-03   3.760831e-18   46994
  2.973636e-01   7.000782e-16   1.124346e-03   3.794321e-18   47850
  3.012447e-01   6.911821e-16   1.115858e-03   3.722114e-18   48846
  3.051030e-01   6.825217e-16   1.105642e-03   3.639164e-18   49706
  3.089532e-01   6.728867e-16   1.113265e-03   3.470719e-18   51198
  3.128464e-01   6.688185e-16   1.134266e-03   3.423538e-18   53402
  3.167281e-01   6.622233e-16   1.111145e-03   3.396875e-18   53634
  3.206428e-01   6.555727e-16   1.143806e-03   3.232780e-18   56888
  3.245618e-01   6.438236e-16   1.106794e-03   3.187285e-18   56474
  3.284581e-01   6.343514e-16   1.130606e-03   3.075077e-18   58962
  3.323510e-01   6.321137e-16   1.114731e-03   3.125503e-18   59214
  3.362265e-01   6.339355e-16   1.127963e-03   3.057664e-18   61250
  3.400938e-01   6.231476e-16   1.110759e-03   2.953297e-18   61694
  3.439480e-01   6.076234e-16   1.120230e-03   2.854466e-18   63618
  3.478512e-01   6.044405e-16   1.140078e-03   2.798337e-18   66284
  3.517691e-01   5.972799e-16   1.123324e-03   2.727299e-18   67014
  3.556494e-01   5.901705e-16   1.113722e-03   2.692540e-18   67930
  3.595371e-01   5.867367e-16   1.127426e-03   2.614279e-18   70294
  3.634200e-01   5.734795e-16   1.114424e-03   2.565614e-18   70658
  3.672742e-01   5.790685e-16   1.121955e-03   2.601136e-18   72522
  3.711539e-01   5.671731e-16   1.125103e-03   2.481144e-18   74550
  3.750359e-01   5.572065e-16   1.112832e-03   2.411203e-18   75674
  3.789191e-01   5.492933e-16   1.116846e-03   2.363685e-18   77708
  3.828461e-01   5.524660e-16   1.136191e-03   2.338592e-18   80622
  3.867545e-01   5.430318e-16   1.112810e-03   2.269148e-18   80330
  3.906423e-01   5.474255e-16   1.128269e-03   2.262385e-18   82974
  3.945313e-01   5.366385e-16   1.118618e-03   2.235103e-18   83666
  3.984084e-01   5.368442e-16   1.126394e-03   2.203748e-18   85746
  4.022765e-01   5.232384e-16   1.118427e-03   2.115571e-18   86702
  4.061542e-01   5.201374e-16   1.126154e-03   2.115310e-18   89556
  4.100569e-01   5.155746e-16   1.118519e-03   2.073938e-18   91038
  4.139484e-01   5.140081e-16   1.117921e-03   2.016404e-18   92522
  4.178268e-01   5.068739e-16   1.119569e-03   1.996551e-18   94034
  4.217415e-01   5.041569e-16   1.145339e-03   1.942072e-18   97758
  4.256173e-01   4.993909e-16   1.103600e-03   1.976760e-18   95770
  4.294627e-01   4.979937e-16   1.123790e-03   1.908462e-18   99646
  4.333400e-01   4.957705e-16   1.115333e-03   1.905453e-18   100980
  4.372362e-01   4.920165e-16   1.127284e-03   1.843954e-18   104258
  4.411386e-01   4.832281e-16   1.114910e-03   1.806616e-18   104998
  4.450377e-01   4.806435e-16   1.124073e-03   1.770060e-18   107866
  4.489311e-01   4.806085e-16   1.113184e-03   1.782507e-18   108154
  4.528161e-01   4.741728e-16   1.135370e-03   1.709818e-18   111622
  4.567076e-01   4.744789e-16   1.122976e-03   1.719553e-18   112146
  4.605727e-01   4.768833e-16   1.119518e-03   1.713607e-18   114014
  4.644440e-01   4.633781e-16   1.115906e-03   1.649340e-18   116220
  4.683319e-01   4.630493e-16   1.119789e-03   1.640249e-18   118682
  4.722291e-01   4.586675e-16   1.126606e-03   1.604096e-18   121118
  4.761348e-01   4.582018e-16   1.124808e-03   1.593293e-18   122994
  4.800157e-01   4.476637e-16   1.114862e-03   1.549328e-18   123574
  4.838959e-01   4.504696e-16   1.131276e-03   1.535309e-18   126922
  4.877763e-01   4.485364e-16   1.124735e-03   1.531213e-18   127906
  4.916481e-01   4.416921e-16   1.121767e-03   1.483778e-18   130432
  4.955333e-01   4.422108e-16   1.114812e-03   1.474820e-18   132642
  4.994186e-01   4.367790e-16   1.110800e-03   1.449595e-18   134534
  5.033164e-01   4.350750e-16   1.124671e-03   1.419535e-18   137778
  5.072392e-01   4.336337e-16   1.135312e-03   1.407989e-18   140786
  5.111285e-01   4.277818e-16   1.110620e-03   1.386489e-18   139590
  5.149976e-01   4.294520e-16   1.125619e-03   1.383225e-18   143546
  5.188865e-01   4.253349e-16   1.125142e-03   1.356306e-18   145338
  5.227635e-01   4.260547e-16   1.120484e-03   1.354947e-18   147272
  5.266520e-01   4.177160e-16   1.122335e-03   1.326336e-18   150330
  5.305485e-01   4.164345e-16   1.118234e-03   1.306381e-18   152318
  5.344262e-01   4.168555e-16   1.111066e-03   1.299267e-18   153202
  5.383243e-01   4.105051e-16   1.138693e-03   1.259103e-18   158626
  5.422165e-01   4.104722e-16   1.116855e-03   1.265065e-18   157350
  5.460935e-01   4.081656e-16   1.131200e-03   1.247460e-18   161906
  5.499589e-01   4.062983e-16   1.105071e-03   1.234760e-18   160872
  5.538418e-01   4.044688e-16   1.133375e-03   1.207522e-18   167858
  5.577463e-01   4.056919e-16   1.114977e-03   1.214304e-18   167514
  5.616201e-01   3.954681e-16   1.113803e-03   1.173806e-18   169862
  5.655108e-01   3.967168e-16   1.124453e-03   1.165877e-18   173602
  5.694083e-01   3.950345e-16   1.123533e-03   1.155270e-18   175258
  5.732959e-01   3.941463e-16   1.127164e-03   1.141598e-18   177654
  5.771897e-01   3.944884e-16   1.130949e-03   1.136099e-18   180698
  5.810773e-01   3.879143e-16   1.119005e-03   1.122848e-18   181968
  5.849616e-01   3.884253e-16   1.118541e-03   1.099504e-18   184850
  5.888448e-01   3.843745e-16   1.119144e-03   1.091474e-18   187034
  5.927421e-01   3.862735e-16   1.129966e-03   1.085302e-18   191238
  5.966308e-01   3.809615e-16   1.116348e-03   1.067045e-18   191042
  6.005065e-01   3.819788e-16   1.126286e-03   1.067843e-18   195102
  6.043812e-01   3.792360e-16   1.117515e-03   1.050272e-18   195786
  6.082630e-01   3.773338e-16   1.131649e-03   1.038006e-18   201164
  6.121481e-01   3.743779e-16   1.112645e-03   1.028031e-18   201070
  6.160242e-01   3.734664e-16   1.118305e-03   1.015349e-18   205234
  6.199111e-01   3.732880e-16   1.116352e-03   1.014239e-18   207342
  6.237987e-01   3.690218e-16   1.121735e-03   9.880609e-19   210602
  6.276909e-01   3.677819e-16   1.124203e-03   9.824391e-19   213130
  6.315953e-01   3.704615e-16   1.133190e-03   9.739077e-19   217318
  6.354807e-01   3.662084e-16   1.113546e-03   9.710300e-19   216306
  6.393491e-01   3.643659e-16   1.119403e-03   9.585741e-19   220652
  6.432430e-01   3.623320e-16   1.124854e-03   9.451862e-19   224502
  6.471454e-01   3.614817e-16   1.125081e-03   9.359045e-19   227186
  6.510345e-01   3.595888e-16   1.118193e-03   9.285655e-19   228398
  6.549165e-01   3.589715e-16   1.122259e-03   9.196571e-19   231642
  6.587972e-01   3.584355e-16   1.122763e-03   9.155633e-19   233946
  6.626908e-01   3.591483e-16   1.132956e-03   9.054426e-19   238694
  6.665707e-01   3.560700e-16   1.114640e-03   8.964026e-19   238068
  6.704525e-01   3.564143e-16   1.124042e-03   8.940092e-19   244190
  6.743498e-01   3.510347e-16   1.116752e-03   8.774975e-19   245362
  6.782313e-01   3.528278e-16   1.120102e-03   8.696668e-19   248362
  6.821206e-01   3.502266e-16   1.124509e-03   8.626717e-19   251966
  6.860099e-01   3.483618e-16   1.120649e-03   8.466477e-19   254034
  6.898855e-01   3.464743e-16   1.117172e-03   8.432318e-19   255818
  6.937781e-01   3.454437e-16   1.132899e-03   8.379157e-19   262254
  6.976722e-01   3.468476e-16   1.116974e-03   8.371939e-19   261980
  7.015718e-01   3.434312e-16   1.129534e-03   8.242581e-19   268566
  7.054538e-01   3.435181e-16   1.104857e-03   8.266309e-19   265538
  7.093286e-01   3.438147e-16   1.128000e-03   8.115792e-19   273330
  7.132165e-01   3.408867e-16   1.121481e-03   8.081299e-19   273718
  7.171069e-01   3.385940e-16   1.132652e-03   7.925381e-19   279658
  7.209986e-01   3.400263e-16   1.120025e-03   7.987820e-19   279670
  7.248700e-01   3.372033e-16   1.119062e-03   7.869379e-19   282964
  7.287608e-01   3.354194e-16   1.126489e-03   7.750162e-19   288362
  7.326540e-01   3.351960e-16   1.118613e-03   7.781159e-19   289686
  7.365333e-01   3.350285e-16   1.116235e-03   7.726108e-19   292234
  7.404015e-01   3.333490e-16   1.112765e-03   7.650568e-19   294190
  7.442845e-01   3.324390e-16   1.127923e-03   7.508181e-19   300642
  7.481851e-01   3.305851e-16   1.128116e-03   7.415668e-19   303386
  7.520700e-01   3.297133e-16   1.119257e-03   7.386515e-19   304662
  7.559583e-01   3.274816e-16   1.122290e-03   7.294578e-19   309812
  7.598513e-01   3.262698e-16   1.117608e-03   7.265849e-19   311714
  7.637547e-01   3.265446e-16   1.130270e-03   7.159546e-19   318126
  7.676398e-01   3.258827e-16   1.111035e-03   7.210356e-19   315114
  7.715118e-01   3.250644e-16   1.127143e-03   7.103668e-19   322622
  7.753932e-01   3.229813e-16   1.117154e-03   7.043164e-19   322850
  7.792787e-01   3.217296e-16   1.131101e-03   6.947127e-19   329802
  7.831716e-01   3.212260e-16   1.123851e-03   6.892052e-19   331104
  7.870696e-01   3.232959e-16   1.127607e-03   6.923776e-19   336986
  7.909587e-01   3.183882e-16   1.111055e-03   6.832716e-19   335870
  7.948355e-01   3.190654e-16   1.120862e-03   6.756936e-19   341610
  7.987215e-01   3.188326e-16   1.121955e-03   6.733248e-19   344370
  8.026031e-01   3.181064e-16   1.122207e-03   6.673595e-19   347606
  8.064886e-01   3.152760e-16   1.124033e-03   6.625439e-19   351650
  8.103706e-01   3.163840e-16   1.118654e-03   6.603448e-19   353760
  8.142669e-01   3.142297e-16   1.129493e-03   6.473567e-19   360970
  8.181738e-01   3.140484e-16   1.123124e-03   6.475945e-19   362818
  8.220521e-01   3.119402e-16   1.110144e-03   6.429182e-19   362334
  8.259414e-01   3.114518e-16   1.129348e-03   6.352100e-19   371642
  8.298275e-01   3.092759e-16   1.114584e-03   6.315672e-19   368778
  8.337006e-01   3.117379e-16   1.128744e-03   6.293689e-19   376526
  8.375857e-01   3.093112e-16   1.121330e-03   6.251806e-19   377786
  8.414675e-01   3.089817e-16   1.123524e-03   6.202010e-19   382968
  8.453573e-01   3.082512e-16   1.120822e-03   6.155572e-19   386146
  8.492503e-01   3.074402e-16   1.124050e-03   6.110498e-19   390826
  8.531392e-01   3.061063e-16   1.119718e-03   6.043832e-19   392662
  8.570302e-01   3.062746e-16   1.125822e-03   6.020429e-19   398242
  8.609051e-01   3.049697e-16   1.111972e-03   6.042670e-19   396726
  8.647781e-01   3.051863e-16   1.124714e-03   5.970899e-19   404738
  8.686664e-01   3.023886e-16   1.122897e-03   5.871488e-19   407628
  8.725545e-01   3.017624e-16   1.121536e-03   5.838196e-19   411734
  8.764395e-01   3.010606e-16   1.117149e-03   5.825674e-19   414242
  8.803359e-01   3.007874e-16   1.126317e-03   5.729005e-19   421434
  8.842333e-01   2.994192e-16   1.120273e-03   5.709775e-19   421918
  8.881244e-01   2.999521e-16   1.128330e-03   5.729463e-19   427810
  8.920157e-01   2.991583e-16   1.123036e-03   5.660969e-19   429470
  8.958948e-01   2.996733e-16   1.119658e-03   5.672228e-19   432282
  8.997746e-01   2.980290e-16   1.122449e-03   5.596949e-19   437260
  9.036583e-01   2.973407e-16   1.120747e-03   5.568536e-19   440758
  9.075489e-01   2.962344e-16   1.124778e-03   5.499158e-19   446370
  9.114474e-01   2.957086e-16   1.123943e-03   5.448165e-19   450182
  9.153288e-01   2.937494e-16   1.115142e-03   5.445613e-19   449850
  9.192089e-01   2.937131e-16   1.127357e-03   5.390156e-19   457898
  9.230929e-01   2.934983e-16   1.119604e-03   5.391801e-19   458662
  9.269737e-01   2.924181e-16   1.121722e-03   5.315789e-19   464620
  9.308545e-01   2.915096e-16   1.114316e-03   5.321475e-19   466302
  9.347441e-01   2.915984e-16   1.124571e-03   5.261732e-19   474314
  9.386369e-01   2.908071e-16   1.120021e-03   5.232906e-19   475530
  9.425348e-01   2.901681e-16   1.129051e-03   5.175781e-19   483206
  9.464328e-01   2.895539e-16   1.121669e-03   5.170424e-19   483530
  9.503142e-01   2.886417e-16   1.121047e-03   5.135251e-19   487002
  9.541966e-01   2.901460e-16   1.124058e-03   5.139653e-19   491774
  9.580774e-01   2.870479e-16   1.120518e-03   5.055291e-19   495084
  9.619601e-01   2.861432e-16   1.119352e-03   5.032876e-19   499438
  9.658473e-01   2.853034e-16   1.122356e-03   4.968845e-19   504682
  9.697357e-01   2.840440e-16   1.121500e-03   4.948767e-19   507738
  9.736321e-01   2.851764e-16   1.130456e-03   4.941311e-19   515174
  9.775214e-01   2.850639e-16   1.119580e-03   4.956070e-19   514234
  9.813957e-01   2.841920e-16   1.119450e-03   4.914286e-19   519022
  9.852705e-01   2.818530e-16   1.117281e-03   4.834667e-19   522636
  9.891535e-01   2.816718e-16   1.121739e-03   4.801499e-19   529442
  9.930474e-01   2.820783e-16   1.122647e-03   4.795756e-19   534078
  9.969375e-01   2.815729e-16   1.118397e-03   4.791148e-19   536666
  1.000817e+00   2.792534e-16   1.116716e-03   4.719431e-19   539142
  1.004715e+00   2.798047e-16   1.134178e-03   4.680365e-19   550658
  1.008615e+00   2.804317e-16   1.121935e-03   4.699135e-19   548298
  1.012495e+00   2.791819e-16   1.123048e-03   4.655052e-19   553694
  1.016374e+00   2.772330e-16   1.116375e-03   4.611401e-19   556116
  1.020264e+00   2.776770e-16   1.125051e-03   4.573493e-19   564890
  1.024148e+00   2.754888e-16   1.116141e-03   4.548557e-19   563718
  1.028036e+00   2.770919e-16   1.128568e-03   4.522532e-19   574298
  1.031929e+00   2.764418e-16   1.120551e-03   4.539495e-19   573966
  1.035814e+00   2.763991e-16   1.126024e-03   4.494519e-19   580586
  1.039699e+00   2.751305e-16   1.122029e-03   4.466116e-19   582666
  1.043587e+00   2.737513e-16   1.125959e-03   4.402063e-19   590648
  1.047474e+00   2.721913e-16   1.114820e-03   4.386205e-19   590394
  1.051350e+00   2.733017e-16   1.116684e-03   4.397858e-19   596174
  1.055234e+00   2.731883e-16   1.120236e-03   4.370593e-19   601674
  1.059126e+00   2.727058e-16   1.125352e-03   4.350817e-19   607682
  1.063019e+00   2.705404e-16   1.124350e-03   4.284778e-19   611166
  1.066910e+00   2.714834e-16   1.124099e-03   4.269186e-19   615626
  1.070791e+00   2.704482e-16   1.119456e-03   4.259525e-19   617290
  1.074678e+00   2.695679e-16   1.126011e-03   4.228206e-19   626344
  1.078566e+00   2.694617e-16   1.117274e-03   4.234186e-19   626658
  1.082451e+00   2.695686e-16   1.122467e-03   4.190857e-19   634022
  1.086331e+00   2.678114e-16   1.116124e-03   4.152926e-19   634554
  1.090218e+00   2.677732e-16   1.128467e-03   4.133865e-19   645026
  1.094107e+00   2.672395e-16   1.122446e-03   4.113792e-19   645102
  1.097993e+00   2.671734e-16   1.126954e-03   4.082945e-19   653018
  1.101879e+00   2.657897e-16   1.119089e-03   4.061582e-19   654384
  1.105770e+00   2.654419e-16   1.123901e-03   4.030769e-19   663194
  1.109660e+00   2.656237e-16   1.117576e-03   4.037217e-19   663834
  1.113540e+00   2.632385e-16   1.118796e-03   3.980662e-19   669158
  1.117424e+00   2.631011e-16   1.120650e-03   3.948277e-19   674490
  1.121304e+00   2.634460e-16   1.118416e-03   3.943049e-19   677222
  1.125193e+00   2.636294e-16   1.128225e-03   3.914439e-19   686874
  1.129092e+00   2.631283e-16   1.126811e-03   3.914244e-19   690722
  1.132980e+00   2.613541e-16   1.118907e-03   3.890294e-19   692008
  1.136871e+00   2.605624e-16   1.124678e-03   3.846386e-19   701386
  1.140761e+00   2.613748e-16   1.117002e-03   3.849512e-19   700778
  1.144643e+00   2.600078e-16   1.123318e-03   3.793445e-19   708774
  1.148529e+00   2.595590e-16   1.121990e-03   3.812115e-19   711690
  1.152418e+00   2.590738e-16   1.126973e-03   3.769535e-19   719606
  1.156298e+00   2.590483e-16   1.116380e-03   3.768563e-19   717762
  1.160181e+00   2.582243e-16   1.127123e-03   3.717582e-19   730460
  1.164073e+00   2.573694e-16   1.119262e-03   3.697132e-19   731070
  1.167968e+00   2.567799e-16   1.125901e-03   3.672730e-19   741170
  1.171853e+00   2.568290e-16   1.112045e-03   3.687975e-19   737094
  1.175730e+00   2.565540e-16   1.122374e-03   3.662284e-19   747698
  1.179618e+00   2.551295e-16   1.122867e-03   3.627869e-19   751658
  1.183501e+00   2.552960e-16   1.121599e-03   3.607945e-19   755574
  1.187383e+00   2.549023e-16   1.122256e-03   3.612906e-19   761442
  1.191279e+00   2.538803e-16   1.126787e-03   3.553954e-19   770816
  1.195171e+00   2.544922e-16   1.117539e-03   3.568853e-19   769274
  1.199064e+00   2.529442e-16   1.129525e-03   3.529231e-19   782130
  1.202947e+00   2.531794e-16   1.112602e-03   3.537116e-19   775230
  1.206825e+00   2.515599e-16   1.126605e-03   3.497583e-19   789866
  1.210710e+00   2.519779e-16   1.118361e-03   3.502876e-19   787914
  1.214592e+00   2.517672e-16   1.128225e-03   3.465862e-19   799598
  1.218486e+00   2.506246e-16   1.124161e-03   3.436722e-19   802980
  1.222371e+00   2.501807e-16   1.117789e-03   3.429420e-19   805622
  1.226254e+00   2.489157e-16   1.119738e-03   3.399514e-19   812050
  1.230147e+00   2.490725e-16   1.126034e-03   3.383051e-19   820954
  1.234035e+00   2.488560e-16   1.118780e-03   3.366974e-19   820062
  1.237911e+00   2.482538e-16   1.119897e-03   3.351919e-19   826298
  1.241794e+00   2.479069e-16   1.121814e-03   3.330638e-19   833118
  1.245672e+00   2.476817e-16   1.117137e-03   3.319500e-19   834812
  1.249560e+00   2.474935e-16   1.126815e-03   3.298388e-19   847858
  1.253469e+00   2.461083e-16   1.127442e-03   3.267259e-19   854278
  1.257361e+00   2.460808e-16   1.116253e-03   3.264754e-19   850978
  1.261241e+00   2.453088e-16   1.121687e-03   3.242673e-19   859186
  1.265131e+00   2.446523e-16   1.127494e-03   3.218402e-19   867126
  1.269018e+00   2.451949e-16   1.121886e-03   3.234428e-19   868274
  1.272897e+00   2.438680e-16   1.120976e-03   3.197779e-19   873606
  1.276776e+00   2.431865e-16   1.119398e-03   3.179316e-19   879284
  1.280663e+00   2.432210e-16   1.122355e-03   3.175568e-19   887170
  1.284564e+00   2.425874e-16   1.128693e-03   3.143390e-19   897526
  1.288458e+00   2.414936e-16   1.117587e-03   3.124494e-19   894258
  1.292341e+00   2.420167e-16   1.122714e-03   3.122396e-19   903374
  1.296223e+00   2.415580e-16   1.118323e-03   3.116548e-19   904338
  1.300103e+00   2.408729e-16   1.123719e-03   3.082403e-19   913586
  1.303982e+00   2.406300e-16   1.118150e-03   3.082702e-19   915416
  1.307871e+00   2.398925e-16   1.124217e-03   3.056002e-19   928122
  1.311759e+00   2.389373e-16   1.115167e-03   3.041695e-19   926094
  1.315654e+00   2.397221e-16   1.130093e-03   3.024298e-19   942890
  1.319549e+00   2.387957e-16   1.118827e-03   3.011004e-19   937266
  1.323433e+00   2.378957e-16   1.126506e-03   2.983857e-19   948854
  1.327319e+00   2.373667e-16   1.120121e-03   2.978266e-19   948714
  1.331197e+00   2.371886e-16   1.122687e-03   2.967499e-19   956186
  1.335082e+00   2.368308e-16   1.124444e-03   2.953252e-19   964272
  1.338973e+00   2.359266e-16   1.121587e-03   2.926681e-19   969458
  1.342859e+00   2.355537e-16   1.118296e-03   2.916610e-19   972750
  1.346749e+00   2.354680e-16   1.124460e-03   2.901460e-19   982706
  1.350635e+00   2.345954e-16   1.119858e-03   2.878919e-19   982906
  1.354527e+00   2.338249e-16   1.129306e-03   2.851959e-19   996622
  1.358414e+00   2.334233e-16   1.117989e-03   2.857819e-19   992378
  1.362284e+00   2.333006e-16   1.117150e-03   2.841994e-19   999000
  1.366168e+00   2.323002e-16   1.122014e-03   2.819294e-19   1010114
  1.370061e+00   2.322809e-16   1.121750e-03   2.814591e-19   1015722
  1.373948e+00   2.319443e-16   1.119290e-03   2.799511e-19   1018742
  1.377843e+00   2.315371e-16   1.127371e-03   2.779711e-19   1031250
  1.381733e+00   2.307665e-16   1.118461e-03   2.773324e-19   1027226
  1.385615e+00   2.308152e-16   1.126435e-03   2.756308e-19   1039734
  1.389500e+00   2.303787e-16   1.120654e-03   2.740707e-19   1039914
  1.393382e+00   2.298353e-16   1.123683e-03   2.728219e-19   1050272
  1.397267e+00   2.285478e-16   1.117473e-03   2.711644e-19   1052306
  1.401154e+00   2.287980e-16   1.122308e-03   2.693954e-19   1062666
  1.405045e+00   2.279484e-16   1.122401e-03   2.684981e-19   1067262
  1.408935e+00   2.280848e-16   1.123952e-03   2.672353e-19   1073906
  1.412823e+00   2.274655e-16   1.122463e-03   2.671793e-19   1078190
  1.416712e+00   2.270225e-16   1.124033e-03   2.642393e-19   1085634
  1.420592e+00   2.264152e-16   1.117456e-03   2.636655e-19   1085508
  1.424480e+00   2.258228e-16   1.126594e-03   2.612127e-19   1101926
  1.428369e+00   2.245156e-16   1.116061e-03   2.597376e-19   1098322
  1.432252e+00   2.245589e-16   1.121199e-03   2.587199e-19   1109878
  1.436144e+00   2.247557e-16   1.122554e-03   2.585268e-19   1115338
  1.440035e+00   2.238411e-16   1.125793e-03   2.562296e-19   1122586
  1.443924e+00   2.233190e-16   1.123292e-03   2.552065e-19   1125862
  1.447810e+00   2.235646e-16   1.122976e-03   2.547141e-19   1132498
  1.451691e+00   2.224502e-16   1.119415e-03   2.531859e-19   1135444
  1.455573e+00   2.221130e-16   1.122581e-03   2.511060e-19   1145374
  1.459464e+00   2.214129e-16   1.123383e-03   2.497701e-19   1152698
  1.463354e+00   2.208020e-16   1.121349e-03   2.484657e-19   1157046
  1.467236e+00   2.204597e-16   1.119148e-03   2.472662e-19   1160226
  1.471127e+00   2.208384e-16   1.127743e-03   2.455860e-19   1174346
  1.475014e+00   2.205679e-16   1.119897e-03   2.469636e-19   1171462
  1.478897e+00   2.190393e-16   1.124033e-03   2.433807e-19   1183828
  1.482778e+00   2.191177e-16   1.114458e-03   2.428895e-19   1181822
  1.486657e+00   2.182627e-16   1.120779e-03   2.412655e-19   1194930
  1.490547e+00   2.181758e-16   1.122593e-03   2.402290e-19   1202010
  1.494437e+00   2.172934e-16   1.122115e-03   2.387891e-19   1207166
  1.498326e+00   2.171982e-16   1.123291e-03   2.380876e-19   1214106
  1.502209e+00   2.167125e-16   1.118748e-03   2.368333e-19   1215302
  1.506095e+00   2.159488e-16   1.126666e-03   2.343719e-19   1229274
  1.509994e+00   2.163333e-16   1.126873e-03   2.348380e-19   1236164
  1.513882e+00   2.151764e-16   1.118916e-03   2.333581e-19   1235326
  1.517764e+00   2.148200e-16   1.120265e-03   2.323615e-19   1244026
  1.521647e+00   2.148332e-16   1.120382e-03   2.316000e-19   1249154
  1.525536e+00   2.139913e-16   1.126025e-03   2.305791e-19   1260558
  1.529421e+00   2.136774e-16   1.119984e-03   2.286501e-19   1260394
  1.533310e+00   2.136228e-16   1.125848e-03   2.279091e-19   1274758
  1.537193e+00   2.124524e-16   1.115594e-03   2.265277e-19   1270188
  1.541083e+00   2.124271e-16   1.128008e-03   2.247662e-19   1291202
  1.544971e+00   2.120768e-16   1.115149e-03   2.251780e-19   1282654
  1.548850e+00   2.115649e-16   1.122198e-03   2.229256e-19   1298242
  1.552739e+00   2.111529e-16   1.120395e-03   2.219200e-19   1301774
  1.556625e+00   2.106404e-16   1.123165e-03   2.208869e-19   1309770
  1.560512e+00   2.104377e-16   1.123502e-03   2.202347e-19   1315714
  1.564403e+00   2.094847e-16   1.124924e-03   2.183509e-19   1325110
  1.568290e+00   2.090517e-16   1.118940e-03   2.181849e-19   1326012
  1.572174e+00   2.084416e-16   1.122090e-03   2.163954e-19   1336154
  1.576069e+00   2.084166e-16   1.126474e-03   2.148621e-19   1347334
  1.579958e+00   2.076985e-16   1.119782e-03   2.145500e-19   1345354
  1.583833e+00   2.071615e-16   1.119555e-03   2.134329e-19   1350998
  1.587719e+00   2.068746e-16   1.125829e-03   2.121852e-19   1365546
  1.591609e+00   2.069670e-16   1.122088e-03   2.116776e-19   1367474
  1.595497e+00   2.062778e-16   1.123693e-03   2.103267e-19   1377984
  1.599384e+00   2.057870e-16   1.118321e-03   2.096859e-19   1379394
  1.603272e+00   2.053560e-16   1.123056e-03   2.080850e-19   1392230
  1.607160e+00   2.046321e-16   1.118740e-03   2.075876e-19   1392634
  1.611042e+00   2.045845e-16   1.122441e-03   2.063828e-19   1402666
  1.614928e+00   2.041079e-16   1.122269e-03   2.055656e-19   1408502
  1.618814e+00   2.035200e-16   1.122041e-03   2.038922e-19   1415418
  1.622692e+00   2.033582e-16   1.117068e-03   2.044957e-19   1416856
  1.626588e+00   2.026063e-16   1.130843e-03   2.010376e-19   1442002
  1.630485e+00   2.020209e-16   1.117858e-03   2.015598e-19   1431634
  1.634367e+00   2.017345e-16   1.122585e-03   2.001957e-19   1444606
  1.638250e+00   2.019812e-16   1.118765e-03   2.002397e-19   1445890
  1.642138e+00   2.013672e-16   1.126997e-03   1.983863e-19   1462210
  1.646026e+00   2.004984e-16   1.120901e-03   1.973026e-19   1459590
  1.649907e+00   2.001344e-16   1.123856e-03   1.962458e-19   1471226
  1.653797e+00   1.993313e-16   1.123379e-03   1.951785e-19   1480072
  1.657690e+00   1.992970e-16   1.121364e-03   1.946726e-19   1486594
  1.661576e+00   1.982644e-16   1.118520e-03   1.927251e-19   1488882
  1.665461e+00   1.985060e-16   1.123128e-03   1.922833e-19   1500854
  1.669353e+00   1.982906e-16   1.123083e-03   1.923799e-19   1506874
  1.673232e+00   1.976926e-16   1.117624e-03   1.912180e-19   1506094
  1.677111e+00   1.969213e-16   1.122855e-03   1.894239e-19   1519682
  1.680997e+00   1.969319e-16   1.122626e-03   1.893182e-19   1526724
  1.684890e+00   1.959998e-16   1.125240e-03   1.876334e-19   1539038
  1.688782e+00   1.958456e-16   1.119859e-03   1.873777e-19   1539810
  1.692664e+00   1.955415e-16   1.119007e-03   1.866573e-19   1545046
  1.696554e+00   1.951769e-16   1.126236e-03   1.851019e-19   1560538
  1.700441e+00   1.945873e-16   1.120507e-03   1.844735e-19   1557506
  1.704322e+00   1.943463e-16   1.124114e-03   1.836532e-19   1570062
  1.708203e+00   1.937952e-16   1.119253e-03   1.828742e-19   1571290
  1.712089e+00   1.932780e-16   1.124856e-03   1.813905e-19   1588228
  1.715982e+00   1.926388e-16   1.121250e-03   1.801209e-19   1591046
  1.719873e+00   1.926216e-16   1.123715e-03   1.798661e-19   1602474
  1.723761e+00   1.920570e-16   1.118014e-03   1.796074e-19   1601646
  1.727642e+00   1.912158e-16   1.120550e-03   1.777486e-19   1611266
  1.731523e+00   1.912471e-16   1.120678e-03   1.774627e-19   1616634
  1.735410e+00   1.906841e-16   1.126166e-03   1.759103e-19   1631366
  1.739297e+00   1.904520e-16   1.119655e-03   1.763180e-19   1631028
  1.743180e+00   1.900811e-16   1.119854e-03   1.748788e-19   1641446
  1.747073e+00   1.893781e-16   1.124208e-03   1.737057e-19   1654234
  1.750973e+00   1.889347e-16   1.126198e-03   1.721353e-19   1662874
  1.754858e+00   1.886663e-16   1.117471e-03   1.726579e-19   1656686
  1.758736e+00   1.883712e-16   1.122008e-03   1.715738e-19   1670898
  1.762622e+00   1.877659e-16   1.123056e-03   1.703212e-19   1678074
  1.766507e+00   1.875779e-16   1.123311e-03   1.702720e-19   1685198
  1.770393e+00   1.866186e-16   1.122996e-03   1.689335e-19   1694524
  1.774282e+00   1.863175e-16   1.120709e-03   1.678918e-19   1701334
  1.778171e+00   1.855654e-16   1.120908e-03   1.669811e-19   1709386
  1.782064e+00   1.859041e-16   1.123720e-03   1.665571e-19   1719994
  1.785953e+00   1.850155e-16   1.121006e-03   1.657038e-19   1721510
  1.789842e+00   1.846440e-16   1.124974e-03   1.645175e-19   1734978
  1.793722e+00   1.843779e-16   1.116124e-03   1.645185e-19   1728646
  1.797599e+00   1.840658e-16   1.122713e-03   1.629657e-19   1746868
  1.801486e+00   1.833711e-16   1.121127e-03   1.625747e-19   1752922
  1.805380e+00   1.830136e-16   1.125234e-03   1.613937e-19   1767862
  1.809271e+00   1.822633e-16   1.119301e-03   1.607724e-19   1765698
  1.813160e+00   1.822381e-16   1.125035e-03   1.597054e-19   1781270
  1.817049e+00   1.818350e-16   1.121176e-03   1.598376e-19   1780650
  1.820932e+00   1.810463e-16   1.124142e-03   1.585232e-19   1792418
  1.824813e+00   1.807529e-16   1.119388e-03   1.579872e-19   1792790
  1.828696e+00   1.801113e-16   1.123591e-03   1.564304e-19   1809852
  1.832585e+00   1.799753e-16   1.120140e-03   1.563419e-19   1812666
  1.836475e+00   1.797717e-16   1.124777e-03   1.552612e-19   1827614
  1.840367e+00   1.793408e-16   1.121640e-03   1.547430e-19   1829970
  1.844251e+00   1.787642e-16   1.120370e-03   1.540987e-19   1835030
  1.848131e+00   1.783247e-16   1.119790e-03   1.531002e-19   1841410
  1.852017e+00   1.780502e-16   1.124723e-03   1.523529e-19   1856626
  1.855900e+00   1.773541e-16   1.118305e-03   1.518440e-19   1854656
  1.859782e+00   1.770173e-16   1.121720e-03   1.510370e-19   1870698
  1.863671e+00   1.764726e-16   1.120553e-03   1.499429e-19   1876998
  1.867559e+00   1.761116e-16   1.120979e-03   1.494768e-19   1884458
  1.871445e+00   1.759504e-16   1.122381e-03   1.491641e-19   1891730
  1.875338e+00   1.753693e-16   1.127317e-03   1.477807e-19   1907574
  1.879232e+00   1.751050e-16   1.122851e-03   1.473377e-19   1907730
  1.883115e+00   1.750468e-16   1.120697e-03   1.470910e-19   1912154
  1.886997e+00   1.741730e-16   1.121764e-03   1.460757e-19   1923216
  1.890888e+00   1.739724e-16   1.124326e-03   1.452298e-19   1936562
  1.894776e+00   1.734227e-16   1.119734e-03   1.449099e-19   1936862
  1.898663e+00   1.725110e-16   1.122747e-03   1.432067e-19   1950114
  1.902549e+00   1.728072e-16   1.121089e-03   1.433049e-19   1953306
  1.906439e+00   1.720998e-16   1.125982e-03   1.423033e-19   1968806
  1.910327e+00   1.714651e-16   1.121186e-03   1.415958e-19   1968818
  1.914211e+00   1.713823e-16   1.121720e-03   1.409964e-19   1980624
  1.918097e+00   1.707054e-16   1.118800e-03   1.405766e-19   1985034
  1.921980e+00   1.707261e-16   1.120281e-03   1.400057e-19   1995242
  1.925870e+00   1.701511e-16   1.123830e-03   1.389320e-19   2007742
  1.929759e+00   1.694961e-16   1.121495e-03   1.382889e-19   2010538
  1.933641e+00   1.689222e-16   1.121298e-03   1.377845e-19   2017390
  1.937531e+00   1.687804e-16   1.126602e-03   1.368099e-19   2034346
  1.941413e+00   1.682801e-16   1.117450e-03   1.367579e-19   2025498
  1.945299e+00   1.680219e-16   1.127850e-03   1.353259e-19   2055248
  1.949189e+00   1.674161e-16   1.116586e-03   1.354109e-19   2045090
  1.953070e+00   1.672693e-16   1.121603e-03   1.344218e-19   2062074
  1.956959e+00   1.666078e-16   1.122727e-03   1.336462e-19   2070190
  1.960848e+00   1.665500e-16   1.123891e-03   1.331803e-19   2079226
  1.964734e+00   1.659262e-16   1.122069e-03   1.324435e-19   2083990
  1.968623e+00   1.657504e-16   1.124515e-03   1.316008e-19   2097898
  1.972507e+00   1.652039e-16   1.118548e-03   1.315469e-19   2095452
  1.976394e+00   1.644346e-16   1.124843e-03   1.300606e-19   2117390
  1.980286e+00   1.642489e-16   1.119656e-03   1.301577e-19   2117066
  1.984162e+00   1.638629e-16   1.115140e-03   1.297101e-19   2117238
  1.988045e+00   1.632947e-16   1.124414e-03   1.283309e-19   2140026
  1.991938e+00   1.631737e-16   1.125139e-03   1.278495e-19   2147234
  1.995825e+00   1.626752e-16   1.122378e-03   1.275468e-19   2150118
  1.999710e+00   1.624698e-16   1.122400e-03   1.270613e-19   2160386
  2.003596e+00   1.618062e-16   1.121122e-03   1.261862e-19   2168256
  2.007488e+00   1.612620e-16   1.124409e-03   1.250203e-19   2183306
  2.011378e+00   1.610976e-16   1.120925e-03   1.250223e-19   2184642
  2.015262e+00   1.609331e-16   1.120511e-03   1.248904e-19   2192318
  2.019141e+00   1.601232e-16   1.118713e-03   1.238621e-19   2196066
  2.023031e+00   1.599388e-16   1.127541e-03   1.229477e-19   2220890
  2.026922e+00   1.595397e-16   1.121128e-03   1.225791e-19   2215758
  2.030810e+00   1.590802e-16   1.124804e-03   1.218850e-19   2233988
  2.034697e+00   1.585270e-16   1.118045e-03   1.213011e-19   2231670
  2.038579e+00   1.581175e-16   1.119728e-03   1.206145e-19   2244338
  2.042469e+00   1.580219e-16   1.123477e-03   1.203344e-19   2258610
  2.046358e+00   1.573154e-16   1.121050e-03   1.195332e-19   2260718
  2.050240e+00   1.571020e-16   1.120914e-03   1.191416e-19   2268162
  2.054123e+00   1.567197e-16   1.121571e-03   1.185710e-19   2277494
  2.058008e+00   1.561511e-16   1.123134e-03   1.176604e-19   2288796
  2.061901e+00   1.560324e-16   1.126253e-03   1.170368e-19   2305226
  2.065791e+00   1.554397e-16   1.119672e-03   1.166558e-19   2301630
  2.069679e+00   1.551969e-16   1.123731e-03   1.161374e-19   2319770
  2.073565e+00   1.547848e-16   1.118309e-03   1.161232e-19   2315610
  2.077447e+00   1.542369e-16   1.124236e-03   1.148453e-19   2334662
  2.081332e+00   1.540951e-16   1.120785e-03   1.146249e-19   2335722
  2.085219e+00   1.537503e-16   1.124829e-03   1.139557e-19   2354102
  2.089107e+00   1.532866e-16   1.120313e-03   1.135773e-19   2355156
  2.092998e+00   1.523749e-16   1.124614e-03   1.122442e-19   2374250
  2.096888e+00   1.524799e-16   1.120068e-03   1.126422e-19   2373102
  2.100776e+00   1.517498e-16   1.122758e-03   1.115164e-19   2388194
  2.104658e+00   1.514689e-16   1.116928e-03   1.112686e-19   2383470
  2.108539e+00   1.515426e-16   1.123618e-03   1.107324e-19   2404994
  2.112426e+00   1.506221e-16   1.121916e-03   1.099904e-19   2408538
  2.116308e+00   1.505732e-16   1.121742e-03   1.097343e-19   2417744
  2.120198e+00   1.500231e-16   1.124446e-03   1.089099e-19   2434578
  2.124090e+00   1.494894e-16   1.121710e-03   1.084372e-19   2438414
  2.127979e+00   1.493454e-16   1.122410e-03   1.079328e-19   2448066
  2.131867e+00   1.489161e-16   1.122662e-03   1.074213e-19   2456018
  2.135751e+00   1.485394e-16   1.121406e-03   1.070162e-19   2461230
  2.139636e+00   1.481637e-16   1.122653e-03   1.063886e-19   2474330
  2.143519e+00   1.476764e-16   1.119652e-03   1.059586e-19   2476498
  2.147405e+00   1.473658e-16   1.124366e-03   1.051865e-19   2497240
  2.151298e+00   1.469095e-16   1.122529e-03   1.047449e-19   2502930
  2.155185e+00   1.464028e-16   1.120390e-03   1.042770e-19   2508470
  2.159072e+00   1.459894e-16   1.121001e-03   1.038060e-19   2518482
  2.162961e+00   1.457935e-16   1.123829e-03   1.031745e-19   2532074
  2.166844e+00   1.454354e-16   1.118275e-03   1.030275e-19   2526678
  2.170724e+00   1.449164e-16   1.124045e-03   1.021541e-19   2549018
  2.174611e+00   1.445427e-16   1.120040e-03   1.017502e-19   2551704
  2.178497e+00   1.443190e-16   1.122028e-03   1.012408e-19   2566226
  2.182386e+00   1.437748e-16   1.122230e-03   1.007276e-19   2573898
  2.186278e+00   1.435640e-16   1.124844e-03   1.003353e-19   2589182
  2.190164e+00   1.431790e-16   1.119195e-03   9.994910e-20   2584890
  2.194049e+00   1.428990e-16   1.124371e-03   9.940647e-20   2605190
  2.197936e+00   1.423288e-16   1.121682e-03   9.887571e-20   2606418
  2.201821e+00   1.417335e-16   1.123741e-03   9.803349e-20   2621186
  2.205707e+00   1.412074e-16   1.120704e-03   9.765494e-20   2626608
  2.209592e+00   1.410248e-16   1.119995e-03   9.724401e-20   2636714
  2.213479e+00   1.405916e-16   1.121274e-03   9.674560e-20   2647482
  2.217374e+00   1.405927e-16   1.127022e-03   9.638040e-20   2668382
  2.221265e+00   1.399996e-16   1.120175e-03   9.597995e-20   2660418
  2.225149e+00   1.396839e-16   1.122869e-03   9.548680e-20   2676662
  2.229029e+00   1.391323e-16   1.117920e-03   9.503461e-20   2674210
  2.232911e+00   1.386948e-16   1.123157e-03   9.434000e-20   2697076
  2.236800e+00   1.380977e-16   1.121599e-03   9.376766e-20   2703558
  2.240687e+00   1.380386e-16   1.121191e-03   9.366596e-20   2713250
  2.244572e+00   1.374585e-16   1.119243e-03   9.322228e-20   2717718
  2.248464e+00   1.370266e-16   1.127021e-03   9.219577e-20   2743178
  2.252353e+00   1.368526e-16   1.120305e-03   9.249705e-20   2732730
  2.256238e+00   1.362197e-16   1.126187e-03   9.150198e-20   2758022
  2.260125e+00   1.358145e-16   1.119041e-03   9.122187e-20   2751994
  2.264006e+00   1.353739e-16   1.121171e-03   9.054539e-20   2769052
  2.267895e+00   1.349134e-16   1.122842e-03   9.005286e-20   2783062
  2.271785e+00   1.342753e-16   1.121645e-03   8.962685e-20   2789362
  2.275674e+00   1.338301e-16   1.121981e-03   8.911882e-20   2799582
  2.279564e+00   1.331513e-16   1.123236e-03   8.849685e-20   2811170
  2.283450e+00   1.328643e-16   1.121033e-03   8.810923e-20   2812658
  2.287338e+00   1.323529e-16   1.125793e-03   8.763752e-20   2833302
  2.291222e+00   1.315128e-16   1.118388e-03   8.696300e-20   2827420
  2.295104e+00   1.514760e-17   1.121018e-03   2.582025e-20   2846710
  2.298989e+00   9.022239e-18   1.120692e-03   8.561180e-21   2846535
  2.302873e+00   8.689722e-18   1.122997e-03   8.309449e-21   2848496
  2.306761e+00   8.342773e-18   1.122225e-03   8.028285e-21   2841084
  2.310652e+00   8.007131e-18   1.124928e-03   7.741086e-21   2843480
  2.314540e+00   7.732503e-18   1.120270e-03   7.529218e-21   2826624
  2.318424e+00   7.460254e-18   1.123352e-03   7.297717e-21   2828732
  2.322310e+00   7.195561e-18   1.121451e-03   7.039939e-21   2819296
  2.326197e+00   6.966702e-18   1.122811e-03   6.827323e-21   2819548
  2.330081e+00   6.727129e-18   1.118959e-03   6.581255e-21   2805192
  2.333967e+00   6.517833e-18   1.123463e-03   6.349239e-21   2811104
  2.337856e+00   6.324369e-18   1.121717e-03   6.155190e-21   2800672
  2.341743e+00   6.135556e-18   1.122654e-03   5.963647e-21   2798080
  2.345628e+00   5.940657e-18   1.120248e-03   5.739347e-21   2786976
  2.349516e+00   5.773329e-18   1.123594e-03   5.544644e-21   2791016
  2.353406e+00   5.613344e-18   1.121382e-03   5.373848e-21   2779360
  2.357287e+00   5.465553e-18   1.119573e-03   5.235186e-21   2768644
  2.361169e+00   5.304469e-18   1.122534e-03   5.042111e-21   2771192
  2.365058e+00   5.182406e-18   1.121875e-03   4.937640e-21   2765028
  2.368946e+00   5.049391e-18   1.122751e-03   4.813172e-21   2760864
  2.372840e+00   4.934696e-18   1.125689e-03   4.702873e-21   2761616
  2.376724e+00   4.816594e-18   1.118525e-03   4.605195e-21   2737932
  2.380610e+00   4.700576e-18   1.125904e-03   4.477108e-21   2752280
  2.384498e+00   4.606144e-18   1.118464e-03   4.413243e-21   2728764
  2.388382e+00   4.476284e-18   1.123937e-03   4.272667e-21   2736368
  2.392268e+00   4.378185e-18   1.119459e-03   4.187696e-21   2719952
  2.396155e+00   4.287925e-18   1.124236e-03   4.086400e-21   2727120
  2.400042e+00   4.185241e-18   1.118614e-03   3.994037e-21   2708400
  2.403932e+00   4.095938e-18   1.125719e-03   3.902986e-21   2718536
  2.407818e+00   4.005112e-18   1.118504e-03   3.839342e-21   2694300
  2.411707e+00   3.918969e-18   1.126793e-03   3.746151e-21   2709440
  2.415596e+00   3.848255e-18   1.117787e-03   3.699849e-21   2682108
  2.419475e+00   3.760472e-18   1.121308e-03   3.611865e-21   2684912
  2.423360e+00   3.677079e-18   1.121998e-03   3.528606e-21   2678868
  2.427246e+00   3.606471e-18   1.122668e-03   3.478957e-21   2674772
  2.431135e+00   3.522205e-18   1.123033e-03   3.391694e-21   2670120
  2.435021e+00   3.453469e-18   1.120804e-03   3.328433e-21   2659532
  2.438909e+00   3.370954e-18   1.123713e-03   3.256566e-21   2659704
  2.442801e+00   3.300086e-18   1.124617e-03   3.166632e-21   2654348
  2.446687e+00   3.225824e-18   1.121000e-03   3.100461e-21   2640276
  2.450572e+00   3.165210e-18   1.121992e-03   3.048508e-21   2638700
  2.454457e+00   3.102770e-18   1.120074e-03   2.979927e-21   2628244
  2.458344e+00   3.026873e-18   1.124115e-03   2.893168e-21   2630920
  2.462234e+00   2.965333e-18   1.121877e-03   2.842021e-21   2618904
  2.466118e+00   2.906566e-18   1.120448e-03   2.780004e-21   2610932
  2.470005e+00   2.849919e-18   1.121951e-03   2.720201e-21   2608464
  2.473895e+00   2.782434e-18   1.123139e-03   2.654809e-21   2603708
  2.477779e+00   2.724896e-18   1.119694e-03   2.592436e-21   2588012
  2.481660e+00   2.669343e-18   1.122196e-03   2.535021e-21   2588364
  2.485545e+00   2.619843e-18   1.120384e-03   2.476596e-21   2579076
  2.489430e+00   2.561648e-18   1.121132e-03   2.427991e-21   2574152
  2.493314e+00   2.511191e-18   1.121505e-03   2.364565e-21   2566812
  2.497207e+00   2.456362e-18   1.127061e-03   2.304630e-21   2573732
  2.501098e+00   2.419096e-18   1.119524e-03   2.274861e-21   2550568
  2.504983e+00   2.366274e-18   1.123035e-03   2.217724e-21   2552068
  2.508870e+00   2.317597e-18   1.121138e-03   2.167672e-21   2539620
  2.512757e+00   2.270813e-18   1.124635e-03   2.120666e-21   2540936
  2.516646e+00   2.229372e-18   1.121040e-03   2.079495e-21   2528032
  2.520531e+00   2.178677e-18   1.120365e-03   2.028367e-21   2521480
  2.524419e+00   2.142749e-18   1.122347e-03   1.990290e-21   2517980
  2.528309e+00   2.096232e-18   1.123011e-03   1.946054e-21   2511744
  2.532195e+00   2.061333e-18   1.120855e-03   1.910292e-21   2500140
  2.536081e+00   2.017620e-18   1.121926e-03   1.877839e-21   2496980
  2.539968e+00   1.985653e-18   1.121125e-03   1.834841e-21   2486924
  2.543856e+00   1.939487e-18   1.124762e-03   1.789498e-21   2487000
  2.547743e+00   1.902532e-18   1.120210e-03   1.755133e-21   2469840
  2.551626e+00   1.865266e-18   1.122637e-03   1.715398e-21   2469656
  2.555511e+00   1.833890e-18   1.119469e-03   1.694058e-21   2456844
  2.559401e+00   1.799566e-18   1.125965e-03   1.651867e-21   2462876
  2.563290e+00   1.764125e-18   1.120472e-03   1.618311e-21   2442136
  2.567174e+00   1.731205e-18   1.123165e-03   1.587497e-21   2441944
  2.571061e+00   1.700118e-18   1.120769e-03   1.558704e-21   2430508
  2.574945e+00   1.665968e-18   1.121157e-03   1.528094e-21   2424352
  2.578832e+00   1.636747e-18   1.123693e-03   1.497596e-21   2421264
  2.582722e+00   1.601418e-18   1.122895e-03   1.461256e-21   2413064
  2.586608e+00   1.577264e-18   1.120676e-03   1.438839e-21   2401572
  2.590492e+00   1.546436e-18   1.121724e-03   1.408792e-21   2397284
  2.594379e+00   1.520558e-18   1.121499e-03   1.383817e-21   2388336
  2.598268e+00   1.491966e-18   1.124943e-03   1.357345e-21   2387204
  2.602153e+00   1.464236e-18   1.119280e-03   1.329986e-21   2368644
  2.606033e+00   1.438777e-18   1.120613e-03   1.304938e-21   2365400
  2.609918e+00   1.416850e-18   1.121690e-03   1.282371e-21   2360072
  2.613808e+00   1.387992e-18   1.123660e-03   1.256900e-21   2356464
  2.617696e+00   1.365096e-18   1.121214e-03   1.231940e-21   2343240
  2.621583e+00   1.336512e-18   1.122605e-03   1.206919e-21   2340248
  2.625468e+00   1.314769e-18   1.118824e-03   1.187297e-21   2325000
  2.629355e+00   1.294787e-18   1.124959e-03   1.171554e-21   2328632
  2.633245e+00   1.273603e-18   1.121910e-03   1.151348e-21   2313220
  2.637134e+00   1.250283e-18   1.124095e-03   1.128045e-21   2310772
  2.641020e+00   1.228619e-18   1.119781e-03   1.110016e-21   2295420
  2.644905e+00   1.205859e-18   1.122584e-03   1.087645e-21   2293592
  2.648791e+00   1.187253e-18   1.120952e-03   1.074791e-21   2281384
  2.652683e+00   1.165371e-18   1.126704e-03   1.048200e-21   2285776
  2.656570e+00   1.148167e-18   1.117325e-03   1.038055e-21   2259408
  2.660455e+00   1.129031e-18   1.124314e-03   1.021205e-21   2266808
  2.664344e+00   1.109044e-18   1.120389e-03   1.002560e-21   2248836
  2.668227e+00   1.091681e-18   1.123045e-03   9.879368e-22   2245244
  2.672111e+00   1.074830e-18   1.120801e-03   9.752695e-22   2233908
  2.675998e+00   1.054434e-18   1.122974e-03   9.557193e-22   2231660
  2.679886e+00   1.036695e-18   1.120422e-03   9.373550e-22   2218544
  2.683775e+00   1.021896e-18   1.124792e-03   9.246610e-22   2218176
  2.687664e+00   1.003352e-18   1.121286e-03   9.061840e-22   2202900
  2.691550e+00   9.881084e-19   1.121747e-03   8.926498e-22   2197472
  2.695433e+00   9.710592e-19   1.118354e-03   8.806133e-22   2181960
  2.699317e+00   9.547031e-19   1.124130e-03   8.643234e-22   2183696
  2.703207e+00   9.394267e-19   1.123719e-03   8.483592e-22   2173416
  2.707096e+00   9.248828e-19   1.122917e-03   8.400994e-22   2165444
  2.710982e+00   9.102144e-19   1.119761e-03   8.274265e-22   2152688
  2.714867e+00   8.948840e-19   1.121777e-03   8.108522e-22   2147628
  2.718754e+00   8.812464e-19   1.122335e-03   7.993142e-22   2139012
  2.722646e+00   8.661845e-19   1.125226e-03   7.827195e-22   2136008
  2.726525e+00   8.506903e-19   1.114594e-03   7.713016e-22   2108656
  2.730404e+00   8.376376e-19   1.123744e-03   7.591383e-22   2117896
  2.734296e+00   8.274717e-19   1.123450e-03   7.504685e-22   2106260
  2.738185e+00   8.098743e-19   1.123855e-03   7.358987e-22   2099088
  2.742075e+00   7.979017e-19   1.121974e-03   7.236914e-22   2088432
  2.745961e+00   7.838549e-19   1.120471e-03   7.131429e-22   2078432
  2.749845e+00   7.749477e-19   1.120708e-03   7.049225e-22   2069048
  2.753732e+00   7.609238e-19   1.123831e-03   6.924128e-22   2064804
  2.757623e+00   7.492659e-19   1.123568e-03   6.830525e-22   2055644
  2.761510e+00   7.369493e-19   1.120700e-03   6.719728e-22   2043000
  2.765392e+00   7.259002e-19   1.120067e-03   6.632507e-22   2032348
  2.769281e+00   7.162578e-19   1.126495e-03   6.551047e-22   2034064
  2.773172e+00   7.061944e-19   1.122211e-03   6.487999e-22   2017740
  2.777059e+00   6.931127e-19   1.121480e-03   6.355190e-22   2010188
  2.780942e+00   6.842654e-19   1.118751e-03   6.295351e-22   1996556
  2.784826e+00   6.748833e-19   1.122456e-03   6.210382e-22   1992816
  2.788712e+00   6.641399e-19   1.122411e-03   6.138872e-22   1982400
  2.792596e+00   6.544951e-19   1.121262e-03   6.046700e-22   1972256
  2.796480e+00   6.442178e-19   1.121000e-03   5.964987e-22   1964384
  2.800370e+00   6.341171e-19   1.122889e-03   5.884973e-22   1958544
  2.804258e+00   6.266630e-19   1.122489e-03   5.800038e-22   1946988
  2.808149e+00   6.135905e-19   1.124629e-03   5.697598e-22   1942532
  2.812034e+00   6.047969e-19   1.117383e-03   5.635267e-22   1921692
  2.815918e+00   5.954436e-19   1.123808e-03   5.537239e-22   1924004
  2.819806e+00   5.878106e-19   1.120365e-03   5.478479e-22   1907344
  2.823695e+00   5.774444e-19   1.126069e-03   5.381427e-22   1907440
  2.827583e+00   5.687374e-19   1.118720e-03   5.324524e-22   1886136
  2.831464e+00   5.622508e-19   1.121920e-03   5.277624e-22   1883144
  2.835353e+00   5.526120e-19   1.122753e-03   5.182894e-22   1874724
  2.839243e+00   5.443595e-19   1.123826e-03   5.120309e-22   1866068
  2.843130e+00   5.363299e-19   1.121455e-03   5.071951e-22   1852980
  2.847017e+00   5.280875e-19   1.122782e-03   4.995666e-22   1847468
  2.850900e+00   5.214278e-19   1.117935e-03   4.932733e-22   1829636
  2.854785e+00   5.121348e-19   1.123959e-03   4.863307e-22   1829688
  2.858675e+00   5.054372e-19   1.122789e-03   4.804408e-22   1817192
  2.862561e+00   4.988809e-19   1.121150e-03   4.757842e-22   1806312
  2.866446e+00   4.916240e-19   1.120289e-03   4.699143e-22   1795984
  2.870334e+00   4.830089e-19   1.123627e-03   4.624544e-22   1791100
  2.874224e+00   4.773049e-19   1.122050e-03   4.576812e-22   1777648
  2.878111e+00   4.692601e-19   1.123043e-03   4.522380e-22   1769848
  2.881996e+00   4.620388e-19   1.119995e-03   4.454853e-22   1756536
  2.885881e+00   4.546532e-19   1.121386e-03   4.399031e-22   1748960
  2.889768e+00   4.497204e-19   1.123014e-03   4.357012e-22   1739952
  2.893658e+00   4.427419e-19   1.124239e-03   4.306214e-22   1732124
  2.897544e+00   4.354535e-19   1.120323e-03   4.249349e-22   1716852
  2.901430e+00   4.291041e-19   1.122735e-03   4.190197e-22   1712276
  2.905319e+00   4.232349e-19   1.121222e-03   4.156193e-22   1698500
  2.909208e+00   4.177972e-19   1.125604e-03   4.110415e-22   1693932
  2.913093e+00   4.116439e-19   1.119232e-03   4.076412e-22   1675204
  2.916975e+00   4.059310e-19   1.121771e-03   4.020695e-22   1670644
  2.920858e+00   4.003992e-19   1.118515e-03   3.985648e-22   1655532
  2.924748e+00   3.951226e-19   1.126990e-03   3.941073e-22   1656860
  2.928637e+00   3.907804e-19   1.119840e-03   3.924812e-22   1635372
  2.932524e+00   3.839406e-19   1.124773e-03   3.871252e-22   1634324
  2.936410e+00   3.804537e-19   1.117372e-03   3.851711e-22   1613676
  2.940295e+00   3.741447e-19   1.124617e-03   3.785347e-22   1613348
  2.944183e+00   3.698231e-19   1.120803e-03   3.769796e-22   1596236
  2.948069e+00   3.633710e-19   1.123999e-03   3.717122e-22   1591476
  2.951956e+00   3.586518e-19   1.119134e-03   3.684358e-22   1575732
  2.955838e+00   3.531810e-19   1.120429e-03   3.648058e-22   1566236
  2.959725e+00   3.499920e-19   1.124724e-03   3.623122e-22   1560292
  2.963618e+00   3.432980e-19   1.124442e-03   3.560963e-22   1550092
  2.967503e+00   3.397290e-19   1.118750e-03   3.555661e-22   1532628
  2.971386e+00   3.341011e-19   1.121507e-03   3.492612e-22   1527332
  2.975274e+00   3.305446e-19   1.121884e-03   3.481642e-22   1515212
  2.979160e+00   3.257729e-19   1.123567e-03   3.442680e-22   1506444
  2.983048e+00   3.220308e-19   1.122261e-03   3.416251e-22   1495116
  2.986928e+00   3.173538e-19   1.117074e-03   3.387864e-22   1479152
  2.990812e+00   3.122916e-19   1.122982e-03   3.341247e-22   1475512
  2.994707e+00   3.096075e-19   1.126591e-03   3.319854e-22   1467820
  2.998598e+00   3.062295e-19   1.121923e-03   3.317541e-22   1451256
  3.002486e+00   3.013237e-19   1.122725e-03   3.281866e-22   1443212
  3.006369e+00   2.969432e-19   1.117256e-03   3.244161e-22   1425680
  3.010254e+00   2.941849e-19   1.124371e-03   3.238990e-22   1422972
  3.014143e+00   2.907171e-19   1.123023e-03   3.206996e-22   1408632
  3.018032e+00   2.859620e-19   1.123941e-03   3.181962e-22   1400984
  3.021918e+00   2.831115e-19   1.117887e-03   3.165609e-22   1383196
  3.025801e+00   2.788273e-19   1.123197e-03   3.143244e-22   1378120
  3.029692e+00   2.764713e-19   1.124450e-03   3.125287e-22   1367272
  3.033584e+00   2.726288e-19   1.124457e-03   3.097052e-22   1356580
  3.037464e+00   2.686732e-19   1.115974e-03   3.083199e-22   1337028
  3.041343e+00   2.649350e-19   1.120802e-03   3.057189e-22   1332500
  3.045230e+00   2.622100e-19   1.122780e-03   3.033791e-22   1321796
  3.049120e+00   2.593240e-19   1.124838e-03   3.029400e-22   1312716
  3.053007e+00   2.563174e-19   1.119942e-03   3.023709e-22   1296580
  3.056896e+00   2.521252e-19   1.124221e-03   2.985189e-22   1291528
  3.060783e+00   2.493590e-19   1.119071e-03   2.976350e-22   1273128
  3.064669e+00   2.467079e-19   1.125633e-03   2.956322e-22   1268720
  3.068560e+00   2.438725e-19   1.122309e-03   2.950509e-22   1254016
  3.072444e+00   2.392535e-19   1.119894e-03   2.920258e-22   1241296
  3.076322e+00   2.369521e-19   1.116955e-03   2.921951e-22   1226712
  3.080211e+00   2.346899e-19   1.128188e-03   2.893768e-22   1226228
  3.084105e+00   2.317793e-19   1.122621e-03   2.878529e-22   1207768
  3.087992e+00   2.274431e-19   1.122433e-03   2.854528e-22   1198336
  3.091874e+00   2.254771e-19   1.117108e-03   2.851332e-22   1181484
  3.095761e+00   2.221656e-19   1.125421e-03   2.822652e-22   1178012
  3.099653e+00   2.202676e-19   1.123268e-03   2.837127e-22   1162564
  3.103535e+00   2.164681e-19   1.120338e-03   2.807455e-22   1149340
  3.107418e+00   2.132931e-19   1.119954e-03   2.784299e-22   1138848
  3.111303e+00   2.104630e-19   1.120192e-03   2.776020e-22   1126748
  3.115189e+00   2.088794e-19   1.123911e-03   2.768304e-22   1117428
  3.119084e+00   2.058311e-19   1.126323e-03   2.748339e-22   1108112
  3.122973e+00   2.024538e-19   1.119549e-03   2.729753e-22   1090596
  3.126857e+00   1.988127e-19   1.120292e-03   2.705848e-22   1081052
  3.130738e+00   1.974627e-19   1.118514e-03   2.715819e-22   1065716
  3.134626e+00   1.949121e-19   1.127732e-03   2.704309e-22   1061940
  3.138518e+00   1.926054e-19   1.121370e-03   2.718087e-22   1044096
  3.142404e+00   1.884293e-19   1.122139e-03   2.679063e-22   1034864
  3.146289e+00   1.857251e-19   1.117591e-03   2.643959e-22   1018308
  3.150179e+00   1.848381e-19   1.129200e-03   2.660036e-22   1014812
  3.154072e+00   1.811909e-19   1.121981e-03   2.639972e-22   996288
  3.157955e+00   1.775012e-19   1.120847e-03   2.596704e-22   985376
  3.161835e+00   1.746646e-19   1.115880e-03   2.591171e-22   969652
  3.165722e+00   1.735555e-19   1.125987e-03   2.590184e-22   964924
  3.169610e+00   1.711308e-19   1.121515e-03   2.593779e-22   947228
  3.173495e+00   1.672030e-19   1.123457e-03   2.561929e-22   939084
  3.177381e+00   1.645508e-19   1.116472e-03   2.540556e-22   921864
  3.181265e+00   1.621261e-19   1.123502e-03   2.522225e-22   914252
  3.185159e+00   1.609452e-19   1.126304e-03   2.548169e-22   902572
  3.189050e+00   1.571060e-19   1.123145e-03   2.506209e-22   888784
  3.192932e+00   1.532002e-19   1.116224e-03   2.458812e-22   872540
  3.196811e+00   1.505180e-19   1.120157e-03   2.441602e-22   862848
  3.200697e+00   1.500367e-19   1.124093e-03   2.475301e-22   851760
  3.204592e+00   1.456345e-19   1.127172e-03   2.408138e-22   841940
  3.208479e+00   1.423697e-19   1.117661e-03   2.374800e-22   823032
  3.212364e+00   1.390446e-19   1.123934e-03   2.349238e-22   816044
  3.216253e+00   1.369555e-19   1.120364e-03   2.341245e-22   799292
  3.220140e+00   1.344924e-19   1.126784e-03   2.323585e-22   791304
  3.224026e+00   1.306522e-19   1.117490e-03   2.266324e-22   772868
  3.227902e+00   1.272422e-19   1.119936e-03   2.206259e-22   762552
  3.231787e+00   1.241423e-19   1.121745e-03   2.163213e-22   750876
  3.235677e+00   1.220984e-19   1.123999e-03   2.180968e-22   739280
  3.239565e+00   1.173967e-19   1.121784e-03   2.051955e-22   724944
  3.243456e+00   1.136067e-19   1.124267e-03   2.001568e-22   714380
  3.247336e+00   1.105577e-19   1.116046e-03   1.934856e-22   695932
  3.251222e+00   1.069257e-19   1.126879e-03   1.854808e-22   690949
  3.255114e+00   1.039769e-19   1.118914e-03   1.803304e-22   673638
  3.258999e+00   1.013685e-19   1.124434e-03   1.762595e-22   666092
  3.262883e+00   9.926457e-20   1.117312e-03   1.730106e-22   651024
  3.266766e+00   9.630623e-20   1.124054e-03   1.663262e-22   644804
  3.270656e+00   9.432542e-20   1.121035e-03   1.636376e-22   632676
  3.274546e+00   9.166076e-20   1.125434e-03   1.600122e-22   624962
  3.278430e+00   8.930517e-20   1.118496e-03   1.536289e-22   611280
  3.282321e+00   8.818800e-20   1.127391e-03   1.522392e-22   607256
  3.286211e+00   8.601855e-20   1.118374e-03   1.500954e-22   592616
  3.290095e+00   8.364054e-20   1.124430e-03   1.449288e-22   587160
  3.293983e+00   8.213659e-20   1.120749e-03   1.415661e-22   575482
  3.297866e+00   8.043992e-20   1.122505e-03   1.403011e-22   568258
  3.301757e+00   7.918630e-20   1.122731e-03   1.373232e-22   559638
  3.305647e+00   7.744575e-20   1.123210e-03   1.342615e-22   551498
  3.309536e+00   7.611387e-20   1.121790e-03   1.313495e-22   542364
  3.313423e+00   7.379044e-20   1.122328e-03   1.272451e-22   534146
  3.317305e+00   7.301186e-20   1.119988e-03   1.263081e-22   524980
  3.321196e+00   7.148396e-20   1.125222e-03   1.238419e-22   519964
  3.325077e+00   6.991571e-20   1.115886e-03   1.212943e-22   507108
  3.328962e+00   6.859989e-20   1.126905e-03   1.187968e-22   504992
  3.332852e+00   6.785957e-20   1.118656e-03   1.177169e-22   492948
  3.336740e+00   6.648119e-20   1.127360e-03   1.154583e-22   489740
  3.340629e+00   6.530646e-20   1.117346e-03   1.143783e-22   477716
  3.344511e+00   6.438687e-20   1.124864e-03   1.131758e-22   473844
  3.348399e+00   6.309761e-20   1.119228e-03   1.102605e-22   464222
  3.352284e+00   6.213786e-20   1.123815e-03   1.088710e-22   459048
  3.356167e+00   6.154977e-20   1.117888e-03   1.085908e-22   449574
  3.360054e+00   6.003118e-20   1.125019e-03   1.057513e-22   445820
  3.363936e+00   5.949989e-20   1.116211e-03   1.065071e-22   435158
  3.367827e+00   5.825299e-20   1.127850e-03   1.045085e-22   433566
  3.371713e+00   5.742892e-20   1.114763e-03   1.033889e-22   421014
  3.375597e+00   5.636829e-20   1.127754e-03   1.010215e-22   419996
  3.379490e+00   5.584066e-20   1.118287e-03   1.003170e-22   409482
  3.383368e+00   5.452881e-20   1.121665e-03   9.866083e-23   404414
  3.387257e+00   5.406615e-20   1.122567e-03   9.817921e-23   398518
  3.391148e+00   5.287640e-20   1.123750e-03   9.612199e-23   392302
  3.395033e+00   5.218836e-20   1.121765e-03   9.546524e-23   385318
  3.398930e+00   5.112945e-20   1.127631e-03   9.369847e-23   381718
  3.402811e+00   5.056542e-20   1.114511e-03   9.313221e-23   370674
  3.406696e+00   4.972579e-20   1.128673e-03   9.192569e-23   370166
  3.410587e+00   4.914246e-20   1.117032e-03   9.130966e-23   359838
  3.414471e+00   4.811501e-20   1.126612e-03   8.898651e-23   357488
  3.418356e+00   4.778213e-20   1.115416e-03   8.982162e-23   348174
  3.422239e+00   4.675802e-20   1.126138e-03   8.786282e-23   346010
  3.426123e+00   4.648468e-20   1.115666e-03   8.805115e-23   336966
  3.430017e+00   4.566272e-20   1.131496e-03   8.660302e-23   336488
  3.433906e+00   4.495823e-20   1.113178e-03   8.584297e-23   325206
  3.437790e+00   4.423535e-20   1.128394e-03   8.464645e-23   324614
  3.441675e+00   4.362922e-20   1.113950e-03   8.424697e-23   314792
  3.445561e+00   4.299659e-20   1.129033e-03   8.338435e-23   314082
  3.449445e+00   4.238314e-20   1.112843e-03   8.272957e-23   303918
  3.453329e+00   4.201902e-20   1.130230e-03   8.189188e-23   303872
  3.457223e+00   4.151738e-20   1.118237e-03   8.216318e-23   295070
  3.461110e+00   4.073551e-20   1.127117e-03   8.045766e-23   292776
  3.464999e+00   4.038244e-20   1.118155e-03   8.067063e-23   285198
  3.468882e+00   3.983641e-20   1.124173e-03   8.016427e-23   282068
  3.472770e+00   3.939446e-20   1.120642e-03   7.952747e-23   276094
  3.476654e+00   3.878693e-20   1.121770e-03   7.853698e-23   271936
  3.480537e+00   3.826354e-20   1.119604e-03   7.866324e-23   266352
  3.484425e+00   3.815727e-20   1.124273e-03   7.836347e-23   263198
  3.488309e+00   3.781150e-20   1.117087e-03   7.857998e-23   256540
  3.492199e+00   3.706235e-20   1.128018e-03   7.691376e-23   254758
  3.496085e+00   3.675401e-20   1.114575e-03   7.745914e-23   246888
  3.499973e+00   3.622122e-20   1.129431e-03   7.650272e-23   245984
  3.503859e+00   3.581787e-20   1.113747e-03   7.632931e-23   237838
  3.507743e+00   3.533861e-20   1.128624e-03   7.538949e-23   236932
  3.511628e+00   3.525112e-20   1.114686e-03   7.642025e-23   229296
  3.515519e+00   3.459211e-20   1.132107e-03   7.519685e-23   228968
  3.519410e+00   3.447116e-20   1.115334e-03   7.639174e-23   220862
  3.523299e+00   3.398099e-20   1.132320e-03   7.547663e-23   220440
  3.527188e+00   3.373954e-20   1.113877e-03   7.552093e-23   212400
  3.531075e+00   3.313290e-20   1.132596e-03   7.478001e-23   212228
  3.534965e+00   3.313644e-20   1.113928e-03   7.581785e-23   204518
  3.538852e+00   3.260702e-20   1.130227e-03   7.428414e-23   203928
  3.542735e+00   3.240327e-20   1.110921e-03   7.568878e-23   196280
  3.546619e+00   3.208161e-20   1.130361e-03   7.445882e-23   196272
  3.550503e+00   3.206482e-20   1.110008e-03   7.579802e-23   188572
  3.554385e+00   3.140951e-20   1.129045e-03   7.403675e-23   188440
  3.558272e+00   3.124064e-20   1.112527e-03   7.574652e-23   181574
  3.562156e+00   3.091750e-20   1.129325e-03   7.497788e-23   180912
  3.566042e+00   3.075161e-20   1.112617e-03   7.520948e-23   174304
  3.569927e+00   3.032516e-20   1.129933e-03   7.478125e-23   173620
  3.573814e+00   3.040566e-20   1.114477e-03   7.601966e-23   167424
  3.577707e+00   2.979342e-20   1.132693e-03   7.455167e-23   166952
  3.581590e+00   2.971341e-20   1.109406e-03   7.658823e-23   159744
  3.585479e+00   2.945234e-20   1.134885e-03   7.537885e-23   160424
  3.589363e+00   2.934778e-20   1.107308e-03   7.659707e-23   152748
  3.593250e+00   2.884196e-20   1.136784e-03   7.532084e-23   153920
  3.597136e+00   2.902689e-20   1.105473e-03   7.769909e-23   146016
  3.601018e+00   2.864841e-20   1.136208e-03   7.595249e-23   147176
  3.604907e+00   2.867099e-20   1.107710e-03   7.817386e-23   139992
  3.608791e+00   2.819836e-20   1.135264e-03   7.625108e-23   140588
  3.612682e+00   2.832372e-20   1.111007e-03   7.855618e-23   134184
  3.616571e+00   2.763960e-20   1.134121e-03   7.694766e-23   134192
  3.620457e+00   2.773902e-20   1.110077e-03   7.801183e-23   127992
  3.624344e+00   2.753286e-20   1.133946e-03   7.784296e-23   128132
  3.628235e+00   2.746772e-20   1.112933e-03   7.981513e-23   122384
  3.632120e+00   2.704356e-20   1.130787e-03   7.888761e-23   121896
  3.636006e+00   2.703860e-20   1.111987e-03   8.008985e-23   116592
  3.639888e+00   2.689275e-20   1.130031e-03   8.013860e-23   116072
  3.643776e+00   2.690133e-20   1.113281e-03   8.159757e-23   111196
  3.647666e+00   2.659139e-20   1.133982e-03   8.038995e-23   110824
  3.651553e+00   2.656347e-20   1.109351e-03   8.343304e-23   105456
  3.655445e+00   2.649128e-20   1.137911e-03   8.224683e-23   105746
  3.659331e+00   2.623601e-20   1.104570e-03   8.284857e-23   99816
  3.663217e+00   2.616702e-20   1.137630e-03   8.366037e-23   100460
  3.667098e+00   2.592243e-20   1.103186e-03   8.479743e-23   94616
  3.670986e+00   2.587607e-20   1.138482e-03   8.390998e-23   95448
  3.674871e+00   2.584209e-20   1.104767e-03   8.671441e-23   89784
  3.678762e+00   2.573002e-20   1.138753e-03   8.566288e-23   90536
  3.682640e+00   2.568518e-20   1.098833e-03   8.794605e-23   84566
  3.686528e+00   2.533165e-20   1.143171e-03   8.685521e-23   86088
  3.690411e+00   2.531962e-20   1.094501e-03   9.054128e-23   79680
  3.694290e+00   2.516325e-20   1.143460e-03   8.971881e-23   81368
  3.698177e+00   2.527793e-20   1.096007e-03   9.197356e-23   75356
  3.702056e+00   2.501298e-20   1.143156e-03   9.042730e-23   76704
  3.705948e+00   2.504881e-20   1.100016e-03   9.431439e-23   71322
  3.709834e+00   2.457139e-20   1.143672e-03   9.146245e-23   72248
  3.713724e+00   2.466675e-20   1.099908e-03   9.543137e-23   67160
  3.717610e+00   2.440506e-20   1.141543e-03   9.364727e-23   67836
  3.721489e+00   2.438797e-20   1.096984e-03   9.688854e-23   62976
  3.725379e+00   2.431246e-20   1.144398e-03   9.572422e-23   63914
  3.729253e+00   2.402311e-20   1.092761e-03   9.944946e-23   58832
  3.733144e+00   2.386315e-20   1.147084e-03   9.744703e-23   60108
  3.737017e+00   2.392875e-20   1.090205e-03   1.015629e-22   54920
  3.740928e+00   2.373192e-20   1.160099e-03   1.002377e-22   56970
  3.744809e+00   2.376829e-20   1.078913e-03   1.048573e-22   50760
  3.748701e+00   2.338391e-20   1.161348e-03   1.018313e-22   53312
  3.752584e+00   2.349395e-20   1.074836e-03   1.081547e-22   47164
  3.756472e+00   2.320532e-20   1.163802e-03   1.037084e-22   49810
  3.760356e+00   2.342405e-20   1.069365e-03   1.108269e-22   43680
  3.764234e+00   2.318730e-20   1.164818e-03   1.090928e-22   46328
  3.768129e+00   2.277154e-20   1.073902e-03   1.129628e-22   40694
  3.772013e+00   2.296201e-20   1.167140e-03   1.106978e-22   42984
  3.775913e+00   2.285124e-20   1.073587e-03   1.194567e-22   37656
  3.779787e+00   2.291661e-20   1.164236e-03   1.147373e-22   39578
  3.783688e+00   2.284232e-20   1.077878e-03   1.215655e-22   34920
  3.787564e+00   2.244955e-20   1.160065e-03   1.174229e-22   36308
  3.791451e+00   2.264568e-20   1.076316e-03   1.258912e-22   32136
  3.795334e+00   2.264262e-20   1.159401e-03   1.232777e-22   33362
  3.799207e+00   2.282056e-20   1.069739e-03   1.353346e-22   29336
  3.803104e+00   2.208007e-20   1.167435e-03   1.253144e-22   30804
  3.806966e+00   2.231941e-20   1.055228e-03   1.372717e-22   26490
  3.810870e+00   2.226491e-20   1.176653e-03   1.305111e-22   28376
  3.814719e+00   2.199649e-20   1.039734e-03   1.417341e-22   23784
  3.818636e+00   2.227288e-20   1.189627e-03   1.341400e-22   26150
  3.822479e+00   2.222592e-20   1.021588e-03   1.510621e-22   21192
  3.826407e+00   2.217092e-20   1.204804e-03   1.444579e-22   24050
  3.830252e+00   2.199720e-20   1.002280e-03   1.621383e-22   18768
  3.834191e+00   2.176612e-20   1.221518e-03   1.470411e-22   22052
  3.838029e+00   2.178246e-20   9.660660e-04   1.669155e-22   16346
  3.841962e+00   2.185769e-20   1.236558e-03   1.544241e-22   20136
  3.845802e+00   2.237977e-20   9.274195e-04   1.886116e-22   14160
  3.849721e+00   2.198019e-20   1.247069e-03   1.640388e-22   18218
  3.853565e+00   2.209442e-20   8.859468e-04   1.994661e-22   12204
  3.857470e+00   2.205450e-20   1.256334e-03   1.745271e-22   16346
  3.861333e+00   2.234762e-20   8.562781e-04   2.152261e-22   10536
  3.865221e+00   2.171393e-20   1.261091e-03   1.788149e-22   14456
  3.869081e+00   2.200698e-20   8.165112e-04   2.285826e-22   8990
  3.872967e+00   2.202921e-20   1.270385e-03   1.939497e-22   12744
  3.876815e+00   2.165720e-20   7.482517e-04   2.433439e-22   7506
  3.880703e+00   2.238499e-20   1.282849e-03   2.162293e-22   11192
  3.884545e+00   2.132920e-20   6.569471e-04   2.724561e-22   6156
  3.888432e+00   2.160466e-20   1.294599e-03   2.163246e-22   9722
  3.892281e+00   2.141556e-20   5.567157e-04   3.041924e-22   4992
  3.896158e+00   2.125700e-20   1.304505e-03   2.358900e-22   8306
  3.900025e+00   2.169741e-20   4.384033e-04   3.344715e-22   3996
  3.903878e+00   2.194885e-20   1.309274e-03   2.603233e-22   6938
  3.907766e+00   2.291286e-20   3.047624e-04   4.164270e-22   3168
  3.911584e+00   2.179224e-20   1.304853e-03   2.860924e-22   5624
  3.915485e+00   2.058081e-20   2.103226e-04   4.145170e-22   2502
  3.919286e+00   2.155788e-20   1.297747e-03   3.308901e-22   4424
  3.923208e+00   2.194792e-20   2.230451e-04   4.919516e-22   1946
  3.926998e+00   2.121168e-20   1.292790e-03   3.821370e-22   3360
  3.930918e+00   2.179898e-20   1.221617e-04   5.883534e-22   1446
  3.934708e+00   2.137489e-20   1.290208e-03   4.407013e-22   2456
  3.938666e+00   2.155090e-20   2.340394e-04   6.711008e-22   1034
  3.942432e+00   2.187255e-20   1.288305e-03   5.320943e-22   1680
  3.946383e+00   1.987275e-20   5.837572e-05   7.015220e-22   678
  3.950143e+00   2.176992e-20   1.286681e-03   6.952276e-22   1064
  3.954177e+00   2.135689e-20   3.540138e-04   1.075170e-21   410
  3.957868e+00   2.026278e-20   1.284749e-03   8.958001e-22   576
  3.961879e+00   2.369436e-20   1.855368e-05   1.705821e-21   198
  3.965528e+00   1.898505e-20   1.272780e-03   1.287503e-21   248
  3.969917e+00   2.146204e-20   8.019490e-04   1.786724e-21   74
  3.973198e+00   1.856617e-20   1.252635e-03   2.715719e-21   48
  3.977405e+00   5.749882e-20   5.034095e-08   1.963277e-20   6
