# power spectrum of delta_kessence
# redshift z=-0.004205
# k              Pk             sigma(k)       sigma(Pk)      count
  5.727314e-03   3.179910e-08   8.763345e-04   6.155697e-09   18
  1.001182e-02   5.291959e-07   1.059922e-03   8.234804e-08   62
  1.393445e-02   1.251253e-06   7.332271e-04   1.614379e-07   90
  1.764809e-02   2.977909e-06   1.157232e-03   2.045370e-07   170
  2.151286e-02   4.789280e-06   1.202795e-03   2.801487e-07   246
  2.528669e-02   6.982109e-06   1.146703e-03   3.864679e-07   338
  2.901099e-02   1.095021e-05   9.857564e-04   5.487905e-07   432
  3.284683e-02   1.421996e-05   1.010047e-03   6.263994e-07   578
  3.688195e-02   1.704709e-05   1.177086e-03   6.211925e-07   786
  4.101464e-02   2.036325e-05   1.190994e-03   6.617047e-07   974
  4.488954e-02   2.445029e-05   1.031402e-03   7.773954e-07   1002
  4.870958e-02   3.085931e-05   1.179303e-03   8.249079e-07   1334
  5.263577e-02   3.393272e-05   1.134676e-03   9.259294e-07   1458
  5.631027e-02   4.088410e-05   1.072446e-03   1.003094e-06   1604
  6.010158e-02   4.668801e-05   1.088865e-03   1.114071e-06   1974
  6.404851e-02   5.429733e-05   1.067989e-03   1.157429e-06   2234
  6.795611e-02   6.248879e-05   1.092954e-03   1.276286e-06   2490
  7.198483e-02   6.965054e-05   1.200217e-03   1.308998e-06   3014
  7.595394e-02   7.726867e-05   1.093611e-03   1.406404e-06   3018
  7.977896e-02   8.304220e-05   1.131598e-03   1.446737e-06   3446
  8.359600e-02   8.674736e-05   1.085617e-03   1.467352e-06   3626
  8.742004e-02   9.043949e-05   1.125556e-03   1.424659e-06   4164
  9.130612e-02   9.922703e-05   1.090740e-03   1.518191e-06   4470
  9.521636e-02   1.010909e-04   1.115446e-03   1.483821e-06   4970
  9.915211e-02   1.095397e-04   1.127844e-03   1.477594e-06   5366
  1.030785e-01   1.107371e-04   1.144516e-03   1.428518e-06   5778
  1.069619e-01   1.212598e-04   1.149148e-03   1.529888e-06   6162
  1.108671e-01   1.277620e-04   1.158272e-03   1.615548e-06   6734
  1.146806e-01   1.322750e-04   1.074898e-03   1.600482e-06   6756
  1.184510e-01   1.437387e-04   1.088568e-03   1.611051e-06   7502
  1.223464e-01   1.534082e-04   1.105366e-03   1.716411e-06   8154
  1.262469e-01   1.584690e-04   1.103283e-03   1.711151e-06   8618
  1.301909e-01   1.701557e-04   1.146655e-03   1.770952e-06   9390
  1.341197e-01   1.801481e-04   1.126004e-03   1.825635e-06   9722
  1.380051e-01   1.795148e-04   1.126950e-03   1.771804e-06   10242
  1.419007e-01   1.844611e-04   1.149257e-03   1.749751e-06   11006
  1.457777e-01   1.930808e-04   1.106962e-03   1.830519e-06   11348
  1.496576e-01   1.933033e-04   1.105725e-03   1.734148e-06   12150
  1.535164e-01   1.943533e-04   1.078348e-03   1.768122e-06   12498
  1.574072e-01   2.005284e-04   1.129889e-03   1.695086e-06   13586
  1.613096e-01   2.032794e-04   1.132072e-03   1.732227e-06   14006
  1.652381e-01   2.100912e-04   1.166232e-03   1.676073e-06   15162
  1.691226e-01   2.131375e-04   1.101754e-03   1.750334e-06   14990
  1.729750e-01   2.178958e-04   1.143142e-03   1.698050e-06   16380
  1.768610e-01   2.286659e-04   1.105581e-03   1.779937e-06   16666
  1.807168e-01   2.357668e-04   1.110348e-03   1.782260e-06   17638
  1.845996e-01   2.446066e-04   1.100521e-03   1.817408e-06   18354
  1.884710e-01   2.484444e-04   1.102640e-03   1.841994e-06   19034
  1.923685e-01   2.595972e-04   1.144302e-03   1.790542e-06   20270
  1.963174e-01   2.677567e-04   1.155956e-03   1.822539e-06   21258
  2.002141e-01   2.697497e-04   1.111898e-03   1.831202e-06   21350
  2.040863e-01   2.701013e-04   1.123159e-03   1.811832e-06   22644
  2.079681e-01   2.762122e-04   1.101476e-03   1.821323e-06   23114
  2.118390e-01   2.780765e-04   1.118265e-03   1.811157e-06   24342
  2.157382e-01   2.762297e-04   1.117694e-03   1.752107e-06   25194
  2.196235e-01   2.796472e-04   1.116195e-03   1.759034e-06   25982
  2.234724e-01   2.865136e-04   1.109599e-03   1.760020e-06   26506
  2.273806e-01   2.903454e-04   1.167806e-03   1.717695e-06   28738
  2.312750e-01   2.926036e-04   1.110542e-03   1.745784e-06   28296
  2.351662e-01   2.911675e-04   1.143823e-03   1.657085e-06   30554
  2.390501e-01   2.925905e-04   1.084103e-03   1.696623e-06   30094
  2.428824e-01   3.047440e-04   1.109820e-03   1.718024e-06   31738
  2.467836e-01   3.047009e-04   1.134747e-03   1.678074e-06   33306
  2.506613e-01   3.131520e-04   1.104153e-03   1.689404e-06   33422
  2.545365e-01   3.186482e-04   1.131527e-03   1.699886e-06   35298
  2.584714e-01   3.195813e-04   1.143069e-03   1.674103e-06   36650
  2.623670e-01   3.209615e-04   1.115532e-03   1.660260e-06   36888
  2.662651e-01   3.240114e-04   1.131896e-03   1.639422e-06   38834
  2.701697e-01   3.269215e-04   1.107355e-03   1.655569e-06   39246
  2.740453e-01   3.290283e-04   1.111777e-03   1.632181e-06   40466
  2.778984e-01   3.333805e-04   1.108403e-03   1.643804e-06   41106
  2.817847e-01   3.321312e-04   1.145602e-03   1.598410e-06   43598
  2.856833e-01   3.362289e-04   1.116308e-03   1.604939e-06   43650
  2.895471e-01   3.319029e-04   1.120907e-03   1.565690e-06   45272
  2.934575e-01   3.398224e-04   1.131740e-03   1.574477e-06   46994
  2.973636e-01   3.414835e-04   1.124346e-03   1.562200e-06   47850
  3.012447e-01   3.412471e-04   1.115858e-03   1.553780e-06   48846
  3.051030e-01   3.419448e-04   1.105642e-03   1.543890e-06   49706
  3.089532e-01   3.458734e-04   1.113265e-03   1.536416e-06   51198
  3.128464e-01   3.432881e-04   1.134266e-03   1.511320e-06   53402
  3.167281e-01   3.519769e-04   1.111145e-03   1.513753e-06   53634
  3.206428e-01   3.525439e-04   1.143806e-03   1.477325e-06   56888
  3.245618e-01   3.528846e-04   1.106794e-03   1.489754e-06   56474
  3.284581e-01   3.530312e-04   1.130606e-03   1.449752e-06   58962
  3.323510e-01   3.547324e-04   1.114731e-03   1.459432e-06   59214
  3.362265e-01   3.558664e-04   1.127963e-03   1.448525e-06   61250
  3.400938e-01   3.565772e-04   1.110759e-03   1.451875e-06   61694
  3.439480e-01   3.594057e-04   1.120230e-03   1.430518e-06   63618
  3.478512e-01   3.579662e-04   1.140078e-03   1.397388e-06   66284
  3.517691e-01   3.569325e-04   1.123324e-03   1.382279e-06   67014
  3.556494e-01   3.539719e-04   1.113722e-03   1.355397e-06   67930
  3.595371e-01   3.597361e-04   1.127426e-03   1.354493e-06   70294
  3.634200e-01   3.614471e-04   1.114424e-03   1.368044e-06   70658
  3.672742e-01   3.556671e-04   1.121955e-03   1.331466e-06   72522
  3.711539e-01   3.593813e-04   1.125103e-03   1.335205e-06   74550
  3.750359e-01   3.609493e-04   1.112832e-03   1.319747e-06   75674
  3.789191e-01   3.584382e-04   1.116846e-03   1.275054e-06   77708
  3.828461e-01   3.625053e-04   1.136191e-03   1.262560e-06   80622
  3.867545e-01   3.602150e-04   1.112810e-03   1.268241e-06   80330
  3.906423e-01   3.612747e-04   1.128269e-03   1.249980e-06   82974
  3.945313e-01   3.592261e-04   1.118618e-03   1.241620e-06   83666
  3.984084e-01   3.629256e-04   1.126394e-03   1.243831e-06   85746
  4.022765e-01   3.601794e-04   1.118427e-03   1.231902e-06   86702
  4.061542e-01   3.596272e-04   1.126154e-03   1.195735e-06   89556
  4.100569e-01   3.608170e-04   1.118519e-03   1.199069e-06   91038
  4.139484e-01   3.614446e-04   1.117921e-03   1.186385e-06   92522
  4.178268e-01   3.580968e-04   1.119569e-03   1.164604e-06   94034
  4.217415e-01   3.590580e-04   1.145339e-03   1.155864e-06   97758
  4.256173e-01   3.591552e-04   1.103600e-03   1.156306e-06   95770
  4.294627e-01   3.583672e-04   1.123790e-03   1.136572e-06   99646
  4.333400e-01   3.607707e-04   1.115333e-03   1.136086e-06   100980
  4.372362e-01   3.573188e-04   1.127284e-03   1.108487e-06   104258
  4.411386e-01   3.582318e-04   1.114910e-03   1.112430e-06   104998
  4.450377e-01   3.575457e-04   1.124073e-03   1.086884e-06   107866
  4.489311e-01   3.582199e-04   1.113184e-03   1.092994e-06   108154
  4.528161e-01   3.579166e-04   1.135370e-03   1.071986e-06   111622
  4.567076e-01   3.565791e-04   1.122976e-03   1.063766e-06   112146
  4.605727e-01   3.528836e-04   1.119518e-03   1.050333e-06   114014
  4.644440e-01   3.541839e-04   1.115906e-03   1.047356e-06   116220
  4.683319e-01   3.521765e-04   1.119789e-03   1.022841e-06   118682
  4.722291e-01   3.544447e-04   1.126606e-03   1.026257e-06   121118
  4.761348e-01   3.526579e-04   1.124808e-03   1.002286e-06   122994
  4.800157e-01   3.517924e-04   1.114862e-03   1.004187e-06   123574
  4.838959e-01   3.537172e-04   1.131276e-03   9.934176e-07   126922
  4.877763e-01   3.502254e-04   1.124735e-03   9.798413e-07   127906
  4.916481e-01   3.488980e-04   1.121767e-03   9.578747e-07   130432
  4.955333e-01   3.484376e-04   1.114812e-03   9.614257e-07   132642
  4.994186e-01   3.478250e-04   1.110800e-03   9.522127e-07   134534
  5.033164e-01   3.449846e-04   1.124671e-03   9.334996e-07   137778
  5.072392e-01   3.436212e-04   1.135312e-03   9.196933e-07   140786
  5.111285e-01   3.469789e-04   1.110620e-03   9.299784e-07   139590
  5.149976e-01   3.440534e-04   1.125619e-03   9.102221e-07   143546
  5.188865e-01   3.443049e-04   1.125142e-03   9.034586e-07   145338
  5.227635e-01   3.419026e-04   1.120484e-03   8.859026e-07   147272
  5.266520e-01   3.405291e-04   1.122335e-03   8.792049e-07   150330
  5.305485e-01   3.428011e-04   1.118234e-03   8.785398e-07   152318
  5.344262e-01   3.408453e-04   1.111066e-03   8.647259e-07   153202
  5.383243e-01   3.363142e-04   1.138693e-03   8.423548e-07   158626
  5.422165e-01   3.386136e-04   1.116855e-03   8.517602e-07   157350
  5.460935e-01   3.352745e-04   1.131200e-03   8.295001e-07   161906
  5.499589e-01   3.356192e-04   1.105071e-03   8.356326e-07   160872
  5.538418e-01   3.363961e-04   1.133375e-03   8.189118e-07   167858
  5.577463e-01   3.337339e-04   1.114977e-03   8.210532e-07   167514
  5.616201e-01   3.315108e-04   1.113803e-03   8.059243e-07   169862
  5.655108e-01   3.304160e-04   1.124453e-03   7.948183e-07   173602
  5.694083e-01   3.287177e-04   1.123533e-03   7.888833e-07   175258
  5.732959e-01   3.293315e-04   1.127164e-03   7.822259e-07   177654
  5.771897e-01   3.261028e-04   1.130949e-03   7.683079e-07   180698
  5.810773e-01   3.281879e-04   1.119005e-03   7.695497e-07   181968
  5.849616e-01   3.263112e-04   1.118541e-03   7.582366e-07   184850
  5.888448e-01   3.256839e-04   1.119144e-03   7.561450e-07   187034
  5.927421e-01   3.237050e-04   1.129966e-03   7.351635e-07   191238
  5.966308e-01   3.221196e-04   1.116348e-03   7.391857e-07   191042
  6.005065e-01   3.209091e-04   1.126286e-03   7.266368e-07   195102
  6.043812e-01   3.211332e-04   1.117515e-03   7.239047e-07   195786
  6.082630e-01   3.189226e-04   1.131649e-03   7.125260e-07   201164
  6.121481e-01   3.179950e-04   1.112645e-03   7.116572e-07   201070
  6.160242e-01   3.189699e-04   1.118305e-03   7.042170e-07   205234
  6.199111e-01   3.171630e-04   1.116352e-03   6.961514e-07   207342
  6.237987e-01   3.142325e-04   1.121735e-03   6.862523e-07   210602
  6.276909e-01   3.119492e-04   1.124203e-03   6.757064e-07   213130
  6.315953e-01   3.125243e-04   1.133190e-03   6.688999e-07   217318
  6.354807e-01   3.105910e-04   1.113546e-03   6.681334e-07   216306
  6.393491e-01   3.107382e-04   1.119403e-03   6.622423e-07   220652
  6.432430e-01   3.097035e-04   1.124854e-03   6.534966e-07   224502
  6.471454e-01   3.075152e-04   1.125081e-03   6.479914e-07   227186
  6.510345e-01   3.072176e-04   1.118193e-03   6.460025e-07   228398
  6.549165e-01   3.054464e-04   1.122259e-03   6.361109e-07   231642
  6.587972e-01   3.041383e-04   1.122763e-03   6.289044e-07   233946
  6.626908e-01   3.016562e-04   1.132956e-03   6.180536e-07   238694
  6.665707e-01   3.016632e-04   1.114640e-03   6.224527e-07   238068
  6.704525e-01   3.009417e-04   1.124042e-03   6.083367e-07   244190
  6.743498e-01   2.987659e-04   1.116752e-03   6.044956e-07   245362
  6.782313e-01   2.985930e-04   1.120102e-03   6.008537e-07   248362
  6.821206e-01   2.977853e-04   1.124509e-03   5.967917e-07   251966
  6.860099e-01   2.970806e-04   1.120649e-03   5.890827e-07   254034
  6.898855e-01   2.964159e-04   1.117172e-03   5.892662e-07   255818
  6.937781e-01   2.940913e-04   1.132899e-03   5.773283e-07   262254
  6.976722e-01   2.922011e-04   1.116974e-03   5.711010e-07   261980
  7.015718e-01   2.907875e-04   1.129534e-03   5.622337e-07   268566
  7.054538e-01   2.900018e-04   1.104857e-03   5.624211e-07   265538
  7.093286e-01   2.892786e-04   1.128000e-03   5.557340e-07   273330
  7.132165e-01   2.877539e-04   1.121481e-03   5.523887e-07   273718
  7.171069e-01   2.867658e-04   1.132652e-03   5.428491e-07   279658
  7.209986e-01   2.853236e-04   1.120025e-03   5.400197e-07   279670
  7.248700e-01   2.847742e-04   1.119062e-03   5.369207e-07   282964
  7.287608e-01   2.840887e-04   1.126489e-03   5.291366e-07   288362
  7.326540e-01   2.818940e-04   1.118613e-03   5.247030e-07   289686
  7.365333e-01   2.816583e-04   1.116235e-03   5.223706e-07   292234
  7.404015e-01   2.789074e-04   1.112765e-03   5.162232e-07   294190
  7.442845e-01   2.788640e-04   1.127923e-03   5.089281e-07   300642
  7.481851e-01   2.765423e-04   1.128116e-03   5.029581e-07   303386
  7.520700e-01   2.763864e-04   1.119257e-03   5.016448e-07   304662
  7.559583e-01   2.760155e-04   1.122290e-03   4.971784e-07   309812
  7.598513e-01   2.744559e-04   1.117608e-03   4.932563e-07   311714
  7.637547e-01   2.731141e-04   1.130270e-03   4.861805e-07   318126
  7.676398e-01   2.723015e-04   1.111035e-03   4.871975e-07   315114
  7.715118e-01   2.711200e-04   1.127143e-03   4.766337e-07   322622
  7.753932e-01   2.686179e-04   1.117154e-03   4.717641e-07   322850
  7.792787e-01   2.680017e-04   1.131101e-03   4.686813e-07   329802
  7.831716e-01   2.670953e-04   1.123851e-03   4.642054e-07   331104
  7.870696e-01   2.658295e-04   1.127607e-03   4.600950e-07   336986
  7.909587e-01   2.649047e-04   1.111055e-03   4.569162e-07   335870
  7.948355e-01   2.630668e-04   1.120862e-03   4.503929e-07   341610
  7.987215e-01   2.636667e-04   1.121955e-03   4.491867e-07   344370
  8.026031e-01   2.607450e-04   1.122207e-03   4.441113e-07   347606
  8.064886e-01   2.605080e-04   1.124033e-03   4.398779e-07   351650
  8.103706e-01   2.595337e-04   1.118654e-03   4.364010e-07   353760
  8.142669e-01   2.577287e-04   1.129493e-03   4.308701e-07   360970
  8.181738e-01   2.573620e-04   1.123124e-03   4.291894e-07   362818
  8.220521e-01   2.553988e-04   1.110144e-03   4.245985e-07   362334
  8.259414e-01   2.545486e-04   1.129348e-03   4.192363e-07   371642
  8.298275e-01   2.526597e-04   1.114584e-03   4.173611e-07   368778
  8.337006e-01   2.509391e-04   1.128744e-03   4.108953e-07   376526
  8.375857e-01   2.511188e-04   1.121330e-03   4.102589e-07   377786
  8.414675e-01   2.493954e-04   1.123524e-03   4.044965e-07   382968
  8.453573e-01   2.477926e-04   1.120822e-03   4.006507e-07   386146
  8.492503e-01   2.476337e-04   1.124050e-03   3.965204e-07   390826
  8.531392e-01   2.466442e-04   1.119718e-03   3.954000e-07   392662
  8.570302e-01   2.451539e-04   1.125822e-03   3.908734e-07   398242
  8.609051e-01   2.440402e-04   1.111972e-03   3.883922e-07   396726
  8.647781e-01   2.425186e-04   1.124714e-03   3.810824e-07   404738
  8.686664e-01   2.418777e-04   1.122897e-03   3.797124e-07   407628
  8.725545e-01   2.406331e-04   1.121536e-03   3.752092e-07   411734
  8.764395e-01   2.398812e-04   1.117149e-03   3.733335e-07   414242
  8.803359e-01   2.383042e-04   1.126317e-03   3.683080e-07   421434
  8.842333e-01   2.366421e-04   1.120273e-03   3.659243e-07   421918
  8.881244e-01   2.360550e-04   1.128330e-03   3.616313e-07   427810
  8.920157e-01   2.341266e-04   1.123036e-03   3.585378e-07   429470
  8.958948e-01   2.343701e-04   1.119658e-03   3.570891e-07   432282
  8.997746e-01   2.331558e-04   1.122449e-03   3.533811e-07   437260
  9.036583e-01   2.321970e-04   1.120747e-03   3.523820e-07   440758
  9.075489e-01   2.309092e-04   1.124778e-03   3.464219e-07   446370
  9.114474e-01   2.296109e-04   1.123943e-03   3.444069e-07   450182
  9.153288e-01   2.285165e-04   1.115142e-03   3.408191e-07   449850
  9.192089e-01   2.275223e-04   1.127357e-03   3.374286e-07   457898
  9.230929e-01   2.251975e-04   1.119604e-03   3.328310e-07   458662
  9.269737e-01   2.245815e-04   1.121722e-03   3.305988e-07   464620
  9.308545e-01   2.238795e-04   1.114316e-03   3.293316e-07   466302
  9.347441e-01   2.225720e-04   1.124571e-03   3.236927e-07   474314
  9.386369e-01   2.216607e-04   1.120021e-03   3.226949e-07   475530
  9.425348e-01   2.206124e-04   1.129051e-03   3.174234e-07   483206
  9.464328e-01   2.204809e-04   1.121669e-03   3.174094e-07   483530
  9.503142e-01   2.188680e-04   1.121047e-03   3.147270e-07   487002
  9.541966e-01   2.176096e-04   1.124058e-03   3.107264e-07   491774
  9.580774e-01   2.166989e-04   1.120518e-03   3.089289e-07   495084
  9.619601e-01   2.154526e-04   1.119352e-03   3.061630e-07   499438
  9.658473e-01   2.141009e-04   1.122356e-03   3.020772e-07   504682
  9.697357e-01   2.131249e-04   1.121500e-03   3.009600e-07   507738
  9.736321e-01   2.113186e-04   1.130456e-03   2.947537e-07   515174
  9.775214e-01   2.109324e-04   1.119580e-03   2.949123e-07   514234
  9.813957e-01   2.101330e-04   1.119450e-03   2.931281e-07   519022
  9.852705e-01   2.089721e-04   1.117281e-03   2.906103e-07   522636
  9.891535e-01   2.079472e-04   1.121739e-03   2.865966e-07   529442
  9.930474e-01   2.061715e-04   1.122647e-03   2.831214e-07   534078
  9.969375e-01   2.055961e-04   1.118397e-03   2.813105e-07   536666
  1.000817e+00   2.042985e-04   1.116716e-03   2.795016e-07   539142
  1.004715e+00   2.039054e-04   1.134178e-03   2.762890e-07   550658
  1.008615e+00   2.023051e-04   1.121935e-03   2.734090e-07   548298
  1.012495e+00   2.017537e-04   1.123048e-03   2.723207e-07   553694
  1.016374e+00   1.998353e-04   1.116375e-03   2.697052e-07   556116
  1.020264e+00   2.000252e-04   1.125051e-03   2.671137e-07   564890
  1.024148e+00   1.982145e-04   1.116141e-03   2.644517e-07   563718
  1.028036e+00   1.966385e-04   1.128568e-03   2.594842e-07   574298
  1.031929e+00   1.971571e-04   1.120551e-03   2.603566e-07   573966
  1.035814e+00   1.948448e-04   1.126024e-03   2.562108e-07   580586
  1.039699e+00   1.939898e-04   1.122029e-03   2.549071e-07   582666
  1.043587e+00   1.932320e-04   1.125959e-03   2.526577e-07   590648
  1.047474e+00   1.922686e-04   1.114820e-03   2.509622e-07   590394
  1.051350e+00   1.908002e-04   1.116684e-03   2.480555e-07   596174
  1.055234e+00   1.901472e-04   1.120236e-03   2.459372e-07   601674
  1.059126e+00   1.887161e-04   1.125352e-03   2.420358e-07   607682
  1.063019e+00   1.878567e-04   1.124350e-03   2.409795e-07   611166
  1.066910e+00   1.871063e-04   1.124099e-03   2.382388e-07   615626
  1.070791e+00   1.857231e-04   1.119456e-03   2.369821e-07   617290
  1.074678e+00   1.850315e-04   1.126011e-03   2.339043e-07   626344
  1.078566e+00   1.840077e-04   1.117274e-03   2.336477e-07   626658
  1.082451e+00   1.827169e-04   1.122467e-03   2.308885e-07   634022
  1.086331e+00   1.816945e-04   1.116124e-03   2.283890e-07   634554
  1.090218e+00   1.810232e-04   1.128467e-03   2.259007e-07   645026
  1.094107e+00   1.796764e-04   1.122446e-03   2.240897e-07   645102
  1.097993e+00   1.786089e-04   1.126954e-03   2.216206e-07   653018
  1.101879e+00   1.775648e-04   1.119089e-03   2.204012e-07   654384
  1.105770e+00   1.771667e-04   1.123901e-03   2.186676e-07   663194
  1.109660e+00   1.756601e-04   1.117576e-03   2.163481e-07   663834
  1.113540e+00   1.749316e-04   1.118796e-03   2.143641e-07   669158
  1.117424e+00   1.734910e-04   1.120650e-03   2.120545e-07   674490
  1.121304e+00   1.726083e-04   1.118416e-03   2.112683e-07   677222
  1.125193e+00   1.722570e-04   1.128225e-03   2.083811e-07   686874
  1.129092e+00   1.711654e-04   1.126811e-03   2.071754e-07   690722
  1.132980e+00   1.702781e-04   1.118907e-03   2.059041e-07   692008
  1.136871e+00   1.690713e-04   1.124678e-03   2.030927e-07   701386
  1.140761e+00   1.679558e-04   1.117002e-03   2.016335e-07   700778
  1.144643e+00   1.674246e-04   1.123318e-03   1.998968e-07   708774
  1.148529e+00   1.658773e-04   1.121990e-03   1.971778e-07   711690
  1.152418e+00   1.649034e-04   1.126973e-03   1.955981e-07   719606
  1.156298e+00   1.639117e-04   1.116380e-03   1.943750e-07   717762
  1.160181e+00   1.633534e-04   1.127123e-03   1.923260e-07   730460
  1.164073e+00   1.624156e-04   1.119262e-03   1.903883e-07   731070
  1.167968e+00   1.612167e-04   1.125901e-03   1.878983e-07   741170
  1.171853e+00   1.601281e-04   1.112045e-03   1.870823e-07   737094
  1.175730e+00   1.598529e-04   1.122374e-03   1.862172e-07   747698
  1.179618e+00   1.591705e-04   1.122867e-03   1.839466e-07   751658
  1.183501e+00   1.575984e-04   1.121599e-03   1.822541e-07   755574
  1.187383e+00   1.562110e-04   1.122256e-03   1.794866e-07   761442
  1.191279e+00   1.554835e-04   1.126787e-03   1.778616e-07   770816
  1.195171e+00   1.547807e-04   1.117539e-03   1.769758e-07   769274
  1.199064e+00   1.537866e-04   1.129525e-03   1.751262e-07   782130
  1.202947e+00   1.527934e-04   1.112602e-03   1.748004e-07   775230
  1.206825e+00   1.527222e-04   1.126605e-03   1.731993e-07   789866
  1.210710e+00   1.515908e-04   1.118361e-03   1.719378e-07   787914
  1.214592e+00   1.504045e-04   1.128225e-03   1.690755e-07   799598
  1.218486e+00   1.490561e-04   1.124161e-03   1.669777e-07   802980
  1.222371e+00   1.492889e-04   1.117789e-03   1.673589e-07   805622
  1.226254e+00   1.480193e-04   1.119738e-03   1.653505e-07   812050
  1.230147e+00   1.472631e-04   1.126034e-03   1.634885e-07   820954
  1.234035e+00   1.464467e-04   1.118780e-03   1.625211e-07   820062
  1.237911e+00   1.451519e-04   1.119897e-03   1.604700e-07   826298
  1.241794e+00   1.441406e-04   1.121814e-03   1.590851e-07   833118
  1.245672e+00   1.431481e-04   1.117137e-03   1.579670e-07   834812
  1.249560e+00   1.425248e-04   1.126815e-03   1.553233e-07   847858
  1.253469e+00   1.420667e-04   1.127442e-03   1.547602e-07   854278
  1.257361e+00   1.407726e-04   1.116253e-03   1.535066e-07   850978
  1.261241e+00   1.395555e-04   1.121687e-03   1.517730e-07   859186
  1.265131e+00   1.393083e-04   1.127494e-03   1.502743e-07   867126
  1.269018e+00   1.384139e-04   1.121886e-03   1.495332e-07   868274
  1.272897e+00   1.377995e-04   1.120976e-03   1.484796e-07   873606
  1.276776e+00   1.366784e-04   1.119398e-03   1.465957e-07   879284
  1.280663e+00   1.356760e-04   1.122355e-03   1.451036e-07   887170
  1.284564e+00   1.348770e-04   1.128693e-03   1.432772e-07   897526
  1.288458e+00   1.342929e-04   1.117587e-03   1.425626e-07   894258
  1.292341e+00   1.333307e-04   1.122714e-03   1.409760e-07   903374
  1.296223e+00   1.330031e-04   1.118323e-03   1.408787e-07   904338
  1.300103e+00   1.318456e-04   1.123719e-03   1.388547e-07   913586
  1.303982e+00   1.311285e-04   1.118150e-03   1.376670e-07   915416
  1.307871e+00   1.301001e-04   1.124217e-03   1.358532e-07   928122
  1.311759e+00   1.295068e-04   1.115167e-03   1.360161e-07   926094
  1.315654e+00   1.288112e-04   1.130093e-03   1.331416e-07   942890
  1.319549e+00   1.278724e-04   1.118827e-03   1.330378e-07   937266
  1.323433e+00   1.270999e-04   1.126506e-03   1.314575e-07   948854
  1.327319e+00   1.262864e-04   1.120121e-03   1.304272e-07   948714
  1.331197e+00   1.255081e-04   1.122687e-03   1.293825e-07   956186
  1.335082e+00   1.246653e-04   1.124444e-03   1.280890e-07   964272
  1.338973e+00   1.238662e-04   1.121587e-03   1.263772e-07   969458
  1.342859e+00   1.229469e-04   1.118296e-03   1.257927e-07   972750
  1.346749e+00   1.222498e-04   1.124460e-03   1.244615e-07   982706
  1.350635e+00   1.213099e-04   1.119858e-03   1.229966e-07   982906
  1.354527e+00   1.209781e-04   1.129306e-03   1.218282e-07   996622
  1.358414e+00   1.199070e-04   1.117989e-03   1.212040e-07   992378
  1.362284e+00   1.195277e-04   1.117150e-03   1.204613e-07   999000
  1.366168e+00   1.185987e-04   1.122014e-03   1.187045e-07   1010114
  1.370061e+00   1.179135e-04   1.121750e-03   1.178523e-07   1015722
  1.373948e+00   1.171012e-04   1.119290e-03   1.167250e-07   1018742
  1.377843e+00   1.162944e-04   1.127371e-03   1.153939e-07   1031250
  1.381733e+00   1.156340e-04   1.118461e-03   1.152909e-07   1027226
  1.385615e+00   1.148813e-04   1.126435e-03   1.134833e-07   1039734
  1.389500e+00   1.142234e-04   1.120654e-03   1.128267e-07   1039914
  1.393382e+00   1.132277e-04   1.123683e-03   1.111464e-07   1050272
  1.397267e+00   1.127350e-04   1.117473e-03   1.109087e-07   1052306
  1.401154e+00   1.119413e-04   1.122308e-03   1.096374e-07   1062666
  1.405045e+00   1.114022e-04   1.122401e-03   1.089090e-07   1067262
  1.408935e+00   1.106596e-04   1.123952e-03   1.078044e-07   1073906
  1.412823e+00   1.101315e-04   1.122463e-03   1.069453e-07   1078190
  1.416712e+00   1.090840e-04   1.124033e-03   1.054100e-07   1085634
  1.420592e+00   1.085281e-04   1.117456e-03   1.050302e-07   1085508
  1.424480e+00   1.078218e-04   1.126594e-03   1.037338e-07   1101926
  1.428369e+00   1.071994e-04   1.116061e-03   1.028915e-07   1098322
  1.432252e+00   1.066575e-04   1.121199e-03   1.023057e-07   1109878
  1.436144e+00   1.055851e-04   1.122554e-03   1.010218e-07   1115338
  1.440035e+00   1.051931e-04   1.125793e-03   1.001855e-07   1122586
  1.443924e+00   1.042272e-04   1.123292e-03   9.933437e-08   1125862
  1.447810e+00   1.038303e-04   1.122976e-03   9.837756e-08   1132498
  1.451691e+00   1.029977e-04   1.119415e-03   9.760312e-08   1135444
  1.455573e+00   1.025343e-04   1.122581e-03   9.657349e-08   1145374
  1.459464e+00   1.016490e-04   1.123383e-03   9.554659e-08   1152698
  1.463354e+00   1.009522e-04   1.121349e-03   9.483433e-08   1157046
  1.467236e+00   1.002101e-04   1.119148e-03   9.369744e-08   1160226
  1.471127e+00   9.974687e-05   1.127743e-03   9.312179e-08   1174346
  1.475014e+00   9.908574e-05   1.119897e-03   9.248138e-08   1171462
  1.478897e+00   9.845247e-05   1.124033e-03   9.162550e-08   1183828
  1.482778e+00   9.763061e-05   1.114458e-03   9.079399e-08   1181822
  1.486657e+00   9.727091e-05   1.120779e-03   8.997768e-08   1194930
  1.490547e+00   9.666712e-05   1.122593e-03   8.908836e-08   1202010
  1.494437e+00   9.607926e-05   1.122115e-03   8.843967e-08   1207166
  1.498326e+00   9.538562e-05   1.123291e-03   8.772138e-08   1214106
  1.502209e+00   9.484763e-05   1.118748e-03   8.714548e-08   1215302
  1.506095e+00   9.405344e-05   1.126666e-03   8.564392e-08   1229274
  1.509994e+00   9.320889e-05   1.126873e-03   8.484711e-08   1236164
  1.513882e+00   9.282040e-05   1.118916e-03   8.432909e-08   1235326
  1.517764e+00   9.221172e-05   1.120265e-03   8.359263e-08   1244026
  1.521647e+00   9.154356e-05   1.120382e-03   8.273046e-08   1249154
  1.525536e+00   9.111167e-05   1.126025e-03   8.221729e-08   1260558
  1.529421e+00   9.060289e-05   1.119984e-03   8.164372e-08   1260394
  1.533310e+00   8.981774e-05   1.125848e-03   8.051910e-08   1274758
  1.537193e+00   8.915810e-05   1.115594e-03   7.995526e-08   1270188
  1.541083e+00   8.854625e-05   1.128008e-03   7.899694e-08   1291202
  1.544971e+00   8.804701e-05   1.115149e-03   7.858358e-08   1282654
  1.548850e+00   8.733522e-05   1.122198e-03   7.747593e-08   1298242
  1.552739e+00   8.701078e-05   1.120395e-03   7.726884e-08   1301774
  1.556625e+00   8.642741e-05   1.123165e-03   7.659516e-08   1309770
  1.560512e+00   8.576895e-05   1.123502e-03   7.577878e-08   1315714
  1.564403e+00   8.507322e-05   1.124924e-03   7.484422e-08   1325110
  1.568290e+00   8.467010e-05   1.118940e-03   7.447128e-08   1326012
  1.572174e+00   8.410656e-05   1.122090e-03   7.367800e-08   1336154
  1.576069e+00   8.344973e-05   1.126474e-03   7.280291e-08   1347334
  1.579958e+00   8.282800e-05   1.119782e-03   7.241070e-08   1345354
  1.583833e+00   8.251998e-05   1.119555e-03   7.215187e-08   1350998
  1.587719e+00   8.181130e-05   1.125829e-03   7.103425e-08   1365546
  1.591609e+00   8.133992e-05   1.122088e-03   7.057497e-08   1367474
  1.595497e+00   8.071900e-05   1.123693e-03   6.977778e-08   1377984
  1.599384e+00   8.020382e-05   1.118321e-03   6.923914e-08   1379394
  1.603272e+00   7.971738e-05   1.123056e-03   6.851732e-08   1392230
  1.607160e+00   7.926630e-05   1.118740e-03   6.824508e-08   1392634
  1.611042e+00   7.866905e-05   1.122441e-03   6.732937e-08   1402666
  1.614928e+00   7.811637e-05   1.122269e-03   6.671416e-08   1408502
  1.618814e+00   7.777766e-05   1.122041e-03   6.628776e-08   1415418
  1.622692e+00   7.716554e-05   1.117068e-03   6.589599e-08   1416856
  1.626588e+00   7.645256e-05   1.130843e-03   6.466765e-08   1442002
  1.630485e+00   7.599998e-05   1.117858e-03   6.458049e-08   1431634
  1.634367e+00   7.551714e-05   1.122585e-03   6.371188e-08   1444606
  1.638250e+00   7.520578e-05   1.118765e-03   6.353781e-08   1445890
  1.642138e+00   7.453213e-05   1.126997e-03   6.282265e-08   1462210
  1.646026e+00   7.395192e-05   1.120901e-03   6.225160e-08   1459590
  1.649907e+00   7.356508e-05   1.123856e-03   6.167882e-08   1471226
  1.653797e+00   7.302659e-05   1.123379e-03   6.101021e-08   1480072
  1.657690e+00   7.254595e-05   1.121364e-03   6.064590e-08   1486594
  1.661576e+00   7.213724e-05   1.118520e-03   6.017038e-08   1488882
  1.665461e+00   7.177896e-05   1.123128e-03   5.958418e-08   1500854
  1.669353e+00   7.115242e-05   1.123083e-03   5.894775e-08   1506874
  1.673232e+00   7.062983e-05   1.117624e-03   5.868152e-08   1506094
  1.677111e+00   7.003314e-05   1.122855e-03   5.784205e-08   1519682
  1.680997e+00   6.970803e-05   1.122626e-03   5.741807e-08   1526724
  1.684890e+00   6.921758e-05   1.125240e-03   5.685853e-08   1539038
  1.688782e+00   6.879494e-05   1.119859e-03   5.651175e-08   1539810
  1.692664e+00   6.839147e-05   1.119007e-03   5.613077e-08   1545046
  1.696554e+00   6.779187e-05   1.126236e-03   5.536224e-08   1560538
  1.700441e+00   6.732729e-05   1.120507e-03   5.506861e-08   1557506
  1.704322e+00   6.702199e-05   1.124114e-03   5.441808e-08   1570062
  1.708203e+00   6.644791e-05   1.119253e-03   5.404686e-08   1571290
  1.712089e+00   6.605031e-05   1.124856e-03   5.348580e-08   1588228
  1.715982e+00   6.564052e-05   1.121250e-03   5.310625e-08   1591046
  1.719873e+00   6.523484e-05   1.123715e-03   5.245785e-08   1602474
  1.723761e+00   6.478940e-05   1.118014e-03   5.241739e-08   1601646
  1.727642e+00   6.426883e-05   1.120550e-03   5.174721e-08   1611266
  1.731523e+00   6.387876e-05   1.120678e-03   5.136553e-08   1616634
  1.735410e+00   6.340066e-05   1.126166e-03   5.075525e-08   1631366
  1.739297e+00   6.304144e-05   1.119655e-03   5.041990e-08   1631028
  1.743180e+00   6.254859e-05   1.119854e-03   4.990958e-08   1641446
  1.747073e+00   6.222070e-05   1.124208e-03   4.947626e-08   1654234
  1.750973e+00   6.169606e-05   1.126198e-03   4.903047e-08   1662874
  1.754858e+00   6.141531e-05   1.117471e-03   4.872141e-08   1656686
  1.758736e+00   6.103075e-05   1.122008e-03   4.825679e-08   1670898
  1.762622e+00   6.053177e-05   1.123056e-03   4.790575e-08   1678074
  1.766507e+00   6.011219e-05   1.123311e-03   4.731864e-08   1685198
  1.770393e+00   5.973872e-05   1.122996e-03   4.706179e-08   1694524
  1.774282e+00   5.934680e-05   1.120709e-03   4.661987e-08   1701334
  1.778171e+00   5.899971e-05   1.120908e-03   4.626236e-08   1709386
  1.782064e+00   5.853052e-05   1.123720e-03   4.562546e-08   1719994
  1.785953e+00   5.814426e-05   1.121006e-03   4.543122e-08   1721510
  1.789842e+00   5.781174e-05   1.124974e-03   4.503115e-08   1734978
  1.793722e+00   5.738188e-05   1.116124e-03   4.475393e-08   1728646
  1.797599e+00   5.710773e-05   1.122713e-03   4.434451e-08   1746868
  1.801486e+00   5.660813e-05   1.121127e-03   4.387065e-08   1752922
  1.805380e+00   5.632145e-05   1.125234e-03   4.344825e-08   1767862
  1.809271e+00   5.593294e-05   1.119301e-03   4.325518e-08   1765698
  1.813160e+00   5.542063e-05   1.125035e-03   4.262372e-08   1781270
  1.817049e+00   5.518694e-05   1.121176e-03   4.253159e-08   1780650
  1.820932e+00   5.475625e-05   1.124142e-03   4.205211e-08   1792418
  1.824813e+00   5.434355e-05   1.119388e-03   4.173487e-08   1792790
  1.828696e+00   5.399151e-05   1.123591e-03   4.125924e-08   1809852
  1.832585e+00   5.376116e-05   1.120140e-03   4.109579e-08   1812666
  1.836475e+00   5.339087e-05   1.124777e-03   4.064779e-08   1827614
  1.840367e+00   5.295823e-05   1.121640e-03   4.026095e-08   1829970
  1.844251e+00   5.256953e-05   1.120370e-03   3.992328e-08   1835030
  1.848131e+00   5.230910e-05   1.119790e-03   3.971454e-08   1841410
  1.852017e+00   5.201619e-05   1.124723e-03   3.939646e-08   1856626
  1.855900e+00   5.152802e-05   1.118305e-03   3.897058e-08   1854656
  1.859782e+00   5.122989e-05   1.121720e-03   3.867033e-08   1870698
  1.863671e+00   5.093135e-05   1.120553e-03   3.832603e-08   1876998
  1.867559e+00   5.065880e-05   1.120979e-03   3.811540e-08   1884458
  1.871445e+00   5.024142e-05   1.122381e-03   3.769740e-08   1891730
  1.875338e+00   4.995501e-05   1.127317e-03   3.744975e-08   1907574
  1.879232e+00   4.951002e-05   1.122851e-03   3.705587e-08   1907730
  1.883115e+00   4.931904e-05   1.120697e-03   3.688837e-08   1912154
  1.886997e+00   4.895311e-05   1.121764e-03   3.653119e-08   1923216
  1.890888e+00   4.864644e-05   1.124326e-03   3.623309e-08   1936562
  1.894776e+00   4.829243e-05   1.119734e-03   3.595229e-08   1936862
  1.898663e+00   4.797646e-05   1.122747e-03   3.559662e-08   1950114
  1.902549e+00   4.768376e-05   1.121089e-03   3.538846e-08   1953306
  1.906439e+00   4.744145e-05   1.125982e-03   3.508809e-08   1968806
  1.910327e+00   4.705278e-05   1.121186e-03   3.480412e-08   1968818
  1.914211e+00   4.674416e-05   1.121720e-03   3.447363e-08   1980624
  1.918097e+00   4.649639e-05   1.118800e-03   3.430830e-08   1985034
  1.921980e+00   4.621376e-05   1.120281e-03   3.403322e-08   1995242
  1.925870e+00   4.595602e-05   1.123830e-03   3.378741e-08   2007742
  1.929759e+00   4.560025e-05   1.121495e-03   3.346600e-08   2010538
  1.933641e+00   4.534773e-05   1.121298e-03   3.326298e-08   2017390
  1.937531e+00   4.496961e-05   1.126602e-03   3.284328e-08   2034346
  1.941413e+00   4.472430e-05   1.117450e-03   3.282941e-08   2025498
  1.945299e+00   4.450473e-05   1.127850e-03   3.238567e-08   2055248
  1.949189e+00   4.419143e-05   1.116586e-03   3.221957e-08   2045090
  1.953070e+00   4.394198e-05   1.121603e-03   3.197837e-08   2062074
  1.956959e+00   4.363424e-05   1.122727e-03   3.167154e-08   2070190
  1.960848e+00   4.341562e-05   1.123891e-03   3.157485e-08   2079226
  1.964734e+00   4.305201e-05   1.122069e-03   3.126399e-08   2083990
  1.968623e+00   4.277686e-05   1.124515e-03   3.096631e-08   2097898
  1.972507e+00   4.248450e-05   1.118548e-03   3.077773e-08   2095452
  1.976394e+00   4.228227e-05   1.124843e-03   3.047269e-08   2117390
  1.980286e+00   4.205517e-05   1.119656e-03   3.036002e-08   2117066
  1.984162e+00   4.177663e-05   1.115140e-03   3.015006e-08   2117238
  1.988045e+00   4.154598e-05   1.124414e-03   2.986229e-08   2140026
  1.991938e+00   4.126235e-05   1.125139e-03   2.962222e-08   2147234
  1.995825e+00   4.106067e-05   1.122378e-03   2.947849e-08   2150118
  1.999710e+00   4.074772e-05   1.122400e-03   2.920803e-08   2160386
  2.003596e+00   4.048290e-05   1.121122e-03   2.904682e-08   2168256
  2.007488e+00   4.028631e-05   1.124409e-03   2.880692e-08   2183306
  2.011378e+00   4.002804e-05   1.120925e-03   2.862081e-08   2184642
  2.015262e+00   3.978301e-05   1.120511e-03   2.842674e-08   2192318
  2.019141e+00   3.959467e-05   1.118713e-03   2.823897e-08   2196066
  2.023031e+00   3.934090e-05   1.127541e-03   2.799981e-08   2220890
  2.026922e+00   3.908090e-05   1.121128e-03   2.783260e-08   2215758
  2.030810e+00   3.889333e-05   1.124804e-03   2.771814e-08   2233988
  2.034697e+00   3.861820e-05   1.118045e-03   2.744310e-08   2231670
  2.038579e+00   3.837926e-05   1.119728e-03   2.723530e-08   2244338
  2.042469e+00   3.820175e-05   1.123477e-03   2.699792e-08   2258610
  2.046358e+00   3.795258e-05   1.121050e-03   2.683436e-08   2260718
  2.050240e+00   3.776152e-05   1.120914e-03   2.673355e-08   2268162
  2.054123e+00   3.754792e-05   1.121571e-03   2.652992e-08   2277494
  2.058008e+00   3.727480e-05   1.123134e-03   2.631629e-08   2288796
  2.061901e+00   3.709243e-05   1.126253e-03   2.615281e-08   2305226
  2.065791e+00   3.688920e-05   1.119672e-03   2.601332e-08   2301630
  2.069679e+00   3.665060e-05   1.123731e-03   2.578355e-08   2319770
  2.073565e+00   3.644363e-05   1.118309e-03   2.573540e-08   2315610
  2.077447e+00   3.629823e-05   1.124236e-03   2.557761e-08   2334662
  2.081332e+00   3.604929e-05   1.120785e-03   2.534116e-08   2335722
  2.085219e+00   3.586239e-05   1.124829e-03   2.516744e-08   2354102
  2.089107e+00   3.565883e-05   1.120313e-03   2.504938e-08   2355156
  2.092998e+00   3.550675e-05   1.124614e-03   2.488835e-08   2374250
  2.096888e+00   3.524720e-05   1.120068e-03   2.475736e-08   2373102
  2.100776e+00   3.509607e-05   1.122758e-03   2.458489e-08   2388194
  2.104658e+00   3.489472e-05   1.116928e-03   2.451416e-08   2383470
  2.108539e+00   3.468850e-05   1.123618e-03   2.427362e-08   2404994
  2.112426e+00   3.450160e-05   1.121916e-03   2.415895e-08   2408538
  2.116308e+00   3.438374e-05   1.121742e-03   2.412833e-08   2417744
  2.120198e+00   3.419153e-05   1.124446e-03   2.389583e-08   2434578
  2.124090e+00   3.398044e-05   1.121710e-03   2.374404e-08   2438414
  2.127979e+00   3.385563e-05   1.122410e-03   2.368240e-08   2448066
  2.131867e+00   3.357676e-05   1.122662e-03   2.347078e-08   2456018
  2.135751e+00   3.346682e-05   1.121406e-03   2.340494e-08   2461230
  2.139636e+00   3.333361e-05   1.122653e-03   2.324215e-08   2474330
  2.143519e+00   3.314959e-05   1.119652e-03   2.318535e-08   2476498
  2.147405e+00   3.296611e-05   1.124366e-03   2.293725e-08   2497240
  2.151298e+00   3.280757e-05   1.122529e-03   2.291157e-08   2502930
  2.155185e+00   3.269141e-05   1.120390e-03   2.286060e-08   2508470
  2.159072e+00   3.249367e-05   1.121001e-03   2.268290e-08   2518482
  2.162961e+00   3.230652e-05   1.123829e-03   2.254769e-08   2532074
  2.166844e+00   3.221005e-05   1.118275e-03   2.249504e-08   2526678
  2.170724e+00   3.205073e-05   1.124045e-03   2.232499e-08   2549018
  2.174611e+00   3.190036e-05   1.120040e-03   2.228796e-08   2551704
  2.178497e+00   3.176891e-05   1.122028e-03   2.218163e-08   2566226
  2.182386e+00   3.159853e-05   1.122230e-03   2.204557e-08   2573898
  2.186278e+00   3.150996e-05   1.124844e-03   2.201389e-08   2589182
  2.190164e+00   3.134838e-05   1.119195e-03   2.194191e-08   2584890
  2.194049e+00   3.114781e-05   1.124371e-03   2.172193e-08   2605190
  2.197936e+00   3.103988e-05   1.121682e-03   2.173296e-08   2606418
  2.201821e+00   3.088392e-05   1.123741e-03   2.157742e-08   2621186
  2.205707e+00   3.081156e-05   1.120704e-03   2.159607e-08   2626608
  2.209592e+00   3.071568e-05   1.119995e-03   2.151872e-08   2636714
  2.213479e+00   3.049499e-05   1.121274e-03   2.133730e-08   2647482
  2.217374e+00   3.040103e-05   1.127022e-03   2.129641e-08   2668382
  2.221265e+00   3.028996e-05   1.120175e-03   2.125606e-08   2660418
  2.225149e+00   3.015714e-05   1.122869e-03   2.112194e-08   2676662
  2.229029e+00   3.004928e-05   1.117920e-03   2.117472e-08   2674210
  2.232911e+00   2.990027e-05   1.123157e-03   2.102186e-08   2697076
  2.236800e+00   2.985654e-05   1.121599e-03   2.099089e-08   2703558
  2.240687e+00   2.968267e-05   1.121191e-03   2.089674e-08   2713250
  2.244572e+00   2.960593e-05   1.119243e-03   2.086562e-08   2717718
  2.248464e+00   2.946888e-05   1.127021e-03   2.073089e-08   2743178
  2.252353e+00   2.936763e-05   1.120305e-03   2.074276e-08   2732730
  2.256238e+00   2.931098e-05   1.126187e-03   2.070311e-08   2758022
  2.260125e+00   2.916556e-05   1.119041e-03   2.064929e-08   2751994
  2.264006e+00   2.910748e-05   1.121171e-03   2.064368e-08   2769052
  2.267895e+00   2.900058e-05   1.122842e-03   2.057267e-08   2783062
  2.271785e+00   2.890390e-05   1.121645e-03   2.053081e-08   2789362
  2.275674e+00   2.878451e-05   1.121981e-03   2.044565e-08   2799582
  2.279564e+00   2.873118e-05   1.123236e-03   2.047520e-08   2811170
  2.283450e+00   2.860223e-05   1.121033e-03   2.035348e-08   2812658
  2.287338e+00   2.850886e-05   1.125793e-03   2.034441e-08   2833302
  2.291222e+00   2.847077e-05   1.118388e-03   2.039533e-08   2827420
  2.295104e+00   2.839839e-05   1.121018e-03   2.031386e-08   2846710
  2.298989e+00   2.822938e-05   1.120692e-03   2.026023e-08   2846535
  2.302873e+00   2.788280e-05   1.122997e-03   1.996707e-08   2848496
  2.306761e+00   2.764604e-05   1.122225e-03   1.975780e-08   2841084
  2.310652e+00   2.737811e-05   1.124928e-03   1.953360e-08   2843480
  2.314540e+00   2.705385e-05   1.120270e-03   1.931569e-08   2826624
  2.318424e+00   2.673927e-05   1.123352e-03   1.902311e-08   2828732
  2.322310e+00   2.639582e-05   1.121451e-03   1.877346e-08   2819296
  2.326197e+00   2.616315e-05   1.122811e-03   1.851995e-08   2819548
  2.330081e+00   2.587286e-05   1.118959e-03   1.835231e-08   2805192
  2.333967e+00   2.561484e-05   1.123463e-03   1.811269e-08   2811104
  2.337856e+00   2.535059e-05   1.121717e-03   1.789783e-08   2800672
  2.341743e+00   2.509520e-05   1.122654e-03   1.769299e-08   2798080
  2.345628e+00   2.479245e-05   1.120248e-03   1.745174e-08   2786976
  2.349516e+00   2.447811e-05   1.123594e-03   1.720881e-08   2791016
  2.353406e+00   2.430142e-05   1.121382e-03   1.707580e-08   2779360
  2.357287e+00   2.403468e-05   1.119573e-03   1.690457e-08   2768644
  2.361169e+00   2.380831e-05   1.122534e-03   1.673966e-08   2771192
  2.365058e+00   2.360149e-05   1.121875e-03   1.655217e-08   2765028
  2.368946e+00   2.334404e-05   1.122751e-03   1.636210e-08   2760864
  2.372840e+00   2.305272e-05   1.125689e-03   1.611254e-08   2761616
  2.376724e+00   2.285822e-05   1.118525e-03   1.600059e-08   2737932
  2.380610e+00   2.262682e-05   1.125904e-03   1.579783e-08   2752280
  2.384498e+00   2.234946e-05   1.118464e-03   1.563291e-08   2728764
  2.388382e+00   2.210125e-05   1.123937e-03   1.538362e-08   2736368
  2.392268e+00   2.191817e-05   1.119459e-03   1.534576e-08   2719952
  2.396155e+00   2.175303e-05   1.124236e-03   1.516249e-08   2727120
  2.400042e+00   2.148488e-05   1.118614e-03   1.495295e-08   2708400
  2.403932e+00   2.127810e-05   1.125719e-03   1.475315e-08   2718536
  2.407818e+00   2.106360e-05   1.118504e-03   1.468713e-08   2694300
  2.411707e+00   2.087246e-05   1.126793e-03   1.449955e-08   2709440
  2.415596e+00   2.065762e-05   1.117787e-03   1.438768e-08   2682108
  2.419475e+00   2.044071e-05   1.121308e-03   1.421545e-08   2684912
  2.423360e+00   2.024999e-05   1.121998e-03   1.405384e-08   2678868
  2.427246e+00   2.002786e-05   1.122668e-03   1.392301e-08   2674772
  2.431135e+00   1.984502e-05   1.123033e-03   1.377067e-08   2670120
  2.435021e+00   1.966017e-05   1.120804e-03   1.364767e-08   2659532
  2.438909e+00   1.943327e-05   1.123713e-03   1.347225e-08   2659704
  2.442801e+00   1.926532e-05   1.124617e-03   1.335706e-08   2654348
  2.446687e+00   1.909900e-05   1.121000e-03   1.323377e-08   2640276
  2.450572e+00   1.891731e-05   1.121992e-03   1.314201e-08   2638700
  2.454457e+00   1.869577e-05   1.120074e-03   1.296361e-08   2628244
  2.458344e+00   1.850448e-05   1.124115e-03   1.282000e-08   2630920
  2.462234e+00   1.836488e-05   1.121877e-03   1.271202e-08   2618904
  2.466118e+00   1.820257e-05   1.120448e-03   1.259860e-08   2610932
  2.470005e+00   1.804681e-05   1.121951e-03   1.249511e-08   2608464
  2.473895e+00   1.783113e-05   1.123139e-03   1.235815e-08   2603708
  2.477779e+00   1.765690e-05   1.119694e-03   1.225417e-08   2588012
  2.481660e+00   1.750071e-05   1.122196e-03   1.212246e-08   2588364
  2.485545e+00   1.734108e-05   1.120384e-03   1.204320e-08   2579076
  2.489430e+00   1.717957e-05   1.121132e-03   1.189534e-08   2574152
  2.493314e+00   1.702561e-05   1.121505e-03   1.182138e-08   2566812
  2.497207e+00   1.685732e-05   1.127061e-03   1.166924e-08   2573732
  2.501098e+00   1.674889e-05   1.119524e-03   1.166888e-08   2550568
  2.504983e+00   1.656781e-05   1.123035e-03   1.149321e-08   2552068
  2.508870e+00   1.641343e-05   1.121138e-03   1.138128e-08   2539620
  2.512757e+00   1.623021e-05   1.124635e-03   1.127191e-08   2540936
  2.516646e+00   1.611449e-05   1.121040e-03   1.117113e-08   2528032
  2.520531e+00   1.594614e-05   1.120365e-03   1.107446e-08   2521480
  2.524419e+00   1.580713e-05   1.122347e-03   1.096837e-08   2517980
  2.528309e+00   1.565589e-05   1.123011e-03   1.090239e-08   2511744
  2.532195e+00   1.554169e-05   1.120855e-03   1.081320e-08   2500140
  2.536081e+00   1.537512e-05   1.121926e-03   1.069557e-08   2496980
  2.539968e+00   1.525608e-05   1.121125e-03   1.063826e-08   2486924
  2.543856e+00   1.511749e-05   1.124762e-03   1.052158e-08   2487000
  2.547743e+00   1.495416e-05   1.120210e-03   1.043018e-08   2469840
  2.551626e+00   1.482095e-05   1.122637e-03   1.032312e-08   2469656
  2.555511e+00   1.470711e-05   1.119469e-03   1.026267e-08   2456844
  2.559401e+00   1.456889e-05   1.125965e-03   1.013041e-08   2462876
  2.563290e+00   1.446230e-05   1.120472e-03   1.011405e-08   2442136
  2.567174e+00   1.431585e-05   1.123165e-03   9.993455e-09   2441944
  2.571061e+00   1.418743e-05   1.120769e-03   9.920360e-09   2430508
  2.574945e+00   1.408298e-05   1.121157e-03   9.875864e-09   2424352
  2.578832e+00   1.394012e-05   1.123693e-03   9.760193e-09   2421264
  2.582722e+00   1.381963e-05   1.122895e-03   9.672524e-09   2413064
  2.586608e+00   1.369253e-05   1.120676e-03   9.610485e-09   2401572
  2.590492e+00   1.358830e-05   1.121724e-03   9.536907e-09   2397284
  2.594379e+00   1.347714e-05   1.121499e-03   9.442873e-09   2388336
  2.598268e+00   1.335306e-05   1.124943e-03   9.367176e-09   2387204
  2.602153e+00   1.325402e-05   1.119280e-03   9.332906e-09   2368644
  2.606033e+00   1.311173e-05   1.120613e-03   9.230471e-09   2365400
  2.609918e+00   1.301075e-05   1.121690e-03   9.159406e-09   2360072
  2.613808e+00   1.289501e-05   1.123660e-03   9.089649e-09   2356464
  2.617696e+00   1.280070e-05   1.121214e-03   9.049159e-09   2343240
  2.621583e+00   1.267972e-05   1.122605e-03   8.944820e-09   2340248
  2.625468e+00   1.256236e-05   1.118824e-03   8.882581e-09   2325000
  2.629355e+00   1.242845e-05   1.124959e-03   8.788677e-09   2328632
  2.633245e+00   1.234159e-05   1.121910e-03   8.748651e-09   2313220
  2.637134e+00   1.225253e-05   1.124095e-03   8.674654e-09   2310772
  2.641020e+00   1.216011e-05   1.119781e-03   8.639689e-09   2295420
  2.644905e+00   1.202524e-05   1.122584e-03   8.548303e-09   2293592
  2.648791e+00   1.193530e-05   1.120952e-03   8.486708e-09   2281384
  2.652683e+00   1.183517e-05   1.126704e-03   8.399887e-09   2285776
  2.656570e+00   1.175208e-05   1.117325e-03   8.382858e-09   2259408
  2.660455e+00   1.164446e-05   1.124314e-03   8.301654e-09   2266808
  2.664344e+00   1.154708e-05   1.120389e-03   8.253245e-09   2248836
  2.668227e+00   1.144015e-05   1.123045e-03   8.176144e-09   2245244
  2.672111e+00   1.134471e-05   1.120801e-03   8.110452e-09   2233908
  2.675998e+00   1.126415e-05   1.122974e-03   8.055308e-09   2231660
  2.679886e+00   1.120159e-05   1.120422e-03   8.051146e-09   2218544
  2.683775e+00   1.108852e-05   1.124792e-03   7.978223e-09   2218176
  2.687664e+00   1.099869e-05   1.121286e-03   7.924626e-09   2202900
  2.691550e+00   1.088464e-05   1.121747e-03   7.843982e-09   2197472
  2.695433e+00   1.080884e-05   1.118354e-03   7.806519e-09   2181960
  2.699317e+00   1.072830e-05   1.124130e-03   7.734485e-09   2183696
  2.703207e+00   1.064665e-05   1.123719e-03   7.724399e-09   2173416
  2.707096e+00   1.055488e-05   1.122917e-03   7.633801e-09   2165444
  2.710982e+00   1.046691e-05   1.119761e-03   7.604335e-09   2152688
  2.714867e+00   1.038849e-05   1.121777e-03   7.554119e-09   2147628
  2.718754e+00   1.030454e-05   1.122335e-03   7.511944e-09   2139012
  2.722646e+00   1.020545e-05   1.125226e-03   7.415048e-09   2136008
  2.726525e+00   1.013899e-05   1.114594e-03   7.434025e-09   2108656
  2.730404e+00   1.006790e-05   1.123744e-03   7.371068e-09   2117896
  2.734296e+00   9.983538e-06   1.123450e-03   7.306811e-09   2106260
  2.738185e+00   9.890710e-06   1.123855e-03   7.273107e-09   2099088
  2.742075e+00   9.827350e-06   1.121974e-03   7.217787e-09   2088432
  2.745961e+00   9.733163e-06   1.120471e-03   7.174432e-09   2078432
  2.749845e+00   9.673788e-06   1.120708e-03   7.134806e-09   2069048
  2.753732e+00   9.601496e-06   1.123831e-03   7.085765e-09   2064804
  2.757623e+00   9.532834e-06   1.123568e-03   7.052223e-09   2055644
  2.761510e+00   9.448750e-06   1.120700e-03   7.005002e-09   2043000
  2.765392e+00   9.382177e-06   1.120067e-03   6.981226e-09   2032348
  2.769281e+00   9.311453e-06   1.126495e-03   6.921076e-09   2034064
  2.773172e+00   9.251102e-06   1.122211e-03   6.893623e-09   2017740
  2.777059e+00   9.166007e-06   1.121480e-03   6.854837e-09   2010188
  2.780942e+00   9.096213e-06   1.118751e-03   6.812183e-09   1996556
  2.784826e+00   9.033119e-06   1.122456e-03   6.791981e-09   1992816
  2.788712e+00   8.969624e-06   1.122411e-03   6.747206e-09   1982400
  2.792596e+00   8.892833e-06   1.121262e-03   6.716666e-09   1972256
  2.796480e+00   8.826092e-06   1.121000e-03   6.662164e-09   1964384
  2.800370e+00   8.761069e-06   1.122889e-03   6.630866e-09   1958544
  2.804258e+00   8.693220e-06   1.122489e-03   6.587833e-09   1946988
  2.808149e+00   8.621442e-06   1.124629e-03   6.548720e-09   1942532
  2.812034e+00   8.585311e-06   1.117383e-03   6.546039e-09   1921692
  2.815918e+00   8.516317e-06   1.123808e-03   6.502938e-09   1924004
  2.819806e+00   8.445246e-06   1.120365e-03   6.474854e-09   1907344
  2.823695e+00   8.373312e-06   1.126069e-03   6.414103e-09   1907440
  2.827583e+00   8.312688e-06   1.118720e-03   6.398088e-09   1886136
  2.831464e+00   8.263037e-06   1.121920e-03   6.363589e-09   1883144
  2.835353e+00   8.198026e-06   1.122753e-03   6.327709e-09   1874724
  2.839243e+00   8.143224e-06   1.123826e-03   6.317951e-09   1866068
  2.843130e+00   8.089839e-06   1.121455e-03   6.285945e-09   1852980
  2.847017e+00   8.024221e-06   1.122782e-03   6.241787e-09   1847468
  2.850900e+00   7.991853e-06   1.117935e-03   6.245227e-09   1829636
  2.854785e+00   7.920169e-06   1.123959e-03   6.192168e-09   1829688
  2.858675e+00   7.860418e-06   1.122789e-03   6.163919e-09   1817192
  2.862561e+00   7.800117e-06   1.121150e-03   6.136552e-09   1806312
  2.866446e+00   7.749897e-06   1.120289e-03   6.118909e-09   1795984
  2.870334e+00   7.701024e-06   1.123627e-03   6.084150e-09   1791100
  2.874224e+00   7.647737e-06   1.122050e-03   6.068935e-09   1777648
  2.878111e+00   7.583708e-06   1.123043e-03   6.027505e-09   1769848
  2.881996e+00   7.550695e-06   1.119995e-03   6.036457e-09   1756536
  2.885881e+00   7.468035e-06   1.121386e-03   5.972475e-09   1748960
  2.889768e+00   7.443043e-06   1.123014e-03   5.969154e-09   1739952
  2.893658e+00   7.362996e-06   1.124239e-03   5.925733e-09   1732124
  2.897544e+00   7.335703e-06   1.120323e-03   5.920953e-09   1716852
  2.901430e+00   7.283470e-06   1.122735e-03   5.894664e-09   1712276
  2.905319e+00   7.224890e-06   1.121222e-03   5.869750e-09   1698500
  2.909208e+00   7.194065e-06   1.125604e-03   5.853445e-09   1693932
  2.913093e+00   7.134736e-06   1.119232e-03   5.847137e-09   1675204
  2.916975e+00   7.097524e-06   1.121771e-03   5.825077e-09   1670644
  2.920858e+00   7.071843e-06   1.118515e-03   5.810108e-09   1655532
  2.924748e+00   7.017454e-06   1.126990e-03   5.782634e-09   1656860
  2.928637e+00   6.952774e-06   1.119840e-03   5.763305e-09   1635372
  2.932524e+00   6.894388e-06   1.124773e-03   5.732504e-09   1634324
  2.936410e+00   6.858375e-06   1.117372e-03   5.721658e-09   1613676
  2.940295e+00   6.822994e-06   1.124617e-03   5.705792e-09   1613348
  2.944183e+00   6.779098e-06   1.120803e-03   5.693088e-09   1596236
  2.948069e+00   6.735062e-06   1.123999e-03   5.676064e-09   1591476
  2.951956e+00   6.673904e-06   1.119134e-03   5.653936e-09   1575732
  2.955838e+00   6.646900e-06   1.120429e-03   5.648013e-09   1566236
  2.959725e+00   6.620287e-06   1.124724e-03   5.642251e-09   1560292
  2.963618e+00   6.547020e-06   1.124442e-03   5.592520e-09   1550092
  2.967503e+00   6.526089e-06   1.118750e-03   5.611143e-09   1532628
  2.971386e+00   6.470153e-06   1.121507e-03   5.578287e-09   1527332
  2.975274e+00   6.448463e-06   1.121884e-03   5.589353e-09   1515212
  2.979160e+00   6.393383e-06   1.123567e-03   5.574784e-09   1506444
  2.983048e+00   6.348640e-06   1.122261e-03   5.534700e-09   1495116
  2.986928e+00   6.321468e-06   1.117074e-03   5.538136e-09   1479152
  2.990812e+00   6.274820e-06   1.122982e-03   5.516958e-09   1475512
  2.994707e+00   6.244737e-06   1.126591e-03   5.492675e-09   1467820
  2.998598e+00   6.202790e-06   1.121923e-03   5.508124e-09   1451256
  3.002486e+00   6.167671e-06   1.122725e-03   5.484787e-09   1443212
  3.006369e+00   6.115589e-06   1.117256e-03   5.487882e-09   1425680
  3.010254e+00   6.066853e-06   1.124371e-03   5.445851e-09   1422972
  3.014143e+00   6.049693e-06   1.123023e-03   5.454555e-09   1408632
  3.018032e+00   6.005306e-06   1.123941e-03   5.441432e-09   1400984
  3.021918e+00   5.970136e-06   1.117887e-03   5.455600e-09   1383196
  3.025801e+00   5.944536e-06   1.123197e-03   5.437268e-09   1378120
  3.029692e+00   5.918347e-06   1.124450e-03   5.443236e-09   1367272
  3.033584e+00   5.863327e-06   1.124457e-03   5.421206e-09   1356580
  3.037464e+00   5.840560e-06   1.115974e-03   5.444836e-09   1337028
  3.041343e+00   5.793649e-06   1.120802e-03   5.408056e-09   1332500
  3.045230e+00   5.769143e-06   1.122780e-03   5.414768e-09   1321796
  3.049120e+00   5.729871e-06   1.124838e-03   5.404955e-09   1312716
  3.053007e+00   5.700043e-06   1.119942e-03   5.410526e-09   1296580
  3.056896e+00   5.665919e-06   1.124221e-03   5.388417e-09   1291528
  3.060783e+00   5.625476e-06   1.119071e-03   5.399276e-09   1273128
  3.064669e+00   5.596207e-06   1.125633e-03   5.384437e-09   1268720
  3.068560e+00   5.558042e-06   1.122309e-03   5.377268e-09   1254016
  3.072444e+00   5.516591e-06   1.119894e-03   5.372037e-09   1241296
  3.076322e+00   5.493066e-06   1.116955e-03   5.384000e-09   1226712
  3.080211e+00   5.473773e-06   1.128188e-03   5.390451e-09   1226228
  3.084105e+00   5.440950e-06   1.122621e-03   5.403826e-09   1207768
  3.087992e+00   5.386460e-06   1.122433e-03   5.342355e-09   1198336
  3.091874e+00   5.364294e-06   1.117108e-03   5.382641e-09   1181484
  3.095761e+00   5.328444e-06   1.125421e-03   5.356052e-09   1178012
  3.099653e+00   5.295428e-06   1.123268e-03   5.373527e-09   1162564
  3.103535e+00   5.260616e-06   1.120338e-03   5.401833e-09   1149340
  3.107418e+00   5.244235e-06   1.119954e-03   5.387092e-09   1138848
  3.111303e+00   5.193934e-06   1.120192e-03   5.378739e-09   1126748
  3.115189e+00   5.184837e-06   1.123911e-03   5.404461e-09   1117428
  3.119084e+00   5.135881e-06   1.126323e-03   5.375971e-09   1108112
  3.122973e+00   5.096495e-06   1.119549e-03   5.367520e-09   1090596
  3.126857e+00   5.075683e-06   1.120292e-03   5.371471e-09   1081052
  3.130738e+00   5.052199e-06   1.118514e-03   5.402472e-09   1065716
  3.134626e+00   5.005669e-06   1.127732e-03   5.365943e-09   1061940
  3.138518e+00   4.977837e-06   1.121370e-03   5.389739e-09   1044096
  3.142404e+00   4.932898e-06   1.122139e-03   5.363543e-09   1034864
  3.146289e+00   4.908297e-06   1.117591e-03   5.396289e-09   1018308
  3.150179e+00   4.879653e-06   1.129200e-03   5.388508e-09   1014812
  3.154072e+00   4.863562e-06   1.121981e-03   5.417990e-09   996288
  3.157955e+00   4.796904e-06   1.120847e-03   5.354930e-09   985376
  3.161835e+00   4.769579e-06   1.115880e-03   5.381748e-09   969652
  3.165722e+00   4.739598e-06   1.125987e-03   5.391551e-09   964924
  3.169610e+00   4.727239e-06   1.121515e-03   5.422509e-09   947228
  3.173495e+00   4.673240e-06   1.123457e-03   5.397991e-09   939084
  3.177381e+00   4.633801e-06   1.116472e-03   5.384590e-09   921864
  3.181265e+00   4.608881e-06   1.123502e-03   5.388808e-09   914252
  3.185159e+00   4.577056e-06   1.126304e-03   5.396526e-09   902572
  3.189050e+00   4.533360e-06   1.123145e-03   5.386462e-09   888784
  3.192932e+00   4.499163e-06   1.116224e-03   5.418676e-09   872540
  3.196811e+00   4.449622e-06   1.120157e-03   5.378836e-09   862848
  3.200697e+00   4.440457e-06   1.124093e-03   5.417132e-09   851760
  3.204592e+00   4.382716e-06   1.127172e-03   5.368975e-09   841940
  3.208479e+00   4.347322e-06   1.117661e-03   5.402672e-09   823032
  3.212364e+00   4.296442e-06   1.123934e-03   5.336045e-09   816044
  3.216253e+00   4.270495e-06   1.120364e-03   5.369310e-09   799292
  3.220140e+00   4.197339e-06   1.126784e-03   5.301361e-09   791304
  3.224026e+00   4.169421e-06   1.117490e-03   5.336174e-09   772868
  3.227902e+00   4.127437e-06   1.119936e-03   5.297105e-09   762552
  3.231787e+00   4.101712e-06   1.121745e-03   5.303330e-09   750876
  3.235677e+00   4.033907e-06   1.123999e-03   5.249654e-09   739280
  3.239565e+00   3.993904e-06   1.121784e-03   5.206878e-09   724944
  3.243456e+00   3.946218e-06   1.124267e-03   5.187714e-09   714380
  3.247336e+00   3.893158e-06   1.116046e-03   5.185726e-09   695932
  3.251222e+00   3.833872e-06   1.126879e-03   5.104236e-09   690949
  3.255114e+00   3.791570e-06   1.118914e-03   5.087506e-09   673638
  3.258999e+00   3.734651e-06   1.124434e-03   5.005826e-09   666092
  3.262883e+00   3.709763e-06   1.117312e-03   5.039629e-09   651024
  3.266766e+00   3.663550e-06   1.124054e-03   4.989703e-09   644804
  3.270656e+00   3.629062e-06   1.121035e-03   4.972765e-09   632676
  3.274546e+00   3.598276e-06   1.125434e-03   4.954116e-09   624962
  3.278430e+00   3.546831e-06   1.118496e-03   4.915846e-09   611280
  3.282321e+00   3.514990e-06   1.127391e-03   4.865250e-09   607256
  3.286211e+00   3.494621e-06   1.118374e-03   4.894567e-09   592616
  3.290095e+00   3.450876e-06   1.124430e-03   4.870860e-09   587160
  3.293983e+00   3.422091e-06   1.120749e-03   4.854547e-09   575482
  3.297866e+00   3.392242e-06   1.122505e-03   4.843931e-09   568258
  3.301757e+00   3.365891e-06   1.122731e-03   4.836795e-09   559638
  3.305647e+00   3.333586e-06   1.123210e-03   4.799345e-09   551498
  3.309536e+00   3.303447e-06   1.121790e-03   4.815454e-09   542364
  3.313423e+00   3.251416e-06   1.122328e-03   4.785168e-09   534146
  3.317305e+00   3.242830e-06   1.119988e-03   4.779817e-09   524980
  3.321196e+00   3.216000e-06   1.125222e-03   4.770230e-09   519964
  3.325077e+00   3.189921e-06   1.115886e-03   4.768185e-09   507108
  3.328962e+00   3.165726e-06   1.126905e-03   4.740112e-09   504992
  3.332852e+00   3.140219e-06   1.118656e-03   4.756426e-09   492948
  3.336740e+00   3.087875e-06   1.127360e-03   4.684459e-09   489740
  3.340629e+00   3.082760e-06   1.117346e-03   4.717033e-09   477716
  3.344511e+00   3.053688e-06   1.124864e-03   4.719328e-09   473844
  3.348399e+00   3.032900e-06   1.119228e-03   4.696321e-09   464222
  3.352284e+00   3.004228e-06   1.123815e-03   4.704196e-09   459048
  3.356167e+00   2.971895e-06   1.117888e-03   4.663391e-09   449574
  3.360054e+00   2.953479e-06   1.125019e-03   4.665440e-09   445820
  3.363936e+00   2.940953e-06   1.116211e-03   4.697317e-09   435158
  3.367827e+00   2.909041e-06   1.127850e-03   4.660886e-09   433566
  3.371713e+00   2.880273e-06   1.114763e-03   4.663008e-09   421014
  3.375597e+00   2.874830e-06   1.127754e-03   4.637545e-09   419996
  3.379490e+00   2.856430e-06   1.118287e-03   4.648074e-09   409482
  3.383368e+00   2.831238e-06   1.121665e-03   4.653249e-09   404414
  3.387257e+00   2.810600e-06   1.122567e-03   4.649294e-09   398518
  3.391148e+00   2.775585e-06   1.123750e-03   4.630108e-09   392302
  3.395033e+00   2.764759e-06   1.121765e-03   4.640054e-09   385318
  3.398930e+00   2.750660e-06   1.127631e-03   4.615304e-09   381718
  3.402811e+00   2.720813e-06   1.114511e-03   4.632938e-09   370674
  3.406696e+00   2.712293e-06   1.128673e-03   4.657211e-09   370166
  3.410587e+00   2.673399e-06   1.117032e-03   4.612924e-09   359838
  3.414471e+00   2.659601e-06   1.126612e-03   4.626304e-09   357488
  3.418356e+00   2.654118e-06   1.115416e-03   4.671507e-09   348174
  3.422239e+00   2.615001e-06   1.126138e-03   4.588794e-09   346010
  3.426123e+00   2.607859e-06   1.115666e-03   4.655155e-09   336966
  3.430017e+00   2.581998e-06   1.131496e-03   4.602042e-09   336488
  3.433906e+00   2.573315e-06   1.113178e-03   4.653449e-09   325206
  3.437790e+00   2.552598e-06   1.128394e-03   4.651532e-09   324614
  3.441675e+00   2.542699e-06   1.113950e-03   4.674016e-09   314792
  3.445561e+00   2.519729e-06   1.129033e-03   4.650277e-09   314082
  3.449445e+00   2.500813e-06   1.112843e-03   4.674464e-09   303918
  3.453329e+00   2.493670e-06   1.130230e-03   4.669199e-09   303872
  3.457223e+00   2.493909e-06   1.118237e-03   4.711463e-09   295070
  3.461110e+00   2.449723e-06   1.127117e-03   4.656135e-09   292776
  3.464999e+00   2.443635e-06   1.118155e-03   4.727783e-09   285198
  3.468882e+00   2.427875e-06   1.124173e-03   4.712054e-09   282068
  3.472770e+00   2.412706e-06   1.120642e-03   4.734848e-09   276094
  3.476654e+00   2.399002e-06   1.121770e-03   4.736491e-09   271936
  3.480537e+00   2.394049e-06   1.119604e-03   4.774436e-09   266352
  3.484425e+00   2.368496e-06   1.124273e-03   4.716382e-09   263198
  3.488309e+00   2.362371e-06   1.117087e-03   4.761260e-09   256540
  3.492199e+00   2.334529e-06   1.128018e-03   4.734550e-09   254758
  3.496085e+00   2.323701e-06   1.114575e-03   4.758065e-09   246888
  3.499973e+00   2.318951e-06   1.129431e-03   4.789417e-09   245984
  3.503859e+00   2.303873e-06   1.113747e-03   4.829187e-09   237838
  3.507743e+00   2.286867e-06   1.128624e-03   4.801649e-09   236932
  3.511628e+00   2.280900e-06   1.114686e-03   4.877056e-09   229296
  3.515519e+00   2.252742e-06   1.132107e-03   4.785952e-09   228968
  3.519410e+00   2.257532e-06   1.115334e-03   4.882300e-09   220862
  3.523299e+00   2.235284e-06   1.132320e-03   4.862017e-09   220440
  3.527188e+00   2.220031e-06   1.113877e-03   4.926617e-09   212400
  3.531075e+00   2.209718e-06   1.132596e-03   4.891558e-09   212228
  3.534965e+00   2.210242e-06   1.113928e-03   4.960232e-09   204518
  3.538852e+00   2.186087e-06   1.130227e-03   4.946617e-09   203928
  3.542735e+00   2.182364e-06   1.110921e-03   5.000977e-09   196280
  3.546619e+00   2.182598e-06   1.130361e-03   5.035767e-09   196272
  3.550503e+00   2.153488e-06   1.110008e-03   5.037180e-09   188572
  3.554385e+00   2.154742e-06   1.129045e-03   5.081408e-09   188440
  3.558272e+00   2.134918e-06   1.112527e-03   5.115375e-09   181574
  3.562156e+00   2.126275e-06   1.129325e-03   5.070932e-09   180912
  3.566042e+00   2.124973e-06   1.112617e-03   5.163437e-09   174304
  3.569927e+00   2.101449e-06   1.129933e-03   5.092095e-09   173620
  3.573814e+00   2.097008e-06   1.114477e-03   5.169569e-09   167424
  3.577707e+00   2.082919e-06   1.132693e-03   5.189985e-09   166952
  3.581590e+00   2.081092e-06   1.109406e-03   5.276301e-09   159744
  3.585479e+00   2.058617e-06   1.134885e-03   5.169995e-09   160424
  3.589363e+00   2.065170e-06   1.107308e-03   5.320463e-09   152748
  3.593250e+00   2.042091e-06   1.136784e-03   5.269244e-09   153920
  3.597136e+00   2.043443e-06   1.105473e-03   5.412989e-09   146016
  3.601018e+00   2.033252e-06   1.136208e-03   5.359266e-09   147176
  3.604907e+00   2.025502e-06   1.107710e-03   5.467484e-09   139992
  3.608791e+00   2.016785e-06   1.135264e-03   5.464435e-09   140588
  3.612682e+00   2.009135e-06   1.111007e-03   5.521121e-09   134184
  3.616571e+00   2.004723e-06   1.134121e-03   5.511103e-09   134192
  3.620457e+00   1.995177e-06   1.110077e-03   5.626437e-09   127992
  3.624344e+00   1.981833e-06   1.133946e-03   5.585242e-09   128132
  3.628235e+00   1.973033e-06   1.112933e-03   5.655168e-09   122384
  3.632120e+00   1.963406e-06   1.130787e-03   5.680768e-09   121896
  3.636006e+00   1.967349e-06   1.111987e-03   5.767718e-09   116592
  3.639888e+00   1.950466e-06   1.130031e-03   5.733715e-09   116072
  3.643776e+00   1.941684e-06   1.113281e-03   5.807350e-09   111196
  3.647666e+00   1.938815e-06   1.133982e-03   5.875693e-09   110824
  3.651553e+00   1.934986e-06   1.109351e-03   5.930666e-09   105456
  3.655445e+00   1.927568e-06   1.137911e-03   5.966352e-09   105746
  3.659331e+00   1.938816e-06   1.104570e-03   6.134680e-09   99816
  3.663217e+00   1.900016e-06   1.137630e-03   6.068068e-09   100460
  3.667098e+00   1.897363e-06   1.103186e-03   6.233832e-09   94616
  3.670986e+00   1.896239e-06   1.138482e-03   6.188623e-09   95448
  3.674871e+00   1.889172e-06   1.104767e-03   6.280611e-09   89784
  3.678762e+00   1.901672e-06   1.138753e-03   6.355094e-09   90536
  3.682640e+00   1.896416e-06   1.098833e-03   6.527166e-09   84566
  3.686528e+00   1.879436e-06   1.143171e-03   6.434545e-09   86088
  3.690411e+00   1.883709e-06   1.094501e-03   6.778992e-09   79680
  3.694290e+00   1.869361e-06   1.143460e-03   6.570065e-09   81368
  3.698177e+00   1.863390e-06   1.096007e-03   6.812070e-09   75356
  3.702056e+00   1.852208e-06   1.143156e-03   6.710690e-09   76704
  3.705948e+00   1.858715e-06   1.100016e-03   6.971910e-09   71322
  3.709834e+00   1.839239e-06   1.143672e-03   6.853447e-09   72248
  3.713724e+00   1.838256e-06   1.099908e-03   7.166460e-09   67160
  3.717610e+00   1.834945e-06   1.141543e-03   7.063845e-09   67836
  3.721489e+00   1.849911e-06   1.096984e-03   7.395657e-09   62976
  3.725379e+00   1.818547e-06   1.144398e-03   7.190217e-09   63914
  3.729253e+00   1.819652e-06   1.092761e-03   7.513072e-09   58832
  3.733144e+00   1.821775e-06   1.147084e-03   7.480540e-09   60108
  3.737017e+00   1.839144e-06   1.090205e-03   7.805433e-09   54920
  3.740928e+00   1.795599e-06   1.160099e-03   7.515482e-09   56970
  3.744809e+00   1.839508e-06   1.078913e-03   8.180822e-09   50760
  3.748701e+00   1.809319e-06   1.161348e-03   7.876166e-09   53312
  3.752584e+00   1.805310e-06   1.074836e-03   8.351218e-09   47164
  3.756472e+00   1.807671e-06   1.163802e-03   8.144580e-09   49810
  3.760356e+00   1.802669e-06   1.069365e-03   8.646055e-09   43680
  3.764234e+00   1.803981e-06   1.164818e-03   8.355495e-09   46328
  3.768129e+00   1.797445e-06   1.073902e-03   8.904172e-09   40694
  3.772013e+00   1.797654e-06   1.167140e-03   8.726516e-09   42984
  3.775913e+00   1.817723e-06   1.073587e-03   9.342810e-09   37656
  3.779787e+00   1.802127e-06   1.164236e-03   8.957599e-09   39578
  3.783688e+00   1.791146e-06   1.077878e-03   9.500432e-09   34920
  3.787564e+00   1.778169e-06   1.160065e-03   9.294135e-09   36308
  3.791451e+00   1.808406e-06   1.076316e-03   1.009236e-08   32136
  3.795334e+00   1.778892e-06   1.159401e-03   9.684488e-09   33362
  3.799207e+00   1.798500e-06   1.069739e-03   1.056029e-08   29336
  3.803104e+00   1.782298e-06   1.167435e-03   1.020276e-08   30804
  3.806966e+00   1.817405e-06   1.055228e-03   1.113118e-08   26490
  3.810870e+00   1.791353e-06   1.176653e-03   1.077807e-08   28376
  3.814719e+00   1.810996e-06   1.039734e-03   1.189778e-08   23784
  3.818636e+00   1.768063e-06   1.189627e-03   1.088268e-08   26150
  3.822479e+00   1.775683e-06   1.021588e-03   1.223253e-08   21192
  3.826407e+00   1.809901e-06   1.204804e-03   1.156347e-08   24050
  3.830252e+00   1.768207e-06   1.002280e-03   1.291480e-08   18768
  3.834191e+00   1.786949e-06   1.221518e-03   1.202640e-08   22052
  3.838029e+00   1.772172e-06   9.660660e-04   1.381046e-08   16346
  3.841962e+00   1.751486e-06   1.236558e-03   1.233615e-08   20136
  3.845802e+00   1.821260e-06   9.274195e-04   1.527640e-08   14160
  3.849721e+00   1.764196e-06   1.247069e-03   1.307407e-08   18218
  3.853565e+00   1.785605e-06   8.859468e-04   1.609734e-08   12204
  3.857470e+00   1.794934e-06   1.256334e-03   1.426524e-08   16346
  3.861333e+00   1.762026e-06   8.562781e-04   1.708521e-08   10536
  3.865221e+00   1.786481e-06   1.261091e-03   1.469730e-08   14456
  3.869081e+00   1.743230e-06   8.165112e-04   1.862934e-08   8990
  3.872967e+00   1.779787e-06   1.270385e-03   1.583547e-08   12744
  3.876815e+00   1.770422e-06   7.482517e-04   1.990682e-08   7506
  3.880703e+00   1.798720e-06   1.282849e-03   1.716182e-08   11192
  3.884545e+00   1.751150e-06   6.569471e-04   2.198355e-08   6156
  3.888432e+00   1.824275e-06   1.294599e-03   1.836363e-08   9722
  3.892281e+00   1.799205e-06   5.567157e-04   2.536621e-08   4992
  3.896158e+00   1.777774e-06   1.304505e-03   1.945583e-08   8306
  3.900025e+00   1.789790e-06   4.384033e-04   2.763692e-08   3996
  3.903878e+00   1.780713e-06   1.309274e-03   2.188060e-08   6938
  3.907766e+00   1.843307e-06   3.047624e-04   3.424861e-08   3168
  3.911584e+00   1.787378e-06   1.304853e-03   2.370832e-08   5624
  3.915485e+00   1.795920e-06   2.103226e-04   3.498656e-08   2502
  3.919286e+00   1.843887e-06   1.297747e-03   2.652555e-08   4424
  3.923208e+00   1.811350e-06   2.230451e-04   3.966299e-08   1946
  3.926998e+00   1.827784e-06   1.292790e-03   3.040788e-08   3360
  3.930918e+00   1.886013e-06   1.221617e-04   4.740225e-08   1446
  3.934708e+00   1.872652e-06   1.290208e-03   3.710728e-08   2456
  3.938666e+00   1.947149e-06   2.340394e-04   7.082087e-08   1034
  3.942432e+00   1.957238e-06   1.288305e-03   4.871947e-08   1680
  3.946383e+00   1.615591e-06   5.837572e-05   5.831810e-08   678
  3.950143e+00   1.823671e-06   1.286681e-03   5.438299e-08   1064
  3.954177e+00   1.931005e-06   3.540138e-04   8.933362e-08   410
  3.957868e+00   1.944819e-06   1.284749e-03   7.490182e-08   576
  3.961879e+00   1.935649e-06   1.855368e-05   1.356624e-07   198
  3.965528e+00   1.838231e-06   1.272780e-03   1.026660e-07   248
  3.969917e+00   2.069673e-06   8.019490e-04   2.835256e-07   74
  3.973198e+00   1.889806e-06   1.252635e-03   2.299415e-07   48
  3.977405e+00   3.069993e-06   5.034095e-08   2.879689e-07   6
