# power spectrum of phi_prime/H (dimensionless)
# redshift z=9.951253
# k              Pk             sigma(k)       sigma(Pk)      count
  5.727314e-03   5.192283e-15   8.763345e-04   1.137653e-15   18
  1.001182e-02   9.645391e-15   1.059922e-03   1.270870e-15   62
  1.393445e-02   9.419450e-15   7.332271e-04   1.177659e-15   90
  1.764809e-02   1.107061e-14   1.157232e-03   7.085681e-16   170
  2.151286e-02   1.134709e-14   1.202795e-03   7.169610e-16   246
  2.528669e-02   1.555876e-14   1.146703e-03   8.086487e-16   338
  2.901099e-02   1.819031e-14   9.857564e-04   9.658610e-16   432
  3.284683e-02   2.414099e-14   1.010047e-03   9.883513e-16   578
  3.688195e-02   2.776769e-14   1.177086e-03   1.141083e-15   786
  4.101464e-02   3.136757e-14   1.190994e-03   1.080825e-15   974
  4.488954e-02   3.713458e-14   1.031402e-03   1.116886e-15   1002
  4.870958e-02   3.514720e-14   1.179303e-03   1.023750e-15   1334
  5.263577e-02   4.156463e-14   1.134676e-03   1.059223e-15   1458
  5.631027e-02   3.971466e-14   1.072446e-03   1.033099e-15   1604
  6.010158e-02   4.427204e-14   1.088865e-03   9.401780e-16   1974
  6.404851e-02   5.062190e-14   1.067989e-03   1.058144e-15   2234
  6.795611e-02   4.435059e-14   1.092954e-03   8.945167e-16   2490
  7.198483e-02   5.001531e-14   1.200217e-03   9.205778e-16   3014
  7.595394e-02   5.233960e-14   1.093611e-03   9.139185e-16   3018
  7.977896e-02   5.348667e-14   1.131598e-03   8.731014e-16   3446
  8.359600e-02   5.307416e-14   1.085617e-03   9.550527e-16   3626
  8.742004e-02   5.586007e-14   1.125556e-03   8.572190e-16   4164
  9.130612e-02   5.659523e-14   1.090740e-03   8.681564e-16   4470
  9.521636e-02   5.878551e-14   1.115446e-03   8.549506e-16   4970
  9.915211e-02   5.892762e-14   1.127844e-03   8.129154e-16   5366
  1.030785e-01   5.902186e-14   1.144516e-03   7.769462e-16   5778
  1.069619e-01   5.806818e-14   1.149148e-03   7.439804e-16   6162
  1.108671e-01   5.862357e-14   1.158272e-03   7.021579e-16   6734
  1.146806e-01   5.917078e-14   1.074898e-03   7.399387e-16   6756
  1.184510e-01   5.838222e-14   1.088568e-03   6.926982e-16   7502
  1.223464e-01   5.874326e-14   1.105366e-03   6.578270e-16   8154
  1.262469e-01   5.987235e-14   1.103283e-03   6.491477e-16   8618
  1.301909e-01   5.841671e-14   1.146655e-03   6.137218e-16   9390
  1.341197e-01   6.059587e-14   1.126004e-03   6.038289e-16   9722
  1.380051e-01   5.966824e-14   1.126950e-03   5.846870e-16   10242
  1.419007e-01   5.972207e-14   1.149257e-03   5.714718e-16   11006
  1.457777e-01   5.853102e-14   1.106962e-03   5.488475e-16   11348
  1.496576e-01   5.827984e-14   1.105725e-03   5.270762e-16   12150
  1.535164e-01   5.789790e-14   1.078348e-03   5.278937e-16   12498
  1.574072e-01   5.959569e-14   1.129889e-03   5.111768e-16   13586
  1.613096e-01   5.823815e-14   1.132072e-03   5.031891e-16   14006
  1.652381e-01   5.716847e-14   1.166232e-03   4.712953e-16   15162
  1.691226e-01   5.728592e-14   1.101754e-03   4.735114e-16   14990
  1.729750e-01   5.569220e-14   1.143142e-03   4.357281e-16   16380
  1.768610e-01   5.765141e-14   1.105581e-03   4.514290e-16   16666
  1.807168e-01   5.559492e-14   1.110348e-03   4.196449e-16   17638
  1.845996e-01   5.591078e-14   1.100521e-03   4.150543e-16   18354
  1.884710e-01   5.459211e-14   1.102640e-03   3.960962e-16   19034
  1.923685e-01   5.582859e-14   1.144302e-03   3.979732e-16   20270
  1.963174e-01   5.503721e-14   1.155956e-03   3.918639e-16   21258
  2.002141e-01   5.447976e-14   1.111898e-03   3.676943e-16   21350
  2.040863e-01   5.466631e-14   1.123159e-03   3.705019e-16   22644
  2.079681e-01   5.297931e-14   1.101476e-03   3.537662e-16   23114
  2.118390e-01   5.326410e-14   1.118265e-03   3.422612e-16   24342
  2.157382e-01   5.277084e-14   1.117694e-03   3.380779e-16   25194
  2.196235e-01   5.212701e-14   1.116195e-03   3.286939e-16   25982
  2.234724e-01   5.230188e-14   1.109599e-03   3.248323e-16   26506
  2.273806e-01   5.202791e-14   1.167806e-03   3.112386e-16   28738
  2.312750e-01   5.111272e-14   1.110542e-03   3.102630e-16   28296
  2.351662e-01   5.121409e-14   1.143823e-03   2.973888e-16   30554
  2.390501e-01   5.057881e-14   1.084103e-03   2.937267e-16   30094
  2.428824e-01   4.959309e-14   1.109820e-03   2.791856e-16   31738
  2.467836e-01   4.963109e-14   1.134747e-03   2.762333e-16   33306
  2.506613e-01   4.876891e-14   1.104153e-03   2.664973e-16   33422
  2.545365e-01   4.878360e-14   1.131527e-03   2.644878e-16   35298
  2.584714e-01   4.811750e-14   1.143069e-03   2.566069e-16   36650
  2.623670e-01   4.752417e-14   1.115532e-03   2.470206e-16   36888
  2.662651e-01   4.710590e-14   1.131896e-03   2.416044e-16   38834
  2.701697e-01   4.705566e-14   1.107355e-03   2.421308e-16   39246
  2.740453e-01   4.617763e-14   1.111777e-03   2.347859e-16   40466
  2.778984e-01   4.618903e-14   1.108403e-03   2.305055e-16   41106
  2.817847e-01   4.606768e-14   1.145602e-03   2.250084e-16   43598
  2.856833e-01   4.608931e-14   1.116308e-03   2.257901e-16   43650
  2.895471e-01   4.528667e-14   1.120907e-03   2.168711e-16   45272
  2.934575e-01   4.487698e-14   1.131740e-03   2.134293e-16   46994
  2.973636e-01   4.441786e-14   1.124346e-03   2.090618e-16   47850
  3.012447e-01   4.395116e-14   1.115858e-03   2.065119e-16   48846
  3.051030e-01   4.335863e-14   1.105642e-03   1.991671e-16   49706
  3.089532e-01   4.349302e-14   1.113265e-03   1.965086e-16   51198
  3.128464e-01   4.296141e-14   1.134266e-03   1.910082e-16   53402
  3.167281e-01   4.283371e-14   1.111145e-03   1.890336e-16   53634
  3.206428e-01   4.236177e-14   1.143806e-03   1.821943e-16   56888
  3.245618e-01   4.236436e-14   1.106794e-03   1.819706e-16   56474
  3.284581e-01   4.124342e-14   1.130606e-03   1.735073e-16   58962
  3.323510e-01   4.138803e-14   1.114731e-03   1.729557e-16   59214
  3.362265e-01   4.151561e-14   1.127963e-03   1.710394e-16   61250
  3.400938e-01   4.102127e-14   1.110759e-03   1.696949e-16   61694
  3.439480e-01   3.988833e-14   1.120230e-03   1.647234e-16   63618
  3.478512e-01   4.004020e-14   1.140078e-03   1.608576e-16   66284
  3.517691e-01   3.971109e-14   1.123324e-03   1.576300e-16   67014
  3.556494e-01   3.953483e-14   1.113722e-03   1.554689e-16   67930
  3.595371e-01   3.954035e-14   1.127426e-03   1.545974e-16   70294
  3.634200e-01   3.891345e-14   1.114424e-03   1.510902e-16   70658
  3.672742e-01   3.851543e-14   1.121955e-03   1.497851e-16   72522
  3.711539e-01   3.838679e-14   1.125103e-03   1.454570e-16   74550
  3.750359e-01   3.763849e-14   1.112832e-03   1.418782e-16   75674
  3.789191e-01   3.754089e-14   1.116846e-03   1.415158e-16   77708
  3.828461e-01   3.746679e-14   1.136191e-03   1.368134e-16   80622
  3.867545e-01   3.694395e-14   1.112810e-03   1.343199e-16   80330
  3.906423e-01   3.677668e-14   1.128269e-03   1.333820e-16   82974
  3.945313e-01   3.665379e-14   1.118618e-03   1.326821e-16   83666
  3.984084e-01   3.634222e-14   1.126394e-03   1.304032e-16   85746
  4.022765e-01   3.612236e-14   1.118427e-03   1.286425e-16   86702
  4.061542e-01   3.578882e-14   1.126154e-03   1.245418e-16   89556
  4.100569e-01   3.589508e-14   1.118519e-03   1.236026e-16   91038
  4.139484e-01   3.521028e-14   1.117921e-03   1.205321e-16   92522
  4.178268e-01   3.515489e-14   1.119569e-03   1.198125e-16   94034
  4.217415e-01   3.485890e-14   1.145339e-03   1.168894e-16   97758
  4.256173e-01   3.446740e-14   1.103600e-03   1.171962e-16   95770
  4.294627e-01   3.423407e-14   1.123790e-03   1.125985e-16   99646
  4.333400e-01   3.408936e-14   1.115333e-03   1.131601e-16   100980
  4.372362e-01   3.399639e-14   1.127284e-03   1.106159e-16   104258
  4.411386e-01   3.362603e-14   1.114910e-03   1.088579e-16   104998
  4.450377e-01   3.345969e-14   1.124073e-03   1.070529e-16   107866
  4.489311e-01   3.325517e-14   1.113184e-03   1.059378e-16   108154
  4.528161e-01   3.306210e-14   1.135370e-03   1.041613e-16   111622
  4.567076e-01   3.278701e-14   1.122976e-03   1.034627e-16   112146
  4.605727e-01   3.251465e-14   1.119518e-03   1.010395e-16   114014
  4.644440e-01   3.231756e-14   1.115906e-03   9.990713e-17   116220
  4.683319e-01   3.225724e-14   1.119789e-03   9.913058e-17   118682
  4.722291e-01   3.221464e-14   1.126606e-03   9.844817e-17   121118
  4.761348e-01   3.173168e-14   1.124808e-03   9.489607e-17   122994
  4.800157e-01   3.154088e-14   1.114862e-03   9.564871e-17   123574
  4.838959e-01   3.125169e-14   1.131276e-03   9.297916e-17   126922
  4.877763e-01   3.098481e-14   1.124735e-03   9.178700e-17   127906
  4.916481e-01   3.086386e-14   1.121767e-03   9.080538e-17   130432
  4.955333e-01   3.084656e-14   1.114812e-03   9.075109e-17   132642
  4.994186e-01   3.066154e-14   1.110800e-03   8.959536e-17   134534
  5.033164e-01   3.026078e-14   1.124671e-03   8.755731e-17   137778
  5.072392e-01   2.987630e-14   1.135312e-03   8.443149e-17   140786
  5.111285e-01   3.012559e-14   1.110620e-03   8.556905e-17   139590
  5.149976e-01   2.983340e-14   1.125619e-03   8.414370e-17   143546
  5.188865e-01   2.951474e-14   1.125142e-03   8.249297e-17   145338
  5.227635e-01   2.949947e-14   1.120484e-03   8.293122e-17   147272
  5.266520e-01   2.923278e-14   1.122335e-03   8.105924e-17   150330
  5.305485e-01   2.913837e-14   1.118234e-03   8.057046e-17   152318
  5.344262e-01   2.878422e-14   1.111066e-03   7.889677e-17   153202
  5.383243e-01   2.852563e-14   1.138693e-03   7.689834e-17   158626
  5.422165e-01   2.853290e-14   1.116855e-03   7.790039e-17   157350
  5.460935e-01   2.819350e-14   1.131200e-03   7.526921e-17   161906
  5.499589e-01   2.833274e-14   1.105071e-03   7.557204e-17   160872
  5.538418e-01   2.800733e-14   1.133375e-03   7.423759e-17   167858
  5.577463e-01   2.804635e-14   1.114977e-03   7.423247e-17   167514
  5.616201e-01   2.766714e-14   1.113803e-03   7.300010e-17   169862
  5.655108e-01   2.744076e-14   1.124453e-03   7.145094e-17   173602
  5.694083e-01   2.736522e-14   1.123533e-03   7.117219e-17   175258
  5.732959e-01   2.723076e-14   1.127164e-03   7.017313e-17   177654
  5.771897e-01   2.701977e-14   1.130949e-03   6.950953e-17   180698
  5.810773e-01   2.690778e-14   1.119005e-03   6.872485e-17   181968
  5.849616e-01   2.668215e-14   1.118541e-03   6.816367e-17   184850
  5.888448e-01   2.667170e-14   1.119144e-03   6.695441e-17   187034
  5.927421e-01   2.653705e-14   1.129966e-03   6.631652e-17   191238
  5.966308e-01   2.626732e-14   1.116348e-03   6.580220e-17   191042
  6.005065e-01   2.609835e-14   1.126286e-03   6.441590e-17   195102
  6.043812e-01   2.591710e-14   1.117515e-03   6.421125e-17   195786
  6.082630e-01   2.568922e-14   1.131649e-03   6.272440e-17   201164
  6.121481e-01   2.586836e-14   1.112645e-03   6.381954e-17   201070
  6.160242e-01   2.555203e-14   1.118305e-03   6.203862e-17   205234
  6.199111e-01   2.566066e-14   1.116352e-03   6.206853e-17   207342
  6.237987e-01   2.508691e-14   1.121735e-03   5.984481e-17   210602
  6.276909e-01   2.513172e-14   1.124203e-03   6.011477e-17   213130
  6.315953e-01   2.506096e-14   1.133190e-03   5.912995e-17   217318
  6.354807e-01   2.462436e-14   1.113546e-03   5.831458e-17   216306
  6.393491e-01   2.484993e-14   1.119403e-03   5.880527e-17   220652
  6.432430e-01   2.476814e-14   1.124854e-03   5.788627e-17   224502
  6.471454e-01   2.443522e-14   1.125081e-03   5.669976e-17   227186
  6.510345e-01   2.427565e-14   1.118193e-03   5.621333e-17   228398
  6.549165e-01   2.426449e-14   1.122259e-03   5.600745e-17   231642
  6.587972e-01   2.417607e-14   1.122763e-03   5.559124e-17   233946
  6.626908e-01   2.392759e-14   1.132956e-03   5.466177e-17   238694
  6.665707e-01   2.377400e-14   1.114640e-03   5.445135e-17   238068
  6.704525e-01   2.383357e-14   1.124042e-03   5.429282e-17   244190
  6.743498e-01   2.356975e-14   1.116752e-03   5.305714e-17   245362
  6.782313e-01   2.363017e-14   1.120102e-03   5.320326e-17   248362
  6.821206e-01   2.339303e-14   1.124509e-03   5.239875e-17   251966
  6.860099e-01   2.322761e-14   1.120649e-03   5.155709e-17   254034
  6.898855e-01   2.310570e-14   1.117172e-03   5.123001e-17   255818
  6.937781e-01   2.287704e-14   1.132899e-03   5.031051e-17   262254
  6.976722e-01   2.298921e-14   1.116974e-03   5.092608e-17   261980
  7.015718e-01   2.275136e-14   1.129534e-03   4.927952e-17   268566
  7.054538e-01   2.273169e-14   1.104857e-03   5.000718e-17   265538
  7.093286e-01   2.255580e-14   1.128000e-03   4.889719e-17   273330
  7.132165e-01   2.247180e-14   1.121481e-03   4.845630e-17   273718
  7.171069e-01   2.228085e-14   1.132652e-03   4.776551e-17   279658
  7.209986e-01   2.214985e-14   1.120025e-03   4.768140e-17   279670
  7.248700e-01   2.214775e-14   1.119062e-03   4.739941e-17   282964
  7.287608e-01   2.211113e-14   1.126489e-03   4.702432e-17   288362
  7.326540e-01   2.198765e-14   1.118613e-03   4.664584e-17   289686
  7.365333e-01   2.175461e-14   1.116235e-03   4.551340e-17   292234
  7.404015e-01   2.158013e-14   1.112765e-03   4.566638e-17   294190
  7.442845e-01   2.164313e-14   1.127923e-03   4.517048e-17   300642
  7.481851e-01   2.141932e-14   1.128116e-03   4.453095e-17   303386
  7.520700e-01   2.141192e-14   1.119257e-03   4.456765e-17   304662
  7.559583e-01   2.126191e-14   1.122290e-03   4.386594e-17   309812
  7.598513e-01   2.120651e-14   1.117608e-03   4.380647e-17   311714
  7.637547e-01   2.109811e-14   1.130270e-03   4.317400e-17   318126
  7.676398e-01   2.100466e-14   1.111035e-03   4.306636e-17   315114
  7.715118e-01   2.099488e-14   1.127143e-03   4.265509e-17   322622
  7.753932e-01   2.074210e-14   1.117154e-03   4.205481e-17   322850
  7.792787e-01   2.068095e-14   1.131101e-03   4.160437e-17   329802
  7.831716e-01   2.054272e-14   1.123851e-03   4.147727e-17   331104
  7.870696e-01   2.054789e-14   1.127607e-03   4.097337e-17   336986
  7.909587e-01   2.050476e-14   1.111055e-03   4.117054e-17   335870
  7.948355e-01   2.037829e-14   1.120862e-03   4.069256e-17   341610
  7.987215e-01   2.024013e-14   1.121955e-03   4.005838e-17   344370
  8.026031e-01   2.018871e-14   1.122207e-03   4.009309e-17   347606
  8.064886e-01   2.005800e-14   1.124033e-03   3.979963e-17   351650
  8.103706e-01   1.997502e-14   1.118654e-03   3.921278e-17   353760
  8.142669e-01   1.986811e-14   1.129493e-03   3.867722e-17   360970
  8.181738e-01   1.982811e-14   1.123124e-03   3.862487e-17   362818
  8.220521e-01   1.976892e-14   1.110144e-03   3.879585e-17   362334
  8.259414e-01   1.963099e-14   1.129348e-03   3.787660e-17   371642
  8.298275e-01   1.951818e-14   1.114584e-03   3.766250e-17   368778
  8.337006e-01   1.945250e-14   1.128744e-03   3.740588e-17   376526
  8.375857e-01   1.929808e-14   1.121330e-03   3.707168e-17   377786
  8.414675e-01   1.928883e-14   1.123524e-03   3.672364e-17   382968
  8.453573e-01   1.923760e-14   1.120822e-03   3.664283e-17   386146
  8.492503e-01   1.908247e-14   1.124050e-03   3.633239e-17   390826
  8.531392e-01   1.906084e-14   1.119718e-03   3.599191e-17   392662
  8.570302e-01   1.893320e-14   1.125822e-03   3.565799e-17   398242
  8.609051e-01   1.884536e-14   1.111972e-03   3.568218e-17   396726
  8.647781e-01   1.870027e-14   1.124714e-03   3.488314e-17   404738
  8.686664e-01   1.871434e-14   1.122897e-03   3.494819e-17   407628
  8.725545e-01   1.863477e-14   1.121536e-03   3.479166e-17   411734
  8.764395e-01   1.853676e-14   1.117149e-03   3.430467e-17   414242
  8.803359e-01   1.845909e-14   1.126317e-03   3.413957e-17   421434
  8.842333e-01   1.837661e-14   1.120273e-03   3.381590e-17   421918
  8.881244e-01   1.831335e-14   1.128330e-03   3.375473e-17   427810
  8.920157e-01   1.816948e-14   1.123036e-03   3.321067e-17   429470
  8.958948e-01   1.810957e-14   1.119658e-03   3.305535e-17   432282
  8.997746e-01   1.811058e-14   1.122449e-03   3.308299e-17   437260
  9.036583e-01   1.803067e-14   1.120747e-03   3.277434e-17   440758
  9.075489e-01   1.794316e-14   1.124778e-03   3.232639e-17   446370
  9.114474e-01   1.783451e-14   1.123943e-03   3.207944e-17   450182
  9.153288e-01   1.777553e-14   1.115142e-03   3.209686e-17   449850
  9.192089e-01   1.766146e-14   1.127357e-03   3.155744e-17   457898
  9.230929e-01   1.761836e-14   1.119604e-03   3.163243e-17   458662
  9.269737e-01   1.758547e-14   1.121722e-03   3.119715e-17   464620
  9.308545e-01   1.751600e-14   1.114316e-03   3.136221e-17   466302
  9.347441e-01   1.750320e-14   1.124571e-03   3.104458e-17   474314
  9.386369e-01   1.739120e-14   1.120021e-03   3.076164e-17   475530
  9.425348e-01   1.723729e-14   1.129051e-03   3.030287e-17   483206
  9.464328e-01   1.727572e-14   1.121669e-03   3.034914e-17   483530
  9.503142e-01   1.716460e-14   1.121047e-03   3.026582e-17   487002
  9.541966e-01   1.712705e-14   1.124058e-03   2.976697e-17   491774
  9.580774e-01   1.699645e-14   1.120518e-03   2.966711e-17   495084
  9.619601e-01   1.694248e-14   1.119352e-03   2.947736e-17   499438
  9.658473e-01   1.691076e-14   1.122356e-03   2.934179e-17   504682
  9.697357e-01   1.675295e-14   1.121500e-03   2.901811e-17   507738
  9.736321e-01   1.676530e-14   1.130456e-03   2.889040e-17   515174
  9.775214e-01   1.670280e-14   1.119580e-03   2.875112e-17   514234
  9.813957e-01   1.665450e-14   1.119450e-03   2.855388e-17   519022
  9.852705e-01   1.649694e-14   1.117281e-03   2.818080e-17   522636
  9.891535e-01   1.645297e-14   1.121739e-03   2.802469e-17   529442
  9.930474e-01   1.640296e-14   1.122647e-03   2.786542e-17   534078
  9.969375e-01   1.644482e-14   1.118397e-03   2.798271e-17   536666
  1.000817e+00   1.632207e-14   1.116716e-03   2.768985e-17   539142
  1.004715e+00   1.621711e-14   1.134178e-03   2.724651e-17   550658
  1.008615e+00   1.615883e-14   1.121935e-03   2.727321e-17   548298
  1.012495e+00   1.611648e-14   1.123048e-03   2.703613e-17   553694
  1.016374e+00   1.613463e-14   1.116375e-03   2.709634e-17   556116
  1.020264e+00   1.604664e-14   1.125051e-03   2.677118e-17   564890
  1.024148e+00   1.589334e-14   1.116141e-03   2.661679e-17   563718
  1.028036e+00   1.585965e-14   1.128568e-03   2.630875e-17   574298
  1.031929e+00   1.579121e-14   1.120551e-03   2.617469e-17   573966
  1.035814e+00   1.577209e-14   1.126024e-03   2.611713e-17   580586
  1.039699e+00   1.568040e-14   1.122029e-03   2.595390e-17   582666
  1.043587e+00   1.568637e-14   1.125959e-03   2.598418e-17   590648
  1.047474e+00   1.567045e-14   1.114820e-03   2.588290e-17   590394
  1.051350e+00   1.556923e-14   1.116684e-03   2.558633e-17   596174
  1.055234e+00   1.549176e-14   1.120236e-03   2.544896e-17   601674
  1.059126e+00   1.542137e-14   1.125352e-03   2.518534e-17   607682
  1.063019e+00   1.538784e-14   1.124350e-03   2.513498e-17   611166
  1.066910e+00   1.526500e-14   1.124099e-03   2.479669e-17   615626
  1.070791e+00   1.526204e-14   1.119456e-03   2.462735e-17   617290
  1.074678e+00   1.522561e-14   1.126011e-03   2.465340e-17   626344
  1.078566e+00   1.521668e-14   1.117274e-03   2.455793e-17   626658
  1.082451e+00   1.514463e-14   1.122467e-03   2.441412e-17   634022
  1.086331e+00   1.504177e-14   1.116124e-03   2.423455e-17   634554
  1.090218e+00   1.498177e-14   1.128467e-03   2.392606e-17   645026
  1.094107e+00   1.496081e-14   1.122446e-03   2.386898e-17   645102
  1.097993e+00   1.488869e-14   1.126954e-03   2.362095e-17   653018
  1.101879e+00   1.486663e-14   1.119089e-03   2.364979e-17   654384
  1.105770e+00   1.482872e-14   1.123901e-03   2.354727e-17   663194
  1.109660e+00   1.475855e-14   1.117576e-03   2.334933e-17   663834
  1.113540e+00   1.477805e-14   1.118796e-03   2.346621e-17   669158
  1.117424e+00   1.463654e-14   1.120650e-03   2.307150e-17   674490
  1.121304e+00   1.461793e-14   1.118416e-03   2.306021e-17   677222
  1.125193e+00   1.453395e-14   1.128225e-03   2.277430e-17   686874
  1.129092e+00   1.441967e-14   1.126811e-03   2.254392e-17   690722
  1.132980e+00   1.447589e-14   1.118907e-03   2.274797e-17   692008
  1.136871e+00   1.441605e-14   1.124678e-03   2.240067e-17   701386
  1.140761e+00   1.429040e-14   1.117002e-03   2.225379e-17   700778
  1.144643e+00   1.426650e-14   1.123318e-03   2.225171e-17   708774
  1.148529e+00   1.428254e-14   1.121990e-03   2.214034e-17   711690
  1.152418e+00   1.413993e-14   1.126973e-03   2.181057e-17   719606
  1.156298e+00   1.411641e-14   1.116380e-03   2.189055e-17   717762
  1.160181e+00   1.412415e-14   1.127123e-03   2.170971e-17   730460
  1.164073e+00   1.406720e-14   1.119262e-03   2.165528e-17   731070
  1.167968e+00   1.398840e-14   1.125901e-03   2.143764e-17   741170
  1.171853e+00   1.393725e-14   1.112045e-03   2.134719e-17   737094
  1.175730e+00   1.394217e-14   1.122374e-03   2.128837e-17   747698
  1.179618e+00   1.388072e-14   1.122867e-03   2.121465e-17   751658
  1.183501e+00   1.379964e-14   1.121599e-03   2.113561e-17   755574
  1.187383e+00   1.378290e-14   1.122256e-03   2.101565e-17   761442
  1.191279e+00   1.376573e-14   1.126787e-03   2.086428e-17   770816
  1.195171e+00   1.372784e-14   1.117539e-03   2.082792e-17   769274
  1.199064e+00   1.365146e-14   1.129525e-03   2.055503e-17   782130
  1.202947e+00   1.362222e-14   1.112602e-03   2.068345e-17   775230
  1.206825e+00   1.358935e-14   1.126605e-03   2.047505e-17   789866
  1.210710e+00   1.352549e-14   1.118361e-03   2.035132e-17   787914
  1.214592e+00   1.345438e-14   1.128225e-03   2.010543e-17   799598
  1.218486e+00   1.344605e-14   1.124161e-03   2.011751e-17   802980
  1.222371e+00   1.344475e-14   1.117789e-03   2.019693e-17   805622
  1.226254e+00   1.338117e-14   1.119738e-03   1.992993e-17   812050
  1.230147e+00   1.330762e-14   1.126034e-03   1.969462e-17   820954
  1.234035e+00   1.332868e-14   1.118780e-03   1.982045e-17   820062
  1.237911e+00   1.320124e-14   1.119897e-03   1.955073e-17   826298
  1.241794e+00   1.322813e-14   1.121814e-03   1.961002e-17   833118
  1.245672e+00   1.313919e-14   1.117137e-03   1.942890e-17   834812
  1.249560e+00   1.313647e-14   1.126815e-03   1.931232e-17   847858
  1.253469e+00   1.309908e-14   1.127442e-03   1.924957e-17   854278
  1.257361e+00   1.303863e-14   1.116253e-03   1.929098e-17   850978
  1.261241e+00   1.297066e-14   1.121687e-03   1.912134e-17   859186
  1.265131e+00   1.298919e-14   1.127494e-03   1.900609e-17   867126
  1.269018e+00   1.288646e-14   1.121886e-03   1.887166e-17   868274
  1.272897e+00   1.286896e-14   1.120976e-03   1.881266e-17   873606
  1.276776e+00   1.283941e-14   1.119398e-03   1.876980e-17   879284
  1.280663e+00   1.283982e-14   1.122355e-03   1.870304e-17   887170
  1.284564e+00   1.276050e-14   1.128693e-03   1.855586e-17   897526
  1.288458e+00   1.269444e-14   1.117587e-03   1.842576e-17   894258
  1.292341e+00   1.269396e-14   1.122714e-03   1.839304e-17   903374
  1.296223e+00   1.263559e-14   1.118323e-03   1.820196e-17   904338
  1.300103e+00   1.258068e-14   1.123719e-03   1.808337e-17   913586
  1.303982e+00   1.259351e-14   1.118150e-03   1.816275e-17   915416
  1.307871e+00   1.255517e-14   1.124217e-03   1.807054e-17   928122
  1.311759e+00   1.248535e-14   1.115167e-03   1.791555e-17   926094
  1.315654e+00   1.245435e-14   1.130093e-03   1.781420e-17   942890
  1.319549e+00   1.240868e-14   1.118827e-03   1.779156e-17   937266
  1.323433e+00   1.237033e-14   1.126506e-03   1.760227e-17   948854
  1.327319e+00   1.235670e-14   1.120121e-03   1.764421e-17   948714
  1.331197e+00   1.232823e-14   1.122687e-03   1.754731e-17   956186
  1.335082e+00   1.229957e-14   1.124444e-03   1.746255e-17   964272
  1.338973e+00   1.225347e-14   1.121587e-03   1.730045e-17   969458
  1.342859e+00   1.225693e-14   1.118296e-03   1.741467e-17   972750
  1.346749e+00   1.219184e-14   1.124460e-03   1.721817e-17   982706
  1.350635e+00   1.212896e-14   1.119858e-03   1.712535e-17   982906
  1.354527e+00   1.208574e-14   1.129306e-03   1.701117e-17   996622
  1.358414e+00   1.208308e-14   1.117989e-03   1.706899e-17   992378
  1.362284e+00   1.204770e-14   1.117150e-03   1.697211e-17   999000
  1.366168e+00   1.202501e-14   1.122014e-03   1.679160e-17   1010114
  1.370061e+00   1.201353e-14   1.121750e-03   1.684522e-17   1015722
  1.373948e+00   1.196697e-14   1.119290e-03   1.669830e-17   1018742
  1.377843e+00   1.194665e-14   1.127371e-03   1.662277e-17   1031250
  1.381733e+00   1.194817e-14   1.118461e-03   1.676136e-17   1027226
  1.385615e+00   1.183859e-14   1.126435e-03   1.647416e-17   1039734
  1.389500e+00   1.184578e-14   1.120654e-03   1.649921e-17   1039914
  1.393382e+00   1.179640e-14   1.123683e-03   1.633476e-17   1050272
  1.397267e+00   1.176669e-14   1.117473e-03   1.634635e-17   1052306
  1.401154e+00   1.176037e-14   1.122308e-03   1.633563e-17   1062666
  1.405045e+00   1.170706e-14   1.122401e-03   1.616357e-17   1067262
  1.408935e+00   1.169440e-14   1.123952e-03   1.611423e-17   1073906
  1.412823e+00   1.164057e-14   1.122463e-03   1.604315e-17   1078190
  1.416712e+00   1.160301e-14   1.124033e-03   1.599044e-17   1085634
  1.420592e+00   1.158784e-14   1.117456e-03   1.596347e-17   1085508
  1.424480e+00   1.159618e-14   1.126594e-03   1.589205e-17   1101926
  1.428369e+00   1.156330e-14   1.116061e-03   1.589907e-17   1098322
  1.432252e+00   1.153544e-14   1.121199e-03   1.575545e-17   1109878
  1.436144e+00   1.146224e-14   1.122554e-03   1.559407e-17   1115338
  1.440035e+00   1.144196e-14   1.125793e-03   1.557281e-17   1122586
  1.443924e+00   1.145238e-14   1.123292e-03   1.560815e-17   1125862
  1.447810e+00   1.137462e-14   1.122976e-03   1.543118e-17   1132498
  1.451691e+00   1.138675e-14   1.119415e-03   1.549496e-17   1135444
  1.455573e+00   1.132975e-14   1.122581e-03   1.544089e-17   1145374
  1.459464e+00   1.134273e-14   1.123383e-03   1.536392e-17   1152698
  1.463354e+00   1.125719e-14   1.121349e-03   1.520831e-17   1157046
  1.467236e+00   1.127302e-14   1.119148e-03   1.524737e-17   1160226
  1.471127e+00   1.119127e-14   1.127743e-03   1.504284e-17   1174346
  1.475014e+00   1.116704e-14   1.119897e-03   1.503001e-17   1171462
  1.478897e+00   1.116264e-14   1.124033e-03   1.503876e-17   1183828
  1.482778e+00   1.117520e-14   1.114458e-03   1.514165e-17   1181822
  1.486657e+00   1.114753e-14   1.120779e-03   1.491664e-17   1194930
  1.490547e+00   1.108846e-14   1.122593e-03   1.485083e-17   1202010
  1.494437e+00   1.108255e-14   1.122115e-03   1.484864e-17   1207166
  1.498326e+00   1.103549e-14   1.123291e-03   1.475738e-17   1214106
  1.502209e+00   1.099190e-14   1.118748e-03   1.462308e-17   1215302
  1.506095e+00   1.101440e-14   1.126666e-03   1.465147e-17   1229274
  1.509994e+00   1.097273e-14   1.126873e-03   1.456814e-17   1236164
  1.513882e+00   1.094809e-14   1.118916e-03   1.455929e-17   1235326
  1.517764e+00   1.091553e-14   1.120265e-03   1.446300e-17   1244026
  1.521647e+00   1.091103e-14   1.120382e-03   1.445512e-17   1249154
  1.525536e+00   1.087598e-14   1.126025e-03   1.433602e-17   1260558
  1.529421e+00   1.084670e-14   1.119984e-03   1.436265e-17   1260394
  1.533310e+00   1.082364e-14   1.125848e-03   1.424244e-17   1274758
  1.537193e+00   1.081569e-14   1.115594e-03   1.436783e-17   1270188
  1.541083e+00   1.079586e-14   1.128008e-03   1.414897e-17   1291202
  1.544971e+00   1.077369e-14   1.115149e-03   1.421101e-17   1282654
  1.548850e+00   1.073417e-14   1.122198e-03   1.409879e-17   1298242
  1.552739e+00   1.070075e-14   1.120395e-03   1.405586e-17   1301774
  1.556625e+00   1.065750e-14   1.123165e-03   1.394545e-17   1309770
  1.560512e+00   1.065555e-14   1.123502e-03   1.392758e-17   1315714
  1.564403e+00   1.063574e-14   1.124924e-03   1.384576e-17   1325110
  1.568290e+00   1.062974e-14   1.118940e-03   1.391042e-17   1326012
  1.572174e+00   1.060547e-14   1.122090e-03   1.383032e-17   1336154
  1.576069e+00   1.058855e-14   1.126474e-03   1.381402e-17   1347334
  1.579958e+00   1.054582e-14   1.119782e-03   1.370593e-17   1345354
  1.583833e+00   1.052407e-14   1.119555e-03   1.370101e-17   1350998
  1.587719e+00   1.051581e-14   1.125829e-03   1.363764e-17   1365546
  1.591609e+00   1.046203e-14   1.122088e-03   1.348710e-17   1367474
  1.595497e+00   1.046436e-14   1.123693e-03   1.357356e-17   1377984
  1.599384e+00   1.047075e-14   1.118321e-03   1.355676e-17   1379394
  1.603272e+00   1.043151e-14   1.123056e-03   1.343557e-17   1392230
  1.607160e+00   1.042694e-14   1.118740e-03   1.341766e-17   1392634
  1.611042e+00   1.040404e-14   1.122441e-03   1.342738e-17   1402666
  1.614928e+00   1.033668e-14   1.122269e-03   1.327871e-17   1408502
  1.618814e+00   1.028311e-14   1.122041e-03   1.319832e-17   1415418
  1.622692e+00   1.031143e-14   1.117068e-03   1.321390e-17   1416856
  1.626588e+00   1.028846e-14   1.130843e-03   1.314327e-17   1442002
  1.630485e+00   1.031055e-14   1.117858e-03   1.326786e-17   1431634
  1.634367e+00   1.024859e-14   1.122585e-03   1.310037e-17   1444606
  1.638250e+00   1.026663e-14   1.118765e-03   1.314269e-17   1445890
  1.642138e+00   1.022446e-14   1.126997e-03   1.305213e-17   1462210
  1.646026e+00   1.019651e-14   1.120901e-03   1.304973e-17   1459590
  1.649907e+00   1.016129e-14   1.123856e-03   1.291370e-17   1471226
  1.653797e+00   1.019564e-14   1.123379e-03   1.295851e-17   1480072
  1.657690e+00   1.016415e-14   1.121364e-03   1.293833e-17   1486594
  1.661576e+00   1.012132e-14   1.118520e-03   1.286688e-17   1488882
  1.665461e+00   1.011367e-14   1.123128e-03   1.282638e-17   1500854
  1.669353e+00   1.010259e-14   1.123083e-03   1.276411e-17   1506874
  1.673232e+00   1.005059e-14   1.117624e-03   1.269764e-17   1506094
  1.677111e+00   1.006055e-14   1.122855e-03   1.272187e-17   1519682
  1.680997e+00   1.006204e-14   1.122626e-03   1.271339e-17   1526724
  1.684890e+00   1.006356e-14   1.125240e-03   1.267908e-17   1539038
  1.688782e+00   1.000259e-14   1.119859e-03   1.258191e-17   1539810
  1.692664e+00   1.003141e-14   1.119007e-03   1.265151e-17   1545046
  1.696554e+00   9.971148e-15   1.126236e-03   1.255481e-17   1560538
  1.700441e+00   9.946024e-15   1.120507e-03   1.247218e-17   1557506
  1.704322e+00   9.937069e-15   1.124114e-03   1.248453e-17   1570062
  1.708203e+00   9.930246e-15   1.119253e-03   1.247846e-17   1571290
  1.712089e+00   9.922322e-15   1.124856e-03   1.238209e-17   1588228
  1.715982e+00   9.919553e-15   1.121250e-03   1.246102e-17   1591046
  1.719873e+00   9.863443e-15   1.123715e-03   1.230335e-17   1602474
  1.723761e+00   9.849692e-15   1.118014e-03   1.233898e-17   1601646
  1.727642e+00   9.853268e-15   1.120550e-03   1.224517e-17   1611266
  1.731523e+00   9.812151e-15   1.120678e-03   1.220774e-17   1616634
  1.735410e+00   9.796536e-15   1.126166e-03   1.219456e-17   1631366
  1.739297e+00   9.819506e-15   1.119655e-03   1.222097e-17   1631028
  1.743180e+00   9.816119e-15   1.119854e-03   1.221239e-17   1641446
  1.747073e+00   9.762528e-15   1.124208e-03   1.208576e-17   1654234
  1.750973e+00   9.747589e-15   1.126198e-03   1.205867e-17   1662874
  1.754858e+00   9.747501e-15   1.117471e-03   1.204414e-17   1656686
  1.758736e+00   9.732000e-15   1.122008e-03   1.204480e-17   1670898
  1.762622e+00   9.721575e-15   1.123056e-03   1.203125e-17   1678074
  1.766507e+00   9.693902e-15   1.123311e-03   1.199824e-17   1685198
  1.770393e+00   9.684814e-15   1.122996e-03   1.192438e-17   1694524
  1.774282e+00   9.700876e-15   1.120709e-03   1.190624e-17   1701334
  1.778171e+00   9.655051e-15   1.120908e-03   1.184136e-17   1709386
  1.782064e+00   9.636627e-15   1.123720e-03   1.181682e-17   1719994
  1.785953e+00   9.634612e-15   1.121006e-03   1.185240e-17   1721510
  1.789842e+00   9.645725e-15   1.124974e-03   1.183753e-17   1734978
  1.793722e+00   9.600121e-15   1.116124e-03   1.178265e-17   1728646
  1.797599e+00   9.563596e-15   1.122713e-03   1.171463e-17   1746868
  1.801486e+00   9.604511e-15   1.121127e-03   1.177332e-17   1752922
  1.805380e+00   9.565549e-15   1.125234e-03   1.168449e-17   1767862
  1.809271e+00   9.583211e-15   1.119301e-03   1.170401e-17   1765698
  1.813160e+00   9.557720e-15   1.125035e-03   1.162597e-17   1781270
  1.817049e+00   9.539212e-15   1.121176e-03   1.164637e-17   1780650
  1.820932e+00   9.511113e-15   1.124142e-03   1.157508e-17   1792418
  1.824813e+00   9.501207e-15   1.119388e-03   1.160385e-17   1792790
  1.828696e+00   9.502178e-15   1.123591e-03   1.157297e-17   1809852
  1.832585e+00   9.519700e-15   1.120140e-03   1.159505e-17   1812666
  1.836475e+00   9.474861e-15   1.124777e-03   1.149125e-17   1827614
  1.840367e+00   9.463577e-15   1.121640e-03   1.152819e-17   1829970
  1.844251e+00   9.440852e-15   1.120370e-03   1.149528e-17   1835030
  1.848131e+00   9.456971e-15   1.119790e-03   1.149631e-17   1841410
  1.852017e+00   9.413964e-15   1.124723e-03   1.135925e-17   1856626
  1.855900e+00   9.437720e-15   1.118305e-03   1.146838e-17   1854656
  1.859782e+00   9.438610e-15   1.121720e-03   1.142817e-17   1870698
  1.863671e+00   9.417000e-15   1.120553e-03   1.138601e-17   1876998
  1.867559e+00   9.405724e-15   1.120979e-03   1.139113e-17   1884458
  1.871445e+00   9.381355e-15   1.122381e-03   1.135585e-17   1891730
  1.875338e+00   9.346420e-15   1.127317e-03   1.122596e-17   1907574
  1.879232e+00   9.338302e-15   1.122851e-03   1.124416e-17   1907730
  1.883115e+00   9.343578e-15   1.120697e-03   1.127162e-17   1912154
  1.886997e+00   9.368320e-15   1.121764e-03   1.130446e-17   1923216
  1.890888e+00   9.349727e-15   1.124326e-03   1.124789e-17   1936562
  1.894776e+00   9.317369e-15   1.119734e-03   1.121401e-17   1936862
  1.898663e+00   9.310805e-15   1.122747e-03   1.115835e-17   1950114
  1.902549e+00   9.308476e-15   1.121089e-03   1.116375e-17   1953306
  1.906439e+00   9.278269e-15   1.125982e-03   1.113549e-17   1968806
  1.910327e+00   9.296250e-15   1.121186e-03   1.117120e-17   1968818
  1.914211e+00   9.302249e-15   1.121720e-03   1.115092e-17   1980624
  1.918097e+00   9.293973e-15   1.118800e-03   1.112847e-17   1985034
  1.921980e+00   9.288337e-15   1.120281e-03   1.110918e-17   1995242
  1.925870e+00   9.252889e-15   1.123830e-03   1.107700e-17   2007742
  1.929759e+00   9.233131e-15   1.121495e-03   1.102557e-17   2010538
  1.933641e+00   9.236220e-15   1.121298e-03   1.102249e-17   2017390
  1.937531e+00   9.227035e-15   1.126602e-03   1.097002e-17   2034346
  1.941413e+00   9.199785e-15   1.117450e-03   1.096910e-17   2025498
  1.945299e+00   9.225460e-15   1.127850e-03   1.097560e-17   2055248
  1.949189e+00   9.229048e-15   1.116586e-03   1.096240e-17   2045090
  1.953070e+00   9.224792e-15   1.121603e-03   1.096771e-17   2062074
  1.956959e+00   9.196086e-15   1.122727e-03   1.090438e-17   2070190
  1.960848e+00   9.214909e-15   1.123891e-03   1.093436e-17   2079226
  1.964734e+00   9.204814e-15   1.122069e-03   1.095930e-17   2083990
  1.968623e+00   9.199515e-15   1.124515e-03   1.095412e-17   2097898
  1.972507e+00   9.166200e-15   1.118548e-03   1.089959e-17   2095452
  1.976394e+00   9.173828e-15   1.124843e-03   1.083396e-17   2117390
  1.980286e+00   9.157018e-15   1.119656e-03   1.083490e-17   2117066
  1.984162e+00   9.146502e-15   1.115140e-03   1.080964e-17   2117238
  1.988045e+00   9.146722e-15   1.124414e-03   1.080294e-17   2140026
  1.991938e+00   9.126531e-15   1.125139e-03   1.078080e-17   2147234
  1.995825e+00   9.151999e-15   1.122378e-03   1.085632e-17   2150118
  1.999710e+00   9.144060e-15   1.122400e-03   1.079120e-17   2160386
  2.003596e+00   9.148017e-15   1.121122e-03   1.079377e-17   2168256
  2.007488e+00   9.126557e-15   1.124409e-03   1.078054e-17   2183306
  2.011378e+00   9.146381e-15   1.120925e-03   1.084177e-17   2184642
  2.015262e+00   9.122780e-15   1.120511e-03   1.077352e-17   2192318
  2.019141e+00   9.136668e-15   1.118713e-03   1.077339e-17   2196066
  2.023031e+00   9.086695e-15   1.127541e-03   1.066827e-17   2220890
  2.026922e+00   9.081196e-15   1.121128e-03   1.068223e-17   2215758
  2.030810e+00   9.108771e-15   1.124804e-03   1.068429e-17   2233988
  2.034697e+00   9.132161e-15   1.118045e-03   1.077432e-17   2231670
  2.038579e+00   9.102539e-15   1.119728e-03   1.069989e-17   2244338
  2.042469e+00   9.098918e-15   1.123477e-03   1.070575e-17   2258610
  2.046358e+00   9.085311e-15   1.121050e-03   1.068568e-17   2260718
  2.050240e+00   9.098613e-15   1.120914e-03   1.074033e-17   2268162
  2.054123e+00   9.091633e-15   1.121571e-03   1.067296e-17   2277494
  2.058008e+00   9.068722e-15   1.123134e-03   1.064450e-17   2288796
  2.061901e+00   9.093475e-15   1.126253e-03   1.070947e-17   2305226
  2.065791e+00   9.108981e-15   1.119672e-03   1.074183e-17   2301630
  2.069679e+00   9.064519e-15   1.123731e-03   1.059700e-17   2319770
  2.073565e+00   9.080748e-15   1.118309e-03   1.068649e-17   2315610
  2.077447e+00   9.070856e-15   1.124236e-03   1.064185e-17   2334662
  2.081332e+00   9.059143e-15   1.120785e-03   1.062805e-17   2335722
  2.085219e+00   9.059947e-15   1.124829e-03   1.058371e-17   2354102
  2.089107e+00   9.081770e-15   1.120313e-03   1.065886e-17   2355156
  2.092998e+00   9.072771e-15   1.124614e-03   1.061409e-17   2374250
  2.096888e+00   9.083850e-15   1.120068e-03   1.064252e-17   2373102
  2.100776e+00   9.052304e-15   1.122758e-03   1.058647e-17   2388194
  2.104658e+00   9.054406e-15   1.116928e-03   1.060917e-17   2383470
  2.108539e+00   9.051833e-15   1.123618e-03   1.058475e-17   2404994
  2.112426e+00   9.057958e-15   1.121916e-03   1.059804e-17   2408538
  2.116308e+00   9.027743e-15   1.121742e-03   1.054479e-17   2417744
  2.120198e+00   9.065050e-15   1.124446e-03   1.061575e-17   2434578
  2.124090e+00   9.081634e-15   1.121710e-03   1.065230e-17   2438414
  2.127979e+00   9.084365e-15   1.122410e-03   1.060705e-17   2448066
  2.131867e+00   9.076900e-15   1.122662e-03   1.061076e-17   2456018
  2.135751e+00   9.032036e-15   1.121406e-03   1.054431e-17   2461230
  2.139636e+00   9.043420e-15   1.122653e-03   1.054044e-17   2474330
  2.143519e+00   9.050410e-15   1.119652e-03   1.059168e-17   2476498
  2.147405e+00   9.086078e-15   1.124366e-03   1.064651e-17   2497240
  2.151298e+00   9.065747e-15   1.122529e-03   1.059058e-17   2502930
  2.155185e+00   9.062704e-15   1.120390e-03   1.057624e-17   2508470
  2.159072e+00   9.075452e-15   1.121001e-03   1.060420e-17   2518482
  2.162961e+00   9.052463e-15   1.123829e-03   1.054761e-17   2532074
  2.166844e+00   9.064484e-15   1.118275e-03   1.058735e-17   2526678
  2.170724e+00   9.061141e-15   1.124045e-03   1.056112e-17   2549018
  2.174611e+00   9.083672e-15   1.120040e-03   1.062237e-17   2551704
  2.178497e+00   9.098188e-15   1.122028e-03   1.062257e-17   2566226
  2.182386e+00   9.091115e-15   1.122230e-03   1.061409e-17   2573898
  2.186278e+00   9.091691e-15   1.124844e-03   1.059512e-17   2589182
  2.190164e+00   9.061250e-15   1.119195e-03   1.059066e-17   2584890
  2.194049e+00   9.109851e-15   1.124371e-03   1.060719e-17   2605190
  2.197936e+00   9.092113e-15   1.121682e-03   1.062729e-17   2606418
  2.201821e+00   9.099177e-15   1.123741e-03   1.061218e-17   2621186
  2.205707e+00   9.092801e-15   1.120704e-03   1.063923e-17   2626608
  2.209592e+00   9.118701e-15   1.119995e-03   1.066284e-17   2636714
  2.213479e+00   9.108176e-15   1.121274e-03   1.066155e-17   2647482
  2.217374e+00   9.088496e-15   1.127022e-03   1.056429e-17   2668382
  2.221265e+00   9.101364e-15   1.120175e-03   1.058172e-17   2660418
  2.225149e+00   9.070614e-15   1.122869e-03   1.058120e-17   2676662
  2.229029e+00   9.119577e-15   1.117920e-03   1.064494e-17   2674210
  2.232911e+00   9.108079e-15   1.123157e-03   1.062495e-17   2697076
  2.236800e+00   9.158793e-15   1.121599e-03   1.074625e-17   2703558
  2.240687e+00   9.155418e-15   1.121191e-03   1.070539e-17   2713250
  2.244572e+00   9.153104e-15   1.119243e-03   1.069102e-17   2717718
  2.248464e+00   9.144824e-15   1.127021e-03   1.065081e-17   2743178
  2.252353e+00   9.124352e-15   1.120305e-03   1.067650e-17   2732730
  2.256238e+00   9.128329e-15   1.126187e-03   1.065946e-17   2758022
  2.260125e+00   9.136982e-15   1.119041e-03   1.069251e-17   2751994
  2.264006e+00   9.156804e-15   1.121171e-03   1.073232e-17   2769052
  2.267895e+00   9.169466e-15   1.122842e-03   1.070518e-17   2783062
  2.271785e+00   9.183887e-15   1.121645e-03   1.077195e-17   2789362
  2.275674e+00   9.187429e-15   1.121981e-03   1.076397e-17   2799582
  2.279564e+00   9.174859e-15   1.123236e-03   1.075050e-17   2811170
  2.283450e+00   9.170988e-15   1.121033e-03   1.077815e-17   2812658
  2.287338e+00   9.181777e-15   1.125793e-03   1.079685e-17   2833302
  2.291222e+00   9.210759e-15   1.118388e-03   1.084057e-17   2827420
  2.295104e+00   8.840592e-15   1.121018e-03   1.034255e-17   2846710
  2.298989e+00   8.729492e-15   1.120692e-03   1.020865e-17   2846535
  2.302873e+00   8.510591e-15   1.122997e-03   9.861854e-18   2848496
  2.306761e+00   8.349792e-15   1.122225e-03   9.600146e-18   2841084
  2.310652e+00   8.164648e-15   1.124928e-03   9.316812e-18   2843480
  2.314540e+00   7.967217e-15   1.120270e-03   9.030635e-18   2826624
  2.318424e+00   7.810715e-15   1.123352e-03   8.783911e-18   2828732
  2.322310e+00   7.616056e-15   1.121451e-03   8.517795e-18   2819296
  2.326197e+00   7.446321e-15   1.122811e-03   8.251081e-18   2819548
  2.330081e+00   7.311404e-15   1.118959e-03   8.048737e-18   2805192
  2.333967e+00   7.127390e-15   1.123463e-03   7.795021e-18   2811104
  2.337856e+00   7.006938e-15   1.121717e-03   7.629317e-18   2800672
  2.341743e+00   6.850843e-15   1.122654e-03   7.399442e-18   2798080
  2.345628e+00   6.705370e-15   1.120248e-03   7.190382e-18   2786976
  2.349516e+00   6.582006e-15   1.123594e-03   6.996571e-18   2791016
  2.353406e+00   6.446866e-15   1.121382e-03   6.801198e-18   2779360
  2.357287e+00   6.323103e-15   1.119573e-03   6.640306e-18   2768644
  2.361169e+00   6.188529e-15   1.122534e-03   6.448494e-18   2771192
  2.365058e+00   6.096193e-15   1.121875e-03   6.321328e-18   2765028
  2.368946e+00   5.980026e-15   1.122751e-03   6.160444e-18   2760864
  2.372840e+00   5.850817e-15   1.125689e-03   5.984456e-18   2761616
  2.376724e+00   5.754670e-15   1.118525e-03   5.837021e-18   2737932
  2.380610e+00   5.642067e-15   1.125904e-03   5.687349e-18   2752280
  2.384498e+00   5.555280e-15   1.118464e-03   5.574767e-18   2728764
  2.388382e+00   5.436076e-15   1.123937e-03   5.403288e-18   2736368
  2.392268e+00   5.355380e-15   1.119459e-03   5.311311e-18   2719952
  2.396155e+00   5.259970e-15   1.124236e-03   5.163447e-18   2727120
  2.400042e+00   5.177524e-15   1.118614e-03   5.078220e-18   2708400
  2.403932e+00   5.083777e-15   1.125719e-03   4.925970e-18   2718536
  2.407818e+00   4.993658e-15   1.118504e-03   4.825999e-18   2694300
  2.411707e+00   4.913238e-15   1.126793e-03   4.701359e-18   2709440
  2.415596e+00   4.843631e-15   1.117787e-03   4.644623e-18   2682108
  2.419475e+00   4.753170e-15   1.121308e-03   4.511241e-18   2684912
  2.423360e+00   4.685291e-15   1.121998e-03   4.420407e-18   2678868
  2.427246e+00   4.610524e-15   1.122668e-03   4.331942e-18   2674772
  2.431135e+00   4.536397e-15   1.123033e-03   4.235704e-18   2670120
  2.435021e+00   4.474043e-15   1.120804e-03   4.159324e-18   2659532
  2.438909e+00   4.405998e-15   1.123713e-03   4.061385e-18   2659704
  2.442801e+00   4.337217e-15   1.124617e-03   3.979927e-18   2654348
  2.446687e+00   4.274694e-15   1.121000e-03   3.905834e-18   2640276
  2.450572e+00   4.209357e-15   1.121992e-03   3.823857e-18   2638700
  2.454457e+00   4.152352e-15   1.120074e-03   3.758799e-18   2628244
  2.458344e+00   4.092192e-15   1.124115e-03   3.677070e-18   2630920
  2.462234e+00   4.038145e-15   1.121877e-03   3.613102e-18   2618904
  2.466118e+00   3.984046e-15   1.120448e-03   3.551462e-18   2610932
  2.470005e+00   3.933998e-15   1.121951e-03   3.497833e-18   2608464
  2.473895e+00   3.870134e-15   1.123139e-03   3.402654e-18   2603708
  2.477779e+00   3.819060e-15   1.119694e-03   3.362953e-18   2588012
  2.481660e+00   3.771786e-15   1.122196e-03   3.309015e-18   2588364
  2.485545e+00   3.727898e-15   1.120384e-03   3.246871e-18   2579076
  2.489430e+00   3.672260e-15   1.121132e-03   3.184085e-18   2574152
  2.493314e+00   3.633305e-15   1.121505e-03   3.146373e-18   2566812
  2.497207e+00   3.580302e-15   1.127061e-03   3.059711e-18   2573732
  2.501098e+00   3.545735e-15   1.119524e-03   3.041970e-18   2550568
  2.504983e+00   3.494581e-15   1.123035e-03   2.988071e-18   2552068
  2.508870e+00   3.451022e-15   1.121138e-03   2.937805e-18   2539620
  2.512757e+00   3.411739e-15   1.124635e-03   2.896401e-18   2540936
  2.516646e+00   3.372743e-15   1.121040e-03   2.845872e-18   2528032
  2.520531e+00   3.335384e-15   1.120365e-03   2.809726e-18   2521480
  2.524419e+00   3.295253e-15   1.122347e-03   2.761837e-18   2517980
  2.528309e+00   3.258063e-15   1.123011e-03   2.721514e-18   2511744
  2.532195e+00   3.224135e-15   1.120855e-03   2.684124e-18   2500140
  2.536081e+00   3.175319e-15   1.121926e-03   2.628662e-18   2496980
  2.539968e+00   3.152365e-15   1.121125e-03   2.608585e-18   2486924
  2.543856e+00   3.111522e-15   1.124762e-03   2.565769e-18   2487000
  2.547743e+00   3.084516e-15   1.120210e-03   2.544673e-18   2469840
  2.551626e+00   3.050802e-15   1.122637e-03   2.498455e-18   2469656
  2.555511e+00   3.015639e-15   1.119469e-03   2.468674e-18   2456844
  2.559401e+00   2.986431e-15   1.125965e-03   2.428752e-18   2462876
  2.563290e+00   2.953058e-15   1.120472e-03   2.401396e-18   2442136
  2.567174e+00   2.927851e-15   1.123165e-03   2.375769e-18   2441944
  2.571061e+00   2.895860e-15   1.120769e-03   2.346955e-18   2430508
  2.574945e+00   2.867224e-15   1.121157e-03   2.316344e-18   2424352
  2.578832e+00   2.841918e-15   1.123693e-03   2.284924e-18   2421264
  2.582722e+00   2.810938e-15   1.122895e-03   2.263113e-18   2413064
  2.586608e+00   2.788890e-15   1.120676e-03   2.242286e-18   2401572
  2.590492e+00   2.754468e-15   1.121724e-03   2.204452e-18   2397284
  2.594379e+00   2.740552e-15   1.121499e-03   2.192459e-18   2388336
  2.598268e+00   2.708220e-15   1.124943e-03   2.157460e-18   2387204
  2.602153e+00   2.689335e-15   1.119280e-03   2.145548e-18   2368644
  2.606033e+00   2.657299e-15   1.120613e-03   2.113467e-18   2365400
  2.609918e+00   2.637432e-15   1.121690e-03   2.088296e-18   2360072
  2.613808e+00   2.616768e-15   1.123660e-03   2.073923e-18   2356464
  2.617696e+00   2.593497e-15   1.121214e-03   2.050566e-18   2343240
  2.621583e+00   2.571004e-15   1.122605e-03   2.032260e-18   2340248
  2.625468e+00   2.547540e-15   1.118824e-03   2.016794e-18   2325000
  2.629355e+00   2.524616e-15   1.124959e-03   1.991673e-18   2328632
  2.633245e+00   2.509984e-15   1.121910e-03   1.974472e-18   2313220
  2.637134e+00   2.486643e-15   1.124095e-03   1.958117e-18   2310772
  2.641020e+00   2.471937e-15   1.119781e-03   1.950740e-18   2295420
  2.644905e+00   2.446948e-15   1.122584e-03   1.921934e-18   2293592
  2.648791e+00   2.431710e-15   1.120952e-03   1.915367e-18   2281384
  2.652683e+00   2.411334e-15   1.126704e-03   1.893324e-18   2285776
  2.656570e+00   2.393050e-15   1.117325e-03   1.886033e-18   2259408
  2.660455e+00   2.375120e-15   1.124314e-03   1.860718e-18   2266808
  2.664344e+00   2.357458e-15   1.120389e-03   1.851891e-18   2248836
  2.668227e+00   2.339926e-15   1.123045e-03   1.838960e-18   2245244
  2.672111e+00   2.326404e-15   1.120801e-03   1.826177e-18   2233908
  2.675998e+00   2.306248e-15   1.122974e-03   1.809756e-18   2231660
  2.679886e+00   2.292094e-15   1.120422e-03   1.800278e-18   2218544
  2.683775e+00   2.277539e-15   1.124792e-03   1.787465e-18   2218176
  2.687664e+00   2.259449e-15   1.121286e-03   1.774286e-18   2202900
  2.691550e+00   2.236690e-15   1.121747e-03   1.758685e-18   2197472
  2.695433e+00   2.230516e-15   1.118354e-03   1.758450e-18   2181960
  2.699317e+00   2.213284e-15   1.124130e-03   1.735411e-18   2183696
  2.703207e+00   2.201057e-15   1.123719e-03   1.728217e-18   2173416
  2.707096e+00   2.187990e-15   1.122917e-03   1.722349e-18   2165444
  2.710982e+00   2.174097e-15   1.119761e-03   1.716355e-18   2152688
  2.714867e+00   2.161106e-15   1.121777e-03   1.707497e-18   2147628
  2.718754e+00   2.141249e-15   1.122335e-03   1.690992e-18   2139012
  2.722646e+00   2.134863e-15   1.125226e-03   1.680920e-18   2136008
  2.726525e+00   2.120539e-15   1.114594e-03   1.685354e-18   2108656
  2.730404e+00   2.110322e-15   1.123744e-03   1.671028e-18   2117896
  2.734296e+00   2.101749e-15   1.123450e-03   1.666133e-18   2106260
  2.738185e+00   2.080268e-15   1.123855e-03   1.652096e-18   2099088
  2.742075e+00   2.071767e-15   1.121974e-03   1.648399e-18   2088432
  2.745961e+00   2.060032e-15   1.120471e-03   1.642116e-18   2078432
  2.749845e+00   2.050376e-15   1.120708e-03   1.633199e-18   2069048
  2.753732e+00   2.038780e-15   1.123831e-03   1.624320e-18   2064804
  2.757623e+00   2.027871e-15   1.123568e-03   1.620678e-18   2055644
  2.761510e+00   2.015491e-15   1.120700e-03   1.614165e-18   2043000
  2.765392e+00   2.002975e-15   1.120067e-03   1.611753e-18   2032348
  2.769281e+00   1.995664e-15   1.126495e-03   1.600368e-18   2034064
  2.773172e+00   1.985485e-15   1.122211e-03   1.598143e-18   2017740
  2.777059e+00   1.975233e-15   1.121480e-03   1.593017e-18   2010188
  2.780942e+00   1.960577e-15   1.118751e-03   1.584539e-18   1996556
  2.784826e+00   1.957060e-15   1.122456e-03   1.584496e-18   1992816
  2.788712e+00   1.944679e-15   1.122411e-03   1.578298e-18   1982400
  2.792596e+00   1.932920e-15   1.121262e-03   1.575816e-18   1972256
  2.796480e+00   1.925496e-15   1.121000e-03   1.570289e-18   1964384
  2.800370e+00   1.915533e-15   1.122889e-03   1.561802e-18   1958544
  2.804258e+00   1.907281e-15   1.122489e-03   1.560080e-18   1946988
  2.808149e+00   1.899075e-15   1.124629e-03   1.555858e-18   1942532
  2.812034e+00   1.889777e-15   1.117383e-03   1.558553e-18   1921692
  2.815918e+00   1.880665e-15   1.123808e-03   1.549916e-18   1924004
  2.819806e+00   1.875157e-15   1.120365e-03   1.551822e-18   1907344
  2.823695e+00   1.871281e-15   1.126069e-03   1.550474e-18   1907440
  2.827583e+00   1.857613e-15   1.118720e-03   1.544668e-18   1886136
  2.831464e+00   1.849442e-15   1.121920e-03   1.542006e-18   1883144
  2.835353e+00   1.842402e-15   1.122753e-03   1.540565e-18   1874724
  2.839243e+00   1.835308e-15   1.123826e-03   1.538244e-18   1866068
  2.843130e+00   1.829661e-15   1.121455e-03   1.540041e-18   1852980
  2.847017e+00   1.819000e-15   1.122782e-03   1.530527e-18   1847468
  2.850900e+00   1.813864e-15   1.117935e-03   1.532746e-18   1829636
  2.854785e+00   1.802738e-15   1.123959e-03   1.526298e-18   1829688
  2.858675e+00   1.799099e-15   1.122789e-03   1.530790e-18   1817192
  2.862561e+00   1.796093e-15   1.121150e-03   1.533689e-18   1806312
  2.866446e+00   1.783279e-15   1.120289e-03   1.529667e-18   1795984
  2.870334e+00   1.776066e-15   1.123627e-03   1.523570e-18   1791100
  2.874224e+00   1.772570e-15   1.122050e-03   1.526838e-18   1777648
  2.878111e+00   1.767139e-15   1.123043e-03   1.527168e-18   1769848
  2.881996e+00   1.759107e-15   1.119995e-03   1.531428e-18   1756536
  2.885881e+00   1.749441e-15   1.121386e-03   1.521860e-18   1748960
  2.889768e+00   1.753726e-15   1.123014e-03   1.530239e-18   1739952
  2.893658e+00   1.746438e-15   1.124239e-03   1.529760e-18   1732124
  2.897544e+00   1.737823e-15   1.120323e-03   1.534676e-18   1716852
  2.901430e+00   1.725172e-15   1.122735e-03   1.521476e-18   1712276
  2.905319e+00   1.723662e-15   1.121222e-03   1.530336e-18   1698500
  2.909208e+00   1.716630e-15   1.125604e-03   1.523190e-18   1693932
  2.913093e+00   1.711440e-15   1.119232e-03   1.529414e-18   1675204
  2.916975e+00   1.703247e-15   1.121771e-03   1.528798e-18   1670644
  2.920858e+00   1.701557e-15   1.118515e-03   1.533003e-18   1655532
  2.924748e+00   1.696088e-15   1.126990e-03   1.529390e-18   1656860
  2.928637e+00   1.692020e-15   1.119840e-03   1.538330e-18   1635372
  2.932524e+00   1.682215e-15   1.124773e-03   1.530316e-18   1634324
  2.936410e+00   1.675787e-15   1.117372e-03   1.533166e-18   1613676
  2.940295e+00   1.672547e-15   1.124617e-03   1.533156e-18   1613348
  2.944183e+00   1.667175e-15   1.120803e-03   1.541801e-18   1596236
  2.948069e+00   1.659635e-15   1.123999e-03   1.534988e-18   1591476
  2.951956e+00   1.657085e-15   1.119134e-03   1.539738e-18   1575732
  2.955838e+00   1.648458e-15   1.120429e-03   1.542180e-18   1566236
  2.959725e+00   1.649779e-15   1.124724e-03   1.544860e-18   1560292
  2.963618e+00   1.644109e-15   1.124442e-03   1.546986e-18   1550092
  2.967503e+00   1.637221e-15   1.118750e-03   1.549588e-18   1532628
  2.971386e+00   1.630268e-15   1.121507e-03   1.551524e-18   1527332
  2.975274e+00   1.632255e-15   1.121884e-03   1.555937e-18   1515212
  2.979160e+00   1.623367e-15   1.123567e-03   1.553593e-18   1506444
  2.983048e+00   1.615991e-15   1.122261e-03   1.552902e-18   1495116
  2.986928e+00   1.610237e-15   1.117074e-03   1.566245e-18   1479152
  2.990812e+00   1.604182e-15   1.122982e-03   1.558518e-18   1475512
  2.994707e+00   1.600089e-15   1.126591e-03   1.558798e-18   1467820
  2.998598e+00   1.599947e-15   1.121923e-03   1.572165e-18   1451256
  3.002486e+00   1.595596e-15   1.122725e-03   1.573125e-18   1443212
  3.006369e+00   1.587880e-15   1.117256e-03   1.579026e-18   1425680
  3.010254e+00   1.583568e-15   1.124371e-03   1.576837e-18   1422972
  3.014143e+00   1.582803e-15   1.123023e-03   1.584496e-18   1408632
  3.018032e+00   1.571803e-15   1.123941e-03   1.583211e-18   1400984
  3.021918e+00   1.568486e-15   1.117887e-03   1.586880e-18   1383196
  3.025801e+00   1.565182e-15   1.123197e-03   1.597882e-18   1378120
  3.029692e+00   1.560835e-15   1.124450e-03   1.596059e-18   1367272
  3.033584e+00   1.554872e-15   1.124457e-03   1.593844e-18   1356580
  3.037464e+00   1.548839e-15   1.115974e-03   1.604382e-18   1337028
  3.041343e+00   1.541032e-15   1.120802e-03   1.600653e-18   1332500
  3.045230e+00   1.545607e-15   1.122780e-03   1.609993e-18   1321796
  3.049120e+00   1.533917e-15   1.124838e-03   1.612002e-18   1312716
  3.053007e+00   1.531338e-15   1.119942e-03   1.617523e-18   1296580
  3.056896e+00   1.526292e-15   1.124221e-03   1.620452e-18   1291528
  3.060783e+00   1.524874e-15   1.119071e-03   1.630267e-18   1273128
  3.064669e+00   1.518679e-15   1.125633e-03   1.631501e-18   1268720
  3.068560e+00   1.513166e-15   1.122309e-03   1.638410e-18   1254016
  3.072444e+00   1.503551e-15   1.119894e-03   1.638010e-18   1241296
  3.076322e+00   1.501201e-15   1.116955e-03   1.642897e-18   1226712
  3.080211e+00   1.499673e-15   1.128188e-03   1.647604e-18   1226228
  3.084105e+00   1.487434e-15   1.122621e-03   1.647526e-18   1207768
  3.087992e+00   1.482185e-15   1.122433e-03   1.654275e-18   1198336
  3.091874e+00   1.478903e-15   1.117108e-03   1.661677e-18   1181484
  3.095761e+00   1.475672e-15   1.125421e-03   1.660981e-18   1178012
  3.099653e+00   1.472648e-15   1.123268e-03   1.669013e-18   1162564
  3.103535e+00   1.465491e-15   1.120338e-03   1.679683e-18   1149340
  3.107418e+00   1.459865e-15   1.119954e-03   1.680846e-18   1138848
  3.111303e+00   1.447699e-15   1.120192e-03   1.668402e-18   1126748
  3.115189e+00   1.447431e-15   1.123911e-03   1.683585e-18   1117428
  3.119084e+00   1.438569e-15   1.126323e-03   1.681360e-18   1108112
  3.122973e+00   1.436240e-15   1.119549e-03   1.695599e-18   1090596
  3.126857e+00   1.429306e-15   1.120292e-03   1.694358e-18   1081052
  3.130738e+00   1.424685e-15   1.118514e-03   1.710659e-18   1065716
  3.134626e+00   1.418725e-15   1.127732e-03   1.707909e-18   1061940
  3.138518e+00   1.409956e-15   1.121370e-03   1.715715e-18   1044096
  3.142404e+00   1.399607e-15   1.122139e-03   1.704658e-18   1034864
  3.146289e+00   1.392433e-15   1.117591e-03   1.710064e-18   1018308
  3.150179e+00   1.394612e-15   1.129200e-03   1.724201e-18   1014812
  3.154072e+00   1.387470e-15   1.121981e-03   1.726580e-18   996288
  3.157955e+00   1.371247e-15   1.120847e-03   1.716324e-18   985376
  3.161835e+00   1.358921e-15   1.115880e-03   1.718412e-18   969652
  3.165722e+00   1.359136e-15   1.125987e-03   1.724610e-18   964924
  3.169610e+00   1.358838e-15   1.121515e-03   1.745015e-18   947228
  3.173495e+00   1.342055e-15   1.123457e-03   1.727238e-18   939084
  3.177381e+00   1.328957e-15   1.116472e-03   1.728040e-18   921864
  3.181265e+00   1.319794e-15   1.123502e-03   1.722825e-18   914252
  3.185159e+00   1.323374e-15   1.126304e-03   1.735427e-18   902572
  3.189050e+00   1.307056e-15   1.123145e-03   1.737147e-18   888784
  3.192932e+00   1.290811e-15   1.116224e-03   1.729121e-18   872540
  3.196811e+00   1.280411e-15   1.120157e-03   1.730164e-18   862848
  3.200697e+00   1.283123e-15   1.124093e-03   1.743986e-18   851760
  3.204592e+00   1.264904e-15   1.127172e-03   1.729544e-18   841940
  3.208479e+00   1.254284e-15   1.117661e-03   1.727268e-18   823032
  3.212364e+00   1.238775e-15   1.123934e-03   1.706548e-18   816044
  3.216253e+00   1.238379e-15   1.120364e-03   1.721828e-18   799292
  3.220140e+00   1.217731e-15   1.126784e-03   1.702352e-18   791304
  3.224026e+00   1.205890e-15   1.117490e-03   1.696059e-18   772868
  3.227902e+00   1.188554e-15   1.119936e-03   1.680124e-18   762552
  3.231787e+00   1.174024e-15   1.121745e-03   1.658282e-18   750876
  3.235677e+00   1.160368e-15   1.123999e-03   1.651025e-18   739280
  3.239565e+00   1.149128e-15   1.121784e-03   1.638424e-18   724944
  3.243456e+00   1.128867e-15   1.124267e-03   1.608151e-18   714380
  3.247336e+00   1.114343e-15   1.116046e-03   1.599383e-18   695932
  3.251222e+00   1.100297e-15   1.126879e-03   1.567984e-18   690949
  3.255114e+00   1.083255e-15   1.118914e-03   1.549572e-18   673638
  3.258999e+00   1.065692e-15   1.124434e-03   1.518281e-18   666092
  3.262883e+00   1.061177e-15   1.117312e-03   1.529405e-18   651024
  3.266766e+00   1.044992e-15   1.124054e-03   1.498485e-18   644804
  3.270656e+00   1.039259e-15   1.121035e-03   1.501615e-18   632676
  3.274546e+00   1.023475e-15   1.125434e-03   1.482364e-18   624962
  3.278430e+00   1.019384e-15   1.118496e-03   1.482729e-18   611280
  3.282321e+00   1.012289e-15   1.127391e-03   1.477135e-18   607256
  3.286211e+00   1.002031e-15   1.118374e-03   1.458325e-18   592616
  3.290095e+00   9.971107e-16   1.124430e-03   1.454475e-18   587160
  3.293983e+00   9.844473e-16   1.120749e-03   1.439830e-18   575482
  3.297866e+00   9.761053e-16   1.122505e-03   1.439104e-18   568258
  3.301757e+00   9.710429e-16   1.122731e-03   1.438165e-18   559638
  3.305647e+00   9.625535e-16   1.123210e-03   1.436742e-18   551498
  3.309536e+00   9.571543e-16   1.121790e-03   1.426598e-18   542364
  3.313423e+00   9.453646e-16   1.122328e-03   1.421688e-18   534146
  3.317305e+00   9.470307e-16   1.119988e-03   1.428013e-18   524980
  3.321196e+00   9.357857e-16   1.125222e-03   1.414443e-18   519964
  3.325077e+00   9.286092e-16   1.115886e-03   1.418281e-18   507108
  3.328962e+00   9.196101e-16   1.126905e-03   1.397661e-18   504992
  3.332852e+00   9.207612e-16   1.118656e-03   1.418276e-18   492948
  3.336740e+00   9.107572e-16   1.127360e-03   1.403380e-18   489740
  3.340629e+00   9.045127e-16   1.117346e-03   1.397496e-18   477716
  3.344511e+00   9.034779e-16   1.124864e-03   1.405433e-18   473844
  3.348399e+00   8.976142e-16   1.119228e-03   1.400560e-18   464222
  3.352284e+00   8.921577e-16   1.123815e-03   1.405952e-18   459048
  3.356167e+00   8.888168e-16   1.117888e-03   1.404375e-18   449574
  3.360054e+00   8.810444e-16   1.125019e-03   1.396068e-18   445820
  3.363936e+00   8.783597e-16   1.116211e-03   1.407626e-18   435158
  3.367827e+00   8.756326e-16   1.127850e-03   1.407599e-18   433566
  3.371713e+00   8.693164e-16   1.114763e-03   1.403884e-18   421014
  3.375597e+00   8.658083e-16   1.127754e-03   1.408652e-18   419996
  3.379490e+00   8.619653e-16   1.118287e-03   1.417549e-18   409482
  3.383368e+00   8.550899e-16   1.121665e-03   1.416845e-18   404414
  3.387257e+00   8.538737e-16   1.122567e-03   1.415081e-18   398518
  3.391148e+00   8.434433e-16   1.123750e-03   1.403620e-18   392302
  3.395033e+00   8.425970e-16   1.121765e-03   1.419514e-18   385318
  3.398930e+00   8.439164e-16   1.127631e-03   1.420431e-18   381718
  3.402811e+00   8.346112e-16   1.114511e-03   1.425422e-18   370674
  3.406696e+00   8.378805e-16   1.128673e-03   1.436795e-18   370166
  3.410587e+00   8.288726e-16   1.117032e-03   1.429148e-18   359838
  3.414471e+00   8.279518e-16   1.126612e-03   1.433117e-18   357488
  3.418356e+00   8.246932e-16   1.115416e-03   1.445478e-18   348174
  3.422239e+00   8.193906e-16   1.126138e-03   1.435795e-18   346010
  3.426123e+00   8.167785e-16   1.115666e-03   1.451124e-18   336966
  3.430017e+00   8.143998e-16   1.131496e-03   1.438747e-18   336488
  3.433906e+00   8.109916e-16   1.113178e-03   1.460238e-18   325206
  3.437790e+00   8.065075e-16   1.128394e-03   1.455617e-18   324614
  3.441675e+00   8.068838e-16   1.113950e-03   1.475678e-18   314792
  3.445561e+00   8.057657e-16   1.129033e-03   1.475359e-18   314082
  3.449445e+00   8.025619e-16   1.112843e-03   1.490717e-18   303918
  3.453329e+00   7.960684e-16   1.130230e-03   1.480698e-18   303872
  3.457223e+00   7.936800e-16   1.118237e-03   1.485675e-18   295070
  3.461110e+00   7.873867e-16   1.127117e-03   1.474838e-18   292776
  3.464999e+00   7.911172e-16   1.118155e-03   1.509811e-18   285198
  3.468882e+00   7.895761e-16   1.124173e-03   1.510651e-18   282068
  3.472770e+00   7.848729e-16   1.120642e-03   1.519247e-18   276094
  3.476654e+00   7.876489e-16   1.121770e-03   1.536277e-18   271936
  3.480537e+00   7.861425e-16   1.119604e-03   1.553157e-18   266352
  3.484425e+00   7.782332e-16   1.124273e-03   1.551376e-18   263198
  3.488309e+00   7.806360e-16   1.117087e-03   1.571916e-18   256540
  3.492199e+00   7.733895e-16   1.128018e-03   1.547054e-18   254758
  3.496085e+00   7.794643e-16   1.114575e-03   1.592146e-18   246888
  3.499973e+00   7.735720e-16   1.129431e-03   1.582683e-18   245984
  3.503859e+00   7.749322e-16   1.113747e-03   1.607369e-18   237838
  3.507743e+00   7.672408e-16   1.128624e-03   1.602961e-18   236932
  3.511628e+00   7.690304e-16   1.114686e-03   1.622555e-18   229296
  3.515519e+00   7.660374e-16   1.132107e-03   1.630606e-18   228968
  3.519410e+00   7.697753e-16   1.115334e-03   1.654440e-18   220862
  3.523299e+00   7.615671e-16   1.132320e-03   1.638447e-18   220440
  3.527188e+00   7.631848e-16   1.113877e-03   1.665694e-18   212400
  3.531075e+00   7.605348e-16   1.132596e-03   1.661461e-18   212228
  3.534965e+00   7.628387e-16   1.113928e-03   1.703615e-18   204518
  3.538852e+00   7.578335e-16   1.130227e-03   1.693760e-18   203928
  3.542735e+00   7.603091e-16   1.110921e-03   1.723458e-18   196280
  3.546619e+00   7.561651e-16   1.130361e-03   1.727302e-18   196272
  3.550503e+00   7.594032e-16   1.110008e-03   1.758719e-18   188572
  3.554385e+00   7.525568e-16   1.129045e-03   1.737677e-18   188440
  3.558272e+00   7.514181e-16   1.112527e-03   1.772186e-18   181574
  3.562156e+00   7.528944e-16   1.129325e-03   1.772006e-18   180912
  3.566042e+00   7.533964e-16   1.112617e-03   1.811152e-18   174304
  3.569927e+00   7.489779e-16   1.129933e-03   1.810758e-18   173620
  3.573814e+00   7.543998e-16   1.114477e-03   1.859279e-18   167424
  3.577707e+00   7.474361e-16   1.132693e-03   1.826944e-18   166952
  3.581590e+00   7.484732e-16   1.109406e-03   1.885113e-18   159744
  3.585479e+00   7.438668e-16   1.134885e-03   1.858227e-18   160424
  3.589363e+00   7.448674e-16   1.107308e-03   1.923865e-18   152748
  3.593250e+00   7.440061e-16   1.136784e-03   1.902136e-18   153920
  3.597136e+00   7.419940e-16   1.105473e-03   1.944686e-18   146016
  3.601018e+00   7.477490e-16   1.136208e-03   1.956835e-18   147176
  3.604907e+00   7.430255e-16   1.107710e-03   1.987937e-18   139992
  3.608791e+00   7.435244e-16   1.135264e-03   1.977995e-18   140588
  3.612682e+00   7.422445e-16   1.111007e-03   2.031943e-18   134184
  3.616571e+00   7.429040e-16   1.134121e-03   2.045200e-18   134192
  3.620457e+00   7.394960e-16   1.110077e-03   2.071621e-18   127992
  3.624344e+00   7.399683e-16   1.133946e-03   2.083847e-18   128132
  3.628235e+00   7.423905e-16   1.112933e-03   2.132614e-18   122384
  3.632120e+00   7.354704e-16   1.130787e-03   2.115828e-18   121896
  3.636006e+00   7.391859e-16   1.111987e-03   2.162064e-18   116592
  3.639888e+00   7.457939e-16   1.130031e-03   2.197522e-18   116072
  3.643776e+00   7.428276e-16   1.113281e-03   2.238488e-18   111196
  3.647666e+00   7.403375e-16   1.133982e-03   2.222109e-18   110824
  3.651553e+00   7.319705e-16   1.109351e-03   2.254413e-18   105456
  3.655445e+00   7.373041e-16   1.137911e-03   2.253418e-18   105746
  3.659331e+00   7.392076e-16   1.104570e-03   2.347222e-18   99816
  3.663217e+00   7.398615e-16   1.137630e-03   2.327020e-18   100460
  3.667098e+00   7.443137e-16   1.103186e-03   2.428312e-18   94616
  3.670986e+00   7.373395e-16   1.138482e-03   2.387557e-18   95448
  3.674871e+00   7.454509e-16   1.104767e-03   2.508198e-18   89784
  3.678762e+00   7.385026e-16   1.138753e-03   2.472125e-18   90536
  3.682640e+00   7.388217e-16   1.098833e-03   2.547093e-18   84566
  3.686528e+00   7.420148e-16   1.143171e-03   2.504639e-18   86088
  3.690411e+00   7.356918e-16   1.094501e-03   2.606709e-18   79680
  3.694290e+00   7.366451e-16   1.143460e-03   2.572300e-18   81368
  3.698177e+00   7.423520e-16   1.096007e-03   2.698483e-18   75356
  3.702056e+00   7.434010e-16   1.143156e-03   2.675383e-18   76704
  3.705948e+00   7.463773e-16   1.100016e-03   2.813633e-18   71322
  3.709834e+00   7.439533e-16   1.143672e-03   2.766915e-18   72248
  3.713724e+00   7.495379e-16   1.099908e-03   2.892153e-18   67160
  3.717610e+00   7.420288e-16   1.141543e-03   2.857822e-18   67836
  3.721489e+00   7.401643e-16   1.096984e-03   2.960433e-18   62976
  3.725379e+00   7.466281e-16   1.144398e-03   2.954900e-18   63914
  3.729253e+00   7.484513e-16   1.092761e-03   3.071502e-18   58832
  3.733144e+00   7.418914e-16   1.147084e-03   3.027433e-18   60108
  3.737017e+00   7.474588e-16   1.090205e-03   3.202344e-18   54920
  3.740928e+00   7.372813e-16   1.160099e-03   3.072480e-18   56970
  3.744809e+00   7.452084e-16   1.078913e-03   3.329309e-18   50760
  3.748701e+00   7.486655e-16   1.161348e-03   3.221291e-18   53312
  3.752584e+00   7.537104e-16   1.074836e-03   3.507486e-18   47164
  3.756472e+00   7.521883e-16   1.163802e-03   3.382965e-18   49810
  3.760356e+00   7.463529e-16   1.069365e-03   3.567732e-18   43680
  3.764234e+00   7.464033e-16   1.164818e-03   3.488759e-18   46328
  3.768129e+00   7.495045e-16   1.073902e-03   3.724874e-18   40694
  3.772013e+00   7.481881e-16   1.167140e-03   3.623296e-18   42984
  3.775913e+00   7.471402e-16   1.073587e-03   3.786921e-18   37656
  3.779787e+00   7.519488e-16   1.164236e-03   3.805722e-18   39578
  3.783688e+00   7.668000e-16   1.077878e-03   4.114928e-18   34920
  3.787564e+00   7.531342e-16   1.160065e-03   3.993045e-18   36308
  3.791451e+00   7.601948e-16   1.076316e-03   4.238190e-18   32136
  3.795334e+00   7.544280e-16   1.159401e-03   4.121888e-18   33362
  3.799207e+00   7.672339e-16   1.069739e-03   4.424283e-18   29336
  3.803104e+00   7.489497e-16   1.167435e-03   4.267893e-18   30804
  3.806966e+00   7.570277e-16   1.055228e-03   4.643607e-18   26490
  3.810870e+00   7.631969e-16   1.176653e-03   4.543638e-18   28376
  3.814719e+00   7.689380e-16   1.039734e-03   5.029110e-18   23784
  3.818636e+00   7.657002e-16   1.189627e-03   4.746435e-18   26150
  3.822479e+00   7.633128e-16   1.021588e-03   5.255612e-18   21192
  3.826407e+00   7.635632e-16   1.204804e-03   4.971159e-18   24050
  3.830252e+00   7.717845e-16   1.002280e-03   5.613785e-18   18768
  3.834191e+00   7.744970e-16   1.221518e-03   5.156030e-18   22052
  3.838029e+00   7.745180e-16   9.660660e-04   6.164344e-18   16346
  3.841962e+00   7.676483e-16   1.236558e-03   5.392029e-18   20136
  3.845802e+00   7.691026e-16   9.274195e-04   6.429626e-18   14160
  3.849721e+00   7.688662e-16   1.247069e-03   5.715586e-18   18218
  3.853565e+00   7.678487e-16   8.859468e-04   6.880479e-18   12204
  3.857470e+00   7.876163e-16   1.256334e-03   6.139241e-18   16346
  3.861333e+00   7.683084e-16   8.562781e-04   7.353973e-18   10536
  3.865221e+00   7.695011e-16   1.261091e-03   6.463476e-18   14456
  3.869081e+00   7.753569e-16   8.165112e-04   8.005854e-18   8990
  3.872967e+00   7.811358e-16   1.270385e-03   6.876859e-18   12744
  3.876815e+00   7.866040e-16   7.482517e-04   8.947122e-18   7506
  3.880703e+00   7.839169e-16   1.282849e-03   7.403392e-18   11192
  3.884545e+00   7.956303e-16   6.569471e-04   9.934481e-18   6156
  3.888432e+00   8.153996e-16   1.294599e-03   8.144558e-18   9722
  3.892281e+00   7.988225e-16   5.567157e-04   1.091823e-17   4992
  3.896158e+00   7.891494e-16   1.304505e-03   8.614354e-18   8306
  3.900025e+00   8.124926e-16   4.384033e-04   1.261223e-17   3996
  3.903878e+00   8.143202e-16   1.309274e-03   9.846491e-18   6938
  3.907766e+00   8.054009e-16   3.047624e-04   1.416538e-17   3168
  3.911584e+00   7.924943e-16   1.304853e-03   1.066618e-17   5624
  3.915485e+00   8.028059e-16   2.103226e-04   1.588249e-17   2502
  3.919286e+00   7.793022e-16   1.297747e-03   1.172300e-17   4424
  3.923208e+00   8.023600e-16   2.230451e-04   1.784313e-17   1946
  3.926998e+00   8.004817e-16   1.292790e-03   1.335324e-17   3360
  3.930918e+00   8.211148e-16   1.221617e-04   2.208504e-17   1446
  3.934708e+00   8.172692e-16   1.290208e-03   1.656873e-17   2456
  3.938666e+00   8.595619e-16   2.340394e-04   2.557592e-17   1034
  3.942432e+00   8.119978e-16   1.288305e-03   1.806974e-17   1680
  3.946383e+00   7.607482e-16   5.837572e-05   2.859209e-17   678
  3.950143e+00   8.394349e-16   1.286681e-03   2.377009e-17   1064
  3.954177e+00   7.829500e-16   3.540138e-04   3.886190e-17   410
  3.957868e+00   7.927927e-16   1.284749e-03   3.589799e-17   576
  3.961879e+00   8.856305e-16   1.855368e-05   5.838479e-17   198
  3.965528e+00   8.630517e-16   1.272780e-03   6.072011e-17   248
  3.969917e+00   9.321546e-16   8.019490e-04   1.048300e-16   74
  3.973198e+00   9.874102e-16   1.252635e-03   1.072541e-16   48
  3.977405e+00   5.371698e-16   5.034095e-08   2.485630e-16   6
