# power spectrum of pi_k * H (dimensionless)
# redshift z=5.854499
# k              Pk             sigma(k)       sigma(Pk)      count
  5.727314e-03   1.368979e-10   8.763345e-04   3.032735e-11   18
  1.001182e-02   2.267789e-10   1.059922e-03   3.231085e-11   62
  1.393445e-02   1.614872e-10   7.332271e-04   1.978141e-11   90
  1.764809e-02   1.550666e-10   1.157232e-03   1.024231e-11   170
  2.151286e-02   1.162707e-10   1.202795e-03   7.267118e-12   246
  2.528669e-02   8.734602e-11   1.146703e-03   4.896154e-12   338
  2.901099e-02   7.933173e-11   9.857564e-04   3.912701e-12   432
  3.284683e-02   6.304177e-11   1.010047e-03   2.862827e-12   578
  3.688195e-02   4.782904e-11   1.177086e-03   1.746464e-12   786
  4.101464e-02   3.701259e-11   1.190994e-03   1.188110e-12   974
  4.488954e-02   3.116010e-11   1.031402e-03   9.852616e-13   1002
  4.870958e-02   2.825406e-11   1.179303e-03   7.453010e-13   1334
  5.263577e-02   2.308559e-11   1.134676e-03   6.292929e-13   1458
  5.631027e-02   2.105288e-11   1.072446e-03   5.188850e-13   1604
  6.010158e-02   1.874328e-11   1.088865e-03   4.504504e-13   1974
  6.404851e-02   1.713866e-11   1.067989e-03   3.645423e-13   2234
  6.795611e-02   1.536747e-11   1.092954e-03   3.157505e-13   2490
  7.198483e-02   1.375100e-11   1.200217e-03   2.587530e-13   3014
  7.595394e-02   1.234625e-11   1.093611e-03   2.248666e-13   3018
  7.977896e-02   1.096379e-11   1.131598e-03   1.886557e-13   3446
  8.359600e-02   9.558662e-12   1.085617e-03   1.607199e-13   3626
  8.742004e-02   8.296237e-12   1.125556e-03   1.296854e-13   4164
  9.130612e-02   7.595210e-12   1.090740e-03   1.165722e-13   4470
  9.521636e-02   6.651630e-12   1.115446e-03   9.718061e-14   4970
  9.915211e-02   6.085564e-12   1.127844e-03   8.195035e-14   5366
  1.030785e-01   5.268479e-12   1.144516e-03   6.734507e-14   5778
  1.069619e-01   5.026155e-12   1.149148e-03   6.378303e-14   6162
  1.108671e-01   4.540335e-12   1.158272e-03   5.748481e-14   6734
  1.146806e-01   4.201100e-12   1.074898e-03   5.033865e-14   6756
  1.184510e-01   3.953911e-12   1.088568e-03   4.409382e-14   7502
  1.223464e-01   3.749479e-12   1.105366e-03   4.161425e-14   8154
  1.262469e-01   3.446308e-12   1.103283e-03   3.751305e-14   8618
  1.301909e-01   3.279350e-12   1.146655e-03   3.414461e-14   9390
  1.341197e-01   3.108457e-12   1.126004e-03   3.162171e-14   9722
  1.380051e-01   2.768165e-12   1.126950e-03   2.756338e-14   10242
  1.419007e-01   2.556145e-12   1.149257e-03   2.403087e-14   11006
  1.457777e-01   2.407190e-12   1.106962e-03   2.285136e-14   11348
  1.496576e-01   2.170532e-12   1.105725e-03   1.948169e-14   12150
  1.535164e-01   1.986928e-12   1.078348e-03   1.822528e-14   12498
  1.574072e-01   1.856227e-12   1.129889e-03   1.578405e-14   13586
  1.613096e-01   1.694383e-12   1.132072e-03   1.448326e-14   14006
  1.652381e-01   1.594949e-12   1.166232e-03   1.264675e-14   15162
  1.691226e-01   1.479359e-12   1.101754e-03   1.210584e-14   14990
  1.729750e-01   1.398538e-12   1.143142e-03   1.096705e-14   16380
  1.768610e-01   1.333747e-12   1.105581e-03   1.027954e-14   16666
  1.807168e-01   1.287027e-12   1.110348e-03   9.818891e-15   17638
  1.845996e-01   1.214544e-12   1.100521e-03   9.071718e-15   18354
  1.884710e-01   1.153709e-12   1.102640e-03   8.459219e-15   19034
  1.923685e-01   1.116686e-12   1.144302e-03   7.760458e-15   20270
  1.963174e-01   1.072139e-12   1.155956e-03   7.301055e-15   21258
  2.002141e-01   1.009491e-12   1.111898e-03   6.875886e-15   21350
  2.040863e-01   9.284737e-13   1.123159e-03   6.273277e-15   22644
  2.079681e-01   8.798824e-13   1.101476e-03   5.824173e-15   23114
  2.118390e-01   8.317476e-13   1.118265e-03   5.392821e-15   24342
  2.157382e-01   7.721299e-13   1.117694e-03   4.855181e-15   25194
  2.196235e-01   7.327633e-13   1.116195e-03   4.647053e-15   25982
  2.234724e-01   6.929102e-13   1.109599e-03   4.267049e-15   26506
  2.273806e-01   6.539051e-13   1.167806e-03   3.904525e-15   28738
  2.312750e-01   6.161756e-13   1.110542e-03   3.684714e-15   28296
  2.351662e-01   5.812823e-13   1.143823e-03   3.314375e-15   30554
  2.390501e-01   5.529630e-13   1.084103e-03   3.190338e-15   30094
  2.428824e-01   5.442452e-13   1.109820e-03   3.058517e-15   31738
  2.467836e-01   5.134426e-13   1.134747e-03   2.848545e-15   33306
  2.506613e-01   5.026183e-13   1.104153e-03   2.720085e-15   33422
  2.545365e-01   4.823733e-13   1.131527e-03   2.587466e-15   35298
  2.584714e-01   4.599860e-13   1.143069e-03   2.415764e-15   36650
  2.623670e-01   4.404517e-13   1.115532e-03   2.276235e-15   36888
  2.662651e-01   4.182712e-13   1.131896e-03   2.111926e-15   38834
  2.701697e-01   3.985862e-13   1.107355e-03   2.018397e-15   39246
  2.740453e-01   3.832113e-13   1.111777e-03   1.916002e-15   40466
  2.778984e-01   3.641795e-13   1.108403e-03   1.783357e-15   41106
  2.817847e-01   3.434499e-13   1.145602e-03   1.651061e-15   43598
  2.856833e-01   3.292230e-13   1.116308e-03   1.584556e-15   43650
  2.895471e-01   3.132963e-13   1.120907e-03   1.469420e-15   45272
  2.934575e-01   3.000209e-13   1.131740e-03   1.388664e-15   46994
  2.973636e-01   2.916312e-13   1.124346e-03   1.326349e-15   47850
  3.012447e-01   2.754269e-13   1.115858e-03   1.250433e-15   48846
  3.051030e-01   2.669925e-13   1.105642e-03   1.203806e-15   49706
  3.089532e-01   2.567670e-13   1.113265e-03   1.141540e-15   51198
  3.128464e-01   2.452231e-13   1.134266e-03   1.065167e-15   53402
  3.167281e-01   2.401613e-13   1.111145e-03   1.056384e-15   53634
  3.206428e-01   2.290572e-13   1.143806e-03   9.566055e-16   56888
  3.245618e-01   2.211867e-13   1.106794e-03   9.352318e-16   56474
  3.284581e-01   2.134967e-13   1.130606e-03   8.820695e-16   58962
  3.323510e-01   2.032242e-13   1.114731e-03   8.362530e-16   59214
  3.362265e-01   1.987690e-13   1.127963e-03   8.041564e-16   61250
  3.400938e-01   1.906706e-13   1.110759e-03   7.706266e-16   61694
  3.439480e-01   1.837590e-13   1.120230e-03   7.332430e-16   63618
  3.478512e-01   1.756686e-13   1.140078e-03   6.784643e-16   66284
  3.517691e-01   1.692609e-13   1.123324e-03   6.541459e-16   67014
  3.556494e-01   1.607154e-13   1.113722e-03   6.199366e-16   67930
  3.595371e-01   1.552787e-13   1.127426e-03   5.873999e-16   70294
  3.634200e-01   1.521972e-13   1.114424e-03   5.701212e-16   70658
  3.672742e-01   1.459572e-13   1.121955e-03   5.480180e-16   72522
  3.711539e-01   1.396563e-13   1.125103e-03   5.132962e-16   74550
  3.750359e-01   1.354046e-13   1.112832e-03   4.920617e-16   75674
  3.789191e-01   1.316484e-13   1.116846e-03   4.733095e-16   77708
  3.828461e-01   1.264710e-13   1.136191e-03   4.436855e-16   80622
  3.867545e-01   1.219768e-13   1.112810e-03   4.348803e-16   80330
  3.906423e-01   1.183153e-13   1.128269e-03   4.132553e-16   82974
  3.945313e-01   1.139481e-13   1.118618e-03   3.947620e-16   83666
  3.984084e-01   1.109994e-13   1.126394e-03   3.793484e-16   85746
  4.022765e-01   1.062387e-13   1.118427e-03   3.628325e-16   86702
  4.061542e-01   1.030901e-13   1.126154e-03   3.413688e-16   89556
  4.100569e-01   9.973673e-14   1.118519e-03   3.310766e-16   91038
  4.139484e-01   9.743264e-14   1.117921e-03   3.209410e-16   92522
  4.178268e-01   9.339170e-14   1.119569e-03   3.060332e-16   94034
  4.217415e-01   9.005698e-14   1.145339e-03   2.902631e-16   97758
  4.256173e-01   8.770133e-14   1.103600e-03   2.833903e-16   95770
  4.294627e-01   8.448659e-14   1.123790e-03   2.705387e-16   99646
  4.333400e-01   8.254916e-14   1.115333e-03   2.604341e-16   100980
  4.372362e-01   7.927548e-14   1.127284e-03   2.487065e-16   104258
  4.411386e-01   7.655792e-14   1.114910e-03   2.375180e-16   104998
  4.450377e-01   7.437998e-14   1.124073e-03   2.276458e-16   107866
  4.489311e-01   7.251224e-14   1.113184e-03   2.205980e-16   108154
  4.528161e-01   7.069754e-14   1.135370e-03   2.133567e-16   111622
  4.567076e-01   6.818107e-14   1.122976e-03   2.042720e-16   112146
  4.605727e-01   6.658072e-14   1.119518e-03   1.977883e-16   114014
  4.644440e-01   6.393949e-14   1.115906e-03   1.890105e-16   116220
  4.683319e-01   6.216331e-14   1.119789e-03   1.793356e-16   118682
  4.722291e-01   6.027335e-14   1.126606e-03   1.748213e-16   121118
  4.761348e-01   5.803540e-14   1.124808e-03   1.665473e-16   122994
  4.800157e-01   5.620199e-14   1.114862e-03   1.608321e-16   123574
  4.838959e-01   5.519112e-14   1.131276e-03   1.562299e-16   126922
  4.877763e-01   5.338579e-14   1.124735e-03   1.500405e-16   127906
  4.916481e-01   5.161496e-14   1.121767e-03   1.429364e-16   130432
  4.955333e-01   5.006193e-14   1.114812e-03   1.379047e-16   132642
  4.994186e-01   4.890165e-14   1.110800e-03   1.335218e-16   134534
  5.033164e-01   4.753155e-14   1.124671e-03   1.285445e-16   137778
  5.072392e-01   4.616137e-14   1.135312e-03   1.237470e-16   140786
  5.111285e-01   4.471164e-14   1.110620e-03   1.197478e-16   139590
  5.149976e-01   4.350090e-14   1.125619e-03   1.157708e-16   143546
  5.188865e-01   4.222769e-14   1.125142e-03   1.107618e-16   145338
  5.227635e-01   4.108605e-14   1.120484e-03   1.077245e-16   147272
  5.266520e-01   3.976119e-14   1.122335e-03   1.032217e-16   150330
  5.305485e-01   3.852568e-14   1.118234e-03   9.891711e-17   152318
  5.344262e-01   3.755613e-14   1.111066e-03   9.643536e-17   153202
  5.383243e-01   3.637618e-14   1.138693e-03   9.178338e-17   158626
  5.422165e-01   3.550629e-14   1.116855e-03   9.034168e-17   157350
  5.460935e-01   3.429601e-14   1.131200e-03   8.603417e-17   161906
  5.499589e-01   3.366789e-14   1.105071e-03   8.503321e-17   160872
  5.538418e-01   3.277329e-14   1.133375e-03   8.068720e-17   167858
  5.577463e-01   3.204713e-14   1.114977e-03   7.867497e-17   167514
  5.616201e-01   3.086707e-14   1.113803e-03   7.533102e-17   169862
  5.655108e-01   2.999279e-14   1.124453e-03   7.285471e-17   173602
  5.694083e-01   2.929419e-14   1.123533e-03   6.981842e-17   175258
  5.732959e-01   2.848736e-14   1.127164e-03   6.804617e-17   177654
  5.771897e-01   2.765371e-14   1.130949e-03   6.514954e-17   180698
  5.810773e-01   2.696242e-14   1.119005e-03   6.355739e-17   181968
  5.849616e-01   2.636232e-14   1.118541e-03   6.164433e-17   184850
  5.888448e-01   2.568733e-14   1.119144e-03   5.988134e-17   187034
  5.927421e-01   2.491793e-14   1.129966e-03   5.739677e-17   191238
  5.966308e-01   2.436685e-14   1.116348e-03   5.616135e-17   191042
  6.005065e-01   2.369125e-14   1.126286e-03   5.379683e-17   195102
  6.043812e-01   2.304198e-14   1.117515e-03   5.254452e-17   195786
  6.082630e-01   2.229364e-14   1.131649e-03   4.961956e-17   201164
  6.121481e-01   2.187605e-14   1.112645e-03   4.920884e-17   201070
  6.160242e-01   2.112362e-14   1.118305e-03   4.681457e-17   205234
  6.199111e-01   2.070292e-14   1.116352e-03   4.557315e-17   207342
  6.237987e-01   2.009318e-14   1.121735e-03   4.403350e-17   210602
  6.276909e-01   1.964577e-14   1.124203e-03   4.286228e-17   213130
  6.315953e-01   1.914613e-14   1.133190e-03   4.130504e-17   217318
  6.354807e-01   1.862816e-14   1.113546e-03   4.021065e-17   216306
  6.393491e-01   1.805756e-14   1.119403e-03   3.874012e-17   220652
  6.432430e-01   1.770818e-14   1.124854e-03   3.773663e-17   224502
  6.471454e-01   1.731948e-14   1.125081e-03   3.660238e-17   227186
  6.510345e-01   1.675196e-14   1.118193e-03   3.544811e-17   228398
  6.549165e-01   1.633698e-14   1.122259e-03   3.419633e-17   231642
  6.587972e-01   1.596690e-14   1.122763e-03   3.336956e-17   233946
  6.626908e-01   1.559132e-14   1.132956e-03   3.218400e-17   238694
  6.665707e-01   1.517837e-14   1.114640e-03   3.145358e-17   238068
  6.704525e-01   1.480366e-14   1.124042e-03   3.019682e-17   244190
  6.743498e-01   1.441257e-14   1.116752e-03   2.944098e-17   245362
  6.782313e-01   1.414725e-14   1.120102e-03   2.873046e-17   248362
  6.821206e-01   1.373396e-14   1.124509e-03   2.764736e-17   251966
  6.860099e-01   1.344456e-14   1.120649e-03   2.675448e-17   254034
  6.898855e-01   1.310763e-14   1.117172e-03   2.626467e-17   255818
  6.937781e-01   1.272453e-14   1.132899e-03   2.520524e-17   262254
  6.976722e-01   1.248015e-14   1.116974e-03   2.471850e-17   261980
  7.015718e-01   1.215013e-14   1.129534e-03   2.380851e-17   268566
  7.054538e-01   1.190820e-14   1.104857e-03   2.331591e-17   265538
  7.093286e-01   1.160376e-14   1.128000e-03   2.241761e-17   273330
  7.132165e-01   1.126565e-14   1.121481e-03   2.187563e-17   273718
  7.171069e-01   1.099629e-14   1.132652e-03   2.105147e-17   279658
  7.209986e-01   1.081867e-14   1.120025e-03   2.077028e-17   279670
  7.248700e-01   1.054017e-14   1.119062e-03   2.016526e-17   282964
  7.287608e-01   1.025553e-14   1.126489e-03   1.940145e-17   288362
  7.326540e-01   1.003536e-14   1.118613e-03   1.892415e-17   289686
  7.365333e-01   9.799005e-15   1.116235e-03   1.844989e-17   292234
  7.404015e-01   9.551750e-15   1.112765e-03   1.790457e-17   294190
  7.442845e-01   9.303434e-15   1.127923e-03   1.718269e-17   300642
  7.481851e-01   9.099334e-15   1.128116e-03   1.678028e-17   303386
  7.520700e-01   8.849266e-15   1.119257e-03   1.629351e-17   304662
  7.559583e-01   8.652059e-15   1.122290e-03   1.591066e-17   309812
  7.598513e-01   8.451848e-15   1.117608e-03   1.544340e-17   311714
  7.637547e-01   8.260170e-15   1.130270e-03   1.493250e-17   318126
  7.676398e-01   8.071370e-15   1.111035e-03   1.467692e-17   315114
  7.715118e-01   7.868144e-15   1.127143e-03   1.414461e-17   322622
  7.753932e-01   7.715987e-15   1.117154e-03   1.389486e-17   322850
  7.792787e-01   7.550852e-15   1.131101e-03   1.345779e-17   329802
  7.831716e-01   7.363082e-15   1.123851e-03   1.305293e-17   331104
  7.870696e-01   7.180871e-15   1.127607e-03   1.261728e-17   336986
  7.909587e-01   7.022978e-15   1.111055e-03   1.239947e-17   335870
  7.948355e-01   6.833704e-15   1.120862e-03   1.199620e-17   341610
  7.987215e-01   6.688024e-15   1.121955e-03   1.163406e-17   344370
  8.026031e-01   6.567023e-15   1.122207e-03   1.138274e-17   347606
  8.064886e-01   6.403684e-15   1.124033e-03   1.104309e-17   351650
  8.103706e-01   6.271924e-15   1.118654e-03   1.080751e-17   353760
  8.142669e-01   6.096894e-15   1.129493e-03   1.043298e-17   360970
  8.181738e-01   5.979274e-15   1.123124e-03   1.015353e-17   362818
  8.220521e-01   5.842772e-15   1.110144e-03   9.920949e-18   362334
  8.259414e-01   5.702791e-15   1.129348e-03   9.634689e-18   371642
  8.298275e-01   5.576586e-15   1.114584e-03   9.471979e-18   368778
  8.337006e-01   5.462020e-15   1.128744e-03   9.136950e-18   376526
  8.375857e-01   5.321567e-15   1.121330e-03   8.888641e-18   377786
  8.414675e-01   5.212671e-15   1.123524e-03   8.650745e-18   382968
  8.453573e-01   5.102296e-15   1.120822e-03   8.416855e-18   386146
  8.492503e-01   4.998432e-15   1.124050e-03   8.213386e-18   390826
  8.531392e-01   4.883569e-15   1.119718e-03   8.033239e-18   392662
  8.570302e-01   4.775962e-15   1.125822e-03   7.800080e-18   398242
  8.609051e-01   4.660529e-15   1.111972e-03   7.655159e-18   396726
  8.647781e-01   4.560581e-15   1.124714e-03   7.424949e-18   404738
  8.686664e-01   4.472966e-15   1.122897e-03   7.220779e-18   407628
  8.725545e-01   4.352147e-15   1.121536e-03   6.984212e-18   411734
  8.764395e-01   4.263616e-15   1.117149e-03   6.837117e-18   414242
  8.803359e-01   4.164990e-15   1.126317e-03   6.619494e-18   421434
  8.842333e-01   4.089756e-15   1.120273e-03   6.510086e-18   421918
  8.881244e-01   4.000975e-15   1.128330e-03   6.324139e-18   427810
  8.920157e-01   3.894639e-15   1.123036e-03   6.153282e-18   429470
  8.958948e-01   3.820821e-15   1.119658e-03   6.023936e-18   432282
  8.997746e-01   3.728369e-15   1.122449e-03   5.850828e-18   437260
  9.036583e-01   3.654614e-15   1.120747e-03   5.727087e-18   440758
  9.075489e-01   3.592063e-15   1.124778e-03   5.583517e-18   446370
  9.114474e-01   3.492098e-15   1.123943e-03   5.428925e-18   450182
  9.153288e-01   3.410703e-15   1.115142e-03   5.294628e-18   449850
  9.192089e-01   3.351048e-15   1.127357e-03   5.160336e-18   457898
  9.230929e-01   3.271499e-15   1.119604e-03   5.041275e-18   458662
  9.269737e-01   3.197577e-15   1.121722e-03   4.931954e-18   464620
  9.308545e-01   3.151561e-15   1.114316e-03   4.839400e-18   466302
  9.347441e-01   3.072523e-15   1.124571e-03   4.653945e-18   474314
  9.386369e-01   2.996564e-15   1.120021e-03   4.522049e-18   475530
  9.425348e-01   2.927893e-15   1.129051e-03   4.408589e-18   483206
  9.464328e-01   2.877736e-15   1.121669e-03   4.343143e-18   483530
  9.503142e-01   2.821384e-15   1.121047e-03   4.232272e-18   487002
  9.541966e-01   2.758096e-15   1.124058e-03   4.127828e-18   491774
  9.580774e-01   2.697590e-15   1.120518e-03   4.022742e-18   495084
  9.619601e-01   2.651013e-15   1.119352e-03   3.939068e-18   499438
  9.658473e-01   2.587672e-15   1.122356e-03   3.850672e-18   504682
  9.697357e-01   2.534104e-15   1.121500e-03   3.758460e-18   507738
  9.736321e-01   2.482548e-15   1.130456e-03   3.650136e-18   515174
  9.775214e-01   2.430646e-15   1.119580e-03   3.571879e-18   514234
  9.813957e-01   2.378667e-15   1.119450e-03   3.507755e-18   519022
  9.852705e-01   2.324660e-15   1.117281e-03   3.395455e-18   522636
  9.891535e-01   2.281592e-15   1.121739e-03   3.324803e-18   529442
  9.930474e-01   2.240154e-15   1.122647e-03   3.258000e-18   534078
  9.969375e-01   2.194147e-15   1.118397e-03   3.182276e-18   536666
  1.000817e+00   2.142553e-15   1.116716e-03   3.102686e-18   539142
  1.004715e+00   2.097076e-15   1.134178e-03   3.009849e-18   550658
  1.008615e+00   2.057806e-15   1.121935e-03   2.967053e-18   548298
  1.012495e+00   2.010266e-15   1.123048e-03   2.866961e-18   553694
  1.016374e+00   1.970357e-15   1.116375e-03   2.826213e-18   556116
  1.020264e+00   1.933403e-15   1.125051e-03   2.742648e-18   564890
  1.024148e+00   1.888569e-15   1.116141e-03   2.682053e-18   563718
  1.028036e+00   1.855995e-15   1.128568e-03   2.612713e-18   574298
  1.031929e+00   1.813406e-15   1.120551e-03   2.566267e-18   573966
  1.035814e+00   1.784307e-15   1.126024e-03   2.513949e-18   580586
  1.039699e+00   1.740418e-15   1.122029e-03   2.453979e-18   582666
  1.043587e+00   1.707761e-15   1.125959e-03   2.387391e-18   590648
  1.047474e+00   1.674128e-15   1.114820e-03   2.346077e-18   590394
  1.051350e+00   1.642602e-15   1.116684e-03   2.295222e-18   596174
  1.055234e+00   1.604134e-15   1.120236e-03   2.230166e-18   601674
  1.059126e+00   1.576111e-15   1.125352e-03   2.181941e-18   607682
  1.063019e+00   1.544705e-15   1.124350e-03   2.136883e-18   611166
  1.066910e+00   1.513227e-15   1.124099e-03   2.088840e-18   615626
  1.070791e+00   1.483792e-15   1.119456e-03   2.041062e-18   617290
  1.074678e+00   1.455789e-15   1.126011e-03   1.996041e-18   626344
  1.078566e+00   1.429375e-15   1.117274e-03   1.966261e-18   626658
  1.082451e+00   1.398551e-15   1.122467e-03   1.921113e-18   634022
  1.086331e+00   1.373388e-15   1.116124e-03   1.873582e-18   634554
  1.090218e+00   1.342991e-15   1.128467e-03   1.824217e-18   645026
  1.094107e+00   1.311934e-15   1.122446e-03   1.775168e-18   645102
  1.097993e+00   1.287927e-15   1.126954e-03   1.740491e-18   653018
  1.101879e+00   1.268693e-15   1.119089e-03   1.720906e-18   654384
  1.105770e+00   1.237330e-15   1.123901e-03   1.663873e-18   663194
  1.109660e+00   1.216765e-15   1.117576e-03   1.639940e-18   663834
  1.113540e+00   1.191481e-15   1.118796e-03   1.602521e-18   669158
  1.117424e+00   1.170039e-15   1.120650e-03   1.568473e-18   674490
  1.121304e+00   1.143610e-15   1.118416e-03   1.532719e-18   677222
  1.125193e+00   1.121976e-15   1.128225e-03   1.496394e-18   686874
  1.129092e+00   1.100970e-15   1.126811e-03   1.466325e-18   690722
  1.132980e+00   1.079846e-15   1.118907e-03   1.438189e-18   692008
  1.136871e+00   1.062103e-15   1.124678e-03   1.412133e-18   701386
  1.140761e+00   1.039529e-15   1.117002e-03   1.381198e-18   700778
  1.144643e+00   1.016756e-15   1.123318e-03   1.340920e-18   708774
  1.148529e+00   1.001511e-15   1.121990e-03   1.326762e-18   711690
  1.152418e+00   9.832286e-16   1.126973e-03   1.289817e-18   719606
  1.156298e+00   9.632089e-16   1.116380e-03   1.269398e-18   717762
  1.160181e+00   9.425137e-16   1.127123e-03   1.236849e-18   730460
  1.164073e+00   9.288676e-16   1.119262e-03   1.221466e-18   731070
  1.167968e+00   9.090550e-16   1.125901e-03   1.182696e-18   741170
  1.171853e+00   8.925447e-16   1.112045e-03   1.168116e-18   737094
  1.175730e+00   8.749725e-16   1.122374e-03   1.145695e-18   747698
  1.179618e+00   8.613158e-16   1.122867e-03   1.121424e-18   751658
  1.183501e+00   8.429490e-16   1.121599e-03   1.100937e-18   755574
  1.187383e+00   8.279061e-16   1.122256e-03   1.072285e-18   761442
  1.191279e+00   8.135440e-16   1.126787e-03   1.052533e-18   770816
  1.195171e+00   7.991719e-16   1.117539e-03   1.035658e-18   769274
  1.199064e+00   7.814925e-16   1.129525e-03   1.004734e-18   782130
  1.202947e+00   7.684393e-16   1.112602e-03   9.981326e-19   775230
  1.206825e+00   7.539303e-16   1.126605e-03   9.682891e-19   789866
  1.210710e+00   7.421633e-16   1.118361e-03   9.566741e-19   787914
  1.214592e+00   7.269225e-16   1.128225e-03   9.321520e-19   799598
  1.218486e+00   7.132363e-16   1.124161e-03   9.140759e-19   802980
  1.222371e+00   6.998483e-16   1.117789e-03   8.995401e-19   805622
  1.226254e+00   6.903346e-16   1.119738e-03   8.827962e-19   812050
  1.230147e+00   6.732351e-16   1.126034e-03   8.554390e-19   820954
  1.234035e+00   6.617250e-16   1.118780e-03   8.413712e-19   820062
  1.237911e+00   6.494746e-16   1.119897e-03   8.298791e-19   826298
  1.241794e+00   6.389122e-16   1.121814e-03   8.120487e-19   833118
  1.245672e+00   6.263287e-16   1.117137e-03   7.975633e-19   834812
  1.249560e+00   6.168693e-16   1.126815e-03   7.825996e-19   847858
  1.253469e+00   6.049764e-16   1.127442e-03   7.625127e-19   854278
  1.257361e+00   5.944443e-16   1.116253e-03   7.529677e-19   850978
  1.261241e+00   5.830835e-16   1.121687e-03   7.391196e-19   859186
  1.265131e+00   5.722967e-16   1.127494e-03   7.222672e-19   867126
  1.269018e+00   5.616891e-16   1.121886e-03   7.112523e-19   868274
  1.272897e+00   5.518318e-16   1.120976e-03   6.966802e-19   873606
  1.276776e+00   5.457181e-16   1.119398e-03   6.873306e-19   879284
  1.280663e+00   5.345997e-16   1.122355e-03   6.693529e-19   887170
  1.284564e+00   5.259474e-16   1.128693e-03   6.603267e-19   897526
  1.288458e+00   5.150744e-16   1.117587e-03   6.489214e-19   894258
  1.292341e+00   5.065607e-16   1.122714e-03   6.362266e-19   903374
  1.296223e+00   4.962437e-16   1.118323e-03   6.229982e-19   904338
  1.300103e+00   4.880533e-16   1.123719e-03   6.118574e-19   913586
  1.303982e+00   4.794567e-16   1.118150e-03   5.989990e-19   915416
  1.307871e+00   4.721614e-16   1.124217e-03   5.899773e-19   928122
  1.311759e+00   4.648684e-16   1.115167e-03   5.804083e-19   926094
  1.315654e+00   4.554679e-16   1.130093e-03   5.663161e-19   942890
  1.319549e+00   4.475991e-16   1.118827e-03   5.590988e-19   937266
  1.323433e+00   4.402182e-16   1.126506e-03   5.465909e-19   948854
  1.327319e+00   4.317102e-16   1.120121e-03   5.361765e-19   948714
  1.331197e+00   4.249311e-16   1.122687e-03   5.291388e-19   956186
  1.335082e+00   4.174834e-16   1.124444e-03   5.194669e-19   964272
  1.338973e+00   4.106721e-16   1.121587e-03   5.090859e-19   969458
  1.342859e+00   4.032582e-16   1.118296e-03   5.009092e-19   972750
  1.346749e+00   3.975045e-16   1.124460e-03   4.928828e-19   982706
  1.350635e+00   3.905433e-16   1.119858e-03   4.866053e-19   982906
  1.354527e+00   3.845184e-16   1.129306e-03   4.761766e-19   996622
  1.358414e+00   3.771354e-16   1.117989e-03   4.699365e-19   992378
  1.362284e+00   3.710849e-16   1.117150e-03   4.598575e-19   999000
  1.366168e+00   3.660099e-16   1.122014e-03   4.527342e-19   1010114
  1.370061e+00   3.598926e-16   1.121750e-03   4.459316e-19   1015722
  1.373948e+00   3.537306e-16   1.119290e-03   4.380897e-19   1018742
  1.377843e+00   3.475182e-16   1.127371e-03   4.287158e-19   1031250
  1.381733e+00   3.400405e-16   1.118461e-03   4.209583e-19   1027226
  1.385615e+00   3.353269e-16   1.126435e-03   4.123808e-19   1039734
  1.389500e+00   3.305945e-16   1.120654e-03   4.079815e-19   1039914
  1.393382e+00   3.248428e-16   1.123683e-03   4.012821e-19   1050272
  1.397267e+00   3.205905e-16   1.117473e-03   3.973798e-19   1052306
  1.401154e+00   3.145705e-16   1.122308e-03   3.872609e-19   1062666
  1.405045e+00   3.081893e-16   1.122401e-03   3.788576e-19   1067262
  1.408935e+00   3.044725e-16   1.123952e-03   3.748552e-19   1073906
  1.412823e+00   2.986016e-16   1.122463e-03   3.674745e-19   1078190
  1.416712e+00   2.940943e-16   1.124033e-03   3.623964e-19   1085634
  1.420592e+00   2.903410e-16   1.117456e-03   3.581544e-19   1085508
  1.424480e+00   2.850212e-16   1.126594e-03   3.491286e-19   1101926
  1.428369e+00   2.807225e-16   1.116061e-03   3.467348e-19   1098322
  1.432252e+00   2.766274e-16   1.121199e-03   3.406866e-19   1109878
  1.436144e+00   2.718071e-16   1.122554e-03   3.352805e-19   1115338
  1.440035e+00   2.670276e-16   1.125793e-03   3.281415e-19   1122586
  1.443924e+00   2.631015e-16   1.123292e-03   3.237315e-19   1125862
  1.447810e+00   2.587695e-16   1.122976e-03   3.185482e-19   1132498
  1.451691e+00   2.550046e-16   1.119415e-03   3.147841e-19   1135444
  1.455573e+00   2.520144e-16   1.122581e-03   3.099169e-19   1145374
  1.459464e+00   2.470080e-16   1.123383e-03   3.027611e-19   1152698
  1.463354e+00   2.433409e-16   1.121349e-03   3.001148e-19   1157046
  1.467236e+00   2.402676e-16   1.119148e-03   2.950346e-19   1160226
  1.471127e+00   2.364047e-16   1.127743e-03   2.896524e-19   1174346
  1.475014e+00   2.329331e-16   1.119897e-03   2.875098e-19   1171462
  1.478897e+00   2.289833e-16   1.124033e-03   2.817817e-19   1183828
  1.482778e+00   2.256440e-16   1.114458e-03   2.784326e-19   1181822
  1.486657e+00   2.222912e-16   1.120779e-03   2.745644e-19   1194930
  1.490547e+00   2.188082e-16   1.122593e-03   2.680593e-19   1202010
  1.494437e+00   2.149362e-16   1.122115e-03   2.640507e-19   1207166
  1.498326e+00   2.120706e-16   1.123291e-03   2.607651e-19   1214106
  1.502209e+00   2.085847e-16   1.118748e-03   2.573782e-19   1215302
  1.506095e+00   2.057791e-16   1.126666e-03   2.526167e-19   1229274
  1.509994e+00   2.028768e-16   1.126873e-03   2.496999e-19   1236164
  1.513882e+00   1.996367e-16   1.118916e-03   2.455474e-19   1235326
  1.517764e+00   1.968456e-16   1.120265e-03   2.424517e-19   1244026
  1.521647e+00   1.937498e-16   1.120382e-03   2.387325e-19   1249154
  1.525536e+00   1.908708e-16   1.126025e-03   2.339237e-19   1260558
  1.529421e+00   1.884475e-16   1.119984e-03   2.321211e-19   1260394
  1.533310e+00   1.854459e-16   1.125848e-03   2.275257e-19   1274758
  1.537193e+00   1.826514e-16   1.115594e-03   2.256022e-19   1270188
  1.541083e+00   1.806861e-16   1.128008e-03   2.226141e-19   1291202
  1.544971e+00   1.776765e-16   1.115149e-03   2.187285e-19   1282654
  1.548850e+00   1.750970e-16   1.122198e-03   2.151705e-19   1298242
  1.552739e+00   1.728499e-16   1.120395e-03   2.139901e-19   1301774
  1.556625e+00   1.697486e-16   1.123165e-03   2.087010e-19   1309770
  1.560512e+00   1.671949e-16   1.123502e-03   2.067831e-19   1315714
  1.564403e+00   1.652764e-16   1.124924e-03   2.042945e-19   1325110
  1.568290e+00   1.630922e-16   1.118940e-03   2.013498e-19   1326012
  1.572174e+00   1.605161e-16   1.122090e-03   1.983535e-19   1336154
  1.576069e+00   1.584434e-16   1.126474e-03   1.952103e-19   1347334
  1.579958e+00   1.562805e-16   1.119782e-03   1.940312e-19   1345354
  1.583833e+00   1.535917e-16   1.119555e-03   1.896688e-19   1350998
  1.587719e+00   1.514113e-16   1.125829e-03   1.870285e-19   1365546
  1.591609e+00   1.495620e-16   1.122088e-03   1.849132e-19   1367474
  1.595497e+00   1.476828e-16   1.123693e-03   1.830331e-19   1377984
  1.599384e+00   1.460094e-16   1.118321e-03   1.811348e-19   1379394
  1.603272e+00   1.437143e-16   1.123056e-03   1.787814e-19   1392230
  1.607160e+00   1.418322e-16   1.118740e-03   1.758789e-19   1392634
  1.611042e+00   1.397675e-16   1.122441e-03   1.733850e-19   1402666
  1.614928e+00   1.377463e-16   1.122269e-03   1.708635e-19   1408502
  1.618814e+00   1.358389e-16   1.122041e-03   1.692300e-19   1415418
  1.622692e+00   1.343526e-16   1.117068e-03   1.669807e-19   1416856
  1.626588e+00   1.326266e-16   1.130843e-03   1.649936e-19   1442002
  1.630485e+00   1.306461e-16   1.117858e-03   1.630372e-19   1431634
  1.634367e+00   1.293058e-16   1.122585e-03   1.616450e-19   1444606
  1.638250e+00   1.269652e-16   1.118765e-03   1.585948e-19   1445890
  1.642138e+00   1.254309e-16   1.126997e-03   1.563170e-19   1462210
  1.646026e+00   1.235991e-16   1.120901e-03   1.543518e-19   1459590
  1.649907e+00   1.217861e-16   1.123856e-03   1.509533e-19   1471226
  1.653797e+00   1.206902e-16   1.123379e-03   1.504300e-19   1480072
  1.657690e+00   1.191688e-16   1.121364e-03   1.492375e-19   1486594
  1.661576e+00   1.173529e-16   1.118520e-03   1.466200e-19   1488882
  1.665461e+00   1.161146e-16   1.123128e-03   1.457899e-19   1500854
  1.669353e+00   1.143196e-16   1.123083e-03   1.428421e-19   1506874
  1.673232e+00   1.129528e-16   1.117624e-03   1.418188e-19   1506094
  1.677111e+00   1.112084e-16   1.122855e-03   1.394416e-19   1519682
  1.680997e+00   1.098355e-16   1.122626e-03   1.381147e-19   1526724
  1.684890e+00   1.086566e-16   1.125240e-03   1.355927e-19   1539038
  1.688782e+00   1.078707e-16   1.119859e-03   1.363488e-19   1539810
  1.692664e+00   1.061008e-16   1.119007e-03   1.336570e-19   1545046
  1.696554e+00   1.044272e-16   1.126236e-03   1.306088e-19   1560538
  1.700441e+00   1.034062e-16   1.120507e-03   1.306840e-19   1557506
  1.704322e+00   1.020009e-16   1.124114e-03   1.285879e-19   1570062
  1.708203e+00   1.006121e-16   1.119253e-03   1.266254e-19   1571290
  1.712089e+00   9.953064e-17   1.124856e-03   1.253254e-19   1588228
  1.715982e+00   9.852191e-17   1.121250e-03   1.242771e-19   1591046
  1.719873e+00   9.707170e-17   1.123715e-03   1.221814e-19   1602474
  1.723761e+00   9.598199e-17   1.118014e-03   1.212260e-19   1601646
  1.727642e+00   9.512557e-17   1.120550e-03   1.201876e-19   1611266
  1.731523e+00   9.353749e-17   1.120678e-03   1.184045e-19   1616634
  1.735410e+00   9.219333e-17   1.126166e-03   1.166265e-19   1631366
  1.739297e+00   9.142586e-17   1.119655e-03   1.156870e-19   1631028
  1.743180e+00   9.047802e-17   1.119854e-03   1.147268e-19   1641446
  1.747073e+00   8.913143e-17   1.124208e-03   1.125445e-19   1654234
  1.750973e+00   8.819927e-17   1.126198e-03   1.122368e-19   1662874
  1.754858e+00   8.736237e-17   1.117471e-03   1.116300e-19   1656686
  1.758736e+00   8.584744e-17   1.122008e-03   1.088835e-19   1670898
  1.762622e+00   8.526282e-17   1.123056e-03   1.085399e-19   1678074
  1.766507e+00   8.419207e-17   1.123311e-03   1.079708e-19   1685198
  1.770393e+00   8.339845e-17   1.122996e-03   1.063076e-19   1694524
  1.774282e+00   8.255070e-17   1.120709e-03   1.059709e-19   1701334
  1.778171e+00   8.113562e-17   1.120908e-03   1.034805e-19   1709386
  1.782064e+00   8.020920e-17   1.123720e-03   1.028865e-19   1719994
  1.785953e+00   7.937376e-17   1.121006e-03   1.015699e-19   1721510
  1.789842e+00   7.857714e-17   1.124974e-03   1.005891e-19   1734978
  1.793722e+00   7.760872e-17   1.116124e-03   9.988108e-20   1728646
  1.797599e+00   7.646034e-17   1.122713e-03   9.773257e-20   1746868
  1.801486e+00   7.615092e-17   1.121127e-03   9.789573e-20   1752922
  1.805380e+00   7.508282e-17   1.125234e-03   9.633490e-20   1767862
  1.809271e+00   7.428370e-17   1.119301e-03   9.628509e-20   1765698
  1.813160e+00   7.344769e-17   1.125035e-03   9.421110e-20   1781270
  1.817049e+00   7.256810e-17   1.121176e-03   9.365996e-20   1780650
  1.820932e+00   7.169637e-17   1.124142e-03   9.251921e-20   1792418
  1.824813e+00   7.090261e-17   1.119388e-03   9.188072e-20   1792790
  1.828696e+00   7.026770e-17   1.123591e-03   9.115072e-20   1809852
  1.832585e+00   6.961508e-17   1.120140e-03   9.056899e-20   1812666
  1.836475e+00   6.877687e-17   1.124777e-03   8.923311e-20   1827614
  1.840367e+00   6.792522e-17   1.121640e-03   8.829302e-20   1829970
  1.844251e+00   6.726559e-17   1.120370e-03   8.734250e-20   1835030
  1.848131e+00   6.655497e-17   1.119790e-03   8.684766e-20   1841410
  1.852017e+00   6.551813e-17   1.124723e-03   8.475279e-20   1856626
  1.855900e+00   6.526089e-17   1.118305e-03   8.532297e-20   1854656
  1.859782e+00   6.451845e-17   1.121720e-03   8.431131e-20   1870698
  1.863671e+00   6.384756e-17   1.120553e-03   8.304251e-20   1876998
  1.867559e+00   6.294720e-17   1.120979e-03   8.224368e-20   1884458
  1.871445e+00   6.264232e-17   1.122381e-03   8.247668e-20   1891730
  1.875338e+00   6.170140e-17   1.127317e-03   8.047774e-20   1907574
  1.879232e+00   6.138266e-17   1.122851e-03   8.076070e-20   1907730
  1.883115e+00   6.046973e-17   1.120697e-03   7.928791e-20   1912154
  1.886997e+00   6.017836e-17   1.121764e-03   7.901738e-20   1923216
  1.890888e+00   5.954771e-17   1.124326e-03   7.841320e-20   1936562
  1.894776e+00   5.887839e-17   1.119734e-03   7.749176e-20   1936862
  1.898663e+00   5.830458e-17   1.122747e-03   7.705456e-20   1950114
  1.902549e+00   5.777776e-17   1.121089e-03   7.620879e-20   1953306
  1.906439e+00   5.695983e-17   1.125982e-03   7.531428e-20   1968806
  1.910327e+00   5.657438e-17   1.121186e-03   7.484917e-20   1968818
  1.914211e+00   5.599049e-17   1.121720e-03   7.422613e-20   1980624
  1.918097e+00   5.555789e-17   1.118800e-03   7.386446e-20   1985034
  1.921980e+00   5.483836e-17   1.120281e-03   7.272750e-20   1995242
  1.925870e+00   5.442405e-17   1.123830e-03   7.239780e-20   2007742
  1.929759e+00   5.403127e-17   1.121495e-03   7.215622e-20   2010538
  1.933641e+00   5.349500e-17   1.121298e-03   7.133988e-20   2017390
  1.937531e+00   5.279413e-17   1.126602e-03   7.015444e-20   2034346
  1.941413e+00   5.217849e-17   1.117450e-03   6.949886e-20   2025498
  1.945299e+00   5.190117e-17   1.127850e-03   6.949164e-20   2055248
  1.949189e+00   5.152460e-17   1.116586e-03   6.926259e-20   2045090
  1.953070e+00   5.099758e-17   1.121603e-03   6.845177e-20   2062074
  1.956959e+00   5.044586e-17   1.122727e-03   6.750537e-20   2070190
  1.960848e+00   4.996199e-17   1.123891e-03   6.720580e-20   2079226
  1.964734e+00   4.951177e-17   1.122069e-03   6.682539e-20   2083990
  1.968623e+00   4.911892e-17   1.124515e-03   6.616401e-20   2097898
  1.972507e+00   4.871435e-17   1.118548e-03   6.585550e-20   2095452
  1.976394e+00   4.828879e-17   1.124843e-03   6.535071e-20   2117390
  1.980286e+00   4.788448e-17   1.119656e-03   6.482317e-20   2117066
  1.984162e+00   4.738714e-17   1.115140e-03   6.424738e-20   2117238
  1.988045e+00   4.697036e-17   1.124414e-03   6.374576e-20   2140026
  1.991938e+00   4.629574e-17   1.125139e-03   6.255181e-20   2147234
  1.995825e+00   4.617882e-17   1.122378e-03   6.316245e-20   2150118
  1.999710e+00   4.567945e-17   1.122400e-03   6.226228e-20   2160386
  2.003596e+00   4.538433e-17   1.121122e-03   6.182390e-20   2168256
  2.007488e+00   4.501846e-17   1.124409e-03   6.151656e-20   2183306
  2.011378e+00   4.475471e-17   1.120925e-03   6.131853e-20   2184642
  2.015262e+00   4.418263e-17   1.120511e-03   6.048685e-20   2192318
  2.019141e+00   4.395484e-17   1.118713e-03   6.030962e-20   2196066
  2.023031e+00   4.344971e-17   1.127541e-03   5.971878e-20   2220890
  2.026922e+00   4.306919e-17   1.121128e-03   5.912027e-20   2215758
  2.030810e+00   4.272238e-17   1.124804e-03   5.857434e-20   2233988
  2.034697e+00   4.244667e-17   1.118045e-03   5.856936e-20   2231670
  2.038579e+00   4.224803e-17   1.119728e-03   5.853474e-20   2244338
  2.042469e+00   4.177454e-17   1.123477e-03   5.789259e-20   2258610
  2.046358e+00   4.142833e-17   1.121050e-03   5.760104e-20   2260718
  2.050240e+00   4.108134e-17   1.120914e-03   5.718771e-20   2268162
  2.054123e+00   4.077129e-17   1.121571e-03   5.662648e-20   2277494
  2.058008e+00   4.035857e-17   1.123134e-03   5.606772e-20   2288796
  2.061901e+00   4.025832e-17   1.126253e-03   5.624874e-20   2305226
  2.065791e+00   3.999555e-17   1.119672e-03   5.596483e-20   2301630
  2.069679e+00   3.964905e-17   1.123731e-03   5.556197e-20   2319770
  2.073565e+00   3.924324e-17   1.118309e-03   5.522035e-20   2315610
  2.077447e+00   3.888824e-17   1.124236e-03   5.446147e-20   2334662
  2.081332e+00   3.859209e-17   1.120785e-03   5.409931e-20   2335722
  2.085219e+00   3.820800e-17   1.124829e-03   5.357506e-20   2354102
  2.089107e+00   3.808266e-17   1.120313e-03   5.379970e-20   2355156
  2.092998e+00   3.784994e-17   1.124614e-03   5.334074e-20   2374250
  2.096888e+00   3.749676e-17   1.120068e-03   5.322669e-20   2373102
  2.100776e+00   3.722764e-17   1.122758e-03   5.277313e-20   2388194
  2.104658e+00   3.695968e-17   1.116928e-03   5.263043e-20   2383470
  2.108539e+00   3.671090e-17   1.123618e-03   5.219796e-20   2404994
  2.112426e+00   3.641926e-17   1.121916e-03   5.192707e-20   2408538
  2.116308e+00   3.617802e-17   1.121742e-03   5.190885e-20   2417744
  2.120198e+00   3.590423e-17   1.124446e-03   5.128794e-20   2434578
  2.124090e+00   3.567800e-17   1.121710e-03   5.102477e-20   2438414
  2.127979e+00   3.541081e-17   1.122410e-03   5.071329e-20   2448066
  2.131867e+00   3.522827e-17   1.122662e-03   5.091423e-20   2456018
  2.135751e+00   3.490636e-17   1.121406e-03   5.037862e-20   2461230
  2.139636e+00   3.467976e-17   1.122653e-03   5.014956e-20   2474330
  2.143519e+00   3.439778e-17   1.119652e-03   4.985634e-20   2476498
  2.147405e+00   3.431966e-17   1.124366e-03   4.981030e-20   2497240
  2.151298e+00   3.396277e-17   1.122529e-03   4.930878e-20   2502930
  2.155185e+00   3.376627e-17   1.120390e-03   4.915679e-20   2508470
  2.159072e+00   3.364141e-17   1.121001e-03   4.916236e-20   2518482
  2.162961e+00   3.332547e-17   1.123829e-03   4.886923e-20   2532074
  2.166844e+00   3.313599e-17   1.118275e-03   4.867648e-20   2526678
  2.170724e+00   3.284070e-17   1.124045e-03   4.831902e-20   2549018
  2.174611e+00   3.273088e-17   1.120040e-03   4.816696e-20   2551704
  2.178497e+00   3.261816e-17   1.122028e-03   4.814379e-20   2566226
  2.182386e+00   3.246475e-17   1.122230e-03   4.797752e-20   2573898
  2.186278e+00   3.216412e-17   1.124844e-03   4.768543e-20   2589182
  2.190164e+00   3.194219e-17   1.119195e-03   4.743367e-20   2584890
  2.194049e+00   3.181500e-17   1.124371e-03   4.735618e-20   2605190
  2.197936e+00   3.149438e-17   1.121682e-03   4.699300e-20   2606418
  2.201821e+00   3.138063e-17   1.123741e-03   4.687498e-20   2621186
  2.205707e+00   3.124053e-17   1.120704e-03   4.686392e-20   2626608
  2.209592e+00   3.112449e-17   1.119995e-03   4.709964e-20   2636714
  2.213479e+00   3.095444e-17   1.121274e-03   4.687546e-20   2647482
  2.217374e+00   3.062618e-17   1.127022e-03   4.618821e-20   2668382
  2.221265e+00   3.043507e-17   1.120175e-03   4.627919e-20   2660418
  2.225149e+00   3.029000e-17   1.122869e-03   4.622307e-20   2676662
  2.229029e+00   3.008175e-17   1.117920e-03   4.571238e-20   2674210
  2.232911e+00   2.991494e-17   1.123157e-03   4.559434e-20   2697076
  2.236800e+00   2.999853e-17   1.121599e-03   4.598305e-20   2703558
  2.240687e+00   2.974847e-17   1.121191e-03   4.571026e-20   2713250
  2.244572e+00   2.973923e-17   1.119243e-03   4.606978e-20   2717718
  2.248464e+00   2.935929e-17   1.127021e-03   4.516295e-20   2743178
  2.252353e+00   2.922429e-17   1.120305e-03   4.525130e-20   2732730
  2.256238e+00   2.905807e-17   1.126187e-03   4.492949e-20   2758022
  2.260125e+00   2.881153e-17   1.119041e-03   4.474661e-20   2751994
  2.264006e+00   2.882184e-17   1.121171e-03   4.496150e-20   2769052
  2.267895e+00   2.871071e-17   1.122842e-03   4.503401e-20   2783062
  2.271785e+00   2.863979e-17   1.121645e-03   4.508680e-20   2789362
  2.275674e+00   2.848046e-17   1.121981e-03   4.495715e-20   2799582
  2.279564e+00   2.845990e-17   1.123236e-03   4.511550e-20   2811170
  2.283450e+00   2.816832e-17   1.121033e-03   4.466988e-20   2812658
  2.287338e+00   2.801930e-17   1.125793e-03   4.458026e-20   2833302
  2.291222e+00   2.791025e-17   1.118388e-03   4.455395e-20   2827420
  2.295104e+00   2.775768e-17   1.121018e-03   4.430782e-20   2846710
  2.298989e+00   2.698357e-17   1.120692e-03   4.299876e-20   2846535
  2.302873e+00   2.577614e-17   1.122997e-03   4.047146e-20   2848496
  2.306761e+00   2.452007e-17   1.122225e-03   3.822426e-20   2841084
  2.310652e+00   2.336977e-17   1.124928e-03   3.586347e-20   2843480
  2.314540e+00   2.230515e-17   1.120270e-03   3.393130e-20   2826624
  2.318424e+00   2.133295e-17   1.123352e-03   3.210235e-20   2828732
  2.322310e+00   2.028304e-17   1.121451e-03   3.010160e-20   2819296
  2.326197e+00   1.937960e-17   1.122811e-03   2.843223e-20   2819548
  2.330081e+00   1.852523e-17   1.118959e-03   2.696257e-20   2805192
  2.333967e+00   1.770940e-17   1.123463e-03   2.540307e-20   2811104
  2.337856e+00   1.694513e-17   1.121717e-03   2.396835e-20   2800672
  2.341743e+00   1.620978e-17   1.122654e-03   2.267739e-20   2798080
  2.345628e+00   1.552332e-17   1.120248e-03   2.155064e-20   2786976
  2.349516e+00   1.486408e-17   1.123594e-03   2.024669e-20   2791016
  2.353406e+00   1.428837e-17   1.121382e-03   1.927645e-20   2779360
  2.357287e+00   1.375716e-17   1.119573e-03   1.846862e-20   2768644
  2.361169e+00   1.319024e-17   1.122534e-03   1.745586e-20   2771192
  2.365058e+00   1.273736e-17   1.121875e-03   1.670864e-20   2765028
  2.368946e+00   1.222569e-17   1.122751e-03   1.583356e-20   2760864
  2.372840e+00   1.176178e-17   1.125689e-03   1.504580e-20   2761616
  2.376724e+00   1.133692e-17   1.118525e-03   1.445205e-20   2737932
  2.380610e+00   1.088617e-17   1.125904e-03   1.364846e-20   2752280
  2.384498e+00   1.052174e-17   1.118464e-03   1.311876e-20   2728764
  2.388382e+00   1.013317e-17   1.123937e-03   1.245099e-20   2736368
  2.392268e+00   9.828425e-18   1.119459e-03   1.206886e-20   2719952
  2.396155e+00   9.494120e-18   1.124236e-03   1.147494e-20   2727120
  2.400042e+00   9.179055e-18   1.118614e-03   1.101662e-20   2708400
  2.403932e+00   8.836315e-18   1.125719e-03   1.048948e-20   2718536
  2.407818e+00   8.538727e-18   1.118504e-03   1.006938e-20   2694300
  2.411707e+00   8.287374e-18   1.126793e-03   9.657018e-21   2709440
  2.415596e+00   8.038645e-18   1.117787e-03   9.324932e-21   2682108
  2.419475e+00   7.749063e-18   1.121308e-03   8.876745e-21   2684912
  2.423360e+00   7.524932e-18   1.121998e-03   8.561041e-21   2678868
  2.427246e+00   7.292540e-18   1.122668e-03   8.247658e-21   2674772
  2.431135e+00   7.060905e-18   1.123033e-03   7.870322e-21   2670120
  2.435021e+00   6.869032e-18   1.120804e-03   7.610767e-21   2659532
  2.438909e+00   6.667039e-18   1.123713e-03   7.324616e-21   2659704
  2.442801e+00   6.477597e-18   1.124617e-03   7.063817e-21   2654348
  2.446687e+00   6.283229e-18   1.121000e-03   6.802410e-21   2640276
  2.450572e+00   6.089100e-18   1.121992e-03   6.538814e-21   2638700
  2.454457e+00   5.938308e-18   1.120074e-03   6.339008e-21   2628244
  2.458344e+00   5.764198e-18   1.124115e-03   6.106481e-21   2630920
  2.462234e+00   5.609394e-18   1.121877e-03   5.909175e-21   2618904
  2.466118e+00   5.455081e-18   1.120448e-03   5.705406e-21   2610932
  2.470005e+00   5.307944e-18   1.121951e-03   5.488804e-21   2608464
  2.473895e+00   5.165018e-18   1.123139e-03   5.310150e-21   2603708
  2.477779e+00   5.026414e-18   1.119694e-03   5.149173e-21   2588012
  2.481660e+00   4.892503e-18   1.122196e-03   4.953041e-21   2588364
  2.485545e+00   4.774977e-18   1.120384e-03   4.808075e-21   2579076
  2.489430e+00   4.645144e-18   1.121132e-03   4.655816e-21   2574152
  2.493314e+00   4.536005e-18   1.121505e-03   4.528359e-21   2566812
  2.497207e+00   4.419713e-18   1.127061e-03   4.373537e-21   2573732
  2.501098e+00   4.322419e-18   1.119524e-03   4.262644e-21   2550568
  2.504983e+00   4.212463e-18   1.123035e-03   4.131621e-21   2552068
  2.508870e+00   4.103949e-18   1.121138e-03   3.997615e-21   2539620
  2.512757e+00   4.020544e-18   1.124635e-03   3.893665e-21   2540936
  2.516646e+00   3.929650e-18   1.121040e-03   3.781969e-21   2528032
  2.520531e+00   3.832172e-18   1.120365e-03   3.681812e-21   2521480
  2.524419e+00   3.745363e-18   1.122347e-03   3.561530e-21   2517980
  2.528309e+00   3.660212e-18   1.123011e-03   3.483993e-21   2511744
  2.532195e+00   3.579278e-18   1.120855e-03   3.379198e-21   2500140
  2.536081e+00   3.491420e-18   1.121926e-03   3.284739e-21   2496980
  2.539968e+00   3.419630e-18   1.121125e-03   3.194976e-21   2486924
  2.543856e+00   3.338703e-18   1.124762e-03   3.107684e-21   2487000
  2.547743e+00   3.279183e-18   1.120210e-03   3.042068e-21   2469840
  2.551626e+00   3.202526e-18   1.122637e-03   2.955466e-21   2469656
  2.555511e+00   3.131518e-18   1.119469e-03   2.884821e-21   2456844
  2.559401e+00   3.070824e-18   1.125965e-03   2.811874e-21   2462876
  2.563290e+00   3.007600e-18   1.120472e-03   2.744530e-21   2442136
  2.567174e+00   2.943980e-18   1.123165e-03   2.676957e-21   2441944
  2.571061e+00   2.883405e-18   1.120769e-03   2.607264e-21   2430508
  2.574945e+00   2.828386e-18   1.121157e-03   2.550124e-21   2424352
  2.578832e+00   2.774171e-18   1.123693e-03   2.501783e-21   2421264
  2.582722e+00   2.716026e-18   1.122895e-03   2.437319e-21   2413064
  2.586608e+00   2.663571e-18   1.120676e-03   2.382406e-21   2401572
  2.590492e+00   2.612735e-18   1.121724e-03   2.332018e-21   2397284
  2.594379e+00   2.561317e-18   1.121499e-03   2.281499e-21   2388336
  2.598268e+00   2.512860e-18   1.124943e-03   2.222782e-21   2387204
  2.602153e+00   2.460619e-18   1.119280e-03   2.176694e-21   2368644
  2.606033e+00   2.421841e-18   1.120613e-03   2.141216e-21   2365400
  2.609918e+00   2.377880e-18   1.121690e-03   2.095060e-21   2360072
  2.613808e+00   2.335018e-18   1.123660e-03   2.051581e-21   2356464
  2.617696e+00   2.290817e-18   1.121214e-03   2.012895e-21   2343240
  2.621583e+00   2.250429e-18   1.122605e-03   1.965488e-21   2340248
  2.625468e+00   2.205590e-18   1.118824e-03   1.927142e-21   2325000
  2.629355e+00   2.168926e-18   1.124959e-03   1.884794e-21   2328632
  2.633245e+00   2.134703e-18   1.121910e-03   1.861848e-21   2313220
  2.637134e+00   2.095584e-18   1.124095e-03   1.814118e-21   2310772
  2.641020e+00   2.057942e-18   1.119781e-03   1.788396e-21   2295420
  2.644905e+00   2.022096e-18   1.122584e-03   1.751858e-21   2293592
  2.648791e+00   1.992280e-18   1.120952e-03   1.724764e-21   2281384
  2.652683e+00   1.958720e-18   1.126704e-03   1.690745e-21   2285776
  2.656570e+00   1.925797e-18   1.117325e-03   1.667561e-21   2259408
  2.660455e+00   1.890483e-18   1.124314e-03   1.625356e-21   2266808
  2.664344e+00   1.866721e-18   1.120389e-03   1.612743e-21   2248836
  2.668227e+00   1.832906e-18   1.123045e-03   1.582025e-21   2245244
  2.672111e+00   1.804979e-18   1.120801e-03   1.557442e-21   2233908
  2.675998e+00   1.771785e-18   1.122974e-03   1.525901e-21   2231660
  2.679886e+00   1.748993e-18   1.120422e-03   1.504525e-21   2218544
  2.683775e+00   1.718036e-18   1.124792e-03   1.472377e-21   2218176
  2.687664e+00   1.693863e-18   1.121286e-03   1.456093e-21   2202900
  2.691550e+00   1.668452e-18   1.121747e-03   1.432943e-21   2197472
  2.695433e+00   1.641700e-18   1.118354e-03   1.411876e-21   2181960
  2.699317e+00   1.617790e-18   1.124130e-03   1.389720e-21   2183696
  2.703207e+00   1.591225e-18   1.123719e-03   1.369723e-21   2173416
  2.707096e+00   1.568307e-18   1.122917e-03   1.348699e-21   2165444
  2.710982e+00   1.547892e-18   1.119761e-03   1.331509e-21   2152688
  2.714867e+00   1.522595e-18   1.121777e-03   1.314342e-21   2147628
  2.718754e+00   1.498728e-18   1.122335e-03   1.290988e-21   2139012
  2.722646e+00   1.479301e-18   1.125226e-03   1.275992e-21   2136008
  2.726525e+00   1.458016e-18   1.114594e-03   1.262896e-21   2108656
  2.730404e+00   1.437796e-18   1.123744e-03   1.246390e-21   2117896
  2.734296e+00   1.420054e-18   1.123450e-03   1.228631e-21   2106260
  2.738185e+00   1.396933e-18   1.123855e-03   1.211779e-21   2099088
  2.742075e+00   1.379751e-18   1.121974e-03   1.197797e-21   2088432
  2.745961e+00   1.357258e-18   1.120471e-03   1.180327e-21   2078432
  2.749845e+00   1.343290e-18   1.120708e-03   1.168767e-21   2069048
  2.753732e+00   1.322069e-18   1.123831e-03   1.152964e-21   2064804
  2.757623e+00   1.307908e-18   1.123568e-03   1.142616e-21   2055644
  2.761510e+00   1.289744e-18   1.120700e-03   1.128724e-21   2043000
  2.765392e+00   1.273526e-18   1.120067e-03   1.114645e-21   2032348
  2.769281e+00   1.256972e-18   1.126495e-03   1.101684e-21   2034064
  2.773172e+00   1.240078e-18   1.122211e-03   1.092302e-21   2017740
  2.777059e+00   1.221674e-18   1.121480e-03   1.078901e-21   2010188
  2.780942e+00   1.209428e-18   1.118751e-03   1.069981e-21   1996556
  2.784826e+00   1.195597e-18   1.122456e-03   1.059178e-21   1992816
  2.788712e+00   1.181112e-18   1.122411e-03   1.047360e-21   1982400
  2.792596e+00   1.165165e-18   1.121262e-03   1.037600e-21   1972256
  2.796480e+00   1.151954e-18   1.121000e-03   1.030589e-21   1964384
  2.800370e+00   1.134121e-18   1.122889e-03   1.014606e-21   1958544
  2.804258e+00   1.123568e-18   1.122489e-03   1.006548e-21   1946988
  2.808149e+00   1.109562e-18   1.124629e-03   9.993910e-22   1942532
  2.812034e+00   1.098331e-18   1.117383e-03   9.947802e-22   1921692
  2.815918e+00   1.083761e-18   1.123808e-03   9.828838e-22   1924004
  2.819806e+00   1.073833e-18   1.120365e-03   9.772621e-22   1907344
  2.823695e+00   1.060394e-18   1.126069e-03   9.665193e-22   1907440
  2.827583e+00   1.050736e-18   1.118720e-03   9.642163e-22   1886136
  2.831464e+00   1.036224e-18   1.121920e-03   9.491094e-22   1883144
  2.835353e+00   1.024726e-18   1.122753e-03   9.453282e-22   1874724
  2.839243e+00   1.010576e-18   1.123826e-03   9.332532e-22   1866068
  2.843130e+00   1.001113e-18   1.121455e-03   9.299254e-22   1852980
  2.847017e+00   9.904111e-19   1.122782e-03   9.210734e-22   1847468
  2.850900e+00   9.800985e-19   1.117935e-03   9.169099e-22   1829636
  2.854785e+00   9.694253e-19   1.123959e-03   9.113258e-22   1829688
  2.858675e+00   9.597307e-19   1.122789e-03   9.061876e-22   1817192
  2.862561e+00   9.479675e-19   1.121150e-03   8.977022e-22   1806312
  2.866446e+00   9.416020e-19   1.120289e-03   8.959126e-22   1795984
  2.870334e+00   9.290972e-19   1.123627e-03   8.846231e-22   1791100
  2.874224e+00   9.185119e-19   1.122050e-03   8.807576e-22   1777648
  2.878111e+00   9.093043e-19   1.123043e-03   8.764661e-22   1769848
  2.881996e+00   9.012823e-19   1.119995e-03   8.714487e-22   1756536
  2.885881e+00   8.894307e-19   1.121386e-03   8.660316e-22   1748960
  2.889768e+00   8.826703e-19   1.123014e-03   8.584993e-22   1739952
  2.893658e+00   8.724283e-19   1.124239e-03   8.553398e-22   1732124
  2.897544e+00   8.635450e-19   1.120323e-03   8.484436e-22   1716852
  2.901430e+00   8.557623e-19   1.122735e-03   8.473181e-22   1712276
  2.905319e+00   8.472789e-19   1.121222e-03   8.432298e-22   1698500
  2.909208e+00   8.395203e-19   1.125604e-03   8.385151e-22   1693932
  2.913093e+00   8.313575e-19   1.119232e-03   8.362555e-22   1675204
  2.916975e+00   8.213150e-19   1.121771e-03   8.275847e-22   1670644
  2.920858e+00   8.146999e-19   1.118515e-03   8.269257e-22   1655532
  2.924748e+00   8.079039e-19   1.126990e-03   8.234667e-22   1656860
  2.928637e+00   7.999324e-19   1.119840e-03   8.215372e-22   1635372
  2.932524e+00   7.920790e-19   1.124773e-03   8.170497e-22   1634324
  2.936410e+00   7.842885e-19   1.117372e-03   8.158981e-22   1613676
  2.940295e+00   7.780684e-19   1.124617e-03   8.102546e-22   1613348
  2.944183e+00   7.709941e-19   1.120803e-03   8.084140e-22   1596236
  2.948069e+00   7.623148e-19   1.123999e-03   8.010618e-22   1591476
  2.951956e+00   7.578553e-19   1.119134e-03   8.042630e-22   1575732
  2.955838e+00   7.492993e-19   1.120429e-03   8.009590e-22   1566236
  2.959725e+00   7.429784e-19   1.124724e-03   7.973777e-22   1560292
  2.963618e+00   7.362122e-19   1.124442e-03   7.936028e-22   1550092
  2.967503e+00   7.316986e-19   1.118750e-03   7.996528e-22   1532628
  2.971386e+00   7.197587e-19   1.121507e-03   7.875978e-22   1527332
  2.975274e+00   7.171410e-19   1.121884e-03   7.869079e-22   1515212
  2.979160e+00   7.107532e-19   1.123567e-03   7.848416e-22   1506444
  2.983048e+00   7.044942e-19   1.122261e-03   7.840959e-22   1495116
  2.986928e+00   6.978360e-19   1.117074e-03   7.832434e-22   1479152
  2.990812e+00   6.912580e-19   1.122982e-03   7.799630e-22   1475512
  2.994707e+00   6.870947e-19   1.126591e-03   7.810443e-22   1467820
  2.998598e+00   6.803609e-19   1.121923e-03   7.790318e-22   1451256
  3.002486e+00   6.716142e-19   1.122725e-03   7.703773e-22   1443212
  3.006369e+00   6.669064e-19   1.117256e-03   7.734529e-22   1425680
  3.010254e+00   6.623133e-19   1.124371e-03   7.711054e-22   1422972
  3.014143e+00   6.570516e-19   1.123023e-03   7.703066e-22   1408632
  3.018032e+00   6.496297e-19   1.123941e-03   7.679384e-22   1400984
  3.021918e+00   6.459578e-19   1.117887e-03   7.692058e-22   1383196
  3.025801e+00   6.394033e-19   1.123197e-03   7.661017e-22   1378120
  3.029692e+00   6.342298e-19   1.124450e-03   7.631087e-22   1367272
  3.033584e+00   6.305191e-19   1.124457e-03   7.659036e-22   1356580
  3.037464e+00   6.247826e-19   1.115974e-03   7.688934e-22   1337028
  3.041343e+00   6.149981e-19   1.120802e-03   7.581272e-22   1332500
  3.045230e+00   6.139066e-19   1.122780e-03   7.594786e-22   1321796
  3.049120e+00   6.075475e-19   1.124838e-03   7.633761e-22   1312716
  3.053007e+00   6.025337e-19   1.119942e-03   7.614019e-22   1296580
  3.056896e+00   5.951200e-19   1.124221e-03   7.544468e-22   1291528
  3.060783e+00   5.930835e-19   1.119071e-03   7.609736e-22   1273128
  3.064669e+00   5.886402e-19   1.125633e-03   7.616545e-22   1268720
  3.068560e+00   5.832422e-19   1.122309e-03   7.607973e-22   1254016
  3.072444e+00   5.748353e-19   1.119894e-03   7.592686e-22   1241296
  3.076322e+00   5.707529e-19   1.116955e-03   7.567835e-22   1226712
  3.080211e+00   5.693009e-19   1.128188e-03   7.586970e-22   1226228
  3.084105e+00   5.633805e-19   1.122621e-03   7.623974e-22   1207768
  3.087992e+00   5.558976e-19   1.122433e-03   7.589980e-22   1198336
  3.091874e+00   5.519625e-19   1.117108e-03   7.571581e-22   1181484
  3.095761e+00   5.475888e-19   1.125421e-03   7.576687e-22   1178012
  3.099653e+00   5.451515e-19   1.123268e-03   7.602858e-22   1162564
  3.103535e+00   5.371227e-19   1.120338e-03   7.575373e-22   1149340
  3.107418e+00   5.309516e-19   1.119954e-03   7.506077e-22   1138848
  3.111303e+00   5.247399e-19   1.120192e-03   7.500169e-22   1126748
  3.115189e+00   5.239436e-19   1.123911e-03   7.588862e-22   1117428
  3.119084e+00   5.177343e-19   1.126323e-03   7.552530e-22   1108112
  3.122973e+00   5.108220e-19   1.119549e-03   7.493962e-22   1090596
  3.126857e+00   5.051910e-19   1.120292e-03   7.507330e-22   1081052
  3.130738e+00   5.004706e-19   1.118514e-03   7.516799e-22   1065716
  3.134626e+00   4.980104e-19   1.127732e-03   7.548925e-22   1061940
  3.138518e+00   4.908571e-19   1.121370e-03   7.512049e-22   1044096
  3.142404e+00   4.820721e-19   1.122139e-03   7.445524e-22   1034864
  3.146289e+00   4.774541e-19   1.117591e-03   7.428716e-22   1018308
  3.150179e+00   4.762154e-19   1.129200e-03   7.469825e-22   1014812
  3.154072e+00   4.706749e-19   1.121981e-03   7.461525e-22   996288
  3.157955e+00   4.603036e-19   1.120847e-03   7.407273e-22   985376
  3.161835e+00   4.542171e-19   1.115880e-03   7.384126e-22   969652
  3.165722e+00   4.518131e-19   1.125987e-03   7.407313e-22   964924
  3.169610e+00   4.503553e-19   1.121515e-03   7.511165e-22   947228
  3.173495e+00   4.390862e-19   1.123457e-03   7.344244e-22   939084
  3.177381e+00   4.328324e-19   1.116472e-03   7.328664e-22   921864
  3.181265e+00   4.268499e-19   1.123502e-03   7.301595e-22   914252
  3.185159e+00   4.233859e-19   1.126304e-03   7.286390e-22   902572
  3.189050e+00   4.143725e-19   1.123145e-03   7.244214e-22   888784
  3.192932e+00   4.062497e-19   1.116224e-03   7.156028e-22   872540
  3.196811e+00   3.991264e-19   1.120157e-03   7.073923e-22   862848
  3.200697e+00   3.968531e-19   1.124093e-03   7.171295e-22   851760
  3.204592e+00   3.882176e-19   1.127172e-03   7.010879e-22   841940
  3.208479e+00   3.789024e-19   1.117661e-03   6.916239e-22   823032
  3.212364e+00   3.693255e-19   1.123934e-03   6.760618e-22   816044
  3.216253e+00   3.656068e-19   1.120364e-03   6.831095e-22   799292
  3.220140e+00   3.570937e-19   1.126784e-03   6.694404e-22   791304
  3.224026e+00   3.488079e-19   1.117490e-03   6.597586e-22   772868
  3.227902e+00   3.389341e-19   1.119936e-03   6.403323e-22   762552
  3.231787e+00   3.305374e-19   1.121745e-03   6.257780e-22   750876
  3.235677e+00   3.259380e-19   1.123999e-03   6.244084e-22   739280
  3.239565e+00   3.120472e-19   1.121784e-03   5.949485e-22   724944
  3.243456e+00   3.032270e-19   1.124267e-03   5.776876e-22   714380
  3.247336e+00   2.940052e-19   1.116046e-03   5.557683e-22   695932
  3.251222e+00   2.852833e-19   1.126879e-03   5.327678e-22   690949
  3.255114e+00   2.750588e-19   1.118914e-03   5.105013e-22   673638
  3.258999e+00   2.670126e-19   1.124434e-03   4.900435e-22   666092
  3.262883e+00   2.624077e-19   1.117312e-03   4.788969e-22   651024
  3.266766e+00   2.555957e-19   1.124054e-03   4.634994e-22   644804
  3.270656e+00   2.496923e-19   1.121035e-03   4.478201e-22   632676
  3.274546e+00   2.427054e-19   1.125434e-03   4.322712e-22   624962
  3.278430e+00   2.387801e-19   1.118496e-03   4.269994e-22   611280
  3.282321e+00   2.347008e-19   1.127391e-03   4.182872e-22   607256
  3.286211e+00   2.294962e-19   1.118374e-03   4.094274e-22   592616
  3.290095e+00   2.241910e-19   1.124430e-03   3.942887e-22   587160
  3.293983e+00   2.200776e-19   1.120749e-03   3.897034e-22   575482
  3.297866e+00   2.159102e-19   1.122505e-03   3.812073e-22   568258
  3.301757e+00   2.121672e-19   1.122731e-03   3.700225e-22   559638
  3.305647e+00   2.093811e-19   1.123210e-03   3.701735e-22   551498
  3.309536e+00   2.053141e-19   1.121790e-03   3.588537e-22   542364
  3.313423e+00   2.004005e-19   1.122328e-03   3.490377e-22   534146
  3.317305e+00   1.996884e-19   1.119988e-03   3.504961e-22   524980
  3.321196e+00   1.944450e-19   1.125222e-03   3.404093e-22   519964
  3.325077e+00   1.909829e-19   1.115886e-03   3.345370e-22   507108
  3.328962e+00   1.882505e-19   1.126905e-03   3.284496e-22   504992
  3.332852e+00   1.864902e-19   1.118656e-03   3.267355e-22   492948
  3.336740e+00   1.821563e-19   1.127360e-03   3.203307e-22   489740
  3.340629e+00   1.815078e-19   1.117346e-03   3.194026e-22   477716
  3.344511e+00   1.784421e-19   1.124864e-03   3.116775e-22   473844
  3.348399e+00   1.769499e-19   1.119228e-03   3.093944e-22   464222
  3.352284e+00   1.720959e-19   1.123815e-03   3.034514e-22   459048
  3.356167e+00   1.714401e-19   1.117888e-03   3.005915e-22   449574
  3.360054e+00   1.681296e-19   1.125019e-03   2.968510e-22   445820
  3.363936e+00   1.660631e-19   1.116211e-03   2.930692e-22   435158
  3.367827e+00   1.649400e-19   1.127850e-03   2.908884e-22   433566
  3.371713e+00   1.616885e-19   1.114763e-03   2.856594e-22   421014
  3.375597e+00   1.606797e-19   1.127754e-03   2.841069e-22   419996
  3.379490e+00   1.593034e-19   1.118287e-03   2.841379e-22   409482
  3.383368e+00   1.557053e-19   1.121665e-03   2.776820e-22   404414
  3.387257e+00   1.554999e-19   1.122567e-03   2.786814e-22   398518
  3.391148e+00   1.523026e-19   1.123750e-03   2.714324e-22   392302
  3.395033e+00   1.518631e-19   1.121765e-03   2.740092e-22   385318
  3.398930e+00   1.496182e-19   1.127631e-03   2.697335e-22   381718
  3.402811e+00   1.472370e-19   1.114511e-03   2.676018e-22   370674
  3.406696e+00   1.470673e-19   1.128673e-03   2.681950e-22   370166
  3.410587e+00   1.455791e-19   1.117032e-03   2.664723e-22   359838
  3.414471e+00   1.437194e-19   1.126612e-03   2.627481e-22   357488
  3.418356e+00   1.425366e-19   1.115416e-03   2.636132e-22   348174
  3.422239e+00   1.405927e-19   1.126138e-03   2.582134e-22   346010
  3.426123e+00   1.401754e-19   1.115666e-03   2.626362e-22   336966
  3.430017e+00   1.381838e-19   1.131496e-03   2.557759e-22   336488
  3.433906e+00   1.375501e-19   1.113178e-03   2.592952e-22   325206
  3.437790e+00   1.356140e-19   1.128394e-03   2.557801e-22   324614
  3.441675e+00   1.354012e-19   1.113950e-03   2.587187e-22   314792
  3.445561e+00   1.339396e-19   1.129033e-03   2.554886e-22   314082
  3.449445e+00   1.323557e-19   1.112843e-03   2.544120e-22   303918
  3.453329e+00   1.313072e-19   1.130230e-03   2.544906e-22   303872
  3.457223e+00   1.305006e-19   1.118237e-03   2.553113e-22   295070
  3.461110e+00   1.292685e-19   1.127117e-03   2.506449e-22   292776
  3.464999e+00   1.288091e-19   1.118155e-03   2.528620e-22   285198
  3.468882e+00   1.277669e-19   1.124173e-03   2.538329e-22   282068
  3.472770e+00   1.264004e-19   1.120642e-03   2.509302e-22   276094
  3.476654e+00   1.248049e-19   1.121770e-03   2.501323e-22   271936
  3.480537e+00   1.244001e-19   1.119604e-03   2.505882e-22   266352
  3.484425e+00   1.230139e-19   1.124273e-03   2.496939e-22   263198
  3.488309e+00   1.224560e-19   1.117087e-03   2.523332e-22   256540
  3.492199e+00   1.215923e-19   1.128018e-03   2.500571e-22   254758
  3.496085e+00   1.206904e-19   1.114575e-03   2.518977e-22   246888
  3.499973e+00   1.203732e-19   1.129431e-03   2.509538e-22   245984
  3.503859e+00   1.200584e-19   1.113747e-03   2.539222e-22   237838
  3.507743e+00   1.187620e-19   1.128624e-03   2.511208e-22   236932
  3.511628e+00   1.189985e-19   1.114686e-03   2.554560e-22   229296
  3.515519e+00   1.180446e-19   1.132107e-03   2.537297e-22   228968
  3.519410e+00   1.168355e-19   1.115334e-03   2.559466e-22   220862
  3.523299e+00   1.158645e-19   1.132320e-03   2.530201e-22   220440
  3.527188e+00   1.150545e-19   1.113877e-03   2.551143e-22   212400
  3.531075e+00   1.148329e-19   1.132596e-03   2.541004e-22   212228
  3.534965e+00   1.151243e-19   1.113928e-03   2.594993e-22   204518
  3.538852e+00   1.144444e-19   1.130227e-03   2.576743e-22   203928
  3.542735e+00   1.127790e-19   1.110921e-03   2.599289e-22   196280
  3.546619e+00   1.126420e-19   1.130361e-03   2.595580e-22   196272
  3.550503e+00   1.124271e-19   1.110008e-03   2.648888e-22   188572
  3.554385e+00   1.115313e-19   1.129045e-03   2.616672e-22   188440
  3.558272e+00   1.119427e-19   1.112527e-03   2.678109e-22   181574
  3.562156e+00   1.109285e-19   1.129325e-03   2.633226e-22   180912
  3.566042e+00   1.108984e-19   1.112617e-03   2.687385e-22   174304
  3.569927e+00   1.098838e-19   1.129933e-03   2.669756e-22   173620
  3.573814e+00   1.098761e-19   1.114477e-03   2.712460e-22   167424
  3.577707e+00   1.091563e-19   1.132693e-03   2.711934e-22   166952
  3.581590e+00   1.087404e-19   1.109406e-03   2.734418e-22   159744
  3.585479e+00   1.085916e-19   1.134885e-03   2.758012e-22   160424
  3.589363e+00   1.083727e-19   1.107308e-03   2.786128e-22   152748
  3.593250e+00   1.075552e-19   1.136784e-03   2.762297e-22   153920
  3.597136e+00   1.071210e-19   1.105473e-03   2.831807e-22   146016
  3.601018e+00   1.065197e-19   1.136208e-03   2.790546e-22   147176
  3.604907e+00   1.070318e-19   1.107710e-03   2.897968e-22   139992
  3.608791e+00   1.062169e-19   1.135264e-03   2.856023e-22   140588
  3.612682e+00   1.059557e-19   1.111007e-03   2.914739e-22   134184
  3.616571e+00   1.053033e-19   1.134121e-03   2.883563e-22   134192
  3.620457e+00   1.055265e-19   1.110077e-03   2.953490e-22   127992
  3.624344e+00   1.051644e-19   1.133946e-03   2.955893e-22   128132
  3.628235e+00   1.048957e-19   1.112933e-03   3.008141e-22   122384
  3.632120e+00   1.049571e-19   1.130787e-03   3.013002e-22   121896
  3.636006e+00   1.046064e-19   1.111987e-03   3.075486e-22   116592
  3.639888e+00   1.041084e-19   1.130031e-03   3.059139e-22   116072
  3.643776e+00   1.037318e-19   1.113281e-03   3.133617e-22   111196
  3.647666e+00   1.036159e-19   1.133982e-03   3.100982e-22   110824
  3.651553e+00   1.031265e-19   1.109351e-03   3.202002e-22   105456
  3.655445e+00   1.031539e-19   1.137911e-03   3.186530e-22   105746
  3.659331e+00   1.033142e-19   1.104570e-03   3.252503e-22   99816
  3.663217e+00   1.030092e-19   1.137630e-03   3.262970e-22   100460
  3.667098e+00   1.033724e-19   1.103186e-03   3.366724e-22   94616
  3.670986e+00   1.023364e-19   1.138482e-03   3.314205e-22   95448
  3.674871e+00   1.021344e-19   1.104767e-03   3.427462e-22   89784
  3.678762e+00   1.030830e-19   1.138753e-03   3.417386e-22   90536
  3.682640e+00   1.021428e-19   1.098833e-03   3.509733e-22   84566
  3.686528e+00   1.019355e-19   1.143171e-03   3.480013e-22   86088
  3.690411e+00   1.017333e-19   1.094501e-03   3.611847e-22   79680
  3.694290e+00   1.024187e-19   1.143460e-03   3.594520e-22   81368
  3.698177e+00   1.013416e-19   1.096007e-03   3.713607e-22   75356
  3.702056e+00   1.020410e-19   1.143156e-03   3.695498e-22   76704
  3.705948e+00   1.019616e-19   1.100016e-03   3.788671e-22   71322
  3.709834e+00   1.022150e-19   1.143672e-03   3.802083e-22   72248
  3.713724e+00   1.022899e-19   1.099908e-03   3.962542e-22   67160
  3.717610e+00   1.008320e-19   1.141543e-03   3.839362e-22   67836
  3.721489e+00   1.025778e-19   1.096984e-03   4.064739e-22   62976
  3.725379e+00   1.012249e-19   1.144398e-03   4.024403e-22   63914
  3.729253e+00   1.000570e-19   1.092761e-03   4.115056e-22   58832
  3.733144e+00   1.009365e-19   1.147084e-03   4.105056e-22   60108
  3.737017e+00   1.011714e-19   1.090205e-03   4.308689e-22   54920
  3.740928e+00   1.007920e-19   1.160099e-03   4.224086e-22   56970
  3.744809e+00   1.004061e-19   1.078913e-03   4.414025e-22   50760
  3.748701e+00   1.014700e-19   1.161348e-03   4.383258e-22   53312
  3.752584e+00   1.011023e-19   1.074836e-03   4.626564e-22   47164
  3.756472e+00   1.013857e-19   1.163802e-03   4.546696e-22   49810
  3.760356e+00   1.008475e-19   1.069365e-03   4.815274e-22   43680
  3.764234e+00   1.009670e-19   1.164818e-03   4.696665e-22   46328
  3.768129e+00   1.014274e-19   1.073902e-03   5.003028e-22   40694
  3.772013e+00   1.007053e-19   1.167140e-03   4.878601e-22   42984
  3.775913e+00   1.015783e-19   1.073587e-03   5.267397e-22   37656
  3.779787e+00   1.017222e-19   1.164236e-03   5.115182e-22   39578
  3.783688e+00   1.012921e-19   1.077878e-03   5.429742e-22   34920
  3.787564e+00   1.010075e-19   1.160065e-03   5.326772e-22   36308
  3.791451e+00   1.009507e-19   1.076316e-03   5.565015e-22   32136
  3.795334e+00   1.012950e-19   1.159401e-03   5.569918e-22   33362
  3.799207e+00   1.019787e-19   1.069739e-03   5.857234e-22   29336
  3.803104e+00   1.029258e-19   1.167435e-03   5.922769e-22   30804
  3.806966e+00   1.017074e-19   1.055228e-03   6.237201e-22   26490
  3.810870e+00   1.010987e-19   1.176653e-03   6.035727e-22   28376
  3.814719e+00   1.018730e-19   1.039734e-03   6.626562e-22   23784
  3.818636e+00   1.020178e-19   1.189627e-03   6.314456e-22   26150
  3.822479e+00   1.026616e-19   1.021588e-03   7.030604e-22   21192
  3.826407e+00   1.024604e-19   1.204804e-03   6.525517e-22   24050
  3.830252e+00   1.021671e-19   1.002280e-03   7.431573e-22   18768
  3.834191e+00   1.015749e-19   1.221518e-03   6.882228e-22   22052
  3.838029e+00   1.028591e-19   9.660660e-04   8.013616e-22   16346
  3.841962e+00   1.044128e-19   1.236558e-03   7.315243e-22   20136
  3.845802e+00   1.027157e-19   9.274195e-04   8.626038e-22   14160
  3.849721e+00   1.025771e-19   1.247069e-03   7.552637e-22   18218
  3.853565e+00   1.052717e-19   8.859468e-04   9.621953e-22   12204
  3.857470e+00   1.031009e-19   1.256334e-03   8.146615e-22   16346
  3.861333e+00   1.036539e-19   8.562781e-04   1.005345e-21   10536
  3.865221e+00   9.985855e-20   1.261091e-03   8.144235e-22   14456
  3.869081e+00   1.055136e-19   8.165112e-04   1.120713e-21   8990
  3.872967e+00   1.025182e-19   1.270385e-03   9.306960e-22   12744
  3.876815e+00   1.026807e-19   7.482517e-04   1.199558e-21   7506
  3.880703e+00   1.049859e-19   1.282849e-03   9.996496e-22   11192
  3.884545e+00   1.038321e-19   6.569471e-04   1.369622e-21   6156
  3.888432e+00   1.059174e-19   1.294599e-03   1.087703e-21   9722
  3.892281e+00   1.000327e-19   5.567157e-04   1.430512e-21   4992
  3.896158e+00   1.046927e-19   1.304505e-03   1.131456e-21   8306
  3.900025e+00   1.043742e-19   4.384033e-04   1.635543e-21   3996
  3.903878e+00   1.036296e-19   1.309274e-03   1.219574e-21   6938
  3.907766e+00   1.094773e-19   3.047624e-04   1.951472e-21   3168
  3.911584e+00   1.035871e-19   1.304853e-03   1.407458e-21   5624
  3.915485e+00   1.024860e-19   2.103226e-04   1.998936e-21   2502
  3.919286e+00   1.058252e-19   1.297747e-03   1.611820e-21   4424
  3.923208e+00   1.041478e-19   2.230451e-04   2.387010e-21   1946
  3.926998e+00   1.054302e-19   1.292790e-03   1.823587e-21   3360
  3.930918e+00   1.050802e-19   1.221617e-04   2.861179e-21   1446
  3.934708e+00   1.098461e-19   1.290208e-03   2.172741e-21   2456
  3.938666e+00   1.155938e-19   2.340394e-04   3.795387e-21   1034
  3.942432e+00   1.036368e-19   1.288305e-03   2.567244e-21   1680
  3.946383e+00   1.111667e-19   5.837572e-05   4.288070e-21   678
  3.950143e+00   1.053873e-19   1.286681e-03   3.176005e-21   1064
  3.954177e+00   1.085085e-19   3.540138e-04   4.879502e-21   410
  3.957868e+00   9.869473e-20   1.284749e-03   4.331008e-21   576
  3.961879e+00   1.267666e-19   1.855368e-05   9.293233e-21   198
  3.965528e+00   1.072081e-19   1.272780e-03   6.188280e-21   248
  3.969917e+00   8.935922e-20   8.019490e-04   9.436293e-21   74
  3.973198e+00   9.256735e-20   1.252635e-03   1.391434e-20   48
  3.977405e+00   1.371051e-19   5.034095e-08   3.552278e-20   6
