# power spectrum of delta_kessence
# redshift z=99.597220
# k              Pk             sigma(k)       sigma(Pk)      count
  5.727314e-03   4.271378e-11   8.763345e-04   7.975456e-12   18
  1.001182e-02   2.990872e-10   1.059922e-03   4.529814e-11   62
  1.393445e-02   5.527958e-10   7.332271e-04   7.064400e-11   90
  1.764809e-02   1.166435e-09   1.157232e-03   7.907359e-11   170
  2.151286e-02   1.742771e-09   1.202795e-03   1.022231e-10   246
  2.528669e-02   2.456059e-09   1.146703e-03   1.356096e-10   338
  2.901099e-02   3.757721e-09   9.857564e-04   1.885632e-10   432
  3.284683e-02   4.818391e-09   1.010047e-03   2.128922e-10   578
  3.688195e-02   5.752308e-09   1.177086e-03   2.080186e-10   786
  4.101464e-02   6.739225e-09   1.190994e-03   2.175655e-10   974
  4.488954e-02   8.097835e-09   1.031402e-03   2.584444e-10   1002
  4.870958e-02   1.014107e-08   1.179303e-03   2.748653e-10   1334
  5.263577e-02   1.110652e-08   1.134676e-03   3.007985e-10   1458
  5.631027e-02   1.320862e-08   1.072446e-03   3.270023e-10   1604
  6.010158e-02   1.513436e-08   1.088865e-03   3.669578e-10   1974
  6.404851e-02   1.783477e-08   1.067989e-03   3.803468e-10   2234
  6.795611e-02   2.009479e-08   1.092954e-03   4.153313e-10   2490
  7.198483e-02   2.260202e-08   1.200217e-03   4.220028e-10   3014
  7.595394e-02   2.518609e-08   1.093611e-03   4.572709e-10   3018
  7.977896e-02   2.731488e-08   1.131598e-03   4.701464e-10   3446
  8.359600e-02   2.871915e-08   1.085617e-03   4.805226e-10   3626
  8.742004e-02   2.997095e-08   1.125556e-03   4.683361e-10   4164
  9.130612e-02   3.263809e-08   1.090740e-03   5.009716e-10   4470
  9.521636e-02   3.400474e-08   1.115446e-03   4.952576e-10   4970
  9.915211e-02   3.655746e-08   1.127844e-03   4.916459e-10   5366
  1.030785e-01   3.708025e-08   1.144516e-03   4.736474e-10   5778
  1.069619e-01   4.097958e-08   1.149148e-03   5.187030e-10   6162
  1.108671e-01   4.250004e-08   1.158272e-03   5.361198e-10   6734
  1.146806e-01   4.517175e-08   1.074898e-03   5.409557e-10   6756
  1.184510e-01   4.815148e-08   1.088568e-03   5.377862e-10   7502
  1.223464e-01   5.187336e-08   1.105366e-03   5.748660e-10   8154
  1.262469e-01   5.400311e-08   1.103283e-03   5.866016e-10   8618
  1.301909e-01   5.806528e-08   1.146655e-03   6.052116e-10   9390
  1.341197e-01   6.207340e-08   1.126004e-03   6.316608e-10   9722
  1.380051e-01   6.215608e-08   1.126950e-03   6.184322e-10   10242
  1.419007e-01   6.437934e-08   1.149257e-03   6.026743e-10   11006
  1.457777e-01   6.761236e-08   1.106962e-03   6.431155e-10   11348
  1.496576e-01   6.801906e-08   1.105725e-03   6.092889e-10   12150
  1.535164e-01   6.934337e-08   1.078348e-03   6.386309e-10   12498
  1.574072e-01   7.190102e-08   1.129889e-03   6.114645e-10   13586
  1.613096e-01   7.236236e-08   1.132072e-03   6.198469e-10   14006
  1.652381e-01   7.518652e-08   1.166232e-03   5.965189e-10   15162
  1.691226e-01   7.665213e-08   1.101754e-03   6.277973e-10   14990
  1.729750e-01   7.922899e-08   1.143142e-03   6.215932e-10   16380
  1.768610e-01   8.251225e-08   1.105581e-03   6.369737e-10   16666
  1.807168e-01   8.689745e-08   1.110348e-03   6.642011e-10   17638
  1.845996e-01   8.901992e-08   1.100521e-03   6.666977e-10   18354
  1.884710e-01   9.205332e-08   1.102640e-03   6.719321e-10   19034
  1.923685e-01   9.687184e-08   1.144302e-03   6.773171e-10   20270
  1.963174e-01   1.009847e-07   1.155956e-03   6.885917e-10   21258
  2.002141e-01   1.033912e-07   1.111898e-03   7.031112e-10   21350
  2.040863e-01   1.026483e-07   1.123159e-03   6.927985e-10   22644
  2.079681e-01   1.051008e-07   1.101476e-03   6.953824e-10   23114
  2.118390e-01   1.075578e-07   1.118265e-03   6.968182e-10   24342
  2.157382e-01   1.077162e-07   1.117694e-03   6.769551e-10   25194
  2.196235e-01   1.105254e-07   1.116195e-03   6.990165e-10   25982
  2.234724e-01   1.122032e-07   1.109599e-03   6.897320e-10   26506
  2.273806e-01   1.133651e-07   1.167806e-03   6.786301e-10   28738
  2.312750e-01   1.146714e-07   1.110542e-03   6.862965e-10   28296
  2.351662e-01   1.159819e-07   1.143823e-03   6.604299e-10   30554
  2.390501e-01   1.182258e-07   1.084103e-03   6.810127e-10   30094
  2.428824e-01   1.239459e-07   1.109820e-03   6.952128e-10   31738
  2.467836e-01   1.251451e-07   1.134747e-03   6.951596e-10   33306
  2.506613e-01   1.303623e-07   1.104153e-03   7.078353e-10   33422
  2.545365e-01   1.333005e-07   1.131527e-03   7.143296e-10   35298
  2.584714e-01   1.355659e-07   1.143069e-03   7.108823e-10   36650
  2.623670e-01   1.380217e-07   1.115532e-03   7.174068e-10   36888
  2.662651e-01   1.395579e-07   1.131896e-03   7.026766e-10   38834
  2.701697e-01   1.411570e-07   1.107355e-03   7.171851e-10   39246
  2.740453e-01   1.444284e-07   1.111777e-03   7.217311e-10   40466
  2.778984e-01   1.451002e-07   1.108403e-03   7.077195e-10   41106
  2.817847e-01   1.453766e-07   1.145602e-03   6.974261e-10   43598
  2.856833e-01   1.477160e-07   1.116308e-03   7.115897e-10   43650
  2.895471e-01   1.491074e-07   1.120907e-03   6.977906e-10   45272
  2.934575e-01   1.504303e-07   1.131740e-03   6.946482e-10   46994
  2.973636e-01   1.550834e-07   1.124346e-03   7.026934e-10   47850
  3.012447e-01   1.547298e-07   1.115858e-03   7.023781e-10   48846
  3.051030e-01   1.579568e-07   1.105642e-03   7.117972e-10   49706
  3.089532e-01   1.599534e-07   1.113265e-03   7.073713e-10   51198
  3.128464e-01   1.618788e-07   1.134266e-03   7.005683e-10   53402
  3.167281e-01   1.666970e-07   1.111145e-03   7.356027e-10   53634
  3.206428e-01   1.678236e-07   1.143806e-03   7.007289e-10   56888
  3.245618e-01   1.703682e-07   1.106794e-03   7.192387e-10   56474
  3.284581e-01   1.728975e-07   1.130606e-03   7.123822e-10   58962
  3.323510e-01   1.731444e-07   1.114731e-03   7.121061e-10   59214
  3.362265e-01   1.785823e-07   1.127963e-03   7.187174e-10   61250
  3.400938e-01   1.796333e-07   1.110759e-03   7.230067e-10   61694
  3.439480e-01   1.811864e-07   1.120230e-03   7.202128e-10   63618
  3.478512e-01   1.826263e-07   1.140078e-03   7.070220e-10   66284
  3.517691e-01   1.843488e-07   1.123324e-03   7.116355e-10   67014
  3.556494e-01   1.839598e-07   1.113722e-03   7.075258e-10   67930
  3.595371e-01   1.866447e-07   1.127426e-03   7.049066e-10   70294
  3.634200e-01   1.908101e-07   1.114424e-03   7.139726e-10   70658
  3.672742e-01   1.925739e-07   1.121955e-03   7.235401e-10   72522
  3.711539e-01   1.921557e-07   1.125103e-03   7.059981e-10   74550
  3.750359e-01   1.948448e-07   1.112832e-03   7.085784e-10   75674
  3.789191e-01   1.981886e-07   1.116846e-03   7.102748e-10   77708
  3.828461e-01   1.992200e-07   1.136191e-03   6.956024e-10   80622
  3.867545e-01   2.014499e-07   1.112810e-03   7.166512e-10   80330
  3.906423e-01   2.039793e-07   1.128269e-03   7.143935e-10   82974
  3.945313e-01   2.052417e-07   1.118618e-03   7.133817e-10   83666
  3.984084e-01   2.082520e-07   1.126394e-03   7.111742e-10   85746
  4.022765e-01   2.079285e-07   1.118427e-03   7.044267e-10   86702
  4.061542e-01   2.107489e-07   1.126154e-03   6.983028e-10   89556
  4.100569e-01   2.121547e-07   1.118519e-03   7.036527e-10   91038
  4.139484e-01   2.162966e-07   1.117921e-03   7.122420e-10   92522
  4.178268e-01   2.163764e-07   1.119569e-03   7.102425e-10   94034
  4.217415e-01   2.178030e-07   1.145339e-03   6.966537e-10   97758
  4.256173e-01   2.209390e-07   1.103600e-03   7.172881e-10   95770
  4.294627e-01   2.214265e-07   1.123790e-03   7.077279e-10   99646
  4.333400e-01   2.246551e-07   1.115333e-03   7.088008e-10   100980
  4.372362e-01   2.254404e-07   1.127284e-03   7.037884e-10   104258
  4.411386e-01   2.257994e-07   1.114910e-03   7.018887e-10   104998
  4.450377e-01   2.286186e-07   1.124073e-03   6.982075e-10   107866
  4.489311e-01   2.315212e-07   1.113184e-03   7.050365e-10   108154
  4.528161e-01   2.342660e-07   1.135370e-03   7.002901e-10   111622
  4.567076e-01   2.358970e-07   1.122976e-03   7.062813e-10   112146
  4.605727e-01   2.392454e-07   1.119518e-03   7.075294e-10   114014
  4.644440e-01   2.381349e-07   1.115906e-03   7.003297e-10   116220
  4.683319e-01   2.411195e-07   1.119789e-03   6.943703e-10   118682
  4.722291e-01   2.428832e-07   1.126606e-03   7.014449e-10   121118
  4.761348e-01   2.433430e-07   1.124808e-03   6.979791e-10   122994
  4.800157e-01   2.439760e-07   1.114862e-03   6.965502e-10   123574
  4.838959e-01   2.484641e-07   1.131276e-03   6.989388e-10   126922
  4.877763e-01   2.490097e-07   1.124735e-03   6.981724e-10   127906
  4.916481e-01   2.495811e-07   1.121767e-03   6.920399e-10   130432
  4.955333e-01   2.522794e-07   1.114812e-03   6.905362e-10   132642
  4.994186e-01   2.542127e-07   1.110800e-03   6.913126e-10   134534
  5.033164e-01   2.565133e-07   1.124671e-03   6.920076e-10   137778
  5.072392e-01   2.578783e-07   1.135312e-03   6.876947e-10   140786
  5.111285e-01   2.589949e-07   1.110620e-03   6.916419e-10   139590
  5.149976e-01   2.610430e-07   1.125619e-03   6.911676e-10   143546
  5.188865e-01   2.629277e-07   1.125142e-03   6.901144e-10   145338
  5.227635e-01   2.653469e-07   1.120484e-03   6.903104e-10   147272
  5.266520e-01   2.646767e-07   1.122335e-03   6.870264e-10   150330
  5.305485e-01   2.661719e-07   1.118234e-03   6.793454e-10   152318
  5.344262e-01   2.688907e-07   1.111066e-03   6.859771e-10   153202
  5.383243e-01   2.684202e-07   1.138693e-03   6.749351e-10   158626
  5.422165e-01   2.717117e-07   1.116855e-03   6.869414e-10   157350
  5.460935e-01   2.714601e-07   1.131200e-03   6.800825e-10   161906
  5.499589e-01   2.758315e-07   1.105071e-03   6.933589e-10   160872
  5.538418e-01   2.770528e-07   1.133375e-03   6.791668e-10   167858
  5.577463e-01   2.804271e-07   1.114977e-03   6.865565e-10   167514
  5.616201e-01   2.787162e-07   1.113803e-03   6.714672e-10   169862
  5.655108e-01   2.804805e-07   1.124453e-03   6.781131e-10   173602
  5.694083e-01   2.835566e-07   1.123533e-03   6.710498e-10   175258
  5.732959e-01   2.838169e-07   1.127164e-03   6.772672e-10   177654
  5.771897e-01   2.859177e-07   1.130949e-03   6.683546e-10   180698
  5.810773e-01   2.863796e-07   1.119005e-03   6.718559e-10   181968
  5.849616e-01   2.902681e-07   1.118541e-03   6.731822e-10   184850
  5.888448e-01   2.913231e-07   1.119144e-03   6.742630e-10   187034
  5.927421e-01   2.922312e-07   1.129966e-03   6.690712e-10   191238
  5.966308e-01   2.944279e-07   1.116348e-03   6.729242e-10   191042
  6.005065e-01   2.954454e-07   1.126286e-03   6.676182e-10   195102
  6.043812e-01   2.966830e-07   1.117515e-03   6.699813e-10   195786
  6.082630e-01   2.975606e-07   1.131649e-03   6.576535e-10   201164
  6.121481e-01   3.006384e-07   1.112645e-03   6.741425e-10   201070
  6.160242e-01   2.996215e-07   1.118305e-03   6.584296e-10   205234
  6.199111e-01   3.034750e-07   1.116352e-03   6.676522e-10   207342
  6.237987e-01   3.033017e-07   1.121735e-03   6.579899e-10   210602
  6.276909e-01   3.048471e-07   1.124203e-03   6.616152e-10   213130
  6.315953e-01   3.066328e-07   1.133190e-03   6.569168e-10   217318
  6.354807e-01   3.080859e-07   1.113546e-03   6.613357e-10   216306
  6.393491e-01   3.083394e-07   1.119403e-03   6.571752e-10   220652
  6.432430e-01   3.111986e-07   1.124854e-03   6.590910e-10   224502
  6.471454e-01   3.135972e-07   1.125081e-03   6.606732e-10   227186
  6.510345e-01   3.126518e-07   1.118193e-03   6.529248e-10   228398
  6.549165e-01   3.145848e-07   1.122259e-03   6.525853e-10   231642
  6.587972e-01   3.159020e-07   1.122763e-03   6.538780e-10   233946
  6.626908e-01   3.194611e-07   1.132956e-03   6.557087e-10   238694
  6.665707e-01   3.204230e-07   1.114640e-03   6.544558e-10   238068
  6.704525e-01   3.223871e-07   1.124042e-03   6.526531e-10   244190
  6.743498e-01   3.206937e-07   1.116752e-03   6.476578e-10   245362
  6.782313e-01   3.249732e-07   1.120102e-03   6.509816e-10   248362
  6.821206e-01   3.252984e-07   1.124509e-03   6.461805e-10   251966
  6.860099e-01   3.282642e-07   1.120649e-03   6.493356e-10   254034
  6.898855e-01   3.287647e-07   1.117172e-03   6.533785e-10   255818
  6.937781e-01   3.273847e-07   1.132899e-03   6.413746e-10   262254
  6.976722e-01   3.328200e-07   1.116974e-03   6.499752e-10   261980
  7.015718e-01   3.322720e-07   1.129534e-03   6.424498e-10   268566
  7.054538e-01   3.345289e-07   1.104857e-03   6.483909e-10   265538
  7.093286e-01   3.364851e-07   1.128000e-03   6.418841e-10   273330
  7.132165e-01   3.356559e-07   1.121481e-03   6.437913e-10   273718
  7.171069e-01   3.365443e-07   1.132652e-03   6.374422e-10   279658
  7.209986e-01   3.412334e-07   1.120025e-03   6.458237e-10   279670
  7.248700e-01   3.409835e-07   1.119062e-03   6.425379e-10   282964
  7.287608e-01   3.412402e-07   1.126489e-03   6.406570e-10   288362
  7.326540e-01   3.429973e-07   1.118613e-03   6.397298e-10   289686
  7.365333e-01   3.455970e-07   1.116235e-03   6.420835e-10   292234
  7.404015e-01   3.454265e-07   1.112765e-03   6.381484e-10   294190
  7.442845e-01   3.469044e-07   1.127923e-03   6.339022e-10   300642
  7.481851e-01   3.490569e-07   1.128116e-03   6.336679e-10   303386
  7.520700e-01   3.484967e-07   1.119257e-03   6.306292e-10   304662
  7.559583e-01   3.496137e-07   1.122290e-03   6.311142e-10   309812
  7.598513e-01   3.508669e-07   1.117608e-03   6.310432e-10   311714
  7.637547e-01   3.532519e-07   1.130270e-03   6.268115e-10   318126
  7.676398e-01   3.545929e-07   1.111035e-03   6.306969e-10   315114
  7.715118e-01   3.555595e-07   1.127143e-03   6.272183e-10   322622
  7.753932e-01   3.572597e-07   1.117154e-03   6.306649e-10   322850
  7.792787e-01   3.574143e-07   1.131101e-03   6.217893e-10   329802
  7.831716e-01   3.595126e-07   1.123851e-03   6.267049e-10   331104
  7.870696e-01   3.622228e-07   1.127607e-03   6.253387e-10   336986
  7.909587e-01   3.617073e-07   1.111055e-03   6.258010e-10   335870
  7.948355e-01   3.620664e-07   1.120862e-03   6.206779e-10   341610
  7.987215e-01   3.637493e-07   1.121955e-03   6.212907e-10   344370
  8.026031e-01   3.662739e-07   1.122207e-03   6.252050e-10   347606
  8.064886e-01   3.663241e-07   1.124033e-03   6.181933e-10   351650
  8.103706e-01   3.685279e-07   1.118654e-03   6.194015e-10   353760
  8.142669e-01   3.692486e-07   1.129493e-03   6.146110e-10   360970
  8.181738e-01   3.713171e-07   1.123124e-03   6.175373e-10   362818
  8.220521e-01   3.717660e-07   1.110144e-03   6.160812e-10   362334
  8.259414e-01   3.722492e-07   1.129348e-03   6.122399e-10   371642
  8.298275e-01   3.736090e-07   1.114584e-03   6.186351e-10   368778
  8.337006e-01   3.758599e-07   1.128744e-03   6.140658e-10   376526
  8.375857e-01   3.755895e-07   1.121330e-03   6.129406e-10   377786
  8.414675e-01   3.777091e-07   1.123524e-03   6.126342e-10   382968
  8.453573e-01   3.790820e-07   1.120822e-03   6.098755e-10   386146
  8.492503e-01   3.814416e-07   1.124050e-03   6.095236e-10   390826
  8.531392e-01   3.814779e-07   1.119718e-03   6.102670e-10   392662
  8.570302e-01   3.832043e-07   1.125822e-03   6.075339e-10   398242
  8.609051e-01   3.832812e-07   1.111972e-03   6.084638e-10   396726
  8.647781e-01   3.853612e-07   1.124714e-03   6.057980e-10   404738
  8.686664e-01   3.861754e-07   1.122897e-03   6.051888e-10   407628
  8.725545e-01   3.859926e-07   1.121536e-03   6.030841e-10   411734
  8.764395e-01   3.875243e-07   1.117149e-03   6.018622e-10   414242
  8.803359e-01   3.887657e-07   1.126317e-03   6.001118e-10   421434
  8.842333e-01   3.888999e-07   1.120273e-03   5.995750e-10   421918
  8.881244e-01   3.925538e-07   1.128330e-03   6.026328e-10   427810
  8.920157e-01   3.918684e-07   1.123036e-03   5.966331e-10   429470
  8.958948e-01   3.940691e-07   1.119658e-03   6.006725e-10   432282
  8.997746e-01   3.946483e-07   1.122449e-03   5.968805e-10   437260
  9.036583e-01   3.964166e-07   1.120747e-03   5.975053e-10   440758
  9.075489e-01   3.987590e-07   1.124778e-03   5.955860e-10   446370
  9.114474e-01   3.971510e-07   1.123943e-03   5.920573e-10   450182
  9.153288e-01   3.979075e-07   1.115142e-03   5.951832e-10   449850
  9.192089e-01   3.991740e-07   1.127357e-03   5.897414e-10   457898
  9.230929e-01   4.008473e-07   1.119604e-03   5.927497e-10   458662
  9.269737e-01   4.023701e-07   1.121722e-03   5.914602e-10   464620
  9.308545e-01   4.028251e-07   1.114316e-03   5.924875e-10   466302
  9.347441e-01   4.042534e-07   1.124571e-03   5.869211e-10   474314
  9.386369e-01   4.052713e-07   1.120021e-03   5.873947e-10   475530
  9.425348e-01   4.062361e-07   1.129051e-03   5.842934e-10   483206
  9.464328e-01   4.077773e-07   1.121669e-03   5.871778e-10   483530
  9.503142e-01   4.094224e-07   1.121047e-03   5.862092e-10   487002
  9.541966e-01   4.106721e-07   1.124058e-03   5.845909e-10   491774
  9.580774e-01   4.100332e-07   1.120518e-03   5.836436e-10   495084
  9.619601e-01   4.115719e-07   1.119352e-03   5.826365e-10   499438
  9.658473e-01   4.120862e-07   1.122356e-03   5.812227e-10   504682
  9.697357e-01   4.130960e-07   1.121500e-03   5.804439e-10   507738
  9.736321e-01   4.150092e-07   1.130456e-03   5.816092e-10   515174
  9.775214e-01   4.165998e-07   1.119580e-03   5.813554e-10   514234
  9.813957e-01   4.169776e-07   1.119450e-03   5.807674e-10   519022
  9.852705e-01   4.159986e-07   1.117281e-03   5.736877e-10   522636
  9.891535e-01   4.184581e-07   1.121739e-03   5.743114e-10   529442
  9.930474e-01   4.196873e-07   1.122647e-03   5.746221e-10   534078
  9.969375e-01   4.202185e-07   1.118397e-03   5.741219e-10   536666
  1.000817e+00   4.206800e-07   1.116716e-03   5.735302e-10   539142
  1.004715e+00   4.213139e-07   1.134178e-03   5.708837e-10   550658
  1.008615e+00   4.245380e-07   1.121935e-03   5.745365e-10   548298
  1.012495e+00   4.246457e-07   1.123048e-03   5.714391e-10   553694
  1.016374e+00   4.256061e-07   1.116375e-03   5.710564e-10   556116
  1.020264e+00   4.261272e-07   1.125051e-03   5.677772e-10   564890
  1.024148e+00   4.258000e-07   1.116141e-03   5.670944e-10   563718
  1.028036e+00   4.284605e-07   1.128568e-03   5.643598e-10   574298
  1.031929e+00   4.300962e-07   1.120551e-03   5.689303e-10   573966
  1.035814e+00   4.316121e-07   1.126024e-03   5.681285e-10   580586
  1.039699e+00   4.315422e-07   1.122029e-03   5.667959e-10   582666
  1.043587e+00   4.323631e-07   1.125959e-03   5.628690e-10   590648
  1.047474e+00   4.327448e-07   1.114820e-03   5.639869e-10   590394
  1.051350e+00   4.333859e-07   1.116684e-03   5.608297e-10   596174
  1.055234e+00   4.351828e-07   1.120236e-03   5.604228e-10   601674
  1.059126e+00   4.355049e-07   1.125352e-03   5.594383e-10   607682
  1.063019e+00   4.367152e-07   1.124350e-03   5.595694e-10   611166
  1.066910e+00   4.389602e-07   1.124099e-03   5.586917e-10   615626
  1.070791e+00   4.394254e-07   1.119456e-03   5.589334e-10   617290
  1.074678e+00   4.385704e-07   1.126011e-03   5.546932e-10   626344
  1.078566e+00   4.409832e-07   1.117274e-03   5.584043e-10   626658
  1.082451e+00   4.424314e-07   1.122467e-03   5.558186e-10   634022
  1.086331e+00   4.413089e-07   1.116124e-03   5.530839e-10   634554
  1.090218e+00   4.428202e-07   1.128467e-03   5.503592e-10   645026
  1.094107e+00   4.437575e-07   1.122446e-03   5.513875e-10   645102
  1.097993e+00   4.445729e-07   1.126954e-03   5.496013e-10   653018
  1.101879e+00   4.457663e-07   1.119089e-03   5.494882e-10   654384
  1.105770e+00   4.459052e-07   1.123901e-03   5.478108e-10   663194
  1.109660e+00   4.492054e-07   1.117576e-03   5.510520e-10   663834
  1.113540e+00   4.470851e-07   1.118796e-03   5.471667e-10   669158
  1.117424e+00   4.484651e-07   1.120650e-03   5.456355e-10   674490
  1.121304e+00   4.498539e-07   1.118416e-03   5.464545e-10   677222
  1.125193e+00   4.528052e-07   1.128225e-03   5.483232e-10   686874
  1.129092e+00   4.526709e-07   1.126811e-03   5.453938e-10   690722
  1.132980e+00   4.531805e-07   1.118907e-03   5.472948e-10   692008
  1.136871e+00   4.530104e-07   1.124678e-03   5.406806e-10   701386
  1.140761e+00   4.550523e-07   1.117002e-03   5.443767e-10   700778
  1.144643e+00   4.545469e-07   1.123318e-03   5.387262e-10   708774
  1.148529e+00   4.558055e-07   1.121990e-03   5.414425e-10   711690
  1.152418e+00   4.563604e-07   1.126973e-03   5.376280e-10   719606
  1.156298e+00   4.579056e-07   1.116380e-03   5.394651e-10   717762
  1.160181e+00   4.584295e-07   1.127123e-03   5.336581e-10   730460
  1.164073e+00   4.592499e-07   1.119262e-03   5.356358e-10   731070
  1.167968e+00   4.589494e-07   1.125901e-03   5.325122e-10   741170
  1.171853e+00   4.616125e-07   1.112045e-03   5.376411e-10   737094
  1.175730e+00   4.625041e-07   1.122374e-03   5.367363e-10   747698
  1.179618e+00   4.617718e-07   1.122867e-03   5.339157e-10   751658
  1.183501e+00   4.635069e-07   1.121599e-03   5.343162e-10   755574
  1.187383e+00   4.642140e-07   1.122256e-03   5.326252e-10   761442
  1.191279e+00   4.641865e-07   1.126787e-03   5.282031e-10   770816
  1.195171e+00   4.680747e-07   1.117539e-03   5.347576e-10   769274
  1.199064e+00   4.658300e-07   1.129525e-03   5.272827e-10   782130
  1.202947e+00   4.680324e-07   1.112602e-03   5.298092e-10   775230
  1.206825e+00   4.672582e-07   1.126605e-03   5.261056e-10   789866
  1.210710e+00   4.687476e-07   1.118361e-03   5.281821e-10   787914
  1.214592e+00   4.702262e-07   1.128225e-03   5.259103e-10   799598
  1.218486e+00   4.698651e-07   1.124161e-03   5.241949e-10   802980
  1.222371e+00   4.706810e-07   1.117789e-03   5.246541e-10   805622
  1.226254e+00   4.719513e-07   1.119738e-03   5.254180e-10   812050
  1.230147e+00   4.724767e-07   1.126034e-03   5.223632e-10   820954
  1.234035e+00   4.734344e-07   1.118780e-03   5.217689e-10   820062
  1.237911e+00   4.732143e-07   1.119897e-03   5.200179e-10   826298
  1.241794e+00   4.756710e-07   1.121814e-03   5.219640e-10   833118
  1.245672e+00   4.759291e-07   1.117137e-03   5.205864e-10   834812
  1.249560e+00   4.775211e-07   1.126815e-03   5.176374e-10   847858
  1.253469e+00   4.772488e-07   1.127442e-03   5.153811e-10   854278
  1.257361e+00   4.779971e-07   1.116253e-03   5.174293e-10   850978
  1.261241e+00   4.792430e-07   1.121687e-03   5.172536e-10   859186
  1.265131e+00   4.789100e-07   1.127494e-03   5.147105e-10   867126
  1.269018e+00   4.804582e-07   1.121886e-03   5.164062e-10   868274
  1.272897e+00   4.801941e-07   1.120976e-03   5.152129e-10   873606
  1.276776e+00   4.811920e-07   1.119398e-03   5.144059e-10   879284
  1.280663e+00   4.829096e-07   1.122355e-03   5.136548e-10   887170
  1.284564e+00   4.837113e-07   1.128693e-03   5.120010e-10   897526
  1.288458e+00   4.829739e-07   1.117587e-03   5.105163e-10   894258
  1.292341e+00   4.852743e-07   1.122714e-03   5.103250e-10   903374
  1.296223e+00   4.855634e-07   1.118323e-03   5.102803e-10   904338
  1.300103e+00   4.860912e-07   1.123719e-03   5.074558e-10   913586
  1.303982e+00   4.878064e-07   1.118150e-03   5.112176e-10   915416
  1.307871e+00   4.872365e-07   1.124217e-03   5.068152e-10   928122
  1.311759e+00   4.881067e-07   1.115167e-03   5.074266e-10   926094
  1.315654e+00   4.899188e-07   1.130093e-03   5.048842e-10   942890
  1.319549e+00   4.894230e-07   1.118827e-03   5.051102e-10   937266
  1.323433e+00   4.901653e-07   1.126506e-03   5.042521e-10   948854
  1.327319e+00   4.906249e-07   1.120121e-03   5.040789e-10   948714
  1.331197e+00   4.911699e-07   1.122687e-03   5.036358e-10   956186
  1.335082e+00   4.926731e-07   1.124444e-03   5.021946e-10   964272
  1.338973e+00   4.923128e-07   1.121587e-03   5.006666e-10   969458
  1.342859e+00   4.934024e-07   1.118296e-03   5.006304e-10   972750
  1.346749e+00   4.945148e-07   1.124460e-03   4.991234e-10   982706
  1.350635e+00   4.951535e-07   1.119858e-03   4.992999e-10   982906
  1.354527e+00   4.953407e-07   1.129306e-03   4.955038e-10   996622
  1.358414e+00   4.950557e-07   1.117989e-03   4.976489e-10   992378
  1.362284e+00   4.967697e-07   1.117150e-03   4.954176e-10   999000
  1.366168e+00   4.968143e-07   1.122014e-03   4.943264e-10   1010114
  1.370061e+00   4.981860e-07   1.121750e-03   4.954817e-10   1015722
  1.373948e+00   4.985396e-07   1.119290e-03   4.940395e-10   1018742
  1.377843e+00   4.998727e-07   1.127371e-03   4.923032e-10   1031250
  1.381733e+00   4.992094e-07   1.118461e-03   4.931192e-10   1027226
  1.385615e+00   5.004623e-07   1.126435e-03   4.910221e-10   1039734
  1.389500e+00   5.020024e-07   1.120654e-03   4.921066e-10   1039914
  1.393382e+00   5.027249e-07   1.123683e-03   4.899151e-10   1050272
  1.397267e+00   5.019656e-07   1.117473e-03   4.889043e-10   1052306
  1.401154e+00   5.039865e-07   1.122308e-03   4.888790e-10   1062666
  1.405045e+00   5.025141e-07   1.122401e-03   4.870327e-10   1067262
  1.408935e+00   5.054402e-07   1.123952e-03   4.880896e-10   1073906
  1.412823e+00   5.046454e-07   1.122463e-03   4.877610e-10   1078190
  1.416712e+00   5.057356e-07   1.124033e-03   4.842577e-10   1085634
  1.420592e+00   5.064264e-07   1.117456e-03   4.862708e-10   1085508
  1.424480e+00   5.058262e-07   1.126594e-03   4.815342e-10   1101926
  1.428369e+00   5.065287e-07   1.116061e-03   4.832195e-10   1098322
  1.432252e+00   5.080739e-07   1.121199e-03   4.822534e-10   1109878
  1.436144e+00   5.087670e-07   1.122554e-03   4.823970e-10   1115338
  1.440035e+00   5.086186e-07   1.125793e-03   4.810271e-10   1122586
  1.443924e+00   5.094519e-07   1.123292e-03   4.796182e-10   1125862
  1.447810e+00   5.106871e-07   1.122976e-03   4.802591e-10   1132498
  1.451691e+00   5.105717e-07   1.119415e-03   4.804669e-10   1135444
  1.455573e+00   5.112650e-07   1.122581e-03   4.766904e-10   1145374
  1.459464e+00   5.109633e-07   1.123383e-03   4.756348e-10   1152698
  1.463354e+00   5.121263e-07   1.121349e-03   4.763090e-10   1157046
  1.467236e+00   5.134044e-07   1.119148e-03   4.764842e-10   1160226
  1.471127e+00   5.135890e-07   1.127743e-03   4.729564e-10   1174346
  1.475014e+00   5.148816e-07   1.119897e-03   4.765506e-10   1171462
  1.478897e+00   5.131881e-07   1.124033e-03   4.719108e-10   1183828
  1.482778e+00   5.160268e-07   1.114458e-03   4.741029e-10   1181822
  1.486657e+00   5.152992e-07   1.120779e-03   4.712950e-10   1194930
  1.490547e+00   5.162115e-07   1.122593e-03   4.704427e-10   1202010
  1.494437e+00   5.157030e-07   1.122115e-03   4.701512e-10   1207166
  1.498326e+00   5.171951e-07   1.123291e-03   4.697954e-10   1214106
  1.502209e+00   5.176793e-07   1.118748e-03   4.695239e-10   1215302
  1.506095e+00   5.179572e-07   1.126666e-03   4.666715e-10   1229274
  1.509994e+00   5.198424e-07   1.126873e-03   4.684917e-10   1236164
  1.513882e+00   5.191054e-07   1.118916e-03   4.684033e-10   1235326
  1.517764e+00   5.209984e-07   1.120265e-03   4.678058e-10   1244026
  1.521647e+00   5.204765e-07   1.120382e-03   4.658097e-10   1249154
  1.525536e+00   5.208870e-07   1.126025e-03   4.653060e-10   1260558
  1.529421e+00   5.208240e-07   1.119984e-03   4.636793e-10   1260394
  1.533310e+00   5.232626e-07   1.125848e-03   4.636997e-10   1274758
  1.537193e+00   5.218017e-07   1.115594e-03   4.619887e-10   1270188
  1.541083e+00   5.234528e-07   1.128008e-03   4.605012e-10   1291202
  1.544971e+00   5.242318e-07   1.115149e-03   4.636109e-10   1282654
  1.548850e+00   5.244682e-07   1.122198e-03   4.600812e-10   1298242
  1.552739e+00   5.255332e-07   1.120395e-03   4.593615e-10   1301774
  1.556625e+00   5.252781e-07   1.123165e-03   4.594036e-10   1309770
  1.560512e+00   5.254921e-07   1.123502e-03   4.583184e-10   1315714
  1.564403e+00   5.251875e-07   1.124924e-03   4.561024e-10   1325110
  1.568290e+00   5.264682e-07   1.118940e-03   4.573868e-10   1326012
  1.572174e+00   5.261282e-07   1.122090e-03   4.557428e-10   1336154
  1.576069e+00   5.269918e-07   1.126474e-03   4.540486e-10   1347334
  1.579958e+00   5.273480e-07   1.119782e-03   4.542804e-10   1345354
  1.583833e+00   5.279231e-07   1.119555e-03   4.546474e-10   1350998
  1.587719e+00   5.281224e-07   1.125829e-03   4.528606e-10   1365546
  1.591609e+00   5.299129e-07   1.122088e-03   4.524296e-10   1367474
  1.595497e+00   5.296292e-07   1.123693e-03   4.509683e-10   1377984
  1.599384e+00   5.301954e-07   1.118321e-03   4.521867e-10   1379394
  1.603272e+00   5.315809e-07   1.123056e-03   4.515019e-10   1392230
  1.607160e+00   5.305291e-07   1.118740e-03   4.503029e-10   1392634
  1.611042e+00   5.324675e-07   1.122441e-03   4.501899e-10   1402666
  1.614928e+00   5.323615e-07   1.122269e-03   4.495774e-10   1408502
  1.618814e+00   5.318597e-07   1.122041e-03   4.470102e-10   1415418
  1.622692e+00   5.336649e-07   1.117068e-03   4.500353e-10   1416856
  1.626588e+00   5.339720e-07   1.130843e-03   4.446610e-10   1442002
  1.630485e+00   5.334401e-07   1.117858e-03   4.459097e-10   1431634
  1.634367e+00   5.337335e-07   1.122585e-03   4.439675e-10   1444606
  1.638250e+00   5.359019e-07   1.118765e-03   4.457990e-10   1445890
  1.642138e+00   5.354018e-07   1.126997e-03   4.433389e-10   1462210
  1.646026e+00   5.353696e-07   1.120901e-03   4.427122e-10   1459590
  1.649907e+00   5.355079e-07   1.123856e-03   4.407283e-10   1471226
  1.653797e+00   5.364578e-07   1.123379e-03   4.409268e-10   1480072
  1.657690e+00   5.373903e-07   1.121364e-03   4.409924e-10   1486594
  1.661576e+00   5.370600e-07   1.118520e-03   4.399141e-10   1488882
  1.665461e+00   5.382441e-07   1.123128e-03   4.384213e-10   1500854
  1.669353e+00   5.381507e-07   1.123083e-03   4.387805e-10   1506874
  1.673232e+00   5.399055e-07   1.117624e-03   4.398678e-10   1506094
  1.677111e+00   5.390091e-07   1.122855e-03   4.369780e-10   1519682
  1.680997e+00   5.400685e-07   1.122626e-03   4.377728e-10   1526724
  1.684890e+00   5.391502e-07   1.125240e-03   4.340989e-10   1539038
  1.688782e+00   5.402004e-07   1.119859e-03   4.356304e-10   1539810
  1.692664e+00   5.409317e-07   1.119007e-03   4.354031e-10   1545046
  1.696554e+00   5.418308e-07   1.126236e-03   4.342038e-10   1560538
  1.700441e+00   5.416773e-07   1.120507e-03   4.338842e-10   1557506
  1.704322e+00   5.420076e-07   1.124114e-03   4.328652e-10   1570062
  1.708203e+00   5.426304e-07   1.119253e-03   4.327111e-10   1571290
  1.712089e+00   5.427023e-07   1.124856e-03   4.307060e-10   1588228
  1.715982e+00   5.433838e-07   1.121250e-03   4.303298e-10   1591046
  1.719873e+00   5.442840e-07   1.123715e-03   4.301048e-10   1602474
  1.723761e+00   5.440982e-07   1.118014e-03   4.301010e-10   1601646
  1.727642e+00   5.437908e-07   1.120550e-03   4.283881e-10   1611266
  1.731523e+00   5.447239e-07   1.120678e-03   4.282579e-10   1616634
  1.735410e+00   5.443807e-07   1.126166e-03   4.258375e-10   1631366
  1.739297e+00   5.462170e-07   1.119655e-03   4.279131e-10   1631028
  1.743180e+00   5.472436e-07   1.119854e-03   4.265151e-10   1641446
  1.747073e+00   5.468573e-07   1.124208e-03   4.257135e-10   1654234
  1.750973e+00   5.466095e-07   1.126198e-03   4.234563e-10   1662874
  1.754858e+00   5.475458e-07   1.117471e-03   4.254443e-10   1656686
  1.758736e+00   5.475653e-07   1.122008e-03   4.235660e-10   1670898
  1.762622e+00   5.478831e-07   1.123056e-03   4.226529e-10   1678074
  1.766507e+00   5.485684e-07   1.123311e-03   4.232181e-10   1685198
  1.770393e+00   5.481054e-07   1.122996e-03   4.215578e-10   1694524
  1.774282e+00   5.490820e-07   1.120709e-03   4.202604e-10   1701334
  1.778171e+00   5.491085e-07   1.120908e-03   4.198795e-10   1709386
  1.782064e+00   5.495358e-07   1.123720e-03   4.189317e-10   1719994
  1.785953e+00   5.497220e-07   1.121006e-03   4.190812e-10   1721510
  1.789842e+00   5.498427e-07   1.124974e-03   4.175502e-10   1734978
  1.793722e+00   5.505249e-07   1.116124e-03   4.184532e-10   1728646
  1.797599e+00   5.514955e-07   1.122713e-03   4.168570e-10   1746868
  1.801486e+00   5.509958e-07   1.121127e-03   4.161559e-10   1752922
  1.805380e+00   5.518831e-07   1.125234e-03   4.151302e-10   1767862
  1.809271e+00   5.508316e-07   1.119301e-03   4.151302e-10   1765698
  1.813160e+00   5.526449e-07   1.125035e-03   4.136635e-10   1781270
  1.817049e+00   5.527138e-07   1.121176e-03   4.148312e-10   1780650
  1.820932e+00   5.513273e-07   1.124142e-03   4.120433e-10   1792418
  1.824813e+00   5.530056e-07   1.119388e-03   4.128042e-10   1792790
  1.828696e+00   5.524487e-07   1.123591e-03   4.102461e-10   1809852
  1.832585e+00   5.534041e-07   1.120140e-03   4.111818e-10   1812666
  1.836475e+00   5.548378e-07   1.124777e-03   4.098311e-10   1827614
  1.840367e+00   5.550093e-07   1.121640e-03   4.100835e-10   1829970
  1.844251e+00   5.541561e-07   1.120370e-03   4.090784e-10   1835030
  1.848131e+00   5.548599e-07   1.119790e-03   4.082257e-10   1841410
  1.852017e+00   5.553764e-07   1.124723e-03   4.075742e-10   1856626
  1.855900e+00   5.557029e-07   1.118305e-03   4.082483e-10   1854656
  1.859782e+00   5.556826e-07   1.121720e-03   4.064145e-10   1870698
  1.863671e+00   5.566652e-07   1.120553e-03   4.062985e-10   1876998
  1.867559e+00   5.562105e-07   1.120979e-03   4.054645e-10   1884458
  1.871445e+00   5.572214e-07   1.122381e-03   4.054586e-10   1891730
  1.875338e+00   5.567636e-07   1.127317e-03   4.038958e-10   1907574
  1.879232e+00   5.570359e-07   1.122851e-03   4.031803e-10   1907730
  1.883115e+00   5.585655e-07   1.120697e-03   4.037347e-10   1912154
  1.886997e+00   5.579761e-07   1.121764e-03   4.027158e-10   1923216
  1.890888e+00   5.585391e-07   1.124326e-03   4.016188e-10   1936562
  1.894776e+00   5.586611e-07   1.119734e-03   4.020538e-10   1936862
  1.898663e+00   5.573843e-07   1.122747e-03   3.987934e-10   1950114
  1.902549e+00   5.601559e-07   1.121089e-03   4.001509e-10   1953306
  1.906439e+00   5.593977e-07   1.125982e-03   3.986606e-10   1968806
  1.910327e+00   5.583912e-07   1.121186e-03   3.981574e-10   1968818
  1.914211e+00   5.599699e-07   1.121720e-03   3.976705e-10   1980624
  1.918097e+00   5.595055e-07   1.118800e-03   3.976847e-10   1985034
  1.921980e+00   5.608725e-07   1.120281e-03   3.969472e-10   1995242
  1.925870e+00   5.605802e-07   1.123830e-03   3.954237e-10   2007742
  1.929759e+00   5.600682e-07   1.121495e-03   3.947044e-10   2010538
  1.933641e+00   5.600510e-07   1.121298e-03   3.952225e-10   2017390
  1.937531e+00   5.612171e-07   1.126602e-03   3.936608e-10   2034346
  1.941413e+00   5.606423e-07   1.117450e-03   3.941602e-10   2025498
  1.945299e+00   5.617915e-07   1.127850e-03   3.920668e-10   2055248
  1.949189e+00   5.614569e-07   1.116586e-03   3.931897e-10   2045090
  1.953070e+00   5.628331e-07   1.121603e-03   3.917965e-10   2062074
  1.956959e+00   5.618255e-07   1.122727e-03   3.910181e-10   2070190
  1.960848e+00   5.629878e-07   1.123891e-03   3.902989e-10   2079226
  1.964734e+00   5.632469e-07   1.122069e-03   3.901119e-10   2083990
  1.968623e+00   5.638974e-07   1.124515e-03   3.892294e-10   2097898
  1.972507e+00   5.632806e-07   1.118548e-03   3.894698e-10   2095452
  1.976394e+00   5.629500e-07   1.124843e-03   3.863905e-10   2117390
  1.980286e+00   5.634454e-07   1.119656e-03   3.878123e-10   2117066
  1.984162e+00   5.633194e-07   1.115140e-03   3.874231e-10   2117238
  1.988045e+00   5.638581e-07   1.124414e-03   3.854346e-10   2140026
  1.991938e+00   5.643398e-07   1.125139e-03   3.851008e-10   2147234
  1.995825e+00   5.640572e-07   1.122378e-03   3.854048e-10   2150118
  1.999710e+00   5.651984e-07   1.122400e-03   3.849865e-10   2160386
  2.003596e+00   5.648330e-07   1.121122e-03   3.835696e-10   2168256
  2.007488e+00   5.643589e-07   1.124409e-03   3.816428e-10   2183306
  2.011378e+00   5.659305e-07   1.120925e-03   3.828967e-10   2184642
  2.015262e+00   5.659945e-07   1.120511e-03   3.828392e-10   2192318
  2.019141e+00   5.652571e-07   1.118713e-03   3.814227e-10   2196066
  2.023031e+00   5.657087e-07   1.127541e-03   3.799618e-10   2220890
  2.026922e+00   5.653425e-07   1.121128e-03   3.796743e-10   2215758
  2.030810e+00   5.664504e-07   1.124804e-03   3.792213e-10   2233988
  2.034697e+00   5.664138e-07   1.118045e-03   3.788719e-10   2231670
  2.038579e+00   5.663240e-07   1.119728e-03   3.780906e-10   2244338
  2.042469e+00   5.669740e-07   1.123477e-03   3.776230e-10   2258610
  2.046358e+00   5.658797e-07   1.121050e-03   3.764618e-10   2260718
  2.050240e+00   5.673619e-07   1.120914e-03   3.773623e-10   2268162
  2.054123e+00   5.673977e-07   1.121571e-03   3.762196e-10   2277494
  2.058008e+00   5.671891e-07   1.123134e-03   3.750593e-10   2288796
  2.061901e+00   5.681760e-07   1.126253e-03   3.738651e-10   2305226
  2.065791e+00   5.677706e-07   1.119672e-03   3.737967e-10   2301630
  2.069679e+00   5.681661e-07   1.123731e-03   3.735727e-10   2319770
  2.073565e+00   5.680355e-07   1.118309e-03   3.741072e-10   2315610
  2.077447e+00   5.682472e-07   1.124236e-03   3.720477e-10   2334662
  2.081332e+00   5.689681e-07   1.120785e-03   3.720203e-10   2335722
  2.085219e+00   5.690843e-07   1.124829e-03   3.712481e-10   2354102
  2.089107e+00   5.695012e-07   1.120313e-03   3.709298e-10   2355156
  2.092998e+00   5.679164e-07   1.124614e-03   3.684462e-10   2374250
  2.096888e+00   5.695821e-07   1.120068e-03   3.703563e-10   2373102
  2.100776e+00   5.684080e-07   1.122758e-03   3.682159e-10   2388194
  2.104658e+00   5.687187e-07   1.116928e-03   3.685289e-10   2383470
  2.108539e+00   5.706396e-07   1.123618e-03   3.676520e-10   2404994
  2.112426e+00   5.689981e-07   1.121916e-03   3.668382e-10   2408538
  2.116308e+00   5.701397e-07   1.121742e-03   3.665234e-10   2417744
  2.120198e+00   5.703851e-07   1.124446e-03   3.656277e-10   2434578
  2.124090e+00   5.695637e-07   1.121710e-03   3.654363e-10   2438414
  2.127979e+00   5.705992e-07   1.122410e-03   3.642851e-10   2448066
  2.131867e+00   5.701914e-07   1.122662e-03   3.641468e-10   2456018
  2.135751e+00   5.703128e-07   1.121406e-03   3.637630e-10   2461230
  2.139636e+00   5.710456e-07   1.122653e-03   3.628475e-10   2474330
  2.143519e+00   5.706222e-07   1.119652e-03   3.624518e-10   2476498
  2.147405e+00   5.710927e-07   1.124366e-03   3.613732e-10   2497240
  2.151298e+00   5.710213e-07   1.122529e-03   3.613173e-10   2502930
  2.155185e+00   5.702222e-07   1.120390e-03   3.604014e-10   2508470
  2.159072e+00   5.704650e-07   1.121001e-03   3.601518e-10   2518482
  2.162961e+00   5.716025e-07   1.123829e-03   3.593767e-10   2532074
  2.166844e+00   5.716731e-07   1.118275e-03   3.596853e-10   2526678
  2.170724e+00   5.713747e-07   1.124045e-03   3.582678e-10   2549018
  2.174611e+00   5.718737e-07   1.120040e-03   3.579110e-10   2551704
  2.178497e+00   5.720882e-07   1.122028e-03   3.567128e-10   2566226
  2.182386e+00   5.716872e-07   1.122230e-03   3.566505e-10   2573898
  2.186278e+00   5.729379e-07   1.124844e-03   3.564746e-10   2589182
  2.190164e+00   5.725843e-07   1.119195e-03   3.561644e-10   2584890
  2.194049e+00   5.727928e-07   1.124371e-03   3.549454e-10   2605190
  2.197936e+00   5.720567e-07   1.121682e-03   3.548518e-10   2606418
  2.201821e+00   5.718725e-07   1.123741e-03   3.536589e-10   2621186
  2.205707e+00   5.713838e-07   1.120704e-03   3.526140e-10   2626608
  2.209592e+00   5.722384e-07   1.119995e-03   3.522035e-10   2636714
  2.213479e+00   5.725692e-07   1.121274e-03   3.519203e-10   2647482
  2.217374e+00   5.734944e-07   1.127022e-03   3.515712e-10   2668382
  2.221265e+00   5.730495e-07   1.120175e-03   3.511690e-10   2660418
  2.225149e+00   5.737308e-07   1.122869e-03   3.507649e-10   2676662
  2.229029e+00   5.733911e-07   1.117920e-03   3.505609e-10   2674210
  2.232911e+00   5.725660e-07   1.123157e-03   3.488058e-10   2697076
  2.236800e+00   5.723961e-07   1.121599e-03   3.482544e-10   2703558
  2.240687e+00   5.738479e-07   1.121191e-03   3.484746e-10   2713250
  2.244572e+00   5.733140e-07   1.119243e-03   3.482826e-10   2717718
  2.248464e+00   5.732441e-07   1.127021e-03   3.461353e-10   2743178
  2.252353e+00   5.740891e-07   1.120305e-03   3.478142e-10   2732730
  2.256238e+00   5.732121e-07   1.126187e-03   3.453303e-10   2758022
  2.260125e+00   5.738829e-07   1.119041e-03   3.460109e-10   2751994
  2.264006e+00   5.740375e-07   1.121171e-03   3.450263e-10   2769052
  2.267895e+00   5.738122e-07   1.122842e-03   3.439758e-10   2783062
  2.271785e+00   5.735871e-07   1.121645e-03   3.439755e-10   2789362
  2.275674e+00   5.737404e-07   1.121981e-03   3.434354e-10   2799582
  2.279564e+00   5.729511e-07   1.123236e-03   3.421068e-10   2811170
  2.283450e+00   5.735575e-07   1.121033e-03   3.416026e-10   2812658
  2.287338e+00   5.738558e-07   1.125793e-03   3.411726e-10   2833302
  2.291222e+00   5.734462e-07   1.118388e-03   3.406874e-10   2827420
  2.295104e+00   2.762056e-08   1.121018e-03   1.037632e-10   2846710
  2.298989e+00   2.045192e-28   1.120692e-03   1.233658e-31   2846535
  2.302873e+00   1.936180e-28   1.122997e-03   1.167881e-31   2848496
  2.306761e+00   1.832984e-28   1.122225e-03   1.104060e-31   2841084
  2.310652e+00   1.736317e-28   1.124928e-03   1.043190e-31   2843480
  2.314540e+00   1.651481e-28   1.120270e-03   9.944808e-32   2826624
  2.318424e+00   1.577491e-28   1.123352e-03   9.471829e-32   2828732
  2.322310e+00   1.511112e-28   1.121451e-03   9.079682e-32   2819296
  2.326197e+00   1.451648e-28   1.122811e-03   8.713608e-32   2819548
  2.330081e+00   1.397691e-28   1.118959e-03   8.405669e-32   2805192
  2.333967e+00   1.350418e-28   1.123463e-03   8.102837e-32   2811104
  2.337856e+00   1.307123e-28   1.121717e-03   7.851683e-32   2800672
  2.341743e+00   1.264830e-28   1.122654e-03   7.596957e-32   2798080
  2.345628e+00   1.223859e-28   1.120248e-03   7.364243e-32   2786976
  2.349516e+00   1.188494e-28   1.123594e-03   7.143829e-32   2791016
  2.353406e+00   1.155832e-28   1.121382e-03   6.945272e-32   2779360
  2.357287e+00   1.123733e-28   1.119573e-03   6.765251e-32   2768644
  2.361169e+00   1.093403e-28   1.122534e-03   6.582677e-32   2771192
  2.365058e+00   1.065924e-28   1.121875e-03   6.418453e-32   2765028
  2.368946e+00   1.039239e-28   1.122751e-03   6.260552e-32   2760864
  2.372840e+00   1.017292e-28   1.125689e-03   6.116760e-32   2761616
  2.376724e+00   9.931361e-29   1.118525e-03   6.008952e-32   2737932
  2.380610e+00   9.694530e-29   1.125904e-03   5.842079e-32   2752280
  2.384498e+00   9.481418e-29   1.118464e-03   5.746363e-32   2728764
  2.388382e+00   9.287444e-29   1.123937e-03   5.616068e-32   2736368
  2.392268e+00   9.100586e-29   1.119459e-03   5.513376e-32   2719952
  2.396155e+00   8.916376e-29   1.124236e-03   5.398508e-32   2727120
  2.400042e+00   8.756423e-29   1.118614e-03   5.325926e-32   2708400
  2.403932e+00   8.588267e-29   1.125719e-03   5.209612e-32   2718536
  2.407818e+00   8.431109e-29   1.118504e-03   5.141137e-32   2694300
  2.411707e+00   8.270676e-29   1.126793e-03   5.022830e-32   2709440
  2.415596e+00   8.126573e-29   1.117787e-03   4.962294e-32   2682108
  2.419475e+00   7.979545e-29   1.121308e-03   4.875970e-32   2684912
  2.423360e+00   7.845541e-29   1.121998e-03   4.802577e-32   2678868
  2.427246e+00   7.725355e-29   1.122668e-03   4.724217e-32   2674772
  2.431135e+00   7.568618e-29   1.123033e-03   4.637095e-32   2670120
  2.435021e+00   7.455692e-29   1.120804e-03   4.580711e-32   2659532
  2.438909e+00   7.335262e-29   1.123713e-03   4.506925e-32   2659704
  2.442801e+00   7.221887e-29   1.124617e-03   4.442504e-32   2654348
  2.446687e+00   7.106552e-29   1.121000e-03   4.381530e-32   2640276
  2.450572e+00   6.993948e-29   1.121992e-03   4.318584e-32   2638700
  2.454457e+00   6.896686e-29   1.120074e-03   4.271050e-32   2628244
  2.458344e+00   6.799250e-29   1.124115e-03   4.200403e-32   2630920
  2.462234e+00   6.700129e-29   1.121877e-03   4.162420e-32   2618904
  2.466118e+00   6.595968e-29   1.120448e-03   4.105416e-32   2610932
  2.470005e+00   6.505589e-29   1.121951e-03   4.044657e-32   2608464
  2.473895e+00   6.406243e-29   1.123139e-03   3.988229e-32   2603708
  2.477779e+00   6.311243e-29   1.119694e-03   3.932186e-32   2588012
  2.481660e+00   6.230766e-29   1.122196e-03   3.888743e-32   2588364
  2.485545e+00   6.143119e-29   1.120384e-03   3.842073e-32   2579076
  2.489430e+00   6.069643e-29   1.121132e-03   3.805410e-32   2574152
  2.493314e+00   5.979578e-29   1.121505e-03   3.754558e-32   2566812
  2.497207e+00   5.900997e-29   1.127061e-03   3.701618e-32   2573732
  2.501098e+00   5.824865e-29   1.119524e-03   3.667390e-32   2550568
  2.504983e+00   5.746572e-29   1.123035e-03   3.625629e-32   2552068
  2.508870e+00   5.678606e-29   1.121138e-03   3.592568e-32   2539620
  2.512757e+00   5.599853e-29   1.124635e-03   3.535797e-32   2540936
  2.516646e+00   5.535994e-29   1.121040e-03   3.506075e-32   2528032
  2.520531e+00   5.452424e-29   1.120365e-03   3.459142e-32   2521480
  2.524419e+00   5.397443e-29   1.122347e-03   3.433441e-32   2517980
  2.528309e+00   5.320751e-29   1.123011e-03   3.385998e-32   2511744
  2.532195e+00   5.270130e-29   1.120855e-03   3.365732e-32   2500140
  2.536081e+00   5.198205e-29   1.121926e-03   3.323567e-32   2496980
  2.539968e+00   5.137007e-29   1.121125e-03   3.286903e-32   2486924
  2.543856e+00   5.073837e-29   1.124762e-03   3.253235e-32   2487000
  2.547743e+00   5.007015e-29   1.120210e-03   3.219805e-32   2469840
  2.551626e+00   4.949010e-29   1.122637e-03   3.183194e-32   2469656
  2.555511e+00   4.900389e-29   1.119469e-03   3.164080e-32   2456844
  2.559401e+00   4.840674e-29   1.125965e-03   3.121340e-32   2462876
  2.563290e+00   4.783008e-29   1.120472e-03   3.096754e-32   2442136
  2.567174e+00   4.727263e-29   1.123165e-03   3.060334e-32   2441944
  2.571061e+00   4.677766e-29   1.120769e-03   3.042200e-32   2430508
  2.574945e+00   4.621534e-29   1.121157e-03   3.007316e-32   2424352
  2.578832e+00   4.570281e-29   1.123693e-03   2.977339e-32   2421264
  2.582722e+00   4.519553e-29   1.122895e-03   2.948141e-32   2413064
  2.586608e+00   4.470165e-29   1.120676e-03   2.919430e-32   2401572
  2.590492e+00   4.421490e-29   1.121724e-03   2.896751e-32   2397284
  2.594379e+00   4.374244e-29   1.121499e-03   2.873545e-32   2388336
  2.598268e+00   4.316213e-29   1.124943e-03   2.836312e-32   2387204
  2.602153e+00   4.276030e-29   1.119280e-03   2.822648e-32   2368644
  2.606033e+00   4.228525e-29   1.120613e-03   2.792756e-32   2365400
  2.609918e+00   4.196093e-29   1.121690e-03   2.773272e-32   2360072
  2.613808e+00   4.137873e-29   1.123660e-03   2.741684e-32   2356464
  2.617696e+00   4.101134e-29   1.121214e-03   2.722254e-32   2343240
  2.621583e+00   4.054153e-29   1.122605e-03   2.690550e-32   2340248
  2.625468e+00   4.008446e-29   1.118824e-03   2.670561e-32   2325000
  2.629355e+00   3.970595e-29   1.124959e-03   2.645887e-32   2328632
  2.633245e+00   3.930410e-29   1.121910e-03   2.623334e-32   2313220
  2.637134e+00   3.880927e-29   1.124095e-03   2.596073e-32   2310772
  2.641020e+00   3.848576e-29   1.119781e-03   2.584887e-32   2295420
  2.644905e+00   3.804980e-29   1.122584e-03   2.551978e-32   2293592
  2.648791e+00   3.767422e-29   1.120952e-03   2.539047e-32   2281384
  2.652683e+00   3.729297e-29   1.126704e-03   2.509890e-32   2285776
  2.656570e+00   3.690615e-29   1.117325e-03   2.502579e-32   2259408
  2.660455e+00   3.653790e-29   1.124314e-03   2.474160e-32   2266808
  2.664344e+00   3.617380e-29   1.120389e-03   2.462696e-32   2248836
  2.668227e+00   3.576967e-29   1.123045e-03   2.436602e-32   2245244
  2.672111e+00   3.543734e-29   1.120801e-03   2.416434e-32   2233908
  2.675998e+00   3.510446e-29   1.122974e-03   2.395043e-32   2231660
  2.679886e+00   3.471328e-29   1.120422e-03   2.382474e-32   2218544
  2.683775e+00   3.438367e-29   1.124792e-03   2.358066e-32   2218176
  2.687664e+00   3.407053e-29   1.121286e-03   2.342816e-32   2202900
  2.691550e+00   3.375313e-29   1.121747e-03   2.326277e-32   2197472
  2.695433e+00   3.342751e-29   1.118354e-03   2.310955e-32   2181960
  2.699317e+00   3.308895e-29   1.124130e-03   2.286272e-32   2183696
  2.703207e+00   3.276911e-29   1.123719e-03   2.274438e-32   2173416
  2.707096e+00   3.250469e-29   1.122917e-03   2.259466e-32   2165444
  2.710982e+00   3.210819e-29   1.119761e-03   2.238652e-32   2152688
  2.714867e+00   3.183474e-29   1.121777e-03   2.219704e-32   2147628
  2.718754e+00   3.151948e-29   1.122335e-03   2.205459e-32   2139012
  2.722646e+00   3.124920e-29   1.125226e-03   2.186905e-32   2136008
  2.726525e+00   3.089712e-29   1.114594e-03   2.178185e-32   2108656
  2.730404e+00   3.065207e-29   1.123744e-03   2.155884e-32   2117896
  2.734296e+00   3.037999e-29   1.123450e-03   2.142117e-32   2106260
  2.738185e+00   3.008475e-29   1.123855e-03   2.127396e-32   2099088
  2.742075e+00   2.970829e-29   1.121974e-03   2.108821e-32   2088432
  2.745961e+00   2.943920e-29   1.120471e-03   2.090303e-32   2078432
  2.749845e+00   2.920376e-29   1.120708e-03   2.080266e-32   2069048
  2.753732e+00   2.895213e-29   1.123831e-03   2.067137e-32   2064804
  2.757623e+00   2.865610e-29   1.123568e-03   2.050308e-32   2055644
  2.761510e+00   2.843979e-29   1.120700e-03   2.039457e-32   2043000
  2.765392e+00   2.810024e-29   1.120067e-03   2.017577e-32   2032348
  2.769281e+00   2.791006e-29   1.126495e-03   2.004469e-32   2034064
  2.773172e+00   2.771528e-29   1.122211e-03   2.002734e-32   2017740
  2.777059e+00   2.736119e-29   1.121480e-03   1.975913e-32   2010188
  2.780942e+00   2.711973e-29   1.118751e-03   1.965486e-32   1996556
  2.784826e+00   2.697512e-29   1.122456e-03   1.961146e-32   1992816
  2.788712e+00   2.664353e-29   1.122411e-03   1.942312e-32   1982400
  2.792596e+00   2.642963e-29   1.121262e-03   1.936319e-32   1972256
  2.796480e+00   2.621005e-29   1.121000e-03   1.920035e-32   1964384
  2.800370e+00   2.595839e-29   1.122889e-03   1.902326e-32   1958544
  2.804258e+00   2.580756e-29   1.122489e-03   1.898484e-32   1946988
  2.808149e+00   2.548670e-29   1.124629e-03   1.878305e-32   1942532
  2.812034e+00   2.529549e-29   1.117383e-03   1.872687e-32   1921692
  2.815918e+00   2.505934e-29   1.123808e-03   1.853767e-32   1924004
  2.819806e+00   2.485641e-29   1.120365e-03   1.848992e-32   1907344
  2.823695e+00   2.458922e-29   1.126069e-03   1.830628e-32   1907440
  2.827583e+00   2.440494e-29   1.118720e-03   1.827306e-32   1886136
  2.831464e+00   2.422834e-29   1.121920e-03   1.820657e-32   1883144
  2.835353e+00   2.399570e-29   1.122753e-03   1.800688e-32   1874724
  2.839243e+00   2.383598e-29   1.123826e-03   1.792722e-32   1866068
  2.843130e+00   2.353859e-29   1.121455e-03   1.779238e-32   1852980
  2.847017e+00   2.337325e-29   1.122782e-03   1.772581e-32   1847468
  2.850900e+00   2.319974e-29   1.117935e-03   1.762729e-32   1829636
  2.854785e+00   2.293020e-29   1.123959e-03   1.745406e-32   1829688
  2.858675e+00   2.274916e-29   1.122789e-03   1.737697e-32   1817192
  2.862561e+00   2.260101e-29   1.121150e-03   1.734311e-32   1806312
  2.866446e+00   2.241220e-29   1.120289e-03   1.726857e-32   1795984
  2.870334e+00   2.222571e-29   1.123627e-03   1.713675e-32   1791100
  2.874224e+00   2.206230e-29   1.122050e-03   1.706895e-32   1777648
  2.878111e+00   2.185436e-29   1.123043e-03   1.693957e-32   1769848
  2.881996e+00   2.167355e-29   1.119995e-03   1.687091e-32   1756536
  2.885881e+00   2.150745e-29   1.121386e-03   1.678275e-32   1748960
  2.889768e+00   2.132500e-29   1.123014e-03   1.669617e-32   1739952
  2.893658e+00   2.110222e-29   1.124239e-03   1.656728e-32   1732124
  2.897544e+00   2.095440e-29   1.120323e-03   1.652009e-32   1716852
  2.901430e+00   2.078358e-29   1.122735e-03   1.640153e-32   1712276
  2.905319e+00   2.061299e-29   1.121222e-03   1.634326e-32   1698500
  2.909208e+00   2.046339e-29   1.125604e-03   1.622378e-32   1693932
  2.913093e+00   2.030094e-29   1.119232e-03   1.618988e-32   1675204
  2.916975e+00   2.010597e-29   1.121771e-03   1.607561e-32   1670644
  2.920858e+00   1.997379e-29   1.118515e-03   1.609399e-32   1655532
  2.924748e+00   1.981702e-29   1.126990e-03   1.593302e-32   1656860
  2.928637e+00   1.969337e-29   1.119840e-03   1.596573e-32   1635372
  2.932524e+00   1.946244e-29   1.124773e-03   1.576294e-32   1634324
  2.936410e+00   1.937450e-29   1.117372e-03   1.578684e-32   1613676
  2.940295e+00   1.917657e-29   1.124617e-03   1.564039e-32   1613348
  2.944183e+00   1.903493e-29   1.120803e-03   1.561917e-32   1596236
  2.948069e+00   1.887174e-29   1.123999e-03   1.554167e-32   1591476
  2.951956e+00   1.873348e-29   1.119134e-03   1.549986e-32   1575732
  2.955838e+00   1.855775e-29   1.120429e-03   1.537317e-32   1566236
  2.959725e+00   1.847356e-29   1.124724e-03   1.533790e-32   1560292
  2.963618e+00   1.828273e-29   1.124442e-03   1.527112e-32   1550092
  2.967503e+00   1.814786e-29   1.118750e-03   1.526597e-32   1532628
  2.971386e+00   1.802829e-29   1.121507e-03   1.512527e-32   1527332
  2.975274e+00   1.787632e-29   1.121884e-03   1.511574e-32   1515212
  2.979160e+00   1.776697e-29   1.123567e-03   1.507469e-32   1506444
  2.983048e+00   1.762345e-29   1.122261e-03   1.499858e-32   1495116
  2.986928e+00   1.746472e-29   1.117074e-03   1.495388e-32   1479152
  2.990812e+00   1.731266e-29   1.122982e-03   1.484489e-32   1475512
  2.994707e+00   1.725655e-29   1.126591e-03   1.487165e-32   1467820
  2.998598e+00   1.707455e-29   1.121923e-03   1.477261e-32   1451256
  3.002486e+00   1.695581e-29   1.122725e-03   1.474533e-32   1443212
  3.006369e+00   1.680936e-29   1.117256e-03   1.466680e-32   1425680
  3.010254e+00   1.667011e-29   1.124371e-03   1.461319e-32   1422972
  3.014143e+00   1.658453e-29   1.123023e-03   1.461644e-32   1408632
  3.018032e+00   1.644111e-29   1.123941e-03   1.452046e-32   1400984
  3.021918e+00   1.631364e-29   1.117887e-03   1.449202e-32   1383196
  3.025801e+00   1.620162e-29   1.123197e-03   1.443663e-32   1378120
  3.029692e+00   1.611531e-29   1.124450e-03   1.447355e-32   1367272
  3.033584e+00   1.598356e-29   1.124457e-03   1.440662e-32   1356580
  3.037464e+00   1.581777e-29   1.115974e-03   1.435283e-32   1337028
  3.041343e+00   1.570651e-29   1.120802e-03   1.432209e-32   1332500
  3.045230e+00   1.560245e-29   1.122780e-03   1.425329e-32   1321796
  3.049120e+00   1.547403e-29   1.124838e-03   1.422963e-32   1312716
  3.053007e+00   1.538393e-29   1.119942e-03   1.423576e-32   1296580
  3.056896e+00   1.524486e-29   1.124221e-03   1.413458e-32   1291528
  3.060783e+00   1.512854e-29   1.119071e-03   1.412659e-32   1273128
  3.064669e+00   1.504169e-29   1.125633e-03   1.412304e-32   1268720
  3.068560e+00   1.492699e-29   1.122309e-03   1.404932e-32   1254016
  3.072444e+00   1.478966e-29   1.119894e-03   1.402638e-32   1241296
  3.076322e+00   1.469633e-29   1.116955e-03   1.402515e-32   1226712
  3.080211e+00   1.460261e-29   1.128188e-03   1.395683e-32   1226228
  3.084105e+00   1.450987e-29   1.122621e-03   1.401427e-32   1207768
  3.087992e+00   1.437475e-29   1.122433e-03   1.395256e-32   1198336
  3.091874e+00   1.431909e-29   1.117108e-03   1.401272e-32   1181484
  3.095761e+00   1.412836e-29   1.125421e-03   1.386935e-32   1178012
  3.099653e+00   1.410989e-29   1.123268e-03   1.395484e-32   1162564
  3.103535e+00   1.392764e-29   1.120338e-03   1.387990e-32   1149340
  3.107418e+00   1.385216e-29   1.119954e-03   1.384952e-32   1138848
  3.111303e+00   1.371989e-29   1.120192e-03   1.383183e-32   1126748
  3.115189e+00   1.368578e-29   1.123911e-03   1.389906e-32   1117428
  3.119084e+00   1.357445e-29   1.126323e-03   1.380810e-32   1108112
  3.122973e+00   1.343120e-29   1.119549e-03   1.378975e-32   1090596
  3.126857e+00   1.328989e-29   1.120292e-03   1.373797e-32   1081052
  3.130738e+00   1.325427e-29   1.118514e-03   1.383201e-32   1065716
  3.134626e+00   1.317848e-29   1.127732e-03   1.373285e-32   1061940
  3.138518e+00   1.304059e-29   1.121370e-03   1.379317e-32   1044096
  3.142404e+00   1.289503e-29   1.122139e-03   1.372720e-32   1034864
  3.146289e+00   1.284002e-29   1.117591e-03   1.374536e-32   1018308
  3.150179e+00   1.277105e-29   1.129200e-03   1.375179e-32   1014812
  3.154072e+00   1.261497e-29   1.121981e-03   1.377421e-32   996288
  3.157955e+00   1.250753e-29   1.120847e-03   1.371361e-32   985376
  3.161835e+00   1.245121e-29   1.115880e-03   1.380368e-32   969652
  3.165722e+00   1.232221e-29   1.125987e-03   1.364539e-32   964924
  3.169610e+00   1.224223e-29   1.121515e-03   1.374983e-32   947228
  3.173495e+00   1.208930e-29   1.123457e-03   1.365746e-32   939084
  3.177381e+00   1.200566e-29   1.116472e-03   1.365420e-32   921864
  3.181265e+00   1.187717e-29   1.123502e-03   1.362246e-32   914252
  3.185159e+00   1.184829e-29   1.126304e-03   1.369367e-32   902572
  3.189050e+00   1.171765e-29   1.123145e-03   1.365788e-32   888784
  3.192932e+00   1.154789e-29   1.116224e-03   1.353055e-32   872540
  3.196811e+00   1.145237e-29   1.120157e-03   1.350931e-32   862848
  3.200697e+00   1.137021e-29   1.124093e-03   1.358930e-32   851760
  3.204592e+00   1.126122e-29   1.127172e-03   1.349496e-32   841940
  3.208479e+00   1.114449e-29   1.117661e-03   1.352635e-32   823032
  3.212364e+00   1.102773e-29   1.123934e-03   1.343400e-32   816044
  3.216253e+00   1.090688e-29   1.120364e-03   1.346556e-32   799292
  3.220140e+00   1.080766e-29   1.126784e-03   1.344435e-32   791304
  3.224026e+00   1.066807e-29   1.117490e-03   1.336358e-32   772868
  3.227902e+00   1.051784e-29   1.119936e-03   1.329975e-32   762552
  3.231787e+00   1.044682e-29   1.121745e-03   1.326761e-32   750876
  3.235677e+00   1.031402e-29   1.123999e-03   1.320692e-32   739280
  3.239565e+00   1.014906e-29   1.121784e-03   1.311222e-32   724944
  3.243456e+00   9.987666e-30   1.124267e-03   1.299994e-32   714380
  3.247336e+00   9.843994e-30   1.116046e-03   1.289968e-32   695932
  3.251222e+00   9.690900e-30   1.126879e-03   1.275073e-32   690949
  3.255114e+00   9.567810e-30   1.118914e-03   1.262369e-32   673638
  3.258999e+00   9.425486e-30   1.124434e-03   1.250223e-32   666092
  3.262883e+00   9.342949e-30   1.117312e-03   1.256514e-32   651024
  3.266766e+00   9.239315e-30   1.124054e-03   1.243532e-32   644804
  3.270656e+00   9.111680e-30   1.121035e-03   1.239114e-32   632676
  3.274546e+00   8.998352e-30   1.125434e-03   1.231078e-32   624962
  3.278430e+00   8.887172e-30   1.118496e-03   1.218645e-32   611280
  3.282321e+00   8.789520e-30   1.127391e-03   1.210188e-32   607256
  3.286211e+00   8.719658e-30   1.118374e-03   1.215840e-32   592616
  3.290095e+00   8.614845e-30   1.124430e-03   1.208078e-32   587160
  3.293983e+00   8.501242e-30   1.120749e-03   1.201022e-32   575482
  3.297866e+00   8.410611e-30   1.122505e-03   1.198603e-32   568258
  3.301757e+00   8.340287e-30   1.122731e-03   1.191080e-32   559638
  3.305647e+00   8.226715e-30   1.123210e-03   1.189721e-32   551498
  3.309536e+00   8.167931e-30   1.121790e-03   1.184189e-32   542364
  3.313423e+00   8.047242e-30   1.122328e-03   1.178353e-32   534146
  3.317305e+00   7.974261e-30   1.119988e-03   1.175138e-32   524980
  3.321196e+00   7.855420e-30   1.125222e-03   1.161002e-32   519964
  3.325077e+00   7.786941e-30   1.115886e-03   1.163465e-32   507108
  3.328962e+00   7.702832e-30   1.126905e-03   1.150285e-32   504992
  3.332852e+00   7.629197e-30   1.118656e-03   1.152262e-32   492948
  3.336740e+00   7.560743e-30   1.127360e-03   1.146079e-32   489740
  3.340629e+00   7.472002e-30   1.117346e-03   1.145412e-32   477716
  3.344511e+00   7.368675e-30   1.124864e-03   1.135958e-32   473844
  3.348399e+00   7.328179e-30   1.119228e-03   1.133158e-32   464222
  3.352284e+00   7.192994e-30   1.123815e-03   1.123299e-32   459048
  3.356167e+00   7.187777e-30   1.117888e-03   1.131356e-32   449574
  3.360054e+00   7.064419e-30   1.125019e-03   1.117755e-32   445820
  3.363936e+00   7.018550e-30   1.116211e-03   1.125761e-32   435158
  3.367827e+00   6.944728e-30   1.127850e-03   1.119834e-32   433566
  3.371713e+00   6.881051e-30   1.114763e-03   1.115541e-32   421014
  3.375597e+00   6.801511e-30   1.127754e-03   1.103662e-32   419996
  3.379490e+00   6.735197e-30   1.118287e-03   1.103588e-32   409482
  3.383368e+00   6.630202e-30   1.121665e-03   1.093395e-32   404414
  3.387257e+00   6.612715e-30   1.122567e-03   1.100999e-32   398518
  3.391148e+00   6.497890e-30   1.123750e-03   1.087404e-32   392302
  3.395033e+00   6.481575e-30   1.121765e-03   1.097997e-32   385318
  3.398930e+00   6.368244e-30   1.127631e-03   1.085025e-32   381718
  3.402811e+00   6.318243e-30   1.114511e-03   1.089527e-32   370674
  3.406696e+00   6.250707e-30   1.128673e-03   1.083299e-32   370166
  3.410587e+00   6.256968e-30   1.117032e-03   1.092818e-32   359838
  3.414471e+00   6.148918e-30   1.126612e-03   1.074299e-32   357488
  3.418356e+00   6.106332e-30   1.115416e-03   1.085460e-32   348174
  3.422239e+00   6.028145e-30   1.126138e-03   1.075007e-32   346010
  3.426123e+00   5.984603e-30   1.115666e-03   1.074981e-32   336966
  3.430017e+00   5.909807e-30   1.131496e-03   1.065702e-32   336488
  3.433906e+00   5.863324e-30   1.113178e-03   1.073623e-32   325206
  3.437790e+00   5.784741e-30   1.128394e-03   1.060498e-32   324614
  3.441675e+00   5.741819e-30   1.113950e-03   1.067516e-32   314792
  3.445561e+00   5.660742e-30   1.129033e-03   1.055112e-32   314082
  3.449445e+00   5.605996e-30   1.112843e-03   1.066583e-32   303918
  3.453329e+00   5.581077e-30   1.130230e-03   1.053823e-32   303872
  3.457223e+00   5.525894e-30   1.118237e-03   1.058226e-32   295070
  3.461110e+00   5.469325e-30   1.127117e-03   1.048690e-32   292776
  3.464999e+00   5.404344e-30   1.118155e-03   1.048559e-32   285198
  3.468882e+00   5.332286e-30   1.124173e-03   1.046612e-32   282068
  3.472770e+00   5.310094e-30   1.120642e-03   1.047280e-32   276094
  3.476654e+00   5.230724e-30   1.121770e-03   1.044251e-32   271936
  3.480537e+00   5.200005e-30   1.119604e-03   1.045801e-32   266352
  3.484425e+00   5.158057e-30   1.124273e-03   1.037847e-32   263198
  3.488309e+00   5.130419e-30   1.117087e-03   1.055679e-32   256540
  3.492199e+00   5.063460e-30   1.128018e-03   1.038489e-32   254758
  3.496085e+00   4.999740e-30   1.114575e-03   1.044498e-32   246888
  3.499973e+00   4.958915e-30   1.129431e-03   1.041573e-32   245984
  3.503859e+00   4.899732e-30   1.113747e-03   1.041988e-32   237838
  3.507743e+00   4.857956e-30   1.128624e-03   1.039855e-32   236932
  3.511628e+00   4.805915e-30   1.114686e-03   1.028805e-32   229296
  3.515519e+00   4.755415e-30   1.132107e-03   1.030300e-32   228968
  3.519410e+00   4.749816e-30   1.115334e-03   1.041751e-32   220862
  3.523299e+00   4.678313e-30   1.132320e-03   1.034082e-32   220440
  3.527188e+00   4.654958e-30   1.113877e-03   1.038538e-32   212400
  3.531075e+00   4.570319e-30   1.132596e-03   1.022375e-32   212228
  3.534965e+00   4.575528e-30   1.113928e-03   1.041051e-32   204518
  3.538852e+00   4.488450e-30   1.130227e-03   1.030994e-32   203928
  3.542735e+00   4.441795e-30   1.110921e-03   1.032061e-32   196280
  3.546619e+00   4.391028e-30   1.130361e-03   1.017957e-32   196272
  3.550503e+00   4.378115e-30   1.110008e-03   1.041221e-32   188572
  3.554385e+00   4.318711e-30   1.129045e-03   1.015339e-32   188440
  3.558272e+00   4.303575e-30   1.112527e-03   1.038052e-32   181574
  3.562156e+00   4.249394e-30   1.129325e-03   1.026316e-32   180912
  3.566042e+00   4.244280e-30   1.112617e-03   1.042665e-32   174304
  3.569927e+00   4.161414e-30   1.129933e-03   1.025953e-32   173620
  3.573814e+00   4.172089e-30   1.114477e-03   1.049732e-32   167424
  3.577707e+00   4.100463e-30   1.132693e-03   1.031754e-32   166952
  3.581590e+00   4.083566e-30   1.109406e-03   1.051739e-32   159744
  3.585479e+00   4.008836e-30   1.134885e-03   1.018752e-32   160424
  3.589363e+00   4.038732e-30   1.107308e-03   1.055358e-32   152748
  3.593250e+00   3.960236e-30   1.136784e-03   1.033418e-32   153920
  3.597136e+00   3.911370e-30   1.105473e-03   1.039726e-32   146016
  3.601018e+00   3.875409e-30   1.136208e-03   1.028876e-32   147176
  3.604907e+00   3.853615e-30   1.107710e-03   1.050415e-32   139992
  3.608791e+00   3.843557e-30   1.135264e-03   1.045145e-32   140588
  3.612682e+00   3.803267e-30   1.111007e-03   1.057243e-32   134184
  3.616571e+00   3.751344e-30   1.134121e-03   1.048241e-32   134192
  3.620457e+00   3.740301e-30   1.110077e-03   1.065817e-32   127992
  3.624344e+00   3.712334e-30   1.133946e-03   1.054348e-32   128132
  3.628235e+00   3.685043e-30   1.112933e-03   1.074986e-32   122384
  3.632120e+00   3.597409e-30   1.130787e-03   1.043627e-32   121896
  3.636006e+00   3.617030e-30   1.111987e-03   1.076119e-32   116592
  3.639888e+00   3.573378e-30   1.130031e-03   1.066957e-32   116072
  3.643776e+00   3.566050e-30   1.113281e-03   1.091256e-32   111196
  3.647666e+00   3.498606e-30   1.133982e-03   1.064123e-32   110824
  3.651553e+00   3.500602e-30   1.109351e-03   1.094743e-32   105456
  3.655445e+00   3.441177e-30   1.137911e-03   1.067575e-32   105746
  3.659331e+00   3.443168e-30   1.104570e-03   1.104175e-32   99816
  3.663217e+00   3.393746e-30   1.137630e-03   1.085346e-32   100460
  3.667098e+00   3.402579e-30   1.103186e-03   1.124190e-32   94616
  3.670986e+00   3.356972e-30   1.138482e-03   1.096047e-32   95448
  3.674871e+00   3.311093e-30   1.104767e-03   1.110331e-32   89784
  3.678762e+00   3.298739e-30   1.138753e-03   1.115852e-32   90536
  3.682640e+00   3.280526e-30   1.098833e-03   1.136081e-32   84566
  3.686528e+00   3.231052e-30   1.143171e-03   1.113362e-32   86088
  3.690411e+00   3.233382e-30   1.094501e-03   1.148702e-32   79680
  3.694290e+00   3.218899e-30   1.143460e-03   1.134502e-32   81368
  3.698177e+00   3.173460e-30   1.096007e-03   1.163365e-32   75356
  3.702056e+00   3.142354e-30   1.143156e-03   1.152728e-32   76704
  3.705948e+00   3.161762e-30   1.100016e-03   1.186230e-32   71322
  3.709834e+00   3.113175e-30   1.143672e-03   1.163055e-32   72248
  3.713724e+00   3.099866e-30   1.099908e-03   1.190270e-32   67160
  3.717610e+00   3.056973e-30   1.141543e-03   1.187248e-32   67836
  3.721489e+00   3.044340e-30   1.096984e-03   1.226574e-32   62976
  3.725379e+00   3.002587e-30   1.144398e-03   1.196518e-32   63914
  3.729253e+00   2.978504e-30   1.092761e-03   1.241950e-32   58832
  3.733144e+00   2.989043e-30   1.147084e-03   1.224513e-32   60108
  3.737017e+00   2.976189e-30   1.090205e-03   1.276731e-32   54920
  3.740928e+00   2.938534e-30   1.160099e-03   1.231174e-32   56970
  3.744809e+00   2.940247e-30   1.078913e-03   1.309464e-32   50760
  3.748701e+00   2.902134e-30   1.161348e-03   1.257442e-32   53312
  3.752584e+00   2.906451e-30   1.074836e-03   1.350708e-32   47164
  3.756472e+00   2.824317e-30   1.163802e-03   1.282697e-32   49810
  3.760356e+00   2.886403e-30   1.069365e-03   1.390072e-32   43680
  3.764234e+00   2.833934e-30   1.164818e-03   1.325185e-32   46328
  3.768129e+00   2.815665e-30   1.073902e-03   1.408842e-32   40694
  3.772013e+00   2.766309e-30   1.167140e-03   1.344102e-32   42984
  3.775913e+00   2.783108e-30   1.073587e-03   1.450179e-32   37656
  3.779787e+00   2.746636e-30   1.164236e-03   1.379472e-32   39578
  3.783688e+00   2.765838e-30   1.077878e-03   1.486896e-32   34920
  3.787564e+00   2.725277e-30   1.160065e-03   1.423960e-32   36308
  3.791451e+00   2.745486e-30   1.076316e-03   1.546905e-32   32136
  3.795334e+00   2.675056e-30   1.159401e-03   1.474460e-32   33362
  3.799207e+00   2.718454e-30   1.069739e-03   1.603551e-32   29336
  3.803104e+00   2.679161e-30   1.167435e-03   1.522453e-32   30804
  3.806966e+00   2.693738e-30   1.055228e-03   1.658971e-32   26490
  3.810870e+00   2.660614e-30   1.176653e-03   1.573170e-32   28376
  3.814719e+00   2.677043e-30   1.039734e-03   1.765659e-32   23784
  3.818636e+00   2.648087e-30   1.189627e-03   1.607052e-32   26150
  3.822479e+00   2.643196e-30   1.021588e-03   1.808613e-32   21192
  3.826407e+00   2.666035e-30   1.204804e-03   1.732877e-32   24050
  3.830252e+00   2.609389e-30   1.002280e-03   1.889823e-32   18768
  3.834191e+00   2.610497e-30   1.221518e-03   1.714330e-32   22052
  3.838029e+00   2.602720e-30   9.660660e-04   2.039487e-32   16346
  3.841962e+00   2.544780e-30   1.236558e-03   1.826376e-32   20136
  3.845802e+00   2.592983e-30   9.274195e-04   2.226996e-32   14160
  3.849721e+00   2.576935e-30   1.247069e-03   1.878420e-32   18218
  3.853565e+00   2.581977e-30   8.859468e-04   2.384802e-32   12204
  3.857470e+00   2.545074e-30   1.256334e-03   1.995076e-32   16346
  3.861333e+00   2.557161e-30   8.562781e-04   2.503202e-32   10536
  3.865221e+00   2.478106e-30   1.261091e-03   2.075733e-32   14456
  3.869081e+00   2.563483e-30   8.165112e-04   2.734565e-32   8990
  3.872967e+00   2.515587e-30   1.270385e-03   2.240306e-32   12744
  3.876815e+00   2.550404e-30   7.482517e-04   2.951380e-32   7506
  3.880703e+00   2.536016e-30   1.282849e-03   2.361520e-32   11192
  3.884545e+00   2.522447e-30   6.569471e-04   3.138306e-32   6156
  3.888432e+00   2.465386e-30   1.294599e-03   2.477123e-32   9722
  3.892281e+00   2.480373e-30   5.567157e-04   3.548805e-32   4992
  3.896158e+00   2.572342e-30   1.304505e-03   2.856890e-32   8306
  3.900025e+00   2.513452e-30   4.384033e-04   4.087219e-32   3996
  3.903878e+00   2.525401e-30   1.309274e-03   3.019868e-32   6938
  3.907766e+00   2.633337e-30   3.047624e-04   4.701146e-32   3168
  3.911584e+00   2.521046e-30   1.304853e-03   3.385984e-32   5624
  3.915485e+00   2.548211e-30   2.103226e-04   5.006866e-32   2502
  3.919286e+00   2.544585e-30   1.297747e-03   3.754969e-32   4424
  3.923208e+00   2.581087e-30   2.230451e-04   5.584706e-32   1946
  3.926998e+00   2.463613e-30   1.292790e-03   4.252153e-32   3360
  3.930918e+00   2.644057e-30   1.221617e-04   6.713413e-32   1446
  3.934708e+00   2.393412e-30   1.290208e-03   5.076649e-32   2456
  3.938666e+00   2.465395e-30   2.340394e-04   7.681335e-32   1034
  3.942432e+00   2.375088e-30   1.288305e-03   5.866894e-32   1680
  3.946383e+00   2.439974e-30   5.837572e-05   8.745674e-32   678
  3.950143e+00   2.316893e-30   1.286681e-03   7.033895e-32   1064
  3.954177e+00   2.233162e-30   3.540138e-04   1.029035e-31   410
  3.957868e+00   2.502107e-30   1.284749e-03   1.039878e-31   576
  3.961879e+00   2.897512e-30   1.855368e-05   1.957971e-31   198
  3.965528e+00   2.181524e-30   1.272780e-03   1.500254e-31   248
  3.969917e+00   1.873749e-30   8.019490e-04   2.318697e-31   74
  3.973198e+00   2.629103e-30   1.252635e-03   4.249023e-31   48
  3.977405e+00   4.279267e-30   5.034095e-08   1.405977e-30   6
