# power spectrum of delta
# redshift z=-0.004205
# k              Pk             sigma(k)       sigma(Pk)      count
  5.727314e-03   7.153758e-05   8.763345e-04   1.398879e-05   18
  1.001182e-02   1.258631e-03   1.059922e-03   1.963457e-04   62
  1.393445e-02   3.007099e-03   7.332271e-04   3.870510e-04   90
  1.764809e-02   7.192661e-03   1.157232e-03   4.957862e-04   170
  2.151286e-02   1.167692e-02   1.202795e-03   6.817343e-04   246
  2.528669e-02   1.696940e-02   1.146703e-03   9.400595e-04   338
  2.901099e-02   2.667958e-02   9.857564e-04   1.334561e-03   432
  3.284683e-02   3.465636e-02   1.010047e-03   1.521912e-03   578
  3.688195e-02   4.135410e-02   1.177086e-03   1.518608e-03   786
  4.101464e-02   4.999694e-02   1.190994e-03   1.630316e-03   974
  4.488954e-02   5.985215e-02   1.031402e-03   1.893577e-03   1002
  4.870958e-02   7.552052e-02   1.179303e-03   2.000655e-03   1334
  5.263577e-02   8.335918e-02   1.134676e-03   2.285598e-03   1458
  5.631027e-02   1.010584e-01   1.072446e-03   2.463286e-03   1604
  6.010158e-02   1.149648e-01   1.088865e-03   2.696117e-03   1974
  6.404851e-02   1.324801e-01   1.067989e-03   2.828403e-03   2234
  6.795611e-02   1.544144e-01   1.092954e-03   3.130398e-03   2490
  7.198483e-02   1.722354e-01   1.200217e-03   3.232170e-03   3014
  7.595394e-02   1.920644e-01   1.093611e-03   3.472723e-03   3018
  7.977896e-02   2.059159e-01   1.131598e-03   3.615909e-03   3446
  8.359600e-02   2.162628e-01   1.085617e-03   3.691520e-03   3626
  8.742004e-02   2.291839e-01   1.125556e-03   3.629308e-03   4164
  9.130612e-02   2.549131e-01   1.090740e-03   3.889513e-03   4470
  9.521636e-02   2.598972e-01   1.115446e-03   3.826429e-03   4970
  9.915211e-02   2.850031e-01   1.127844e-03   3.901625e-03   5366
  1.030785e-01   2.938063e-01   1.144516e-03   3.831666e-03   5778
  1.069619e-01   3.194931e-01   1.149148e-03   4.004257e-03   6162
  1.108671e-01   3.437356e-01   1.158272e-03   4.287791e-03   6734
  1.146806e-01   3.524433e-01   1.074898e-03   4.365115e-03   6756
  1.184510e-01   3.914406e-01   1.088568e-03   4.392768e-03   7502
  1.223464e-01   4.171047e-01   1.105366e-03   4.667982e-03   8154
  1.262469e-01   4.347377e-01   1.103283e-03   4.689364e-03   8618
  1.301909e-01   4.650476e-01   1.146655e-03   4.777907e-03   9390
  1.341197e-01   4.969172e-01   1.126004e-03   5.066986e-03   9722
  1.380051e-01   5.050813e-01   1.126950e-03   4.950231e-03   10242
  1.419007e-01   5.265712e-01   1.149257e-03   5.023470e-03   11006
  1.457777e-01   5.528506e-01   1.106962e-03   5.234985e-03   11348
  1.496576e-01   5.646807e-01   1.105725e-03   5.052043e-03   12150
  1.535164e-01   5.729112e-01   1.078348e-03   5.146559e-03   12498
  1.574072e-01   6.036053e-01   1.129889e-03   5.065535e-03   13586
  1.613096e-01   6.221699e-01   1.132072e-03   5.256009e-03   14006
  1.652381e-01   6.565400e-01   1.166232e-03   5.344653e-03   15162
  1.691226e-01   6.784603e-01   1.101754e-03   5.575693e-03   14990
  1.729750e-01   6.924113e-01   1.143142e-03   5.458219e-03   16380
  1.768610e-01   7.397555e-01   1.105581e-03   5.870786e-03   16666
  1.807168e-01   7.554471e-01   1.110348e-03   5.686838e-03   17638
  1.845996e-01   8.036331e-01   1.100521e-03   5.931916e-03   18354
  1.884710e-01   8.208801e-01   1.102640e-03   6.101702e-03   19034
  1.923685e-01   8.688817e-01   1.144302e-03   6.052536e-03   20270
  1.963174e-01   8.954561e-01   1.155956e-03   6.128115e-03   21258
  2.002141e-01   9.148272e-01   1.111898e-03   6.212117e-03   21350
  2.040863e-01   9.407409e-01   1.123159e-03   6.248612e-03   22644
  2.079681e-01   9.775837e-01   1.101476e-03   6.412263e-03   23114
  2.118390e-01   1.000936e+00   1.118265e-03   6.419401e-03   24342
  2.157382e-01   1.011188e+00   1.117694e-03   6.458496e-03   25194
  2.196235e-01   1.041968e+00   1.116195e-03   6.469709e-03   25982
  2.234724e-01   1.090399e+00   1.109599e-03   6.685428e-03   26506
  2.273806e-01   1.122029e+00   1.167806e-03   6.647895e-03   28738
  2.312750e-01   1.161150e+00   1.110542e-03   6.836865e-03   28296
  2.351662e-01   1.167515e+00   1.143823e-03   6.686119e-03   30554
  2.390501e-01   1.189351e+00   1.084103e-03   6.825660e-03   30094
  2.428824e-01   1.250139e+00   1.109820e-03   7.051440e-03   31738
  2.467836e-01   1.286485e+00   1.134747e-03   7.051823e-03   33306
  2.506613e-01   1.320720e+00   1.104153e-03   7.184633e-03   33422
  2.545365e-01   1.361361e+00   1.131527e-03   7.176971e-03   35298
  2.584714e-01   1.391690e+00   1.143069e-03   7.304211e-03   36650
  2.623670e-01   1.412832e+00   1.115532e-03   7.273865e-03   36888
  2.662651e-01   1.446356e+00   1.131896e-03   7.354307e-03   38834
  2.701697e-01   1.492580e+00   1.107355e-03   7.506490e-03   39246
  2.740453e-01   1.524126e+00   1.111777e-03   7.588775e-03   40466
  2.778984e-01   1.574548e+00   1.108403e-03   7.770885e-03   41106
  2.817847e-01   1.601973e+00   1.145602e-03   7.739316e-03   43598
  2.856833e-01   1.646964e+00   1.116308e-03   7.957612e-03   43650
  2.895471e-01   1.670223e+00   1.120907e-03   7.798060e-03   45272
  2.934575e-01   1.722714e+00   1.131740e-03   7.961356e-03   46994
  2.973636e-01   1.767445e+00   1.124346e-03   8.085118e-03   47850
  3.012447e-01   1.788000e+00   1.115858e-03   8.131002e-03   48846
  3.051030e-01   1.817899e+00   1.105642e-03   8.285442e-03   49706
  3.089532e-01   1.871189e+00   1.113265e-03   8.276736e-03   51198
  3.128464e-01   1.906935e+00   1.134266e-03   8.296612e-03   53402
  3.167281e-01   1.968926e+00   1.111145e-03   8.389483e-03   53634
  3.206428e-01   2.014007e+00   1.143806e-03   8.418142e-03   56888
  3.245618e-01   2.032544e+00   1.106794e-03   8.566319e-03   56474
  3.284581e-01   2.072219e+00   1.130606e-03   8.495104e-03   58962
  3.323510e-01   2.137256e+00   1.114731e-03   8.705030e-03   59214
  3.362265e-01   2.168778e+00   1.127963e-03   8.760826e-03   61250
  3.400938e-01   2.214866e+00   1.110759e-03   9.002609e-03   61694
  3.439480e-01   2.261447e+00   1.120230e-03   9.036898e-03   63618
  3.478512e-01   2.308067e+00   1.140078e-03   9.040013e-03   66284
  3.517691e-01   2.353332e+00   1.123324e-03   9.077341e-03   67014
  3.556494e-01   2.395064e+00   1.113722e-03   9.167922e-03   67930
  3.595371e-01   2.440971e+00   1.127426e-03   9.218288e-03   70294
  3.634200e-01   2.497079e+00   1.114424e-03   9.415919e-03   70658
  3.672742e-01   2.539821e+00   1.121955e-03   9.444604e-03   72522
  3.711539e-01   2.572398e+00   1.125103e-03   9.504821e-03   74550
  3.750359e-01   2.637030e+00   1.112832e-03   9.695315e-03   75674
  3.789191e-01   2.669388e+00   1.116846e-03   9.541083e-03   77708
  3.828461e-01   2.737648e+00   1.136191e-03   9.633769e-03   80622
  3.867545e-01   2.766410e+00   1.112810e-03   9.735183e-03   80330
  3.906423e-01   2.822881e+00   1.128269e-03   9.801492e-03   82974
  3.945313e-01   2.838217e+00   1.118618e-03   9.883375e-03   83666
  3.984084e-01   2.942383e+00   1.126394e-03   1.001055e-02   85746
  4.022765e-01   2.963621e+00   1.118427e-03   1.007197e-02   86702
  4.061542e-01   3.018103e+00   1.126154e-03   1.019496e-02   89556
  4.100569e-01   3.069531e+00   1.118519e-03   1.023761e-02   91038
  4.139484e-01   3.136391e+00   1.117921e-03   1.027889e-02   92522
  4.178268e-01   3.178160e+00   1.119569e-03   1.038971e-02   94034
  4.217415e-01   3.214931e+00   1.145339e-03   1.033017e-02   97758
  4.256173e-01   3.286424e+00   1.103600e-03   1.057784e-02   95770
  4.294627e-01   3.323034e+00   1.123790e-03   1.049351e-02   99646
  4.333400e-01   3.400644e+00   1.115333e-03   1.067307e-02   100980
  4.372362e-01   3.426034e+00   1.127284e-03   1.060462e-02   104258
  4.411386e-01   3.498961e+00   1.114910e-03   1.087532e-02   104998
  4.450377e-01   3.546677e+00   1.124073e-03   1.084966e-02   107866
  4.489311e-01   3.599231e+00   1.113184e-03   1.095050e-02   108154
  4.528161e-01   3.695664e+00   1.135370e-03   1.108195e-02   111622
  4.567076e-01   3.725968e+00   1.122976e-03   1.112546e-02   112146
  4.605727e-01   3.770934e+00   1.119518e-03   1.122644e-02   114014
  4.644440e-01   3.859209e+00   1.115906e-03   1.132468e-02   116220
  4.683319e-01   3.900102e+00   1.119789e-03   1.131362e-02   118682
  4.722291e-01   3.983512e+00   1.126606e-03   1.141392e-02   121118
  4.761348e-01   4.006218e+00   1.124808e-03   1.139027e-02   122994
  4.800157e-01   4.064800e+00   1.114862e-03   1.157982e-02   123574
  4.838959e-01   4.173254e+00   1.131276e-03   1.172705e-02   126922
  4.877763e-01   4.195330e+00   1.124735e-03   1.171815e-02   127906
  4.916481e-01   4.230137e+00   1.121767e-03   1.166493e-02   130432
  4.955333e-01   4.310829e+00   1.114812e-03   1.186957e-02   132642
  4.994186e-01   4.357448e+00   1.110800e-03   1.185368e-02   134534
  5.033164e-01   4.455106e+00   1.124671e-03   1.199323e-02   137778
  5.072392e-01   4.479222e+00   1.135312e-03   1.187859e-02   140786
  5.111285e-01   4.589720e+00   1.110620e-03   1.228873e-02   139590
  5.149976e-01   4.645020e+00   1.125619e-03   1.223963e-02   143546
  5.188865e-01   4.693645e+00   1.125142e-03   1.227355e-02   145338
  5.227635e-01   4.760462e+00   1.120484e-03   1.235207e-02   147272
  5.266520e-01   4.813530e+00   1.122335e-03   1.241509e-02   150330
  5.305485e-01   4.895140e+00   1.118234e-03   1.248900e-02   152318
  5.344262e-01   4.954608e+00   1.111066e-03   1.254892e-02   153202
  5.383243e-01   4.996362e+00   1.138693e-03   1.259442e-02   158626
  5.422165e-01   5.080751e+00   1.116855e-03   1.278949e-02   157350
  5.460935e-01   5.123865e+00   1.131200e-03   1.271901e-02   161906
  5.499589e-01   5.198843e+00   1.105071e-03   1.291363e-02   160872
  5.538418e-01   5.285667e+00   1.133375e-03   1.285127e-02   167858
  5.577463e-01   5.332063e+00   1.114977e-03   1.303317e-02   167514
  5.616201e-01   5.387447e+00   1.113803e-03   1.313394e-02   169862
  5.655108e-01   5.455472e+00   1.124453e-03   1.307779e-02   173602
  5.694083e-01   5.516246e+00   1.123533e-03   1.327566e-02   175258
  5.732959e-01   5.619728e+00   1.127164e-03   1.331233e-02   177654
  5.771897e-01   5.687370e+00   1.130949e-03   1.340585e-02   180698
  5.810773e-01   5.733643e+00   1.119005e-03   1.345304e-02   181968
  5.849616e-01   5.799757e+00   1.118541e-03   1.346947e-02   184850
  5.888448e-01   5.832463e+00   1.119144e-03   1.354878e-02   187034
  5.927421e-01   5.953315e+00   1.129966e-03   1.356627e-02   191238
  5.966308e-01   6.018219e+00   1.116348e-03   1.376792e-02   191042
  6.005065e-01   6.093576e+00   1.126286e-03   1.383015e-02   195102
  6.043812e-01   6.174430e+00   1.117515e-03   1.393863e-02   195786
  6.082630e-01   6.239658e+00   1.131649e-03   1.380314e-02   201164
  6.121481e-01   6.300222e+00   1.112645e-03   1.412720e-02   201070
  6.160242e-01   6.368207e+00   1.118305e-03   1.413201e-02   205234
  6.199111e-01   6.457044e+00   1.116352e-03   1.412880e-02   207342
  6.237987e-01   6.496764e+00   1.121735e-03   1.414259e-02   210602
  6.276909e-01   6.567727e+00   1.124203e-03   1.422934e-02   213130
  6.315953e-01   6.648701e+00   1.133190e-03   1.427058e-02   217318
  6.354807e-01   6.714535e+00   1.113546e-03   1.438579e-02   216306
  6.393491e-01   6.815140e+00   1.119403e-03   1.449065e-02   220652
  6.432430e-01   6.881821e+00   1.124854e-03   1.454536e-02   224502
  6.471454e-01   6.941592e+00   1.125081e-03   1.458085e-02   227186
  6.510345e-01   7.023957e+00   1.118193e-03   1.472417e-02   228398
  6.549165e-01   7.086436e+00   1.122259e-03   1.475675e-02   231642
  6.587972e-01   7.122114e+00   1.122763e-03   1.465888e-02   233946
  6.626908e-01   7.196547e+00   1.132956e-03   1.468016e-02   238694
  6.665707e-01   7.296248e+00   1.114640e-03   1.500879e-02   238068
  6.704525e-01   7.369984e+00   1.124042e-03   1.491427e-02   244190
  6.743498e-01   7.465511e+00   1.116752e-03   1.500398e-02   245362
  6.782313e-01   7.482636e+00   1.120102e-03   1.499028e-02   248362
  6.821206e-01   7.592035e+00   1.124509e-03   1.514296e-02   251966
  6.860099e-01   7.684112e+00   1.120649e-03   1.524298e-02   254034
  6.898855e-01   7.726582e+00   1.117172e-03   1.530059e-02   255818
  6.937781e-01   7.819129e+00   1.132899e-03   1.526730e-02   262254
  6.976722e-01   7.885669e+00   1.116974e-03   1.538639e-02   261980
  7.015718e-01   7.954991e+00   1.129534e-03   1.531953e-02   268566
  7.054538e-01   8.039820e+00   1.104857e-03   1.561335e-02   265538
  7.093286e-01   8.117140e+00   1.128000e-03   1.558108e-02   273330
  7.132165e-01   8.187438e+00   1.121481e-03   1.569742e-02   273718
  7.171069e-01   8.270917e+00   1.132652e-03   1.562866e-02   279658
  7.209986e-01   8.318001e+00   1.120025e-03   1.569939e-02   279670
  7.248700e-01   8.430393e+00   1.119062e-03   1.582971e-02   282964
  7.287608e-01   8.486711e+00   1.126489e-03   1.589956e-02   288362
  7.326540e-01   8.532290e+00   1.118613e-03   1.588488e-02   289686
  7.365333e-01   8.633775e+00   1.116235e-03   1.607081e-02   292234
  7.404015e-01   8.739312e+00   1.112765e-03   1.613834e-02   294190
  7.442845e-01   8.789491e+00   1.127923e-03   1.608112e-02   300642
  7.481851e-01   8.822828e+00   1.128116e-03   1.601201e-02   303386
  7.520700e-01   8.918697e+00   1.119257e-03   1.622318e-02   304662
  7.559583e-01   9.044817e+00   1.122290e-03   1.630927e-02   309812
  7.598513e-01   9.138236e+00   1.117608e-03   1.629838e-02   311714
  7.637547e-01   9.191241e+00   1.130270e-03   1.632436e-02   318126
  7.676398e-01   9.266693e+00   1.111035e-03   1.656879e-02   315114
  7.715118e-01   9.350577e+00   1.127143e-03   1.642576e-02   322622
  7.753932e-01   9.400017e+00   1.117154e-03   1.653985e-02   322850
  7.792787e-01   9.515163e+00   1.131101e-03   1.660362e-02   329802
  7.831716e-01   9.547468e+00   1.123851e-03   1.653943e-02   331104
  7.870696e-01   9.609846e+00   1.127607e-03   1.658215e-02   336986
  7.909587e-01   9.681912e+00   1.111055e-03   1.668902e-02   335870
  7.948355e-01   9.785332e+00   1.120862e-03   1.681307e-02   341610
  7.987215e-01   9.836679e+00   1.121955e-03   1.680481e-02   344370
  8.026031e-01   9.949789e+00   1.122207e-03   1.686036e-02   347606
  8.064886e-01   1.000382e+01   1.124033e-03   1.683645e-02   351650
  8.103706e-01   1.005741e+01   1.118654e-03   1.693646e-02   353760
  8.142669e-01   1.016003e+01   1.129493e-03   1.696074e-02   360970
  8.181738e-01   1.022964e+01   1.123124e-03   1.695941e-02   362818
  8.220521e-01   1.032499e+01   1.110144e-03   1.718109e-02   362334
  8.259414e-01   1.036233e+01   1.129348e-03   1.704833e-02   371642
  8.298275e-01   1.046425e+01   1.114584e-03   1.716534e-02   368778
  8.337006e-01   1.049493e+01   1.128744e-03   1.714479e-02   376526
  8.375857e-01   1.067179e+01   1.121330e-03   1.736616e-02   377786
  8.414675e-01   1.069729e+01   1.123524e-03   1.723175e-02   382968
  8.453573e-01   1.074524e+01   1.120822e-03   1.730755e-02   386146
  8.492503e-01   1.079838e+01   1.124050e-03   1.718260e-02   390826
  8.531392e-01   1.091741e+01   1.119718e-03   1.736016e-02   392662
  8.570302e-01   1.098282e+01   1.125822e-03   1.753259e-02   398242
  8.609051e-01   1.107207e+01   1.111972e-03   1.762030e-02   396726
  8.647781e-01   1.111957e+01   1.124714e-03   1.749790e-02   404738
  8.686664e-01   1.120090e+01   1.122897e-03   1.752460e-02   407628
  8.725545e-01   1.125190e+01   1.121536e-03   1.752645e-02   411734
  8.764395e-01   1.134367e+01   1.117149e-03   1.761870e-02   414242
  8.803359e-01   1.141258e+01   1.126317e-03   1.759524e-02   421434
  8.842333e-01   1.151580e+01   1.120273e-03   1.776167e-02   421918
  8.881244e-01   1.159192e+01   1.128330e-03   1.768496e-02   427810
  8.920157e-01   1.163619e+01   1.123036e-03   1.776145e-02   429470
  8.958948e-01   1.176154e+01   1.119658e-03   1.788865e-02   432282
  8.997746e-01   1.179359e+01   1.122449e-03   1.783051e-02   437260
  9.036583e-01   1.190755e+01   1.120747e-03   1.799196e-02   440758
  9.075489e-01   1.196795e+01   1.124778e-03   1.795743e-02   446370
  9.114474e-01   1.205057e+01   1.123943e-03   1.794645e-02   450182
  9.153288e-01   1.214602e+01   1.115142e-03   1.812087e-02   449850
  9.192089e-01   1.214680e+01   1.127357e-03   1.797114e-02   457898
  9.230929e-01   1.223339e+01   1.119604e-03   1.807747e-02   458662
  9.269737e-01   1.232496e+01   1.121722e-03   1.805167e-02   464620
  9.308545e-01   1.240690e+01   1.114316e-03   1.812110e-02   466302
  9.347441e-01   1.244501e+01   1.124571e-03   1.806805e-02   474314
  9.386369e-01   1.254758e+01   1.120021e-03   1.818218e-02   475530
  9.425348e-01   1.263849e+01   1.129051e-03   1.823699e-02   483206
  9.464328e-01   1.270660e+01   1.121669e-03   1.827636e-02   483530
  9.503142e-01   1.274873e+01   1.121047e-03   1.832568e-02   487002
  9.541966e-01   1.283664e+01   1.124058e-03   1.835466e-02   491774
  9.580774e-01   1.293854e+01   1.120518e-03   1.836735e-02   495084
  9.619601e-01   1.296169e+01   1.119352e-03   1.835440e-02   499438
  9.658473e-01   1.299939e+01   1.122356e-03   1.827775e-02   504682
  9.697357e-01   1.313836e+01   1.121500e-03   1.847585e-02   507738
  9.736321e-01   1.317292e+01   1.130456e-03   1.829159e-02   515174
  9.775214e-01   1.326758e+01   1.119580e-03   1.848218e-02   514234
  9.813957e-01   1.333827e+01   1.119450e-03   1.847217e-02   519022
  9.852705e-01   1.342560e+01   1.117281e-03   1.861965e-02   522636
  9.891535e-01   1.347120e+01   1.121739e-03   1.849865e-02   529442
  9.930474e-01   1.347603e+01   1.122647e-03   1.841167e-02   534078
  9.969375e-01   1.362082e+01   1.118397e-03   1.858289e-02   536666
  1.000817e+00   1.366842e+01   1.116716e-03   1.862525e-02   539142
  1.004715e+00   1.374416e+01   1.134178e-03   1.855350e-02   550658
  1.008615e+00   1.383539e+01   1.121935e-03   1.872678e-02   548298
  1.012495e+00   1.389316e+01   1.123048e-03   1.865788e-02   553694
  1.016374e+00   1.392713e+01   1.116375e-03   1.869896e-02   556116
  1.020264e+00   1.402888e+01   1.125051e-03   1.869548e-02   564890
  1.024148e+00   1.405922e+01   1.116141e-03   1.876254e-02   563718
  1.028036e+00   1.417107e+01   1.128568e-03   1.864650e-02   574298
  1.031929e+00   1.421017e+01   1.120551e-03   1.876385e-02   573966
  1.035814e+00   1.429576e+01   1.126024e-03   1.879577e-02   580586
  1.039699e+00   1.434923e+01   1.122029e-03   1.872984e-02   582666
  1.043587e+00   1.445967e+01   1.125959e-03   1.877286e-02   590648
  1.047474e+00   1.450741e+01   1.114820e-03   1.887331e-02   590394
  1.051350e+00   1.453099e+01   1.116684e-03   1.885718e-02   596174
  1.055234e+00   1.459478e+01   1.120236e-03   1.884848e-02   601674
  1.059126e+00   1.468580e+01   1.125352e-03   1.883324e-02   607682
  1.063019e+00   1.477188e+01   1.124350e-03   1.887221e-02   611166
  1.066910e+00   1.480517e+01   1.124099e-03   1.889263e-02   615626
  1.070791e+00   1.485325e+01   1.119456e-03   1.890411e-02   617290
  1.074678e+00   1.496776e+01   1.126011e-03   1.892662e-02   626344
  1.078566e+00   1.502270e+01   1.117274e-03   1.892493e-02   626658
  1.082451e+00   1.504200e+01   1.122467e-03   1.883510e-02   634022
  1.086331e+00   1.509419e+01   1.116124e-03   1.899091e-02   634554
  1.090218e+00   1.522054e+01   1.128467e-03   1.892201e-02   645026
  1.094107e+00   1.522149e+01   1.122446e-03   1.897926e-02   645102
  1.097993e+00   1.531120e+01   1.126954e-03   1.895764e-02   653018
  1.101879e+00   1.534075e+01   1.119089e-03   1.889181e-02   654384
  1.105770e+00   1.541441e+01   1.123901e-03   1.895468e-02   663194
  1.109660e+00   1.551812e+01   1.117576e-03   1.906145e-02   663834
  1.113540e+00   1.553863e+01   1.118796e-03   1.896078e-02   669158
  1.117424e+00   1.562851e+01   1.120650e-03   1.900208e-02   674490
  1.121304e+00   1.564170e+01   1.118416e-03   1.904223e-02   677222
  1.125193e+00   1.573040e+01   1.128225e-03   1.898918e-02   686874
  1.129092e+00   1.581777e+01   1.126811e-03   1.900489e-02   690722
  1.132980e+00   1.587440e+01   1.118907e-03   1.912646e-02   692008
  1.136871e+00   1.593266e+01   1.124678e-03   1.903512e-02   701386
  1.140761e+00   1.594081e+01   1.117002e-03   1.908138e-02   700778
  1.144643e+00   1.604646e+01   1.123318e-03   1.906171e-02   708774
  1.148529e+00   1.608851e+01   1.121990e-03   1.910310e-02   711690
  1.152418e+00   1.613356e+01   1.126973e-03   1.898578e-02   719606
  1.156298e+00   1.623279e+01   1.116380e-03   1.918325e-02   717762
  1.160181e+00   1.622857e+01   1.127123e-03   1.901445e-02   730460
  1.164073e+00   1.629103e+01   1.119262e-03   1.906167e-02   731070
  1.167968e+00   1.630976e+01   1.125901e-03   1.896086e-02   741170
  1.171853e+00   1.640725e+01   1.112045e-03   1.911432e-02   737094
  1.175730e+00   1.643105e+01   1.122374e-03   1.905824e-02   747698
  1.179618e+00   1.653174e+01   1.122867e-03   1.909975e-02   751658
  1.183501e+00   1.653381e+01   1.121599e-03   1.899563e-02   755574
  1.187383e+00   1.662787e+01   1.122256e-03   1.907009e-02   761442
  1.191279e+00   1.668864e+01   1.126787e-03   1.902003e-02   770816
  1.195171e+00   1.669962e+01   1.117539e-03   1.903351e-02   769274
  1.199064e+00   1.670766e+01   1.129525e-03   1.889143e-02   782130
  1.202947e+00   1.681009e+01   1.112602e-03   1.911649e-02   775230
  1.206825e+00   1.690423e+01   1.126605e-03   1.905052e-02   789866
  1.210710e+00   1.690148e+01   1.118361e-03   1.901147e-02   787914
  1.214592e+00   1.696741e+01   1.128225e-03   1.902597e-02   799598
  1.218486e+00   1.697554e+01   1.124161e-03   1.891026e-02   802980
  1.222371e+00   1.708722e+01   1.117789e-03   1.905918e-02   805622
  1.226254e+00   1.712371e+01   1.119738e-03   1.896777e-02   812050
  1.230147e+00   1.715419e+01   1.126034e-03   1.891910e-02   820954
  1.234035e+00   1.722252e+01   1.118780e-03   1.905675e-02   820062
  1.237911e+00   1.728224e+01   1.119897e-03   1.900846e-02   826298
  1.241794e+00   1.726794e+01   1.121814e-03   1.891587e-02   833118
  1.245672e+00   1.735323e+01   1.117137e-03   1.902349e-02   834812
  1.249560e+00   1.739016e+01   1.126815e-03   1.891681e-02   847858
  1.253469e+00   1.744635e+01   1.127442e-03   1.886673e-02   854278
  1.257361e+00   1.746040e+01   1.116253e-03   1.896404e-02   850978
  1.261241e+00   1.752658e+01   1.121687e-03   1.892118e-02   859186
  1.265131e+00   1.757828e+01   1.127494e-03   1.892320e-02   867126
  1.269018e+00   1.765389e+01   1.121886e-03   1.894592e-02   868274
  1.272897e+00   1.770601e+01   1.120976e-03   1.900083e-02   873606
  1.276776e+00   1.769922e+01   1.119398e-03   1.885366e-02   879284
  1.280663e+00   1.769213e+01   1.122355e-03   1.875526e-02   887170
  1.284564e+00   1.770090e+01   1.128693e-03   1.869360e-02   897526
  1.288458e+00   1.777764e+01   1.117587e-03   1.880476e-02   894258
  1.292341e+00   1.788983e+01   1.122714e-03   1.877522e-02   903374
  1.296223e+00   1.790455e+01   1.118323e-03   1.884470e-02   904338
  1.300103e+00   1.792848e+01   1.123719e-03   1.877588e-02   913586
  1.303982e+00   1.801715e+01   1.118150e-03   1.881389e-02   915416
  1.307871e+00   1.804483e+01   1.124217e-03   1.872832e-02   928122
  1.311759e+00   1.810840e+01   1.115167e-03   1.878836e-02   926094
  1.315654e+00   1.809833e+01   1.130093e-03   1.864361e-02   942890
  1.319549e+00   1.814850e+01   1.118827e-03   1.874767e-02   937266
  1.323433e+00   1.819530e+01   1.126506e-03   1.869135e-02   948854
  1.327319e+00   1.823898e+01   1.120121e-03   1.868101e-02   948714
  1.331197e+00   1.827370e+01   1.122687e-03   1.865323e-02   956186
  1.335082e+00   1.826722e+01   1.124444e-03   1.858972e-02   964272
  1.338973e+00   1.832799e+01   1.121587e-03   1.859997e-02   969458
  1.342859e+00   1.833584e+01   1.118296e-03   1.862125e-02   972750
  1.346749e+00   1.834868e+01   1.124460e-03   1.851784e-02   982706
  1.350635e+00   1.843277e+01   1.119858e-03   1.857987e-02   982906
  1.354527e+00   1.845026e+01   1.129306e-03   1.851906e-02   996622
  1.358414e+00   1.849127e+01   1.117989e-03   1.856791e-02   992378
  1.362284e+00   1.854934e+01   1.117150e-03   1.853287e-02   999000
  1.366168e+00   1.855842e+01   1.122014e-03   1.846562e-02   1010114
  1.370061e+00   1.861093e+01   1.121750e-03   1.846581e-02   1015722
  1.373948e+00   1.861458e+01   1.119290e-03   1.840567e-02   1018742
  1.377843e+00   1.864397e+01   1.127371e-03   1.837324e-02   1031250
  1.381733e+00   1.867652e+01   1.118461e-03   1.844017e-02   1027226
  1.385615e+00   1.867289e+01   1.126435e-03   1.830261e-02   1039734
  1.389500e+00   1.875338e+01   1.120654e-03   1.839660e-02   1039914
  1.393382e+00   1.876020e+01   1.123683e-03   1.829822e-02   1050272
  1.397267e+00   1.878841e+01   1.117473e-03   1.831583e-02   1052306
  1.401154e+00   1.883032e+01   1.122308e-03   1.824560e-02   1062666
  1.405045e+00   1.886470e+01   1.122401e-03   1.826014e-02   1067262
  1.408935e+00   1.883940e+01   1.123952e-03   1.818450e-02   1073906
  1.412823e+00   1.892718e+01   1.122463e-03   1.823898e-02   1078190
  1.416712e+00   1.892341e+01   1.124033e-03   1.816149e-02   1085634
  1.420592e+00   1.896822e+01   1.117456e-03   1.820737e-02   1085508
  1.424480e+00   1.898893e+01   1.126594e-03   1.813653e-02   1101926
  1.428369e+00   1.904829e+01   1.116061e-03   1.818954e-02   1098322
  1.432252e+00   1.905212e+01   1.121199e-03   1.805619e-02   1109878
  1.436144e+00   1.904825e+01   1.122554e-03   1.803513e-02   1115338
  1.440035e+00   1.913775e+01   1.125793e-03   1.807933e-02   1122586
  1.443924e+00   1.908517e+01   1.123292e-03   1.806438e-02   1125862
  1.447810e+00   1.920455e+01   1.122976e-03   1.806940e-02   1132498
  1.451691e+00   1.914977e+01   1.119415e-03   1.801816e-02   1135444
  1.455573e+00   1.920142e+01   1.122581e-03   1.793157e-02   1145374
  1.459464e+00   1.917507e+01   1.123383e-03   1.786090e-02   1152698
  1.463354e+00   1.920300e+01   1.121349e-03   1.786543e-02   1157046
  1.467236e+00   1.923080e+01   1.119148e-03   1.786138e-02   1160226
  1.471127e+00   1.931683e+01   1.127743e-03   1.785848e-02   1174346
  1.475014e+00   1.927883e+01   1.119897e-03   1.782073e-02   1171462
  1.478897e+00   1.933436e+01   1.124033e-03   1.781122e-02   1183828
  1.482778e+00   1.928784e+01   1.114458e-03   1.779829e-02   1181822
  1.486657e+00   1.936954e+01   1.120779e-03   1.776630e-02   1194930
  1.490547e+00   1.937367e+01   1.122593e-03   1.764936e-02   1202010
  1.494437e+00   1.942323e+01   1.122115e-03   1.767100e-02   1207166
  1.498326e+00   1.943318e+01   1.123291e-03   1.768952e-02   1214106
  1.502209e+00   1.937286e+01   1.118748e-03   1.756428e-02   1215302
  1.506095e+00   1.946458e+01   1.126666e-03   1.756970e-02   1229274
  1.509994e+00   1.939442e+01   1.126873e-03   1.745712e-02   1236164
  1.513882e+00   1.950696e+01   1.118916e-03   1.754424e-02   1235326
  1.517764e+00   1.948546e+01   1.120265e-03   1.748829e-02   1244026
  1.521647e+00   1.948831e+01   1.120382e-03   1.743265e-02   1249154
  1.525536e+00   1.953481e+01   1.126025e-03   1.738000e-02   1260558
  1.529421e+00   1.954599e+01   1.119984e-03   1.741513e-02   1260394
  1.533310e+00   1.952513e+01   1.125848e-03   1.731365e-02   1274758
  1.537193e+00   1.954056e+01   1.115594e-03   1.737786e-02   1270188
  1.541083e+00   1.955228e+01   1.128008e-03   1.724480e-02   1291202
  1.544971e+00   1.958677e+01   1.115149e-03   1.733157e-02   1282654
  1.548850e+00   1.958294e+01   1.122198e-03   1.715479e-02   1298242
  1.552739e+00   1.962839e+01   1.120395e-03   1.721279e-02   1301774
  1.556625e+00   1.961550e+01   1.123165e-03   1.715805e-02   1309770
  1.560512e+00   1.962263e+01   1.123502e-03   1.712255e-02   1315714
  1.564403e+00   1.960713e+01   1.124924e-03   1.706100e-02   1325110
  1.568290e+00   1.964157e+01   1.118940e-03   1.706805e-02   1326012
  1.572174e+00   1.968764e+01   1.122090e-03   1.703397e-02   1336154
  1.576069e+00   1.966008e+01   1.126474e-03   1.693811e-02   1347334
  1.579958e+00   1.968239e+01   1.119782e-03   1.698332e-02   1345354
  1.583833e+00   1.971307e+01   1.119555e-03   1.697919e-02   1350998
  1.587719e+00   1.970153e+01   1.125829e-03   1.690038e-02   1365546
  1.591609e+00   1.971831e+01   1.122088e-03   1.686461e-02   1367474
  1.595497e+00   1.969944e+01   1.123693e-03   1.682870e-02   1377984
  1.599384e+00   1.973757e+01   1.118321e-03   1.681493e-02   1379394
  1.603272e+00   1.970680e+01   1.123056e-03   1.670463e-02   1392230
  1.607160e+00   1.979977e+01   1.118740e-03   1.678279e-02   1392634
  1.611042e+00   1.975876e+01   1.122441e-03   1.670537e-02   1402666
  1.614928e+00   1.975581e+01   1.122269e-03   1.663345e-02   1408502
  1.618814e+00   1.977535e+01   1.122041e-03   1.663417e-02   1415418
  1.622692e+00   1.976030e+01   1.117068e-03   1.660840e-02   1416856
  1.626588e+00   1.976976e+01   1.130843e-03   1.648760e-02   1442002
  1.630485e+00   1.980314e+01   1.117858e-03   1.657007e-02   1431634
  1.634367e+00   1.979530e+01   1.122585e-03   1.649924e-02   1444606
  1.638250e+00   1.982363e+01   1.118765e-03   1.648441e-02   1445890
  1.642138e+00   1.976784e+01   1.126997e-03   1.632205e-02   1462210
  1.646026e+00   1.978377e+01   1.120901e-03   1.634948e-02   1459590
  1.649907e+00   1.977835e+01   1.123856e-03   1.630281e-02   1471226
  1.653797e+00   1.982050e+01   1.123379e-03   1.633216e-02   1480072
  1.657690e+00   1.978671e+01   1.121364e-03   1.624772e-02   1486594
  1.661576e+00   1.979678e+01   1.118520e-03   1.623904e-02   1488882
  1.665461e+00   1.986960e+01   1.123128e-03   1.623792e-02   1500854
  1.669353e+00   1.983379e+01   1.123083e-03   1.616127e-02   1506874
  1.673232e+00   1.982383e+01   1.117624e-03   1.614482e-02   1506094
  1.677111e+00   1.980089e+01   1.122855e-03   1.604311e-02   1519682
  1.680997e+00   1.979231e+01   1.122626e-03   1.600465e-02   1526724
  1.684890e+00   1.979788e+01   1.125240e-03   1.597358e-02   1539038
  1.688782e+00   1.984711e+01   1.119859e-03   1.602770e-02   1539810
  1.692664e+00   1.982826e+01   1.119007e-03   1.598705e-02   1545046
  1.696554e+00   1.980126e+01   1.126236e-03   1.587693e-02   1560538
  1.700441e+00   1.980693e+01   1.120507e-03   1.592063e-02   1557506
  1.704322e+00   1.985677e+01   1.124114e-03   1.587576e-02   1570062
  1.708203e+00   1.979840e+01   1.119253e-03   1.584511e-02   1571290
  1.712089e+00   1.985676e+01   1.124856e-03   1.574686e-02   1588228
  1.715982e+00   1.983318e+01   1.121250e-03   1.573098e-02   1591046
  1.719873e+00   1.981489e+01   1.123715e-03   1.564800e-02   1602474
  1.723761e+00   1.986114e+01   1.118014e-03   1.571117e-02   1601646
  1.727642e+00   1.977921e+01   1.120550e-03   1.559096e-02   1611266
  1.731523e+00   1.980550e+01   1.120678e-03   1.558879e-02   1616634
  1.735410e+00   1.981516e+01   1.126166e-03   1.546669e-02   1631366
  1.739297e+00   1.980593e+01   1.119655e-03   1.551246e-02   1631028
  1.743180e+00   1.977518e+01   1.119854e-03   1.545705e-02   1641446
  1.747073e+00   1.981814e+01   1.124208e-03   1.543012e-02   1654234
  1.750973e+00   1.980871e+01   1.126198e-03   1.536679e-02   1662874
  1.754858e+00   1.980165e+01   1.117471e-03   1.542125e-02   1656686
  1.758736e+00   1.980789e+01   1.122008e-03   1.534757e-02   1670898
  1.762622e+00   1.978270e+01   1.123056e-03   1.530008e-02   1678074
  1.766507e+00   1.978040e+01   1.123311e-03   1.524857e-02   1685198
  1.770393e+00   1.981719e+01   1.122996e-03   1.524150e-02   1694524
  1.774282e+00   1.978850e+01   1.120709e-03   1.519137e-02   1701334
  1.778171e+00   1.974544e+01   1.120908e-03   1.510046e-02   1709386
  1.782064e+00   1.977601e+01   1.123720e-03   1.508160e-02   1719994
  1.785953e+00   1.976802e+01   1.121006e-03   1.508465e-02   1721510
  1.789842e+00   1.977846e+01   1.124974e-03   1.503630e-02   1734978
  1.793722e+00   1.976397e+01   1.116124e-03   1.506831e-02   1728646
  1.797599e+00   1.975012e+01   1.122713e-03   1.494841e-02   1746868
  1.801486e+00   1.972156e+01   1.121127e-03   1.489784e-02   1752922
  1.805380e+00   1.974209e+01   1.125234e-03   1.483398e-02   1767862
  1.809271e+00   1.973115e+01   1.119301e-03   1.486542e-02   1765698
  1.813160e+00   1.973748e+01   1.125035e-03   1.481594e-02   1781270
  1.817049e+00   1.970131e+01   1.121176e-03   1.478738e-02   1780650
  1.820932e+00   1.973088e+01   1.124142e-03   1.475511e-02   1792418
  1.824813e+00   1.970623e+01   1.119388e-03   1.473299e-02   1792790
  1.828696e+00   1.970016e+01   1.123591e-03   1.465115e-02   1809852
  1.832585e+00   1.970928e+01   1.120140e-03   1.466268e-02   1812666
  1.836475e+00   1.973849e+01   1.124777e-03   1.461603e-02   1827614
  1.840367e+00   1.965065e+01   1.121640e-03   1.455082e-02   1829970
  1.844251e+00   1.962638e+01   1.120370e-03   1.452644e-02   1835030
  1.848131e+00   1.965600e+01   1.119790e-03   1.448227e-02   1841410
  1.852017e+00   1.967323e+01   1.124723e-03   1.449411e-02   1856626
  1.855900e+00   1.967536e+01   1.118305e-03   1.446519e-02   1854656
  1.859782e+00   1.965267e+01   1.121720e-03   1.438832e-02   1870698
  1.863671e+00   1.963148e+01   1.120553e-03   1.435517e-02   1876998
  1.867559e+00   1.965377e+01   1.120979e-03   1.434181e-02   1884458
  1.871445e+00   1.961657e+01   1.122381e-03   1.428876e-02   1891730
  1.875338e+00   1.964364e+01   1.127317e-03   1.424207e-02   1907574
  1.879232e+00   1.959657e+01   1.122851e-03   1.424195e-02   1907730
  1.883115e+00   1.960823e+01   1.120697e-03   1.421643e-02   1912154
  1.886997e+00   1.961669e+01   1.121764e-03   1.418602e-02   1923216
  1.890888e+00   1.960324e+01   1.124326e-03   1.413001e-02   1936562
  1.894776e+00   1.957682e+01   1.119734e-03   1.409777e-02   1936862
  1.898663e+00   1.955729e+01   1.122747e-03   1.405880e-02   1950114
  1.902549e+00   1.957074e+01   1.121089e-03   1.403597e-02   1953306
  1.906439e+00   1.953579e+01   1.125982e-03   1.395630e-02   1968806
  1.910327e+00   1.952300e+01   1.121186e-03   1.395681e-02   1968818
  1.914211e+00   1.956015e+01   1.121720e-03   1.392694e-02   1980624
  1.918097e+00   1.951608e+01   1.118800e-03   1.388958e-02   1985034
  1.921980e+00   1.953933e+01   1.120281e-03   1.386684e-02   1995242
  1.925870e+00   1.954095e+01   1.123830e-03   1.381084e-02   2007742
  1.929759e+00   1.952018e+01   1.121495e-03   1.379971e-02   2010538
  1.933641e+00   1.949061e+01   1.121298e-03   1.376014e-02   2017390
  1.937531e+00   1.948836e+01   1.126602e-03   1.370720e-02   2034346
  1.941413e+00   1.951287e+01   1.117450e-03   1.376432e-02   2025498
  1.945299e+00   1.945944e+01   1.127850e-03   1.362414e-02   2055248
  1.949189e+00   1.949663e+01   1.116586e-03   1.369000e-02   2045090
  1.953070e+00   1.947447e+01   1.121603e-03   1.361319e-02   2062074
  1.956959e+00   1.948310e+01   1.122727e-03   1.360906e-02   2070190
  1.960848e+00   1.946459e+01   1.123891e-03   1.355054e-02   2079226
  1.964734e+00   1.944388e+01   1.122069e-03   1.354845e-02   2083990
  1.968623e+00   1.941630e+01   1.124515e-03   1.347845e-02   2097898
  1.972507e+00   1.939785e+01   1.118548e-03   1.347744e-02   2095452
  1.976394e+00   1.939856e+01   1.124843e-03   1.339834e-02   2117390
  1.980286e+00   1.942292e+01   1.119656e-03   1.340293e-02   2117066
  1.984162e+00   1.941395e+01   1.115140e-03   1.339287e-02   2117238
  1.988045e+00   1.938882e+01   1.124414e-03   1.331114e-02   2140026
  1.991938e+00   1.940821e+01   1.125139e-03   1.333122e-02   2147234
  1.995825e+00   1.939219e+01   1.122378e-03   1.330442e-02   2150118
  1.999710e+00   1.936125e+01   1.122400e-03   1.325608e-02   2160386
  2.003596e+00   1.938525e+01   1.121122e-03   1.323806e-02   2168256
  2.007488e+00   1.937709e+01   1.124409e-03   1.318095e-02   2183306
  2.011378e+00   1.933666e+01   1.120925e-03   1.316514e-02   2184642
  2.015262e+00   1.935444e+01   1.120511e-03   1.314404e-02   2192318
  2.019141e+00   1.936579e+01   1.118713e-03   1.314508e-02   2196066
  2.023031e+00   1.935978e+01   1.127541e-03   1.304680e-02   2220890
  2.026922e+00   1.933995e+01   1.121128e-03   1.309071e-02   2215758
  2.030810e+00   1.935733e+01   1.124804e-03   1.304251e-02   2233988
  2.034697e+00   1.933813e+01   1.118045e-03   1.301881e-02   2231670
  2.038579e+00   1.931176e+01   1.119728e-03   1.298101e-02   2244338
  2.042469e+00   1.931518e+01   1.123477e-03   1.294885e-02   2258610
  2.046358e+00   1.934992e+01   1.121050e-03   1.295866e-02   2260718
  2.050240e+00   1.933100e+01   1.120914e-03   1.293908e-02   2268162
  2.054123e+00   1.937110e+01   1.121571e-03   1.296955e-02   2277494
  2.058008e+00   1.930911e+01   1.123134e-03   1.286567e-02   2288796
  2.061901e+00   1.929776e+01   1.126253e-03   1.283809e-02   2305226
  2.065791e+00   1.930999e+01   1.119672e-03   1.284130e-02   2301630
  2.069679e+00   1.930192e+01   1.123731e-03   1.278165e-02   2319770
  2.073565e+00   1.933020e+01   1.118309e-03   1.282938e-02   2315610
  2.077447e+00   1.934603e+01   1.124236e-03   1.279096e-02   2334662
  2.081332e+00   1.931124e+01   1.120785e-03   1.278409e-02   2335722
  2.085219e+00   1.928813e+01   1.124829e-03   1.269605e-02   2354102
  2.089107e+00   1.930631e+01   1.120313e-03   1.271901e-02   2355156
  2.092998e+00   1.929428e+01   1.124614e-03   1.266815e-02   2374250
  2.096888e+00   1.931557e+01   1.120068e-03   1.268217e-02   2373102
  2.100776e+00   1.932960e+01   1.122758e-03   1.262953e-02   2388194
  2.104658e+00   1.928900e+01   1.116928e-03   1.264950e-02   2383470
  2.108539e+00   1.928733e+01   1.123618e-03   1.256428e-02   2404994
  2.112426e+00   1.929939e+01   1.121916e-03   1.259080e-02   2408538
  2.116308e+00   1.929947e+01   1.121742e-03   1.259455e-02   2417744
  2.120198e+00   1.931716e+01   1.124446e-03   1.255091e-02   2434578
  2.124090e+00   1.927968e+01   1.121710e-03   1.252117e-02   2438414
  2.127979e+00   1.930982e+01   1.122410e-03   1.253769e-02   2448066
  2.131867e+00   1.927786e+01   1.122662e-03   1.247883e-02   2456018
  2.135751e+00   1.930803e+01   1.121406e-03   1.250443e-02   2461230
  2.139636e+00   1.935744e+01   1.122653e-03   1.249380e-02   2474330
  2.143519e+00   1.933500e+01   1.119652e-03   1.247884e-02   2476498
  2.147405e+00   1.932284e+01   1.124366e-03   1.244189e-02   2497240
  2.151298e+00   1.933042e+01   1.122529e-03   1.244486e-02   2502930
  2.155185e+00   1.932540e+01   1.120390e-03   1.241418e-02   2508470
  2.159072e+00   1.935031e+01   1.121001e-03   1.242300e-02   2518482
  2.162961e+00   1.934669e+01   1.123829e-03   1.239364e-02   2532074
  2.166844e+00   1.939195e+01   1.118275e-03   1.243995e-02   2526678
  2.170724e+00   1.939302e+01   1.124045e-03   1.237235e-02   2549018
  2.174611e+00   1.939321e+01   1.120040e-03   1.237751e-02   2551704
  2.178497e+00   1.938539e+01   1.122028e-03   1.236644e-02   2566226
  2.182386e+00   1.939978e+01   1.122230e-03   1.234884e-02   2573898
  2.186278e+00   1.943728e+01   1.124844e-03   1.235494e-02   2589182
  2.190164e+00   1.941162e+01   1.119195e-03   1.237172e-02   2584890
  2.194049e+00   1.939942e+01   1.124371e-03   1.229287e-02   2605190
  2.197936e+00   1.940792e+01   1.121682e-03   1.231977e-02   2606418
  2.201821e+00   1.947330e+01   1.123741e-03   1.234280e-02   2621186
  2.205707e+00   1.948042e+01   1.120704e-03   1.236534e-02   2626608
  2.209592e+00   1.946059e+01   1.119995e-03   1.231660e-02   2636714
  2.213479e+00   1.947471e+01   1.121274e-03   1.230466e-02   2647482
  2.217374e+00   1.950027e+01   1.127022e-03   1.229899e-02   2668382
  2.221265e+00   1.955137e+01   1.120175e-03   1.234669e-02   2660418
  2.225149e+00   1.956486e+01   1.122869e-03   1.231400e-02   2676662
  2.229029e+00   1.957506e+01   1.117920e-03   1.233704e-02   2674210
  2.232911e+00   1.962900e+01   1.123157e-03   1.235064e-02   2697076
  2.236800e+00   1.962228e+01   1.121599e-03   1.234394e-02   2703558
  2.240687e+00   1.960168e+01   1.121191e-03   1.230900e-02   2713250
  2.244572e+00   1.965284e+01   1.119243e-03   1.236176e-02   2717718
  2.248464e+00   1.969563e+01   1.127021e-03   1.234543e-02   2743178
  2.252353e+00   1.966790e+01   1.120305e-03   1.234905e-02   2732730
  2.256238e+00   1.973136e+01   1.126187e-03   1.236210e-02   2758022
  2.260125e+00   1.974563e+01   1.119041e-03   1.239792e-02   2751994
  2.264006e+00   1.976354e+01   1.121171e-03   1.237894e-02   2769052
  2.267895e+00   1.981744e+01   1.122842e-03   1.239295e-02   2783062
  2.271785e+00   1.983883e+01   1.121645e-03   1.239828e-02   2789362
  2.275674e+00   1.984510e+01   1.121981e-03   1.238836e-02   2799582
  2.279564e+00   1.988788e+01   1.123236e-03   1.243480e-02   2811170
  2.283450e+00   1.990072e+01   1.121033e-03   1.245390e-02   2812658
  2.287338e+00   1.995054e+01   1.125793e-03   1.242825e-02   2833302
  2.291222e+00   1.994687e+01   1.118388e-03   1.248151e-02   2827420
  2.295104e+00   2.003502e+01   1.121018e-03   1.251382e-02   2846710
  2.298989e+00   2.002758e+01   1.120692e-03   1.253321e-02   2846535
  2.302873e+00   1.994287e+01   1.122997e-03   1.245756e-02   2848496
  2.306761e+00   1.995056e+01   1.122225e-03   1.247870e-02   2841084
  2.310652e+00   1.990559e+01   1.124928e-03   1.244844e-02   2843480
  2.314540e+00   1.984682e+01   1.120270e-03   1.244837e-02   2826624
  2.318424e+00   1.981201e+01   1.123352e-03   1.241301e-02   2828732
  2.322310e+00   1.980561e+01   1.121451e-03   1.239905e-02   2819296
  2.326197e+00   1.975000e+01   1.122811e-03   1.238481e-02   2819548
  2.330081e+00   1.972361e+01   1.118959e-03   1.237693e-02   2805192
  2.333967e+00   1.966892e+01   1.123463e-03   1.233527e-02   2811104
  2.337856e+00   1.965502e+01   1.121717e-03   1.237350e-02   2800672
  2.341743e+00   1.958249e+01   1.122654e-03   1.231622e-02   2798080
  2.345628e+00   1.955600e+01   1.120248e-03   1.231208e-02   2786976
  2.349516e+00   1.950866e+01   1.123594e-03   1.227813e-02   2791016
  2.353406e+00   1.949295e+01   1.121382e-03   1.228480e-02   2779360
  2.357287e+00   1.944053e+01   1.119573e-03   1.226695e-02   2768644
  2.361169e+00   1.943482e+01   1.122534e-03   1.223292e-02   2771192
  2.365058e+00   1.938574e+01   1.121875e-03   1.223582e-02   2765028
  2.368946e+00   1.934591e+01   1.122751e-03   1.221031e-02   2760864
  2.372840e+00   1.931624e+01   1.125689e-03   1.218665e-02   2761616
  2.376724e+00   1.926014e+01   1.118525e-03   1.223064e-02   2737932
  2.380610e+00   1.922411e+01   1.125904e-03   1.213872e-02   2752280
  2.384498e+00   1.917019e+01   1.118464e-03   1.214799e-02   2728764
  2.388382e+00   1.913212e+01   1.123937e-03   1.211248e-02   2736368
  2.392268e+00   1.910996e+01   1.119459e-03   1.214354e-02   2719952
  2.396155e+00   1.910688e+01   1.124236e-03   1.212319e-02   2727120
  2.400042e+00   1.904587e+01   1.118614e-03   1.212627e-02   2708400
  2.403932e+00   1.899413e+01   1.125719e-03   1.205983e-02   2718536
  2.407818e+00   1.896840e+01   1.118504e-03   1.209163e-02   2694300
  2.411707e+00   1.893165e+01   1.126793e-03   1.201531e-02   2709440
  2.415596e+00   1.889564e+01   1.117787e-03   1.205705e-02   2682108
  2.419475e+00   1.886773e+01   1.121308e-03   1.205216e-02   2684912
  2.423360e+00   1.885468e+01   1.121998e-03   1.204352e-02   2678868
  2.427246e+00   1.878873e+01   1.122668e-03   1.200252e-02   2674772
  2.431135e+00   1.872214e+01   1.123033e-03   1.196952e-02   2670120
  2.435021e+00   1.874457e+01   1.120804e-03   1.202971e-02   2659532
  2.438909e+00   1.866144e+01   1.123713e-03   1.195254e-02   2659704
  2.442801e+00   1.864659e+01   1.124617e-03   1.195603e-02   2654348
  2.446687e+00   1.864599e+01   1.121000e-03   1.198986e-02   2640276
  2.450572e+00   1.861111e+01   1.121992e-03   1.195588e-02   2638700
  2.454457e+00   1.852795e+01   1.120074e-03   1.195776e-02   2628244
  2.458344e+00   1.850667e+01   1.124115e-03   1.189616e-02   2630920
  2.462234e+00   1.846213e+01   1.121877e-03   1.188539e-02   2618904
  2.466118e+00   1.845975e+01   1.120448e-03   1.189655e-02   2610932
  2.470005e+00   1.843814e+01   1.121951e-03   1.190103e-02   2608464
  2.473895e+00   1.832763e+01   1.123139e-03   1.183835e-02   2603708
  2.477779e+00   1.832758e+01   1.119694e-03   1.183806e-02   2588012
  2.481660e+00   1.832671e+01   1.122196e-03   1.186533e-02   2588364
  2.485545e+00   1.828970e+01   1.120384e-03   1.186402e-02   2579076
  2.489430e+00   1.823790e+01   1.121132e-03   1.185563e-02   2574152
  2.493314e+00   1.822436e+01   1.121505e-03   1.186176e-02   2566812
  2.497207e+00   1.817067e+01   1.127061e-03   1.181468e-02   2573732
  2.501098e+00   1.815715e+01   1.119524e-03   1.181760e-02   2550568
  2.504983e+00   1.812480e+01   1.123035e-03   1.178695e-02   2552068
  2.508870e+00   1.807351e+01   1.121138e-03   1.176682e-02   2539620
  2.512757e+00   1.803586e+01   1.124635e-03   1.178109e-02   2540936
  2.516646e+00   1.803855e+01   1.121040e-03   1.179863e-02   2528032
  2.520531e+00   1.799256e+01   1.120365e-03   1.176296e-02   2521480
  2.524419e+00   1.799958e+01   1.122347e-03   1.180344e-02   2517980
  2.528309e+00   1.789558e+01   1.123011e-03   1.173005e-02   2511744
  2.532195e+00   1.791720e+01   1.120855e-03   1.177092e-02   2500140
  2.536081e+00   1.784245e+01   1.121926e-03   1.172308e-02   2496980
  2.539968e+00   1.785852e+01   1.121125e-03   1.176873e-02   2486924
  2.543856e+00   1.778263e+01   1.124762e-03   1.171341e-02   2487000
  2.547743e+00   1.775465e+01   1.120210e-03   1.170547e-02   2469840
  2.551626e+00   1.775323e+01   1.122637e-03   1.170726e-02   2469656
  2.555511e+00   1.771734e+01   1.119469e-03   1.174689e-02   2456844
  2.559401e+00   1.764864e+01   1.125965e-03   1.166235e-02   2462876
  2.563290e+00   1.765936e+01   1.120472e-03   1.172626e-02   2442136
  2.567174e+00   1.760373e+01   1.123165e-03   1.167137e-02   2441944
  2.571061e+00   1.758572e+01   1.120769e-03   1.168335e-02   2430508
  2.574945e+00   1.755762e+01   1.121157e-03   1.168769e-02   2424352
  2.578832e+00   1.754386e+01   1.123693e-03   1.168752e-02   2421264
  2.582722e+00   1.749265e+01   1.122895e-03   1.167274e-02   2413064
  2.586608e+00   1.748568e+01   1.120676e-03   1.168713e-02   2401572
  2.590492e+00   1.744354e+01   1.121724e-03   1.168306e-02   2397284
  2.594379e+00   1.744191e+01   1.121499e-03   1.169203e-02   2388336
  2.598268e+00   1.738390e+01   1.124943e-03   1.166830e-02   2387204
  2.602153e+00   1.734652e+01   1.119280e-03   1.167559e-02   2368644
  2.606033e+00   1.732121e+01   1.120613e-03   1.167262e-02   2365400
  2.609918e+00   1.731713e+01   1.121690e-03   1.168250e-02   2360072
  2.613808e+00   1.728580e+01   1.123660e-03   1.165583e-02   2356464
  2.617696e+00   1.725651e+01   1.121214e-03   1.166158e-02   2343240
  2.621583e+00   1.720683e+01   1.122605e-03   1.162279e-02   2340248
  2.625468e+00   1.721299e+01   1.118824e-03   1.167452e-02   2325000
  2.629355e+00   1.716265e+01   1.124959e-03   1.161805e-02   2328632
  2.633245e+00   1.715284e+01   1.121910e-03   1.167349e-02   2313220
  2.637134e+00   1.712292e+01   1.124095e-03   1.165080e-02   2310772
  2.641020e+00   1.709303e+01   1.119781e-03   1.164527e-02   2295420
  2.644905e+00   1.702289e+01   1.122584e-03   1.159979e-02   2293592
  2.648791e+00   1.701358e+01   1.120952e-03   1.161517e-02   2281384
  2.652683e+00   1.703560e+01   1.126704e-03   1.163561e-02   2285776
  2.656570e+00   1.699522e+01   1.117325e-03   1.166108e-02   2259408
  2.660455e+00   1.696043e+01   1.124314e-03   1.161873e-02   2266808
  2.664344e+00   1.693099e+01   1.120389e-03   1.164796e-02   2248836
  2.668227e+00   1.687688e+01   1.123045e-03   1.161908e-02   2245244
  2.672111e+00   1.689144e+01   1.120801e-03   1.164922e-02   2233908
  2.675998e+00   1.687119e+01   1.122974e-03   1.163768e-02   2231660
  2.679886e+00   1.688535e+01   1.120422e-03   1.168834e-02   2218544
  2.683775e+00   1.682392e+01   1.124792e-03   1.164810e-02   2218176
  2.687664e+00   1.681147e+01   1.121286e-03   1.165731e-02   2202900
  2.691550e+00   1.673381e+01   1.121747e-03   1.163523e-02   2197472
  2.695433e+00   1.673828e+01   1.118354e-03   1.165480e-02   2181960
  2.699317e+00   1.672564e+01   1.124130e-03   1.164633e-02   2183696
  2.703207e+00   1.669329e+01   1.123719e-03   1.163746e-02   2173416
  2.707096e+00   1.668512e+01   1.122917e-03   1.169375e-02   2165444
  2.710982e+00   1.666054e+01   1.119761e-03   1.169015e-02   2152688
  2.714867e+00   1.665863e+01   1.121777e-03   1.169457e-02   2147628
  2.718754e+00   1.660974e+01   1.122335e-03   1.171980e-02   2139012
  2.722646e+00   1.658997e+01   1.125226e-03   1.168169e-02   2136008
  2.726525e+00   1.660368e+01   1.114594e-03   1.176917e-02   2108656
  2.730404e+00   1.655815e+01   1.123744e-03   1.171044e-02   2117896
  2.734296e+00   1.652112e+01   1.123450e-03   1.171661e-02   2106260
  2.738185e+00   1.650785e+01   1.123855e-03   1.173334e-02   2099088
  2.742075e+00   1.648929e+01   1.121974e-03   1.175512e-02   2088432
  2.745961e+00   1.646698e+01   1.120471e-03   1.174489e-02   2078432
  2.749845e+00   1.644356e+01   1.120708e-03   1.176596e-02   2069048
  2.753732e+00   1.644000e+01   1.123831e-03   1.175049e-02   2064804
  2.757623e+00   1.641056e+01   1.123568e-03   1.177462e-02   2055644
  2.761510e+00   1.641309e+01   1.120700e-03   1.180727e-02   2043000
  2.765392e+00   1.636975e+01   1.120067e-03   1.180916e-02   2032348
  2.769281e+00   1.636082e+01   1.126495e-03   1.180024e-02   2034064
  2.773172e+00   1.636175e+01   1.122211e-03   1.180983e-02   2017740
  2.777059e+00   1.633850e+01   1.121480e-03   1.185430e-02   2010188
  2.780942e+00   1.632863e+01   1.118751e-03   1.188165e-02   1996556
  2.784826e+00   1.631934e+01   1.122456e-03   1.186646e-02   1992816
  2.788712e+00   1.630906e+01   1.122411e-03   1.190263e-02   1982400
  2.792596e+00   1.625239e+01   1.121262e-03   1.188293e-02   1972256
  2.796480e+00   1.625673e+01   1.121000e-03   1.191014e-02   1964384
  2.800370e+00   1.623918e+01   1.122889e-03   1.192647e-02   1958544
  2.804258e+00   1.620433e+01   1.122489e-03   1.194888e-02   1946988
  2.808149e+00   1.620204e+01   1.124629e-03   1.194539e-02   1942532
  2.812034e+00   1.618093e+01   1.117383e-03   1.199150e-02   1921692
  2.815918e+00   1.615946e+01   1.123808e-03   1.197249e-02   1924004
  2.819806e+00   1.616952e+01   1.120365e-03   1.199390e-02   1907344
  2.823695e+00   1.612085e+01   1.126069e-03   1.200002e-02   1907440
  2.827583e+00   1.613460e+01   1.118720e-03   1.204623e-02   1886136
  2.831464e+00   1.615772e+01   1.121920e-03   1.210683e-02   1883144
  2.835353e+00   1.610428e+01   1.122753e-03   1.207417e-02   1874724
  2.839243e+00   1.606411e+01   1.123826e-03   1.206753e-02   1866068
  2.843130e+00   1.609541e+01   1.121455e-03   1.211510e-02   1852980
  2.847017e+00   1.605999e+01   1.122782e-03   1.213147e-02   1847468
  2.850900e+00   1.604257e+01   1.117935e-03   1.217513e-02   1829636
  2.854785e+00   1.604304e+01   1.123959e-03   1.217471e-02   1829688
  2.858675e+00   1.606600e+01   1.122789e-03   1.223645e-02   1817192
  2.862561e+00   1.604966e+01   1.121150e-03   1.227473e-02   1806312
  2.866446e+00   1.603605e+01   1.120289e-03   1.228587e-02   1795984
  2.870334e+00   1.599215e+01   1.123627e-03   1.224658e-02   1791100
  2.874224e+00   1.599018e+01   1.122050e-03   1.232314e-02   1777648
  2.878111e+00   1.597829e+01   1.123043e-03   1.233171e-02   1769848
  2.881996e+00   1.601014e+01   1.119995e-03   1.239736e-02   1756536
  2.885881e+00   1.597320e+01   1.121386e-03   1.240318e-02   1748960
  2.889768e+00   1.594476e+01   1.123014e-03   1.243623e-02   1739952
  2.893658e+00   1.593083e+01   1.124239e-03   1.240168e-02   1732124
  2.897544e+00   1.594816e+01   1.120323e-03   1.249594e-02   1716852
  2.901430e+00   1.591184e+01   1.122735e-03   1.251296e-02   1712276
  2.905319e+00   1.593478e+01   1.121222e-03   1.255908e-02   1698500
  2.909208e+00   1.589961e+01   1.125604e-03   1.252602e-02   1693932
  2.913093e+00   1.590971e+01   1.119232e-03   1.261580e-02   1675204
  2.916975e+00   1.591729e+01   1.121771e-03   1.261276e-02   1670644
  2.920858e+00   1.592813e+01   1.118515e-03   1.274142e-02   1655532
  2.924748e+00   1.590723e+01   1.126990e-03   1.268782e-02   1656860
  2.928637e+00   1.586462e+01   1.119840e-03   1.275666e-02   1635372
  2.932524e+00   1.588002e+01   1.124773e-03   1.278094e-02   1634324
  2.936410e+00   1.592580e+01   1.117372e-03   1.290847e-02   1613676
  2.940295e+00   1.586752e+01   1.124617e-03   1.285698e-02   1613348
  2.944183e+00   1.586399e+01   1.120803e-03   1.291040e-02   1596236
  2.948069e+00   1.587538e+01   1.123999e-03   1.291988e-02   1591476
  2.951956e+00   1.586680e+01   1.119134e-03   1.298059e-02   1575732
  2.955838e+00   1.585401e+01   1.120429e-03   1.300861e-02   1566236
  2.959725e+00   1.587434e+01   1.124724e-03   1.305385e-02   1560292
  2.963618e+00   1.583019e+01   1.124442e-03   1.308230e-02   1550092
  2.967503e+00   1.585779e+01   1.118750e-03   1.317219e-02   1532628
  2.971386e+00   1.585242e+01   1.121507e-03   1.319582e-02   1527332
  2.975274e+00   1.585568e+01   1.121884e-03   1.325281e-02   1515212
  2.979160e+00   1.585465e+01   1.123567e-03   1.329410e-02   1506444
  2.983048e+00   1.586005e+01   1.122261e-03   1.331584e-02   1495116
  2.986928e+00   1.584650e+01   1.117074e-03   1.341672e-02   1479152
  2.990812e+00   1.583761e+01   1.122982e-03   1.343180e-02   1475512
  2.994707e+00   1.586603e+01   1.126591e-03   1.347246e-02   1467820
  2.998598e+00   1.587946e+01   1.121923e-03   1.359718e-02   1451256
  3.002486e+00   1.585684e+01   1.122725e-03   1.359901e-02   1443212
  3.006369e+00   1.585683e+01   1.117256e-03   1.370453e-02   1425680
  3.010254e+00   1.587398e+01   1.124371e-03   1.379184e-02   1422972
  3.014143e+00   1.585971e+01   1.123023e-03   1.377276e-02   1408632
  3.018032e+00   1.586682e+01   1.123941e-03   1.384208e-02   1400984
  3.021918e+00   1.586863e+01   1.117887e-03   1.397201e-02   1383196
  3.025801e+00   1.588887e+01   1.123197e-03   1.396654e-02   1378120
  3.029692e+00   1.588259e+01   1.124450e-03   1.405444e-02   1367272
  3.033584e+00   1.589434e+01   1.124457e-03   1.410577e-02   1356580
  3.037464e+00   1.588083e+01   1.115974e-03   1.419563e-02   1337028
  3.041343e+00   1.590029e+01   1.120802e-03   1.429476e-02   1332500
  3.045230e+00   1.589654e+01   1.122780e-03   1.431686e-02   1321796
  3.049120e+00   1.594640e+01   1.124838e-03   1.445125e-02   1312716
  3.053007e+00   1.593219e+01   1.119942e-03   1.452184e-02   1296580
  3.056896e+00   1.591211e+01   1.124221e-03   1.453710e-02   1291528
  3.060783e+00   1.592644e+01   1.119071e-03   1.466188e-02   1273128
  3.064669e+00   1.592357e+01   1.125633e-03   1.468774e-02   1268720
  3.068560e+00   1.591804e+01   1.122309e-03   1.475977e-02   1254016
  3.072444e+00   1.588830e+01   1.119894e-03   1.483468e-02   1241296
  3.076322e+00   1.591900e+01   1.116955e-03   1.492083e-02   1226712
  3.080211e+00   1.597039e+01   1.128188e-03   1.503423e-02   1226228
  3.084105e+00   1.597350e+01   1.122621e-03   1.516573e-02   1207768
  3.087992e+00   1.596814e+01   1.122433e-03   1.522536e-02   1198336
  3.091874e+00   1.593776e+01   1.117108e-03   1.525901e-02   1181484
  3.095761e+00   1.596921e+01   1.125421e-03   1.530326e-02   1178012
  3.099653e+00   1.598734e+01   1.123268e-03   1.551678e-02   1162564
  3.103535e+00   1.596754e+01   1.120338e-03   1.557980e-02   1149340
  3.107418e+00   1.597771e+01   1.119954e-03   1.569001e-02   1138848
  3.111303e+00   1.596928e+01   1.120192e-03   1.574118e-02   1126748
  3.115189e+00   1.600190e+01   1.123911e-03   1.585447e-02   1117428
  3.119084e+00   1.598223e+01   1.126323e-03   1.591613e-02   1108112
  3.122973e+00   1.596527e+01   1.119549e-03   1.605341e-02   1090596
  3.126857e+00   1.596466e+01   1.120292e-03   1.610310e-02   1081052
  3.130738e+00   1.598810e+01   1.118514e-03   1.627593e-02   1065716
  3.134626e+00   1.599550e+01   1.127732e-03   1.636417e-02   1061940
  3.138518e+00   1.600128e+01   1.121370e-03   1.646360e-02   1044096
  3.142404e+00   1.596191e+01   1.122139e-03   1.646610e-02   1034864
  3.146289e+00   1.594266e+01   1.117591e-03   1.661276e-02   1018308
  3.150179e+00   1.596473e+01   1.129200e-03   1.669939e-02   1014812
  3.154072e+00   1.599367e+01   1.121981e-03   1.687052e-02   996288
  3.157955e+00   1.598902e+01   1.120847e-03   1.696621e-02   985376
  3.161835e+00   1.593416e+01   1.115880e-03   1.703622e-02   969652
  3.165722e+00   1.601199e+01   1.125987e-03   1.723521e-02   964924
  3.169610e+00   1.599750e+01   1.121515e-03   1.734809e-02   947228
  3.173495e+00   1.594737e+01   1.123457e-03   1.738375e-02   939084
  3.177381e+00   1.593522e+01   1.116472e-03   1.756425e-02   921864
  3.181265e+00   1.592374e+01   1.123502e-03   1.766553e-02   914252
  3.185159e+00   1.593789e+01   1.126304e-03   1.778563e-02   902572
  3.189050e+00   1.596801e+01   1.123145e-03   1.791962e-02   888784
  3.192932e+00   1.587171e+01   1.116224e-03   1.798204e-02   872540
  3.196811e+00   1.585131e+01   1.120157e-03   1.805151e-02   862848
  3.200697e+00   1.590430e+01   1.124093e-03   1.831346e-02   851760
  3.204592e+00   1.587011e+01   1.127172e-03   1.833697e-02   841940
  3.208479e+00   1.578485e+01   1.117661e-03   1.845775e-02   823032
  3.212364e+00   1.576331e+01   1.123934e-03   1.856165e-02   816044
  3.216253e+00   1.581500e+01   1.120364e-03   1.878420e-02   799292
  3.220140e+00   1.569646e+01   1.126784e-03   1.879099e-02   791304
  3.224026e+00   1.563521e+01   1.117490e-03   1.881049e-02   772868
  3.227902e+00   1.561368e+01   1.119936e-03   1.896824e-02   762552
  3.231787e+00   1.561552e+01   1.121745e-03   1.914062e-02   750876
  3.235677e+00   1.558690e+01   1.123999e-03   1.924771e-02   739280
  3.239565e+00   1.549105e+01   1.121784e-03   1.922066e-02   724944
  3.243456e+00   1.538319e+01   1.124267e-03   1.922121e-02   714380
  3.247336e+00   1.537037e+01   1.116046e-03   1.944665e-02   695932
  3.251222e+00   1.532033e+01   1.126879e-03   1.943428e-02   690949
  3.255114e+00   1.522934e+01   1.118914e-03   1.950827e-02   673638
  3.258999e+00   1.514890e+01   1.124434e-03   1.951565e-02   666092
  3.262883e+00   1.516838e+01   1.117312e-03   1.971242e-02   651024
  3.266766e+00   1.514107e+01   1.124054e-03   1.978857e-02   644804
  3.270656e+00   1.505050e+01   1.121035e-03   1.979980e-02   632676
  3.274546e+00   1.505083e+01   1.125434e-03   1.990346e-02   624962
  3.278430e+00   1.502303e+01   1.118496e-03   2.010195e-02   611280
  3.282321e+00   1.496102e+01   1.127391e-03   2.013692e-02   607256
  3.286211e+00   1.493147e+01   1.118374e-03   2.024970e-02   592616
  3.290095e+00   1.495781e+01   1.124430e-03   2.043734e-02   587160
  3.293983e+00   1.488418e+01   1.120749e-03   2.041403e-02   575482
  3.297866e+00   1.481437e+01   1.122505e-03   2.050183e-02   568258
  3.301757e+00   1.485392e+01   1.122731e-03   2.066444e-02   559638
  3.305647e+00   1.485127e+01   1.123210e-03   2.080127e-02   551498
  3.309536e+00   1.481780e+01   1.121790e-03   2.092426e-02   542364
  3.313423e+00   1.479402e+01   1.122328e-03   2.098015e-02   534146
  3.317305e+00   1.480122e+01   1.119988e-03   2.124655e-02   524980
  3.321196e+00   1.474445e+01   1.125222e-03   2.114678e-02   519964
  3.325077e+00   1.468734e+01   1.115886e-03   2.139165e-02   507108
  3.328962e+00   1.470797e+01   1.126905e-03   2.147953e-02   504992
  3.332852e+00   1.465103e+01   1.118656e-03   2.161392e-02   492948
  3.336740e+00   1.462277e+01   1.127360e-03   2.175225e-02   489740
  3.340629e+00   1.463924e+01   1.117346e-03   2.185849e-02   477716
  3.344511e+00   1.461875e+01   1.124864e-03   2.199499e-02   473844
  3.348399e+00   1.464917e+01   1.119228e-03   2.226492e-02   464222
  3.352284e+00   1.462739e+01   1.123815e-03   2.233608e-02   459048
  3.356167e+00   1.460454e+01   1.117888e-03   2.247611e-02   449574
  3.360054e+00   1.457854e+01   1.125019e-03   2.260671e-02   445820
  3.363936e+00   1.454393e+01   1.116211e-03   2.287380e-02   435158
  3.367827e+00   1.452883e+01   1.127850e-03   2.273735e-02   433566
  3.371713e+00   1.453041e+01   1.114763e-03   2.308064e-02   421014
  3.375597e+00   1.453292e+01   1.127754e-03   2.319594e-02   419996
  3.379490e+00   1.451802e+01   1.118287e-03   2.326280e-02   409482
  3.383368e+00   1.444123e+01   1.121665e-03   2.334878e-02   404414
  3.387257e+00   1.452236e+01   1.122567e-03   2.365733e-02   398518
  3.391148e+00   1.438979e+01   1.123750e-03   2.351333e-02   392302
  3.395033e+00   1.448962e+01   1.121765e-03   2.396591e-02   385318
  3.398930e+00   1.450502e+01   1.127631e-03   2.419458e-02   381718
  3.402811e+00   1.452405e+01   1.114511e-03   2.443056e-02   370674
  3.406696e+00   1.448704e+01   1.128673e-03   2.435425e-02   370166
  3.410587e+00   1.445420e+01   1.117032e-03   2.479022e-02   359838
  3.414471e+00   1.441447e+01   1.126612e-03   2.479646e-02   357488
  3.418356e+00   1.446979e+01   1.115416e-03   2.516686e-02   348174
  3.422239e+00   1.442256e+01   1.126138e-03   2.494122e-02   346010
  3.426123e+00   1.447298e+01   1.115666e-03   2.548624e-02   336966
  3.430017e+00   1.438291e+01   1.131496e-03   2.536558e-02   336488
  3.433906e+00   1.445956e+01   1.113178e-03   2.598867e-02   325206
  3.437790e+00   1.445773e+01   1.128394e-03   2.600056e-02   324614
  3.441675e+00   1.446919e+01   1.113950e-03   2.625058e-02   314792
  3.445561e+00   1.441966e+01   1.129033e-03   2.617123e-02   314082
  3.449445e+00   1.444717e+01   1.112843e-03   2.671706e-02   303918
  3.453329e+00   1.446803e+01   1.130230e-03   2.679523e-02   303872
  3.457223e+00   1.450582e+01   1.118237e-03   2.717692e-02   295070
  3.461110e+00   1.443801e+01   1.127117e-03   2.728398e-02   292776
  3.464999e+00   1.445341e+01   1.118155e-03   2.751704e-02   285198
  3.468882e+00   1.441084e+01   1.124173e-03   2.763330e-02   282068
  3.472770e+00   1.446649e+01   1.120642e-03   2.788566e-02   276094
  3.476654e+00   1.447578e+01   1.121770e-03   2.826757e-02   271936
  3.480537e+00   1.451203e+01   1.119604e-03   2.867572e-02   266352
  3.484425e+00   1.450037e+01   1.124273e-03   2.865937e-02   263198
  3.488309e+00   1.448580e+01   1.117087e-03   2.902083e-02   256540
  3.492199e+00   1.446882e+01   1.128018e-03   2.917645e-02   254758
  3.496085e+00   1.451008e+01   1.114575e-03   2.975098e-02   246888
  3.499973e+00   1.456335e+01   1.129431e-03   2.980396e-02   245984
  3.503859e+00   1.461414e+01   1.113747e-03   3.038153e-02   237838
  3.507743e+00   1.455772e+01   1.128624e-03   3.049663e-02   236932
  3.511628e+00   1.463261e+01   1.114686e-03   3.080178e-02   229296
  3.515519e+00   1.458110e+01   1.132107e-03   3.101104e-02   228968
  3.519410e+00   1.463918e+01   1.115334e-03   3.162666e-02   220862
  3.523299e+00   1.456521e+01   1.132320e-03   3.137427e-02   220440
  3.527188e+00   1.465046e+01   1.113877e-03   3.213708e-02   212400
  3.531075e+00   1.464652e+01   1.132596e-03   3.220683e-02   212228
  3.534965e+00   1.467800e+01   1.113928e-03   3.275745e-02   204518
  3.538852e+00   1.470285e+01   1.130227e-03   3.323337e-02   203928
  3.542735e+00   1.471530e+01   1.110921e-03   3.346345e-02   196280
  3.546619e+00   1.470775e+01   1.130361e-03   3.369520e-02   196272
  3.550503e+00   1.465547e+01   1.110008e-03   3.407390e-02   188572
  3.554385e+00   1.473889e+01   1.129045e-03   3.442604e-02   188440
  3.558272e+00   1.474291e+01   1.112527e-03   3.504856e-02   181574
  3.562156e+00   1.471767e+01   1.129325e-03   3.502715e-02   180912
  3.566042e+00   1.482210e+01   1.112617e-03   3.578023e-02   174304
  3.569927e+00   1.480026e+01   1.129933e-03   3.591538e-02   173620
  3.573814e+00   1.486526e+01   1.114477e-03   3.684151e-02   167424
  3.577707e+00   1.484110e+01   1.132693e-03   3.665420e-02   166952
  3.581590e+00   1.498656e+01   1.109406e-03   3.795671e-02   159744
  3.585479e+00   1.493284e+01   1.134885e-03   3.757033e-02   160424
  3.589363e+00   1.505299e+01   1.107308e-03   3.890986e-02   152748
  3.593250e+00   1.499417e+01   1.136784e-03   3.849025e-02   153920
  3.597136e+00   1.503316e+01   1.105473e-03   3.986634e-02   146016
  3.601018e+00   1.505006e+01   1.136208e-03   3.968027e-02   147176
  3.604907e+00   1.508861e+01   1.107710e-03   4.058744e-02   139992
  3.608791e+00   1.503300e+01   1.135264e-03   4.043735e-02   140588
  3.612682e+00   1.516025e+01   1.111007e-03   4.181549e-02   134184
  3.616571e+00   1.512224e+01   1.134121e-03   4.161714e-02   134192
  3.620457e+00   1.519382e+01   1.110077e-03   4.247885e-02   127992
  3.624344e+00   1.522354e+01   1.133946e-03   4.288153e-02   128132
  3.628235e+00   1.525898e+01   1.112933e-03   4.410519e-02   122384
  3.632120e+00   1.523773e+01   1.130787e-03   4.428634e-02   121896
  3.636006e+00   1.537728e+01   1.111987e-03   4.535509e-02   116592
  3.639888e+00   1.531376e+01   1.130031e-03   4.490862e-02   116072
  3.643776e+00   1.546645e+01   1.113281e-03   4.637201e-02   111196
  3.647666e+00   1.556632e+01   1.133982e-03   4.674997e-02   110824
  3.651553e+00   1.553125e+01   1.109351e-03   4.812141e-02   105456
  3.655445e+00   1.558929e+01   1.137911e-03   4.792913e-02   105746
  3.659331e+00   1.559665e+01   1.104570e-03   4.964966e-02   99816
  3.663217e+00   1.557547e+01   1.137630e-03   4.964774e-02   100460
  3.667098e+00   1.559008e+01   1.103186e-03   5.081152e-02   94616
  3.670986e+00   1.574649e+01   1.138482e-03   5.122540e-02   95448
  3.674871e+00   1.578435e+01   1.104767e-03   5.274742e-02   89784
  3.678762e+00   1.581868e+01   1.138753e-03   5.328362e-02   90536
  3.682640e+00   1.594322e+01   1.098833e-03   5.525465e-02   84566
  3.686528e+00   1.587039e+01   1.143171e-03   5.440463e-02   86088
  3.690411e+00   1.598015e+01   1.094501e-03   5.691157e-02   79680
  3.694290e+00   1.617014e+01   1.143460e-03   5.730665e-02   81368
  3.698177e+00   1.615475e+01   1.096007e-03   5.933326e-02   75356
  3.702056e+00   1.614338e+01   1.143156e-03   5.821817e-02   76704
  3.705948e+00   1.604835e+01   1.100016e-03   6.037393e-02   71322
  3.709834e+00   1.624783e+01   1.143672e-03   6.068698e-02   72248
  3.713724e+00   1.645379e+01   1.099908e-03   6.392678e-02   67160
  3.717610e+00   1.635312e+01   1.141543e-03   6.337398e-02   67836
  3.721489e+00   1.644480e+01   1.096984e-03   6.515196e-02   62976
  3.725379e+00   1.653087e+01   1.144398e-03   6.600016e-02   63914
  3.729253e+00   1.673389e+01   1.092761e-03   6.910449e-02   58832
  3.733144e+00   1.649379e+01   1.147084e-03   6.738227e-02   60108
  3.737017e+00   1.678277e+01   1.090205e-03   7.153404e-02   54920
  3.740928e+00   1.694335e+01   1.160099e-03   7.103182e-02   56970
  3.744809e+00   1.693160e+01   1.078913e-03   7.571885e-02   50760
  3.748701e+00   1.694153e+01   1.161348e-03   7.324766e-02   53312
  3.752584e+00   1.725561e+01   1.074836e-03   8.016793e-02   47164
  3.756472e+00   1.712655e+01   1.163802e-03   7.674655e-02   49810
  3.760356e+00   1.702327e+01   1.069365e-03   8.162054e-02   43680
  3.764234e+00   1.724250e+01   1.164818e-03   8.043366e-02   46328
  3.768129e+00   1.729702e+01   1.073902e-03   8.555528e-02   40694
  3.772013e+00   1.749314e+01   1.167140e-03   8.489747e-02   42984
  3.775913e+00   1.765211e+01   1.073587e-03   9.179447e-02   37656
  3.779787e+00   1.742744e+01   1.164236e-03   8.733269e-02   39578
  3.783688e+00   1.765085e+01   1.077878e-03   9.348243e-02   34920
  3.787564e+00   1.785598e+01   1.160065e-03   9.416537e-02   36308
  3.791451e+00   1.786246e+01   1.076316e-03   1.003473e-01   32136
  3.795334e+00   1.817607e+01   1.159401e-03   9.945251e-02   33362
  3.799207e+00   1.817648e+01   1.069739e-03   1.054429e-01   29336
  3.803104e+00   1.829334e+01   1.167435e-03   1.054529e-01   30804
  3.806966e+00   1.825711e+01   1.055228e-03   1.122351e-01   26490
  3.810870e+00   1.848276e+01   1.176653e-03   1.080189e-01   28376
  3.814719e+00   1.873759e+01   1.039734e-03   1.214823e-01   23784
  3.818636e+00   1.848830e+01   1.189627e-03   1.148270e-01   26150
  3.822479e+00   1.838908e+01   1.021588e-03   1.271488e-01   21192
  3.826407e+00   1.881216e+01   1.204804e-03   1.217399e-01   24050
  3.830252e+00   1.896741e+01   1.002280e-03   1.368219e-01   18768
  3.834191e+00   1.916497e+01   1.221518e-03   1.293837e-01   22052
  3.838029e+00   1.920742e+01   9.660660e-04   1.514618e-01   16346
  3.841962e+00   1.900665e+01   1.236558e-03   1.337238e-01   20136
  3.845802e+00   1.964933e+01   9.274195e-04   1.641094e-01   14160
  3.849721e+00   1.935248e+01   1.247069e-03   1.433068e-01   18218
  3.853565e+00   1.964116e+01   8.859468e-04   1.779501e-01   12204
  3.857470e+00   1.978943e+01   1.256334e-03   1.516130e-01   16346
  3.861333e+00   1.977125e+01   8.562781e-04   1.959629e-01   10536
  3.865221e+00   2.058155e+01   1.261091e-03   1.692907e-01   14456
  3.869081e+00   1.990666e+01   8.165112e-04   2.109960e-01   8990
  3.872967e+00   2.010182e+01   1.270385e-03   1.785539e-01   12744
  3.876815e+00   2.072211e+01   7.482517e-04   2.365951e-01   7506
  3.880703e+00   2.052938e+01   1.282849e-03   1.931866e-01   11192
  3.884545e+00   2.055254e+01   6.569471e-04   2.671140e-01   6156
  3.888432e+00   2.080802e+01   1.294599e-03   2.112673e-01   9722
  3.892281e+00   2.099587e+01   5.567157e-04   2.996131e-01   4992
  3.896158e+00   2.111990e+01   1.304505e-03   2.303637e-01   8306
  3.900025e+00   2.151001e+01   4.384033e-04   3.391634e-01   3996
  3.903878e+00   2.114580e+01   1.309274e-03   2.464904e-01   6938
  3.907766e+00   2.136995e+01   3.047624e-04   3.656166e-01   3168
  3.911584e+00   2.190241e+01   1.304853e-03   2.945055e-01   5624
  3.915485e+00   2.158714e+01   2.103226e-04   4.154227e-01   2502
  3.919286e+00   2.160230e+01   1.297747e-03   3.187734e-01   4424
  3.923208e+00   2.197650e+01   2.230451e-04   4.889521e-01   1946
  3.926998e+00   2.302261e+01   1.292790e-03   4.095695e-01   3360
  3.930918e+00   2.154353e+01   1.221617e-04   5.615860e-01   1446
  3.934708e+00   2.187556e+01   1.290208e-03   4.501548e-01   2456
  3.938666e+00   2.258485e+01   2.340394e-04   7.459842e-01   1034
  3.942432e+00   2.449068e+01   1.288305e-03   6.106025e-01   1680
  3.946383e+00   2.232327e+01   5.837572e-05   7.823497e-01   678
  3.950143e+00   2.461370e+01   1.286681e-03   7.356594e-01   1064
  3.954177e+00   2.315889e+01   3.540138e-04   1.322976e+00   410
  3.957868e+00   2.592550e+01   1.284749e-03   1.077836e+00   576
  3.961879e+00   2.440815e+01   1.855368e-05   1.578769e+00   198
  3.965528e+00   2.313165e+01   1.272780e-03   1.665753e+00   248
  3.969917e+00   2.795758e+01   8.019490e-04   3.299334e+00   74
  3.973198e+00   3.345637e+01   1.252635e-03   4.233368e+00   48
  3.977405e+00   3.306670e+01   5.034095e-08   1.030418e+01   6
