# power spectrum of phi
# redshift z=5.854499
# k              Pk             sigma(k)       sigma(Pk)      count
  5.727314e-03   3.042696e-10   8.763345e-04   6.740674e-11   18
  1.001182e-02   5.038557e-10   1.059922e-03   7.179761e-11   62
  1.393445e-02   3.587307e-10   7.332271e-04   4.391696e-11   90
  1.764809e-02   3.444825e-10   1.157232e-03   2.276523e-11   170
  2.151286e-02   2.585736e-10   1.202795e-03   1.615534e-11   246
  2.528669e-02   1.941203e-10   1.146703e-03   1.088708e-11   338
  2.901099e-02   1.764216e-10   9.857564e-04   8.701969e-12   432
  3.284683e-02   1.401400e-10   1.010047e-03   6.359760e-12   578
  3.688195e-02   1.062568e-10   1.177086e-03   3.885364e-12   786
  4.101464e-02   8.239183e-11   1.190994e-03   2.648239e-12   974
  4.488954e-02   6.929656e-11   1.031402e-03   2.190063e-12   1002
  4.870958e-02   6.287554e-11   1.179303e-03   1.654825e-12   1334
  5.263577e-02   5.136967e-11   1.134676e-03   1.401853e-12   1458
  5.631027e-02   4.692710e-11   1.072446e-03   1.154978e-12   1604
  6.010158e-02   4.175024e-11   1.088865e-03   1.001091e-12   1974
  6.404851e-02   3.809842e-11   1.067989e-03   8.101921e-13   2234
  6.795611e-02   3.429955e-11   1.092954e-03   7.034264e-13   2490
  7.198483e-02   3.067317e-11   1.200217e-03   5.777681e-13   3014
  7.595394e-02   2.754695e-11   1.093611e-03   5.021293e-13   3018
  7.977896e-02   2.446038e-11   1.131598e-03   4.217578e-13   3446
  8.359600e-02   2.133323e-11   1.085617e-03   3.591339e-13   3626
  8.742004e-02   1.853890e-11   1.125556e-03   2.901018e-13   4164
  9.130612e-02   1.702312e-11   1.090740e-03   2.611186e-13   4470
  9.521636e-02   1.487645e-11   1.115446e-03   2.176518e-13   4970
  9.915211e-02   1.365476e-11   1.127844e-03   1.838300e-13   5366
  1.030785e-01   1.182296e-11   1.144516e-03   1.512602e-13   5778
  1.069619e-01   1.128307e-11   1.149148e-03   1.431685e-13   6162
  1.108671e-01   1.022750e-11   1.158272e-03   1.296057e-13   6734
  1.146806e-01   9.436958e-12   1.074898e-03   1.131399e-13   6756
  1.184510e-01   8.917459e-12   1.088568e-03   9.945660e-14   7502
  1.223464e-01   8.456677e-12   1.105366e-03   9.401169e-14   8154
  1.262469e-01   7.773007e-12   1.103283e-03   8.454930e-14   8618
  1.301909e-01   7.415724e-12   1.146655e-03   7.724787e-14   9390
  1.341197e-01   7.028874e-12   1.126004e-03   7.142332e-14   9722
  1.380051e-01   6.265132e-12   1.126950e-03   6.231649e-14   10242
  1.419007e-01   5.788512e-12   1.149257e-03   5.452329e-14   11006
  1.457777e-01   5.464984e-12   1.106962e-03   5.181193e-14   11348
  1.496576e-01   4.932508e-12   1.105725e-03   4.428991e-14   12150
  1.535164e-01   4.518510e-12   1.078348e-03   4.132718e-14   12498
  1.574072e-01   4.226405e-12   1.129889e-03   3.592680e-14   13586
  1.613096e-01   3.872393e-12   1.132072e-03   3.307883e-14   14006
  1.652381e-01   3.647720e-12   1.166232e-03   2.889494e-14   15162
  1.691226e-01   3.389084e-12   1.101754e-03   2.774216e-14   14990
  1.729750e-01   3.207564e-12   1.143142e-03   2.512806e-14   16380
  1.768610e-01   3.067715e-12   1.105581e-03   2.363777e-14   16666
  1.807168e-01   2.961447e-12   1.110348e-03   2.255739e-14   17638
  1.845996e-01   2.806031e-12   1.100521e-03   2.093565e-14   18354
  1.884710e-01   2.664262e-12   1.102640e-03   1.958845e-14   19034
  1.923685e-01   2.582127e-12   1.144302e-03   1.788672e-14   20270
  1.963174e-01   2.483400e-12   1.155956e-03   1.689303e-14   21258
  2.002141e-01   2.337740e-12   1.111898e-03   1.592841e-14   21350
  2.040863e-01   2.159419e-12   1.123159e-03   1.458818e-14   22644
  2.079681e-01   2.052383e-12   1.101476e-03   1.358956e-14   23114
  2.118390e-01   1.940441e-12   1.118265e-03   1.259107e-14   24342
  2.157382e-01   1.805958e-12   1.117694e-03   1.136940e-14   25194
  2.196235e-01   1.713530e-12   1.116195e-03   1.087990e-14   25982
  2.234724e-01   1.626995e-12   1.109599e-03   1.002569e-14   26506
  2.273806e-01   1.542144e-12   1.167806e-03   9.186625e-15   28738
  2.312750e-01   1.455591e-12   1.110542e-03   8.702275e-15   28296
  2.351662e-01   1.375373e-12   1.143823e-03   7.848620e-15   30554
  2.390501e-01   1.309008e-12   1.084103e-03   7.558240e-15   30094
  2.428824e-01   1.291653e-12   1.109820e-03   7.274715e-15   31738
  2.467836e-01   1.219420e-12   1.134747e-03   6.757121e-15   33306
  2.506613e-01   1.196954e-12   1.104153e-03   6.463152e-15   33422
  2.545365e-01   1.151437e-12   1.131527e-03   6.181431e-15   35298
  2.584714e-01   1.099607e-12   1.143069e-03   5.777401e-15   36650
  2.623670e-01   1.055459e-12   1.115532e-03   5.445130e-15   36888
  2.662651e-01   1.004620e-12   1.131896e-03   5.078118e-15   38834
  2.701697e-01   9.610511e-13   1.107355e-03   4.854877e-15   39246
  2.740453e-01   9.244254e-13   1.111777e-03   4.615456e-15   40466
  2.778984e-01   8.837764e-13   1.108403e-03   4.341738e-15   41106
  2.817847e-01   8.350072e-13   1.145602e-03   4.016479e-15   43598
  2.856833e-01   8.030655e-13   1.116308e-03   3.857531e-15   43650
  2.895471e-01   7.645993e-13   1.120907e-03   3.589745e-15   45272
  2.934575e-01   7.367847e-13   1.131740e-03   3.412860e-15   46994
  2.973636e-01   7.160496e-13   1.124346e-03   3.265841e-15   47850
  3.012447e-01   6.787993e-13   1.115858e-03   3.081961e-15   48846
  3.051030e-01   6.600111e-13   1.105642e-03   2.978092e-15   49706
  3.089532e-01   6.370596e-13   1.113265e-03   2.836141e-15   51198
  3.128464e-01   6.076753e-13   1.134266e-03   2.647588e-15   53402
  3.167281e-01   5.976085e-13   1.111145e-03   2.621476e-15   53634
  3.206428e-01   5.710623e-13   1.143806e-03   2.385148e-15   56888
  3.245618e-01   5.533586e-13   1.106794e-03   2.338270e-15   56474
  3.284581e-01   5.353567e-13   1.130606e-03   2.214427e-15   58962
  3.323510e-01   5.116999e-13   1.114731e-03   2.108799e-15   59214
  3.362265e-01   5.008299e-13   1.127963e-03   2.032546e-15   61250
  3.400938e-01   4.823395e-13   1.110759e-03   1.954793e-15   61694
  3.439480e-01   4.669667e-13   1.120230e-03   1.864435e-15   63618
  3.478512e-01   4.466049e-13   1.140078e-03   1.723645e-15   66284
  3.517691e-01   4.322970e-13   1.123324e-03   1.671180e-15   67014
  3.556494e-01   4.115628e-13   1.113722e-03   1.589587e-15   67930
  3.595371e-01   3.988338e-13   1.127426e-03   1.509513e-15   70294
  3.634200e-01   3.922805e-13   1.114424e-03   1.470731e-15   70658
  3.672742e-01   3.762885e-13   1.121955e-03   1.412590e-15   72522
  3.711539e-01   3.626968e-13   1.125103e-03   1.335725e-15   74550
  3.750359e-01   3.523853e-13   1.112832e-03   1.280554e-15   75674
  3.789191e-01   3.433508e-13   1.116846e-03   1.233800e-15   77708
  3.828461e-01   3.313432e-13   1.136191e-03   1.167081e-15   80622
  3.867545e-01   3.199312e-13   1.112810e-03   1.139668e-15   80330
  3.906423e-01   3.117533e-13   1.128269e-03   1.084442e-15   82974
  3.945313e-01   3.009963e-13   1.118618e-03   1.040585e-15   83666
  3.984084e-01   2.943801e-13   1.126394e-03   1.009331e-15   85746
  4.022765e-01   2.829343e-13   1.118427e-03   9.697196e-16   86702
  4.061542e-01   2.753851e-13   1.126154e-03   9.141785e-16   89556
  4.100569e-01   2.679412e-13   1.118519e-03   8.884301e-16   91038
  4.139484e-01   2.621523e-13   1.117921e-03   8.624403e-16   92522
  4.178268e-01   2.521700e-13   1.119569e-03   8.253516e-16   94034
  4.217415e-01   2.440335e-13   1.145339e-03   7.884169e-16   97758
  4.256173e-01   2.382295e-13   1.103600e-03   7.684998e-16   95770
  4.294627e-01   2.305710e-13   1.123790e-03   7.393161e-16   99646
  4.333400e-01   2.265694e-13   1.115333e-03   7.152984e-16   100980
  4.372362e-01   2.179207e-13   1.127284e-03   6.846448e-16   104258
  4.411386e-01   2.115481e-13   1.114910e-03   6.563654e-16   104998
  4.450377e-01   2.061229e-13   1.124073e-03   6.310382e-16   107866
  4.489311e-01   2.018142e-13   1.113184e-03   6.133026e-16   108154
  4.528161e-01   1.974056e-13   1.135370e-03   5.972171e-16   111622
  4.567076e-01   1.909117e-13   1.122976e-03   5.720751e-16   112146
  4.605727e-01   1.868997e-13   1.119518e-03   5.565933e-16   114014
  4.644440e-01   1.803203e-13   1.115906e-03   5.335731e-16   116220
  4.683319e-01   1.758994e-13   1.119789e-03   5.087973e-16   118682
  4.722291e-01   1.712876e-13   1.126606e-03   4.963577e-16   121118
  4.761348e-01   1.655019e-13   1.124808e-03   4.746485e-16   122994
  4.800157e-01   1.609764e-13   1.114862e-03   4.614374e-16   123574
  4.838959e-01   1.586566e-13   1.131276e-03   4.501901e-16   126922
  4.877763e-01   1.545096e-13   1.124735e-03   4.337691e-16   127906
  4.916481e-01   1.500536e-13   1.121767e-03   4.147473e-16   130432
  4.955333e-01   1.456555e-13   1.114812e-03   4.016547e-16   132642
  4.994186e-01   1.432184e-13   1.110800e-03   3.916267e-16   134534
  5.033164e-01   1.394988e-13   1.124671e-03   3.776453e-16   137778
  5.072392e-01   1.361269e-13   1.135312e-03   3.646383e-16   140786
  5.111285e-01   1.324789e-13   1.110620e-03   3.550224e-16   139590
  5.149976e-01   1.292088e-13   1.125619e-03   3.438147e-16   143546
  5.188865e-01   1.259111e-13   1.125142e-03   3.313090e-16   145338
  5.227635e-01   1.229927e-13   1.120484e-03   3.228978e-16   147272
  5.266520e-01   1.197383e-13   1.122335e-03   3.106483e-16   150330
  5.305485e-01   1.166606e-13   1.118234e-03   3.002920e-16   152318
  5.344262e-01   1.140069e-13   1.111066e-03   2.930456e-16   153202
  5.383243e-01   1.110961e-13   1.138693e-03   2.806800e-16   158626
  5.422165e-01   1.088618e-13   1.116855e-03   2.774094e-16   157350
  5.460935e-01   1.055512e-13   1.131200e-03   2.648152e-16   161906
  5.499589e-01   1.040003e-13   1.105071e-03   2.623312e-16   160872
  5.538418e-01   1.017762e-13   1.133375e-03   2.503842e-16   167858
  5.577463e-01   9.997817e-14   1.114977e-03   2.453055e-16   167514
  5.616201e-01   9.671813e-14   1.113803e-03   2.369210e-16   169862
  5.655108e-01   9.435486e-14   1.124453e-03   2.292322e-16   173602
  5.694083e-01   9.246140e-14   1.123533e-03   2.211000e-16   175258
  5.732959e-01   9.062136e-14   1.127164e-03   2.160114e-16   177654
  5.771897e-01   8.825317e-14   1.130949e-03   2.085716e-16   180698
  5.810773e-01   8.652989e-14   1.119005e-03   2.042337e-16   181968
  5.849616e-01   8.475116e-14   1.118541e-03   1.988603e-16   184850
  5.888448e-01   8.309447e-14   1.119144e-03   1.937954e-16   187034
  5.927421e-01   8.106209e-14   1.129966e-03   1.870845e-16   191238
  5.966308e-01   7.958013e-14   1.116348e-03   1.839553e-16   191042
  6.005065e-01   7.773179e-14   1.126286e-03   1.768355e-16   195102
  6.043812e-01   7.611089e-14   1.117515e-03   1.735649e-16   195786
  6.082630e-01   7.377122e-14   1.131649e-03   1.649689e-16   201164
  6.121481e-01   7.270281e-14   1.112645e-03   1.628695e-16   201070
  6.160242e-01   7.064193e-14   1.118305e-03   1.568063e-16   205234
  6.199111e-01   6.954416e-14   1.116352e-03   1.532102e-16   207342
  6.237987e-01   6.773709e-14   1.121735e-03   1.489712e-16   210602
  6.276909e-01   6.668788e-14   1.124203e-03   1.452683e-16   213130
  6.315953e-01   6.537327e-14   1.133190e-03   1.411208e-16   217318
  6.354807e-01   6.378142e-14   1.113546e-03   1.383000e-16   216306
  6.393491e-01   6.220478e-14   1.119403e-03   1.332386e-16   220652
  6.432430e-01   6.126463e-14   1.124854e-03   1.303694e-16   224502
  6.471454e-01   6.010758e-14   1.125081e-03   1.268929e-16   227186
  6.510345e-01   5.851202e-14   1.118193e-03   1.245216e-16   228398
  6.549165e-01   5.729430e-14   1.122259e-03   1.201934e-16   231642
  6.587972e-01   5.643778e-14   1.122763e-03   1.179667e-16   233946
  6.626908e-01   5.517989e-14   1.132956e-03   1.136618e-16   238694
  6.665707e-01   5.406220e-14   1.114640e-03   1.122728e-16   238068
  6.704525e-01   5.288861e-14   1.124042e-03   1.078272e-16   244190
  6.743498e-01   5.199402e-14   1.116752e-03   1.063373e-16   245362
  6.782313e-01   5.118140e-14   1.120102e-03   1.042168e-16   248362
  6.821206e-01   4.991357e-14   1.124509e-03   1.009507e-16   251966
  6.860099e-01   4.897932e-14   1.120649e-03   9.785767e-17   254034
  6.898855e-01   4.807338e-14   1.117172e-03   9.648928e-17   255818
  6.937781e-01   4.706421e-14   1.132899e-03   9.307457e-17   262254
  6.976722e-01   4.620308e-14   1.116974e-03   9.161477e-17   261980
  7.015718e-01   4.532605e-14   1.129534e-03   8.883059e-17   268566
  7.054538e-01   4.466061e-14   1.104857e-03   8.762513e-17   265538
  7.093286e-01   4.370870e-14   1.128000e-03   8.489675e-17   273330
  7.132165e-01   4.264424e-14   1.121481e-03   8.299853e-17   273718
  7.171069e-01   4.194309e-14   1.132652e-03   8.046723e-17   279658
  7.209986e-01   4.135239e-14   1.120025e-03   7.945585e-17   279670
  7.248700e-01   4.054553e-14   1.119062e-03   7.755749e-17   282964
  7.287608e-01   3.975223e-14   1.126489e-03   7.519220e-17   288362
  7.326540e-01   3.905203e-14   1.118613e-03   7.365363e-17   289686
  7.365333e-01   3.827543e-14   1.116235e-03   7.221925e-17   292234
  7.404015e-01   3.757020e-14   1.112765e-03   7.057438e-17   294190
  7.442845e-01   3.680357e-14   1.127923e-03   6.811519e-17   300642
  7.481851e-01   3.612222e-14   1.128116e-03   6.664068e-17   303386
  7.520700e-01   3.540225e-14   1.119257e-03   6.534080e-17   304662
  7.559583e-01   3.486094e-14   1.122290e-03   6.401593e-17   309812
  7.598513e-01   3.420796e-14   1.117608e-03   6.235518e-17   311714
  7.637547e-01   3.358099e-14   1.130270e-03   6.094879e-17   318126
  7.676398e-01   3.297813e-14   1.111035e-03   6.015035e-17   315114
  7.715118e-01   3.232893e-14   1.127143e-03   5.799535e-17   322622
  7.753932e-01   3.181823e-14   1.117154e-03   5.729786e-17   322850
  7.792787e-01   3.145360e-14   1.131101e-03   5.615213e-17   329802
  7.831716e-01   3.077530e-14   1.123851e-03   5.453795e-17   331104
  7.870696e-01   3.012813e-14   1.127607e-03   5.287839e-17   336986
  7.909587e-01   2.968126e-14   1.111055e-03   5.255642e-17   335870
  7.948355e-01   2.905752e-14   1.120862e-03   5.105743e-17   341610
  7.987215e-01   2.861991e-14   1.121955e-03   4.987223e-17   344370
  8.026031e-01   2.823377e-14   1.122207e-03   4.880544e-17   347606
  8.064886e-01   2.768265e-14   1.124033e-03   4.770406e-17   351650
  8.103706e-01   2.723012e-14   1.118654e-03   4.690505e-17   353760
  8.142669e-01   2.660037e-14   1.129493e-03   4.558417e-17   360970
  8.181738e-01   2.624594e-14   1.123124e-03   4.448064e-17   362818
  8.220521e-01   2.580955e-14   1.110144e-03   4.388804e-17   362334
  8.259414e-01   2.533099e-14   1.129348e-03   4.276910e-17   371642
  8.298275e-01   2.493471e-14   1.114584e-03   4.230460e-17   368778
  8.337006e-01   2.457786e-14   1.128744e-03   4.111187e-17   376526
  8.375857e-01   2.409484e-14   1.121330e-03   4.025494e-17   377786
  8.414675e-01   2.372456e-14   1.123524e-03   3.944468e-17   382968
  8.453573e-01   2.333633e-14   1.120822e-03   3.856780e-17   386146
  8.492503e-01   2.294209e-14   1.124050e-03   3.773828e-17   390826
  8.531392e-01   2.261369e-14   1.119718e-03   3.715380e-17   392662
  8.570302e-01   2.222044e-14   1.125822e-03   3.625284e-17   398242
  8.609051e-01   2.180885e-14   1.111972e-03   3.582258e-17   396726
  8.647781e-01   2.148898e-14   1.124714e-03   3.505472e-17   404738
  8.686664e-01   2.121146e-14   1.122897e-03   3.427887e-17   407628
  8.725545e-01   2.076628e-14   1.121536e-03   3.323890e-17   411734
  8.764395e-01   2.043902e-14   1.117149e-03   3.278137e-17   414242
  8.803359e-01   2.012378e-14   1.126317e-03   3.203109e-17   421434
  8.842333e-01   1.989705e-14   1.120273e-03   3.164234e-17   421918
  8.881244e-01   1.950706e-14   1.128330e-03   3.075756e-17   427810
  8.920157e-01   1.912225e-14   1.123036e-03   3.027121e-17   429470
  8.958948e-01   1.886442e-14   1.119658e-03   2.976356e-17   432282
  8.997746e-01   1.849972e-14   1.122449e-03   2.903644e-17   437260
  9.036583e-01   1.823778e-14   1.120747e-03   2.855606e-17   440758
  9.075489e-01   1.802672e-14   1.124778e-03   2.802193e-17   446370
  9.114474e-01   1.766477e-14   1.123943e-03   2.738456e-17   450182
  9.153288e-01   1.731814e-14   1.115142e-03   2.688685e-17   449850
  9.192089e-01   1.713791e-14   1.127357e-03   2.633454e-17   457898
  9.230929e-01   1.682371e-14   1.119604e-03   2.581237e-17   458662
  9.269737e-01   1.655097e-14   1.121722e-03   2.546174e-17   464620
  9.308545e-01   1.640226e-14   1.114316e-03   2.507633e-17   466302
  9.347441e-01   1.612062e-14   1.124571e-03   2.448286e-17   474314
  9.386369e-01   1.579299e-14   1.120021e-03   2.384031e-17   475530
  9.425348e-01   1.551991e-14   1.129051e-03   2.336594e-17   483206
  9.464328e-01   1.535927e-14   1.121669e-03   2.312238e-17   483530
  9.503142e-01   1.513411e-14   1.121047e-03   2.269542e-17   487002
  9.541966e-01   1.489894e-14   1.124058e-03   2.225101e-17   491774
  9.580774e-01   1.465608e-14   1.120518e-03   2.180291e-17   495084
  9.619601e-01   1.448344e-14   1.119352e-03   2.149885e-17   499438
  9.658473e-01   1.422570e-14   1.122356e-03   2.113818e-17   504682
  9.697357e-01   1.400014e-14   1.121500e-03   2.066485e-17   507738
  9.736321e-01   1.381829e-14   1.130456e-03   2.024451e-17   515174
  9.775214e-01   1.359439e-14   1.119580e-03   1.997299e-17   514234
  9.813957e-01   1.338608e-14   1.119450e-03   1.967060e-17   519022
  9.852705e-01   1.317161e-14   1.117281e-03   1.918081e-17   522636
  9.891535e-01   1.300142e-14   1.121739e-03   1.881886e-17   529442
  9.930474e-01   1.284760e-14   1.122647e-03   1.861420e-17   534078
  9.969375e-01   1.268596e-14   1.118397e-03   1.833316e-17   536666
  1.000817e+00   1.244150e-14   1.116716e-03   1.796093e-17   539142
  1.004715e+00   1.227118e-14   1.134178e-03   1.751959e-17   550658
  1.008615e+00   1.208876e-14   1.121935e-03   1.732383e-17   548298
  1.012495e+00   1.187946e-14   1.123048e-03   1.686318e-17   553694
  1.016374e+00   1.171038e-14   1.116375e-03   1.672476e-17   556116
  1.020264e+00   1.157484e-14   1.125051e-03   1.633189e-17   564890
  1.024148e+00   1.137256e-14   1.116141e-03   1.608366e-17   563718
  1.028036e+00   1.124303e-14   1.128568e-03   1.579442e-17   574298
  1.031929e+00   1.103811e-14   1.120551e-03   1.551604e-17   573966
  1.035814e+00   1.093778e-14   1.126024e-03   1.531209e-17   580586
  1.039699e+00   1.073415e-14   1.122029e-03   1.504603e-17   582666
  1.043587e+00   1.059717e-14   1.125959e-03   1.470381e-17   590648
  1.047474e+00   1.045319e-14   1.114820e-03   1.454852e-17   590394
  1.051350e+00   1.033152e-14   1.116684e-03   1.435974e-17   596174
  1.055234e+00   1.012944e-14   1.120236e-03   1.403755e-17   601674
  1.059126e+00   1.001568e-14   1.125352e-03   1.378693e-17   607682
  1.063019e+00   9.883246e-15   1.124350e-03   1.355249e-17   611166
  1.066910e+00   9.717718e-15   1.124099e-03   1.331263e-17   615626
  1.070791e+00   9.604627e-15   1.119456e-03   1.311403e-17   617290
  1.074678e+00   9.485279e-15   1.126011e-03   1.291087e-17   626344
  1.078566e+00   9.362284e-15   1.117274e-03   1.281222e-17   626658
  1.082451e+00   9.222774e-15   1.122467e-03   1.252952e-17   634022
  1.086331e+00   9.112302e-15   1.116124e-03   1.230018e-17   634554
  1.090218e+00   8.969928e-15   1.128467e-03   1.208464e-17   645026
  1.094107e+00   8.822739e-15   1.122446e-03   1.183356e-17   645102
  1.097993e+00   8.703103e-15   1.126954e-03   1.164942e-17   653018
  1.101879e+00   8.615627e-15   1.119089e-03   1.157813e-17   654384
  1.105770e+00   8.460941e-15   1.123901e-03   1.128116e-17   663194
  1.109660e+00   8.355630e-15   1.117576e-03   1.112053e-17   663834
  1.113540e+00   8.244163e-15   1.118796e-03   1.094197e-17   669158
  1.117424e+00   8.150223e-15   1.120650e-03   1.082151e-17   674490
  1.121304e+00   8.013449e-15   1.118416e-03   1.060808e-17   677222
  1.125193e+00   7.902666e-15   1.128225e-03   1.037434e-17   686874
  1.129092e+00   7.792754e-15   1.126811e-03   1.024258e-17   690722
  1.132980e+00   7.701478e-15   1.118907e-03   1.014367e-17   692008
  1.136871e+00   7.623347e-15   1.124678e-03   1.000820e-17   701386
  1.140761e+00   7.490313e-15   1.117002e-03   9.811996e-18   700778
  1.144643e+00   7.371747e-15   1.123318e-03   9.586327e-18   708774
  1.148529e+00   7.305942e-15   1.121990e-03   9.557844e-18   711690
  1.152418e+00   7.224399e-15   1.126973e-03   9.350951e-18   719606
  1.156298e+00   7.115770e-15   1.116380e-03   9.256171e-18   717762
  1.160181e+00   7.009638e-15   1.127123e-03   9.053197e-18   730460
  1.164073e+00   6.948530e-15   1.119262e-03   8.992384e-18   731070
  1.167968e+00   6.835331e-15   1.125901e-03   8.769221e-18   741170
  1.171853e+00   6.747472e-15   1.112045e-03   8.701980e-18   737094
  1.175730e+00   6.658731e-15   1.122374e-03   8.565911e-18   747698
  1.179618e+00   6.600387e-15   1.122867e-03   8.437796e-18   751658
  1.183501e+00   6.489901e-15   1.121599e-03   8.319413e-18   755574
  1.187383e+00   6.408396e-15   1.122256e-03   8.141590e-18   761442
  1.191279e+00   6.337540e-15   1.126787e-03   8.068402e-18   770816
  1.195171e+00   6.253814e-15   1.117539e-03   7.941821e-18   769274
  1.199064e+00   6.165653e-15   1.129525e-03   7.776219e-18   782130
  1.202947e+00   6.085728e-15   1.112602e-03   7.748437e-18   775230
  1.206825e+00   6.020227e-15   1.126605e-03   7.585191e-18   789866
  1.210710e+00   5.948225e-15   1.118361e-03   7.527959e-18   787914
  1.214592e+00   5.861835e-15   1.128225e-03   7.349744e-18   799598
  1.218486e+00   5.793868e-15   1.124161e-03   7.284792e-18   802980
  1.222371e+00   5.709349e-15   1.117789e-03   7.159953e-18   805622
  1.226254e+00   5.663116e-15   1.119738e-03   7.067023e-18   812050
  1.230147e+00   5.553405e-15   1.126034e-03   6.899970e-18   820954
  1.234035e+00   5.502977e-15   1.118780e-03   6.844021e-18   820062
  1.237911e+00   5.432234e-15   1.119897e-03   6.772235e-18   826298
  1.241794e+00   5.372117e-15   1.121814e-03   6.665947e-18   833118
  1.245672e+00   5.293005e-15   1.117137e-03   6.599765e-18   834812
  1.249560e+00   5.233902e-15   1.126815e-03   6.475601e-18   847858
  1.253469e+00   5.173481e-15   1.127442e-03   6.378509e-18   854278
  1.257361e+00   5.101552e-15   1.116253e-03   6.297499e-18   850978
  1.261241e+00   5.033184e-15   1.121687e-03   6.190078e-18   859186
  1.265131e+00   4.971714e-15   1.127494e-03   6.106507e-18   867126
  1.269018e+00   4.917376e-15   1.121886e-03   6.068555e-18   868274
  1.272897e+00   4.845033e-15   1.120976e-03   5.951018e-18   873606
  1.276776e+00   4.814265e-15   1.119398e-03   5.892598e-18   879284
  1.280663e+00   4.746814e-15   1.122355e-03   5.781767e-18   887170
  1.284564e+00   4.693412e-15   1.128693e-03   5.728502e-18   897526
  1.288458e+00   4.623264e-15   1.117587e-03   5.641470e-18   894258
  1.292341e+00   4.573527e-15   1.122714e-03   5.562110e-18   903374
  1.296223e+00   4.508967e-15   1.118323e-03   5.482868e-18   904338
  1.300103e+00   4.451662e-15   1.123719e-03   5.397382e-18   913586
  1.303982e+00   4.405274e-15   1.118150e-03   5.326208e-18   915416
  1.307871e+00   4.358657e-15   1.124217e-03   5.273809e-18   928122
  1.311759e+00   4.317051e-15   1.115167e-03   5.207643e-18   926094
  1.315654e+00   4.250129e-15   1.130093e-03   5.108959e-18   942890
  1.319549e+00   4.201980e-15   1.118827e-03   5.078407e-18   937266
  1.323433e+00   4.154699e-15   1.126506e-03   4.992179e-18   948854
  1.327319e+00   4.096633e-15   1.120121e-03   4.914053e-18   948714
  1.331197e+00   4.047885e-15   1.122687e-03   4.857935e-18   956186
  1.335082e+00   4.003721e-15   1.124444e-03   4.798685e-18   964272
  1.338973e+00   3.961406e-15   1.121587e-03   4.735932e-18   969458
  1.342859e+00   3.911501e-15   1.118296e-03   4.680358e-18   972750
  1.346749e+00   3.871113e-15   1.124460e-03   4.616079e-18   982706
  1.350635e+00   3.823451e-15   1.119858e-03   4.571772e-18   982906
  1.354527e+00   3.784844e-15   1.129306e-03   4.498986e-18   996622
  1.358414e+00   3.730664e-15   1.117989e-03   4.463037e-18   992378
  1.362284e+00   3.691811e-15   1.117150e-03   4.390377e-18   999000
  1.366168e+00   3.660194e-15   1.122014e-03   4.339426e-18   1010114
  1.370061e+00   3.615054e-15   1.121750e-03   4.291627e-18   1015722
  1.373948e+00   3.573353e-15   1.119290e-03   4.247806e-18   1018742
  1.377843e+00   3.530981e-15   1.127371e-03   4.165618e-18   1031250
  1.381733e+00   3.482184e-15   1.118461e-03   4.125865e-18   1027226
  1.385615e+00   3.443174e-15   1.126435e-03   4.046888e-18   1039734
  1.389500e+00   3.411233e-15   1.120654e-03   4.014967e-18   1039914
  1.393382e+00   3.366716e-15   1.123683e-03   3.978641e-18   1050272
  1.397267e+00   3.341756e-15   1.117473e-03   3.948453e-18   1052306
  1.401154e+00   3.295356e-15   1.122308e-03   3.871999e-18   1062666
  1.405045e+00   3.248441e-15   1.122401e-03   3.801344e-18   1067262
  1.408935e+00   3.220376e-15   1.123952e-03   3.777237e-18   1073906
  1.412823e+00   3.177018e-15   1.122463e-03   3.727076e-18   1078190
  1.416712e+00   3.144511e-15   1.124033e-03   3.689854e-18   1085634
  1.420592e+00   3.119803e-15   1.117456e-03   3.660334e-18   1085508
  1.424480e+00   3.076578e-15   1.126594e-03   3.582052e-18   1101926
  1.428369e+00   3.046561e-15   1.116061e-03   3.564946e-18   1098322
  1.432252e+00   3.015737e-15   1.121199e-03   3.525364e-18   1109878
  1.436144e+00   2.977282e-15   1.122554e-03   3.463970e-18   1115338
  1.440035e+00   2.942304e-15   1.125793e-03   3.425408e-18   1122586
  1.443924e+00   2.910856e-15   1.123292e-03   3.380412e-18   1125862
  1.447810e+00   2.869881e-15   1.122976e-03   3.330566e-18   1132498
  1.451691e+00   2.850500e-15   1.119415e-03   3.324562e-18   1135444
  1.455573e+00   2.824412e-15   1.122581e-03   3.279775e-18   1145374
  1.459464e+00   2.787903e-15   1.123383e-03   3.234499e-18   1152698
  1.463354e+00   2.750220e-15   1.121349e-03   3.189565e-18   1157046
  1.467236e+00   2.732147e-15   1.119148e-03   3.158238e-18   1160226
  1.471127e+00   2.703118e-15   1.127743e-03   3.120734e-18   1174346
  1.475014e+00   2.674658e-15   1.119897e-03   3.102906e-18   1171462
  1.478897e+00   2.642599e-15   1.124033e-03   3.060610e-18   1183828
  1.482778e+00   2.615907e-15   1.114458e-03   3.042559e-18   1181822
  1.486657e+00   2.586848e-15   1.120779e-03   2.998912e-18   1194930
  1.490547e+00   2.557667e-15   1.122593e-03   2.950786e-18   1202010
  1.494437e+00   2.524138e-15   1.122115e-03   2.904589e-18   1207166
  1.498326e+00   2.501672e-15   1.123291e-03   2.883020e-18   1214106
  1.502209e+00   2.472502e-15   1.118748e-03   2.854382e-18   1215302
  1.506095e+00   2.450277e-15   1.126666e-03   2.813971e-18   1229274
  1.509994e+00   2.425948e-15   1.126873e-03   2.797696e-18   1236164
  1.513882e+00   2.396743e-15   1.118916e-03   2.756853e-18   1235326
  1.517764e+00   2.373343e-15   1.120265e-03   2.730540e-18   1244026
  1.521647e+00   2.347700e-15   1.120382e-03   2.699593e-18   1249154
  1.525536e+00   2.325197e-15   1.126025e-03   2.659430e-18   1260558
  1.529421e+00   2.303034e-15   1.119984e-03   2.651782e-18   1260394
  1.533310e+00   2.277820e-15   1.125848e-03   2.599104e-18   1274758
  1.537193e+00   2.253301e-15   1.115594e-03   2.593927e-18   1270188
  1.541083e+00   2.235699e-15   1.128008e-03   2.560290e-18   1291202
  1.544971e+00   2.212452e-15   1.115149e-03   2.542423e-18   1282654
  1.548850e+00   2.186642e-15   1.122198e-03   2.495416e-18   1298242
  1.552739e+00   2.166603e-15   1.120395e-03   2.480186e-18   1301774
  1.556625e+00   2.140279e-15   1.123165e-03   2.443149e-18   1309770
  1.560512e+00   2.114206e-15   1.123502e-03   2.421078e-18   1315714
  1.564403e+00   2.096197e-15   1.124924e-03   2.397667e-18   1325110
  1.568290e+00   2.080369e-15   1.118940e-03   2.381946e-18   1326012
  1.572174e+00   2.057051e-15   1.122090e-03   2.351769e-18   1336154
  1.576069e+00   2.036954e-15   1.126474e-03   2.325904e-18   1347334
  1.579958e+00   2.018918e-15   1.119782e-03   2.317156e-18   1345354
  1.583833e+00   1.990846e-15   1.119555e-03   2.267479e-18   1350998
  1.587719e+00   1.971453e-15   1.125829e-03   2.246517e-18   1365546
  1.591609e+00   1.954055e-15   1.122088e-03   2.231275e-18   1367474
  1.595497e+00   1.938864e-15   1.123693e-03   2.210078e-18   1377984
  1.599384e+00   1.920903e-15   1.118321e-03   2.197985e-18   1379394
  1.603272e+00   1.900209e-15   1.123056e-03   2.176905e-18   1392230
  1.607160e+00   1.880610e-15   1.118740e-03   2.147619e-18   1392634
  1.611042e+00   1.863149e-15   1.122441e-03   2.126735e-18   1402666
  1.614928e+00   1.843871e-15   1.122269e-03   2.101864e-18   1408502
  1.618814e+00   1.822375e-15   1.122041e-03   2.082104e-18   1415418
  1.622692e+00   1.809723e-15   1.117068e-03   2.057317e-18   1416856
  1.626588e+00   1.791737e-15   1.130843e-03   2.040989e-18   1442002
  1.630485e+00   1.777301e-15   1.117858e-03   2.032572e-18   1431634
  1.634367e+00   1.761183e-15   1.122585e-03   2.017174e-18   1444606
  1.638250e+00   1.737095e-15   1.118765e-03   1.985052e-18   1445890
  1.642138e+00   1.723568e-15   1.126997e-03   1.962452e-18   1462210
  1.646026e+00   1.703567e-15   1.120901e-03   1.940356e-18   1459590
  1.649907e+00   1.684325e-15   1.123856e-03   1.910035e-18   1471226
  1.653797e+00   1.673910e-15   1.123379e-03   1.902651e-18   1480072
  1.657690e+00   1.658605e-15   1.121364e-03   1.889617e-18   1486594
  1.661576e+00   1.641861e-15   1.118520e-03   1.870015e-18   1488882
  1.665461e+00   1.626243e-15   1.123128e-03   1.849471e-18   1500854
  1.669353e+00   1.609925e-15   1.123083e-03   1.826885e-18   1506874
  1.673232e+00   1.594163e-15   1.117624e-03   1.820960e-18   1506094
  1.677111e+00   1.575950e-15   1.122855e-03   1.794403e-18   1519682
  1.680997e+00   1.564663e-15   1.122626e-03   1.790322e-18   1526724
  1.684890e+00   1.552851e-15   1.125240e-03   1.757478e-18   1539038
  1.688782e+00   1.544880e-15   1.119859e-03   1.773096e-18   1539810
  1.692664e+00   1.524514e-15   1.119007e-03   1.737013e-18   1545046
  1.696554e+00   1.508055e-15   1.126236e-03   1.710588e-18   1560538
  1.700441e+00   1.496630e-15   1.120507e-03   1.713478e-18   1557506
  1.704322e+00   1.480488e-15   1.124114e-03   1.683038e-18   1570062
  1.708203e+00   1.466940e-15   1.119253e-03   1.672320e-18   1571290
  1.712089e+00   1.456211e-15   1.124856e-03   1.657310e-18   1588228
  1.715982e+00   1.443242e-15   1.121250e-03   1.645446e-18   1591046
  1.719873e+00   1.426036e-15   1.123715e-03   1.617045e-18   1602474
  1.723761e+00   1.415804e-15   1.118014e-03   1.614648e-18   1601646
  1.727642e+00   1.407901e-15   1.120550e-03   1.603871e-18   1611266
  1.731523e+00   1.390710e-15   1.120678e-03   1.589798e-18   1616634
  1.735410e+00   1.373227e-15   1.126166e-03   1.565027e-18   1631366
  1.739297e+00   1.365374e-15   1.119655e-03   1.553751e-18   1631028
  1.743180e+00   1.356324e-15   1.119854e-03   1.546718e-18   1641446
  1.747073e+00   1.338710e-15   1.124208e-03   1.522461e-18   1654234
  1.750973e+00   1.327232e-15   1.126198e-03   1.512704e-18   1662874
  1.754858e+00   1.321808e-15   1.117471e-03   1.518949e-18   1656686
  1.758736e+00   1.303761e-15   1.122008e-03   1.485334e-18   1670898
  1.762622e+00   1.296792e-15   1.123056e-03   1.477299e-18   1678074
  1.766507e+00   1.284910e-15   1.123311e-03   1.476443e-18   1685198
  1.770393e+00   1.276070e-15   1.122996e-03   1.457544e-18   1694524
  1.774282e+00   1.266952e-15   1.120709e-03   1.454134e-18   1701334
  1.778171e+00   1.249428e-15   1.120908e-03   1.425672e-18   1709386
  1.782064e+00   1.240537e-15   1.123720e-03   1.418062e-18   1719994
  1.785953e+00   1.229495e-15   1.121006e-03   1.403970e-18   1721510
  1.789842e+00   1.219289e-15   1.124974e-03   1.393763e-18   1734978
  1.793722e+00   1.208633e-15   1.116124e-03   1.388189e-18   1728646
  1.797599e+00   1.193635e-15   1.122713e-03   1.362632e-18   1746868
  1.801486e+00   1.192278e-15   1.121127e-03   1.366322e-18   1752922
  1.805380e+00   1.177390e-15   1.125234e-03   1.347001e-18   1767862
  1.809271e+00   1.169379e-15   1.119301e-03   1.347570e-18   1765698
  1.813160e+00   1.159098e-15   1.125035e-03   1.324724e-18   1781270
  1.817049e+00   1.149688e-15   1.121176e-03   1.319691e-18   1780650
  1.820932e+00   1.138341e-15   1.124142e-03   1.307056e-18   1792418
  1.824813e+00   1.127715e-15   1.119388e-03   1.298913e-18   1792790
  1.828696e+00   1.121983e-15   1.123591e-03   1.292815e-18   1809852
  1.832585e+00   1.114821e-15   1.120140e-03   1.287987e-18   1812666
  1.836475e+00   1.102347e-15   1.124777e-03   1.266858e-18   1827614
  1.840367e+00   1.091589e-15   1.121640e-03   1.256867e-18   1829970
  1.844251e+00   1.086801e-15   1.120370e-03   1.253906e-18   1835030
  1.848131e+00   1.077493e-15   1.119790e-03   1.245902e-18   1841410
  1.852017e+00   1.062940e-15   1.124723e-03   1.219291e-18   1856626
  1.855900e+00   1.060318e-15   1.118305e-03   1.226273e-18   1854656
  1.859782e+00   1.050469e-15   1.121720e-03   1.215458e-18   1870698
  1.863671e+00   1.042075e-15   1.120553e-03   1.202285e-18   1876998
  1.867559e+00   1.032610e-15   1.120979e-03   1.192492e-18   1884458
  1.871445e+00   1.027356e-15   1.122381e-03   1.194557e-18   1891730
  1.875338e+00   1.016629e-15   1.127317e-03   1.171859e-18   1907574
  1.879232e+00   1.011640e-15   1.122851e-03   1.172393e-18   1907730
  1.883115e+00   1.001254e-15   1.120697e-03   1.160972e-18   1912154
  1.886997e+00   9.979022e-16   1.121764e-03   1.157526e-18   1923216
  1.890888e+00   9.877739e-16   1.124326e-03   1.145267e-18   1936562
  1.894776e+00   9.808489e-16   1.119734e-03   1.141698e-18   1936862
  1.898663e+00   9.732268e-16   1.122747e-03   1.134371e-18   1950114
  1.902549e+00   9.654481e-16   1.121089e-03   1.123494e-18   1953306
  1.906439e+00   9.563584e-16   1.125982e-03   1.110290e-18   1968806
  1.910327e+00   9.499600e-16   1.121186e-03   1.107060e-18   1968818
  1.914211e+00   9.405427e-16   1.121720e-03   1.094962e-18   1980624
  1.918097e+00   9.378075e-16   1.118800e-03   1.096782e-18   1985034
  1.921980e+00   9.286593e-16   1.120281e-03   1.084229e-18   1995242
  1.925870e+00   9.233848e-16   1.123830e-03   1.079865e-18   2007742
  1.929759e+00   9.171527e-16   1.121495e-03   1.075807e-18   2010538
  1.933641e+00   9.109305e-16   1.121298e-03   1.065318e-18   2017390
  1.937531e+00   9.019779e-16   1.126602e-03   1.052264e-18   2034346
  1.941413e+00   8.938727e-16   1.117450e-03   1.049238e-18   2025498
  1.945299e+00   8.886702e-16   1.127850e-03   1.041428e-18   2055248
  1.949189e+00   8.844932e-16   1.116586e-03   1.042255e-18   2045090
  1.953070e+00   8.762669e-16   1.121603e-03   1.028167e-18   2062074
  1.956959e+00   8.698328e-16   1.122727e-03   1.022218e-18   2070190
  1.960848e+00   8.631638e-16   1.123891e-03   1.017165e-18   2079226
  1.964734e+00   8.568401e-16   1.122069e-03   1.014715e-18   2083990
  1.968623e+00   8.516272e-16   1.124515e-03   1.002995e-18   2097898
  1.972507e+00   8.455841e-16   1.118548e-03   1.002507e-18   2095452
  1.976394e+00   8.407000e-16   1.124843e-03   9.960161e-19   2117390
  1.980286e+00   8.340127e-16   1.119656e-03   9.854986e-19   2117066
  1.984162e+00   8.282783e-16   1.115140e-03   9.830191e-19   2117238
  1.988045e+00   8.221486e-16   1.124414e-03   9.720661e-19   2140026
  1.991938e+00   8.142266e-16   1.125139e-03   9.635848e-19   2147234
  1.995825e+00   8.115702e-16   1.122378e-03   9.670386e-19   2150118
  1.999710e+00   8.049828e-16   1.122400e-03   9.597894e-19   2160386
  2.003596e+00   8.002448e-16   1.121122e-03   9.536926e-19   2168256
  2.007488e+00   7.958016e-16   1.124409e-03   9.501526e-19   2183306
  2.011378e+00   7.913959e-16   1.120925e-03   9.454741e-19   2184642
  2.015262e+00   7.853167e-16   1.120511e-03   9.391052e-19   2192318
  2.019141e+00   7.813846e-16   1.118713e-03   9.356368e-19   2196066
  2.023031e+00   7.729142e-16   1.127541e-03   9.234243e-19   2220890
  2.026922e+00   7.687226e-16   1.121128e-03   9.206508e-19   2215758
  2.030810e+00   7.641326e-16   1.124804e-03   9.125309e-19   2233988
  2.034697e+00   7.602743e-16   1.118045e-03   9.158877e-19   2231670
  2.038579e+00   7.567916e-16   1.119728e-03   9.109998e-19   2244338
  2.042469e+00   7.499749e-16   1.123477e-03   9.052321e-19   2258610
  2.046358e+00   7.452752e-16   1.121050e-03   9.020975e-19   2260718
  2.050240e+00   7.413509e-16   1.120914e-03   8.970574e-19   2268162
  2.054123e+00   7.360692e-16   1.121571e-03   8.892748e-19   2277494
  2.058008e+00   7.295897e-16   1.123134e-03   8.846833e-19   2288796
  2.061901e+00   7.293766e-16   1.126253e-03   8.870953e-19   2305226
  2.065791e+00   7.249360e-16   1.119672e-03   8.816834e-19   2301630
  2.069679e+00   7.206726e-16   1.123731e-03   8.782662e-19   2319770
  2.073565e+00   7.144498e-16   1.118309e-03   8.725443e-19   2315610
  2.077447e+00   7.102013e-16   1.124236e-03   8.647490e-19   2334662
  2.081332e+00   7.044508e-16   1.120785e-03   8.592816e-19   2335722
  2.085219e+00   6.988149e-16   1.124829e-03   8.518775e-19   2354102
  2.089107e+00   6.969522e-16   1.120313e-03   8.552443e-19   2355156
  2.092998e+00   6.943926e-16   1.124614e-03   8.496951e-19   2374250
  2.096888e+00   6.896928e-16   1.120068e-03   8.507534e-19   2373102
  2.100776e+00   6.844793e-16   1.122758e-03   8.416338e-19   2388194
  2.104658e+00   6.818696e-16   1.116928e-03   8.415885e-19   2383470
  2.108539e+00   6.764444e-16   1.123618e-03   8.327228e-19   2404994
  2.112426e+00   6.736245e-16   1.121916e-03   8.334594e-19   2408538
  2.116308e+00   6.691814e-16   1.121742e-03   8.333223e-19   2417744
  2.120198e+00   6.653158e-16   1.124446e-03   8.259378e-19   2434578
  2.124090e+00   6.621903e-16   1.121710e-03   8.209697e-19   2438414
  2.127979e+00   6.592914e-16   1.122410e-03   8.216236e-19   2448066
  2.131867e+00   6.556363e-16   1.122662e-03   8.206438e-19   2456018
  2.135751e+00   6.512218e-16   1.121406e-03   8.126465e-19   2461230
  2.139636e+00   6.475157e-16   1.122653e-03   8.100149e-19   2474330
  2.143519e+00   6.440365e-16   1.119652e-03   8.097552e-19   2476498
  2.147405e+00   6.418080e-16   1.124366e-03   8.061984e-19   2497240
  2.151298e+00   6.379669e-16   1.122529e-03   8.023593e-19   2502930
  2.155185e+00   6.344050e-16   1.120390e-03   7.990174e-19   2508470
  2.159072e+00   6.321652e-16   1.121001e-03   7.977139e-19   2518482
  2.162961e+00   6.280346e-16   1.123829e-03   7.963568e-19   2532074
  2.166844e+00   6.250942e-16   1.118275e-03   7.931197e-19   2526678
  2.170724e+00   6.207147e-16   1.124045e-03   7.890647e-19   2549018
  2.174611e+00   6.190352e-16   1.120040e-03   7.882193e-19   2551704
  2.178497e+00   6.179689e-16   1.122028e-03   7.871281e-19   2566226
  2.182386e+00   6.162371e-16   1.122230e-03   7.907217e-19   2573898
  2.186278e+00   6.116061e-16   1.124844e-03   7.864557e-19   2589182
  2.190164e+00   6.085291e-16   1.119195e-03   7.813653e-19   2584890
  2.194049e+00   6.058808e-16   1.124371e-03   7.790071e-19   2605190
  2.197936e+00   6.013523e-16   1.121682e-03   7.735669e-19   2606418
  2.201821e+00   5.995371e-16   1.123741e-03   7.752322e-19   2621186
  2.205707e+00   5.983677e-16   1.120704e-03   7.757358e-19   2626608
  2.209592e+00   5.958413e-16   1.119995e-03   7.773279e-19   2636714
  2.213479e+00   5.930757e-16   1.121274e-03   7.729068e-19   2647482
  2.217374e+00   5.893065e-16   1.127022e-03   7.663833e-19   2668382
  2.221265e+00   5.865033e-16   1.120175e-03   7.690791e-19   2660418
  2.225149e+00   5.844924e-16   1.122869e-03   7.674492e-19   2676662
  2.229029e+00   5.807222e-16   1.117920e-03   7.621904e-19   2674210
  2.232911e+00   5.796547e-16   1.123157e-03   7.645399e-19   2697076
  2.236800e+00   5.807295e-16   1.121599e-03   7.694466e-19   2703558
  2.240687e+00   5.758855e-16   1.121191e-03   7.639317e-19   2713250
  2.244572e+00   5.760514e-16   1.119243e-03   7.653448e-19   2717718
  2.248464e+00   5.713149e-16   1.127021e-03   7.592808e-19   2743178
  2.252353e+00   5.695296e-16   1.120305e-03   7.588670e-19   2732730
  2.256238e+00   5.673118e-16   1.126187e-03   7.549531e-19   2758022
  2.260125e+00   5.638472e-16   1.119041e-03   7.547279e-19   2751994
  2.264006e+00   5.632730e-16   1.121171e-03   7.577297e-19   2769052
  2.267895e+00   5.627666e-16   1.122842e-03   7.597154e-19   2783062
  2.271785e+00   5.604530e-16   1.121645e-03   7.582159e-19   2789362
  2.275674e+00   5.592990e-16   1.121981e-03   7.590176e-19   2799582
  2.279564e+00   5.594487e-16   1.123236e-03   7.618762e-19   2811170
  2.283450e+00   5.568924e-16   1.121033e-03   7.614336e-19   2812658
  2.287338e+00   5.530098e-16   1.125793e-03   7.549268e-19   2833302
  2.291222e+00   5.523684e-16   1.118388e-03   7.595830e-19   2827420
  2.295104e+00   5.506339e-16   1.121018e-03   7.577601e-19   2846710
  2.298989e+00   5.400676e-16   1.120692e-03   7.410698e-19   2846535
  2.302873e+00   5.210491e-16   1.122997e-03   7.052533e-19   2848496
  2.306761e+00   5.014848e-16   1.122225e-03   6.743820e-19   2841084
  2.310652e+00   4.838192e-16   1.124928e-03   6.390511e-19   2843480
  2.314540e+00   4.667918e-16   1.120270e-03   6.119320e-19   2826624
  2.318424e+00   4.507370e-16   1.123352e-03   5.848170e-19   2828732
  2.322310e+00   4.336688e-16   1.121451e-03   5.555804e-19   2819296
  2.326197e+00   4.181177e-16   1.122811e-03   5.295863e-19   2819548
  2.330081e+00   4.046023e-16   1.118959e-03   5.084806e-19   2805192
  2.333967e+00   3.903540e-16   1.123463e-03   4.836592e-19   2811104
  2.337856e+00   3.781115e-16   1.121717e-03   4.635535e-19   2800672
  2.341743e+00   3.656302e-16   1.122654e-03   4.452441e-19   2798080
  2.345628e+00   3.531692e-16   1.120248e-03   4.260742e-19   2786976
  2.349516e+00   3.417663e-16   1.123594e-03   4.050979e-19   2791016
  2.353406e+00   3.314158e-16   1.121382e-03   3.894458e-19   2779360
  2.357287e+00   3.223135e-16   1.119573e-03   3.763168e-19   2768644
  2.361169e+00   3.122904e-16   1.122534e-03   3.609672e-19   2771192
  2.365058e+00   3.032274e-16   1.121875e-03   3.474743e-19   2765028
  2.368946e+00   2.933991e-16   1.122751e-03   3.317670e-19   2760864
  2.372840e+00   2.854426e-16   1.125689e-03   3.198428e-19   2761616
  2.376724e+00   2.773427e-16   1.118525e-03   3.090926e-19   2737932
  2.380610e+00   2.686535e-16   1.125904e-03   2.946080e-19   2752280
  2.384498e+00   2.620104e-16   1.118464e-03   2.858883e-19   2728764
  2.388382e+00   2.544482e-16   1.123937e-03   2.749766e-19   2736368
  2.392268e+00   2.478983e-16   1.119459e-03   2.664462e-19   2719952
  2.396155e+00   2.418695e-16   1.124236e-03   2.573736e-19   2727120
  2.400042e+00   2.353419e-16   1.118614e-03   2.489277e-19   2708400
  2.403932e+00   2.288648e-16   1.125719e-03   2.391621e-19   2718536
  2.407818e+00   2.224861e-16   1.118504e-03   2.318336e-19   2694300
  2.411707e+00   2.174942e-16   1.126793e-03   2.241398e-19   2709440
  2.415596e+00   2.124894e-16   1.117787e-03   2.174038e-19   2682108
  2.419475e+00   2.063292e-16   1.121308e-03   2.091457e-19   2684912
  2.423360e+00   2.019175e-16   1.121998e-03   2.036845e-19   2678868
  2.427246e+00   1.969879e-16   1.122668e-03   1.974341e-19   2674772
  2.431135e+00   1.923848e-16   1.123033e-03   1.907814e-19   2670120
  2.435021e+00   1.879186e-16   1.120804e-03   1.850131e-19   2659532
  2.438909e+00   1.834303e-16   1.123713e-03   1.794769e-19   2659704
  2.442801e+00   1.792269e-16   1.124617e-03   1.742216e-19   2654348
  2.446687e+00   1.751953e-16   1.121000e-03   1.690581e-19   2640276
  2.450572e+00   1.707763e-16   1.121992e-03   1.635233e-19   2638700
  2.454457e+00   1.678073e-16   1.120074e-03   1.601161e-19   2628244
  2.458344e+00   1.638252e-16   1.124115e-03   1.549217e-19   2630920
  2.462234e+00   1.602930e-16   1.121877e-03   1.512124e-19   2618904
  2.466118e+00   1.568227e-16   1.120448e-03   1.468255e-19   2610932
  2.470005e+00   1.534200e-16   1.121951e-03   1.425826e-19   2608464
  2.473895e+00   1.503036e-16   1.123139e-03   1.391117e-19   2603708
  2.477779e+00   1.470615e-16   1.119694e-03   1.356863e-19   2588012
  2.481660e+00   1.440080e-16   1.122196e-03   1.316599e-19   2588364
  2.485545e+00   1.412406e-16   1.120384e-03   1.284739e-19   2579076
  2.489430e+00   1.383427e-16   1.121132e-03   1.250644e-19   2574152
  2.493314e+00   1.353957e-16   1.121505e-03   1.217846e-19   2566812
  2.497207e+00   1.329412e-16   1.127061e-03   1.191044e-19   2573732
  2.501098e+00   1.306541e-16   1.119524e-03   1.167379e-19   2550568
  2.504983e+00   1.280931e-16   1.123035e-03   1.138098e-19   2552068
  2.508870e+00   1.253360e-16   1.121138e-03   1.107488e-19   2539620
  2.512757e+00   1.233105e-16   1.124635e-03   1.082216e-19   2540936
  2.516646e+00   1.211911e-16   1.121040e-03   1.063007e-19   2528032
  2.520531e+00   1.187614e-16   1.120365e-03   1.039147e-19   2521480
  2.524419e+00   1.166681e-16   1.122347e-03   1.014798e-19   2517980
  2.528309e+00   1.145906e-16   1.123011e-03   9.953908e-20   2511744
  2.532195e+00   1.125122e-16   1.120855e-03   9.727372e-20   2500140
  2.536081e+00   1.103150e-16   1.121926e-03   9.523369e-20   2496980
  2.539968e+00   1.086799e-16   1.121125e-03   9.335210e-20   2486924
  2.543856e+00   1.066811e-16   1.124762e-03   9.113945e-20   2487000
  2.547743e+00   1.048358e-16   1.120210e-03   8.957872e-20   2469840
  2.551626e+00   1.029877e-16   1.122637e-03   8.730712e-20   2469656
  2.555511e+00   1.013211e-16   1.119469e-03   8.578744e-20   2456844
  2.559401e+00   9.997617e-17   1.125965e-03   8.444818e-20   2462876
  2.563290e+00   9.800874e-17   1.120472e-03   8.246605e-20   2442136
  2.567174e+00   9.642885e-17   1.123165e-03   8.095937e-20   2441944
  2.571061e+00   9.479565e-17   1.120769e-03   7.918148e-20   2430508
  2.574945e+00   9.341237e-17   1.121157e-03   7.798426e-20   2424352
  2.578832e+00   9.194374e-17   1.123693e-03   7.648628e-20   2421264
  2.582722e+00   9.031684e-17   1.122895e-03   7.506734e-20   2413064
  2.586608e+00   8.900362e-17   1.120676e-03   7.384941e-20   2401572
  2.590492e+00   8.774238e-17   1.121724e-03   7.270843e-20   2397284
  2.594379e+00   8.633888e-17   1.121499e-03   7.162311e-20   2388336
  2.598268e+00   8.512559e-17   1.124943e-03   7.012438e-20   2387204
  2.602153e+00   8.370218e-17   1.119280e-03   6.904420e-20   2368644
  2.606033e+00   8.264338e-17   1.120613e-03   6.808195e-20   2365400
  2.609918e+00   8.133808e-17   1.121690e-03   6.672481e-20   2360072
  2.613808e+00   8.025661e-17   1.123660e-03   6.586395e-20   2356464
  2.617696e+00   7.909192e-17   1.121214e-03   6.501446e-20   2343240
  2.621583e+00   7.792865e-17   1.122605e-03   6.378944e-20   2340248
  2.625468e+00   7.676438e-17   1.118824e-03   6.292961e-20   2325000
  2.629355e+00   7.562841e-17   1.124959e-03   6.158739e-20   2328632
  2.633245e+00   7.477484e-17   1.121910e-03   6.120236e-20   2313220
  2.637134e+00   7.371149e-17   1.124095e-03   5.980187e-20   2310772
  2.641020e+00   7.258680e-17   1.119781e-03   5.917716e-20   2295420
  2.644905e+00   7.165077e-17   1.122584e-03   5.840546e-20   2293592
  2.648791e+00   7.076839e-17   1.120952e-03   5.765571e-20   2281384
  2.652683e+00   6.968933e-17   1.126704e-03   5.658033e-20   2285776
  2.656570e+00   6.893397e-17   1.117325e-03   5.613169e-20   2259408
  2.660455e+00   6.789442e-17   1.124314e-03   5.505793e-20   2266808
  2.664344e+00   6.721312e-17   1.120389e-03   5.479005e-20   2248836
  2.668227e+00   6.609582e-17   1.123045e-03   5.380845e-20   2245244
  2.672111e+00   6.538488e-17   1.120801e-03   5.323024e-20   2233908
  2.675998e+00   6.441100e-17   1.122974e-03   5.232645e-20   2231660
  2.679886e+00   6.385592e-17   1.120422e-03   5.198617e-20   2218544
  2.683775e+00   6.286508e-17   1.124792e-03   5.100555e-20   2218176
  2.687664e+00   6.225333e-17   1.121286e-03   5.068852e-20   2202900
  2.691550e+00   6.147379e-17   1.121747e-03   5.001903e-20   2197472
  2.695433e+00   6.079063e-17   1.118354e-03   4.968897e-20   2181960
  2.699317e+00   6.006064e-17   1.124130e-03   4.897678e-20   2183696
  2.703207e+00   5.915831e-17   1.123719e-03   4.827123e-20   2173416
  2.707096e+00   5.844489e-17   1.122917e-03   4.765452e-20   2165444
  2.710982e+00   5.788181e-17   1.119761e-03   4.723244e-20   2152688
  2.714867e+00   5.717077e-17   1.121777e-03   4.685639e-20   2147628
  2.718754e+00   5.649860e-17   1.122335e-03   4.625379e-20   2139012
  2.722646e+00   5.593342e-17   1.125226e-03   4.593055e-20   2136008
  2.726525e+00   5.518718e-17   1.114594e-03   4.550839e-20   2108656
  2.730404e+00   5.455697e-17   1.123744e-03   4.490367e-20   2117896
  2.734296e+00   5.412841e-17   1.123450e-03   4.457668e-20   2106260
  2.738185e+00   5.335501e-17   1.123855e-03   4.403621e-20   2099088
  2.742075e+00   5.284991e-17   1.121974e-03   4.361397e-20   2088432
  2.745961e+00   5.228172e-17   1.120471e-03   4.329963e-20   2078432
  2.749845e+00   5.177411e-17   1.120708e-03   4.294874e-20   2069048
  2.753732e+00   5.107701e-17   1.123831e-03   4.243210e-20   2064804
  2.757623e+00   5.065750e-17   1.123568e-03   4.214377e-20   2055644
  2.761510e+00   5.008215e-17   1.120700e-03   4.177717e-20   2043000
  2.765392e+00   4.963522e-17   1.120067e-03   4.156629e-20   2032348
  2.769281e+00   4.917950e-17   1.126495e-03   4.114692e-20   2034064
  2.773172e+00   4.859558e-17   1.122211e-03   4.085986e-20   2017740
  2.777059e+00   4.805753e-17   1.121480e-03   4.047715e-20   2010188
  2.780942e+00   4.758085e-17   1.118751e-03   4.017537e-20   1996556
  2.784826e+00   4.714261e-17   1.122456e-03   3.983689e-20   1992816
  2.788712e+00   4.677869e-17   1.122411e-03   3.969609e-20   1982400
  2.792596e+00   4.621196e-17   1.121262e-03   3.944956e-20   1972256
  2.796480e+00   4.578361e-17   1.121000e-03   3.905420e-20   1964384
  2.800370e+00   4.521274e-17   1.122889e-03   3.858801e-20   1958544
  2.804258e+00   4.499639e-17   1.122489e-03   3.850341e-20   1946988
  2.808149e+00   4.439554e-17   1.124629e-03   3.811095e-20   1942532
  2.812034e+00   4.408261e-17   1.117383e-03   3.814576e-20   1921692
  2.815918e+00   4.358586e-17   1.123808e-03   3.770774e-20   1924004
  2.819806e+00   4.330276e-17   1.120365e-03   3.765028e-20   1907344
  2.823695e+00   4.289454e-17   1.126069e-03   3.730181e-20   1907440
  2.827583e+00   4.256395e-17   1.118720e-03   3.722919e-20   1886136
  2.831464e+00   4.211371e-17   1.121920e-03   3.686511e-20   1883144
  2.835353e+00   4.165728e-17   1.122753e-03   3.651777e-20   1874724
  2.839243e+00   4.129717e-17   1.123826e-03   3.647221e-20   1866068
  2.843130e+00   4.093708e-17   1.121455e-03   3.628021e-20   1852980
  2.847017e+00   4.062261e-17   1.122782e-03   3.605832e-20   1847468
  2.850900e+00   4.029621e-17   1.117935e-03   3.594535e-20   1829636
  2.854785e+00   3.987265e-17   1.123959e-03   3.574906e-20   1829688
  2.858675e+00   3.956610e-17   1.122789e-03   3.555717e-20   1817192
  2.862561e+00   3.923009e-17   1.121150e-03   3.549553e-20   1806312
  2.866446e+00   3.895424e-17   1.120289e-03   3.540158e-20   1795984
  2.870334e+00   3.863880e-17   1.123627e-03   3.513233e-20   1791100
  2.874224e+00   3.815963e-17   1.122050e-03   3.486007e-20   1777648
  2.878111e+00   3.794681e-17   1.123043e-03   3.484646e-20   1769848
  2.881996e+00   3.757180e-17   1.119995e-03   3.460806e-20   1756536
  2.885881e+00   3.727644e-17   1.121386e-03   3.446849e-20   1748960
  2.889768e+00   3.704702e-17   1.123014e-03   3.435384e-20   1739952
  2.893658e+00   3.664676e-17   1.124239e-03   3.418702e-20   1732124
  2.897544e+00   3.647207e-17   1.120323e-03   3.414762e-20   1716852
  2.901430e+00   3.609006e-17   1.122735e-03   3.397266e-20   1712276
  2.905319e+00   3.584569e-17   1.121222e-03   3.390806e-20   1698500
  2.909208e+00   3.556273e-17   1.125604e-03   3.377655e-20   1693932
  2.913093e+00   3.529831e-17   1.119232e-03   3.372624e-20   1675204
  2.916975e+00   3.500097e-17   1.121771e-03   3.358376e-20   1670644
  2.920858e+00   3.476887e-17   1.118515e-03   3.355241e-20   1655532
  2.924748e+00   3.448775e-17   1.126990e-03   3.336070e-20   1656860
  2.928637e+00   3.422072e-17   1.119840e-03   3.338871e-20   1635372
  2.932524e+00   3.397548e-17   1.124773e-03   3.325232e-20   1634324
  2.936410e+00   3.370179e-17   1.117372e-03   3.326874e-20   1613676
  2.940295e+00   3.347836e-17   1.124617e-03   3.307810e-20   1613348
  2.944183e+00   3.325147e-17   1.120803e-03   3.315450e-20   1596236
  2.948069e+00   3.300267e-17   1.123999e-03   3.291305e-20   1591476
  2.951956e+00   3.279479e-17   1.119134e-03   3.299723e-20   1575732
  2.955838e+00   3.245212e-17   1.120429e-03   3.289619e-20   1566236
  2.959725e+00   3.227695e-17   1.124724e-03   3.276211e-20   1560292
  2.963618e+00   3.202824e-17   1.124442e-03   3.268799e-20   1550092
  2.967503e+00   3.189545e-17   1.118750e-03   3.290581e-20   1532628
  2.971386e+00   3.149043e-17   1.121507e-03   3.257834e-20   1527332
  2.975274e+00   3.136485e-17   1.121884e-03   3.261118e-20   1515212
  2.979160e+00   3.117503e-17   1.123567e-03   3.256057e-20   1506444
  2.983048e+00   3.087512e-17   1.122261e-03   3.239117e-20   1495116
  2.986928e+00   3.072311e-17   1.117074e-03   3.255745e-20   1479152
  2.990812e+00   3.043978e-17   1.122982e-03   3.230353e-20   1475512
  2.994707e+00   3.031800e-17   1.126591e-03   3.244212e-20   1467820
  2.998598e+00   3.011934e-17   1.121923e-03   3.246944e-20   1451256
  3.002486e+00   2.973590e-17   1.122725e-03   3.220743e-20   1443212
  3.006369e+00   2.962199e-17   1.117256e-03   3.230840e-20   1425680
  3.010254e+00   2.941630e-17   1.124371e-03   3.222160e-20   1422972
  3.014143e+00   2.919364e-17   1.123023e-03   3.217880e-20   1408632
  3.018032e+00   2.898329e-17   1.123941e-03   3.217905e-20   1400984
  3.021918e+00   2.884956e-17   1.117887e-03   3.228937e-20   1383196
  3.025801e+00   2.858811e-17   1.123197e-03   3.221043e-20   1378120
  3.029692e+00   2.842072e-17   1.124450e-03   3.216553e-20   1367272
  3.033584e+00   2.826199e-17   1.124457e-03   3.215910e-20   1356580
  3.037464e+00   2.806340e-17   1.115974e-03   3.225355e-20   1337028
  3.041343e+00   2.780328e-17   1.120802e-03   3.217646e-20   1332500
  3.045230e+00   2.767672e-17   1.122780e-03   3.216738e-20   1321796
  3.049120e+00   2.743129e-17   1.124838e-03   3.217912e-20   1312716
  3.053007e+00   2.726073e-17   1.119942e-03   3.214849e-20   1296580
  3.056896e+00   2.697887e-17   1.124221e-03   3.189690e-20   1291528
  3.060783e+00   2.687609e-17   1.119071e-03   3.226365e-20   1273128
  3.064669e+00   2.667121e-17   1.125633e-03   3.214701e-20   1268720
  3.068560e+00   2.655800e-17   1.122309e-03   3.228312e-20   1254016
  3.072444e+00   2.627540e-17   1.119894e-03   3.231558e-20   1241296
  3.076322e+00   2.611870e-17   1.116955e-03   3.223517e-20   1226712
  3.080211e+00   2.598811e-17   1.128188e-03   3.218996e-20   1226228
  3.084105e+00   2.577906e-17   1.122621e-03   3.238315e-20   1207768
  3.087992e+00   2.550270e-17   1.122433e-03   3.230810e-20   1198336
  3.091874e+00   2.532943e-17   1.117108e-03   3.226009e-20   1181484
  3.095761e+00   2.521895e-17   1.125421e-03   3.236227e-20   1178012
  3.099653e+00   2.506403e-17   1.123268e-03   3.239355e-20   1162564
  3.103535e+00   2.482693e-17   1.120338e-03   3.243324e-20   1149340
  3.107418e+00   2.457537e-17   1.119954e-03   3.227762e-20   1138848
  3.111303e+00   2.430142e-17   1.120192e-03   3.203258e-20   1126748
  3.115189e+00   2.428530e-17   1.123911e-03   3.244529e-20   1117428
  3.119084e+00   2.403738e-17   1.126323e-03   3.231994e-20   1108112
  3.122973e+00   2.374164e-17   1.119549e-03   3.212611e-20   1090596
  3.126857e+00   2.351545e-17   1.120292e-03   3.219989e-20   1081052
  3.130738e+00   2.334263e-17   1.118514e-03   3.231728e-20   1065716
  3.134626e+00   2.331473e-17   1.127732e-03   3.256455e-20   1061940
  3.138518e+00   2.303917e-17   1.121370e-03   3.241522e-20   1044096
  3.142404e+00   2.271434e-17   1.122139e-03   3.229687e-20   1034864
  3.146289e+00   2.244211e-17   1.117591e-03   3.209908e-20   1018308
  3.150179e+00   2.243291e-17   1.129200e-03   3.231659e-20   1014812
  3.154072e+00   2.222799e-17   1.121981e-03   3.246162e-20   996288
  3.157955e+00   2.185505e-17   1.120847e-03   3.229649e-20   985376
  3.161835e+00   2.156196e-17   1.115880e-03   3.204756e-20   969652
  3.165722e+00   2.145896e-17   1.125987e-03   3.209270e-20   964924
  3.169610e+00   2.136040e-17   1.121515e-03   3.226820e-20   947228
  3.173495e+00   2.090917e-17   1.123457e-03   3.174569e-20   939084
  3.177381e+00   2.066527e-17   1.116472e-03   3.176242e-20   921864
  3.181265e+00   2.045886e-17   1.123502e-03   3.170582e-20   914252
  3.185159e+00   2.034407e-17   1.126304e-03   3.185453e-20   902572
  3.189050e+00   1.997767e-17   1.123145e-03   3.175036e-20   888784
  3.192932e+00   1.967226e-17   1.116224e-03   3.122979e-20   872540
  3.196811e+00   1.932541e-17   1.120157e-03   3.095672e-20   862848
  3.200697e+00   1.931656e-17   1.124093e-03   3.130936e-20   851760
  3.204592e+00   1.896271e-17   1.127172e-03   3.098414e-20   841940
  3.208479e+00   1.857878e-17   1.117661e-03   3.062298e-20   823032
  3.212364e+00   1.820463e-17   1.123934e-03   2.999744e-20   816044
  3.216253e+00   1.804343e-17   1.120364e-03   3.018852e-20   799292
  3.220140e+00   1.765567e-17   1.126784e-03   2.951143e-20   791304
  3.224026e+00   1.732406e-17   1.117490e-03   2.940474e-20   772868
  3.227902e+00   1.694659e-17   1.119936e-03   2.853042e-20   762552
  3.231787e+00   1.659780e-17   1.121745e-03   2.814345e-20   750876
  3.235677e+00   1.641260e-17   1.123999e-03   2.822611e-20   739280
  3.239565e+00   1.588257e-17   1.121784e-03   2.708413e-20   724944
  3.243456e+00   1.542692e-17   1.124267e-03   2.634213e-20   714380
  3.247336e+00   1.511093e-17   1.116046e-03   2.554923e-20   695932
  3.251222e+00   1.476749e-17   1.126879e-03   2.475482e-20   690949
  3.255114e+00   1.434549e-17   1.118914e-03   2.396378e-20   673638
  3.258999e+00   1.394961e-17   1.124434e-03   2.315035e-20   666092
  3.262883e+00   1.376039e-17   1.117312e-03   2.269921e-20   651024
  3.266766e+00   1.350608e-17   1.124054e-03   2.249687e-20   644804
  3.270656e+00   1.328787e-17   1.121035e-03   2.186335e-20   632676
  3.274546e+00   1.297748e-17   1.125434e-03   2.120478e-20   624962
  3.278430e+00   1.277271e-17   1.118496e-03   2.089468e-20   611280
  3.282321e+00   1.258371e-17   1.127391e-03   2.056617e-20   607256
  3.286211e+00   1.236365e-17   1.118374e-03   2.029140e-20   592616
  3.290095e+00   1.218061e-17   1.124430e-03   1.986408e-20   587160
  3.293983e+00   1.197187e-17   1.120749e-03   1.947830e-20   575482
  3.297866e+00   1.184976e-17   1.122505e-03   1.941035e-20   568258
  3.301757e+00   1.165444e-17   1.122731e-03   1.890069e-20   559638
  3.305647e+00   1.153480e-17   1.123210e-03   1.887346e-20   551498
  3.309536e+00   1.135129e-17   1.121790e-03   1.841597e-20   542364
  3.313423e+00   1.114952e-17   1.122328e-03   1.813975e-20   534146
  3.317305e+00   1.111312e-17   1.119988e-03   1.826283e-20   524980
  3.321196e+00   1.094815e-17   1.125222e-03   1.796108e-20   519964
  3.325077e+00   1.073490e-17   1.115886e-03   1.766888e-20   507108
  3.328962e+00   1.057546e-17   1.126905e-03   1.739141e-20   504992
  3.332852e+00   1.050568e-17   1.118656e-03   1.731478e-20   492948
  3.336740e+00   1.032969e-17   1.127360e-03   1.704529e-20   489740
  3.340629e+00   1.031878e-17   1.117346e-03   1.713308e-20   477716
  3.344511e+00   1.018687e-17   1.124864e-03   1.691098e-20   473844
  3.348399e+00   1.006633e-17   1.119228e-03   1.671970e-20   464222
  3.352284e+00   9.894432e-18   1.123815e-03   1.648531e-20   459048
  3.356167e+00   9.872157e-18   1.117888e-03   1.651817e-20   449574
  3.360054e+00   9.687615e-18   1.125019e-03   1.625179e-20   445820
  3.363936e+00   9.625830e-18   1.116211e-03   1.612266e-20   435158
  3.367827e+00   9.568161e-18   1.127850e-03   1.613222e-20   433566
  3.371713e+00   9.418181e-18   1.114763e-03   1.595939e-20   421014
  3.375597e+00   9.411151e-18   1.127754e-03   1.600834e-20   419996
  3.379490e+00   9.305946e-18   1.118287e-03   1.602898e-20   409482
  3.383368e+00   9.132640e-18   1.121665e-03   1.561649e-20   404414
  3.387257e+00   9.152008e-18   1.122567e-03   1.586801e-20   398518
  3.391148e+00   8.991477e-18   1.123750e-03   1.549221e-20   392302
  3.395033e+00   8.974272e-18   1.121765e-03   1.564066e-20   385318
  3.398930e+00   8.894570e-18   1.127631e-03   1.549453e-20   381718
  3.402811e+00   8.771595e-18   1.114511e-03   1.552281e-20   370674
  3.406696e+00   8.736817e-18   1.128673e-03   1.536517e-20   370166
  3.410587e+00   8.646656e-18   1.117032e-03   1.534710e-20   359838
  3.414471e+00   8.625597e-18   1.126612e-03   1.545392e-20   357488
  3.418356e+00   8.567546e-18   1.115416e-03   1.539283e-20   348174
  3.422239e+00   8.433431e-18   1.126138e-03   1.514809e-20   346010
  3.426123e+00   8.414129e-18   1.115666e-03   1.544681e-20   336966
  3.430017e+00   8.318686e-18   1.131496e-03   1.507527e-20   336488
  3.433906e+00   8.282688e-18   1.113178e-03   1.529955e-20   325206
  3.437790e+00   8.243725e-18   1.128394e-03   1.517074e-20   324614
  3.441675e+00   8.217973e-18   1.113950e-03   1.535760e-20   314792
  3.445561e+00   8.108390e-18   1.129033e-03   1.513744e-20   314082
  3.449445e+00   8.081717e-18   1.112843e-03   1.529107e-20   303918
  3.453329e+00   8.039218e-18   1.130230e-03   1.518415e-20   303872
  3.457223e+00   7.970891e-18   1.118237e-03   1.524180e-20   295070
  3.461110e+00   7.904232e-18   1.127117e-03   1.511811e-20   292776
  3.464999e+00   7.897159e-18   1.118155e-03   1.530041e-20   285198
  3.468882e+00   7.857113e-18   1.124173e-03   1.534783e-20   282068
  3.472770e+00   7.818667e-18   1.120642e-03   1.536771e-20   276094
  3.476654e+00   7.714598e-18   1.121770e-03   1.532366e-20   271936
  3.480537e+00   7.704940e-18   1.119604e-03   1.532119e-20   266352
  3.484425e+00   7.652326e-18   1.124273e-03   1.520575e-20   263198
  3.488309e+00   7.608966e-18   1.117087e-03   1.552043e-20   256540
  3.492199e+00   7.599038e-18   1.128018e-03   1.543553e-20   254758
  3.496085e+00   7.530236e-18   1.114575e-03   1.547053e-20   246888
  3.499973e+00   7.506102e-18   1.129431e-03   1.557122e-20   245984
  3.503859e+00   7.488746e-18   1.113747e-03   1.569743e-20   237838
  3.507743e+00   7.432117e-18   1.128624e-03   1.555633e-20   236932
  3.511628e+00   7.424973e-18   1.114686e-03   1.581119e-20   229296
  3.515519e+00   7.407118e-18   1.132107e-03   1.586603e-20   228968
  3.519410e+00   7.354229e-18   1.115334e-03   1.591529e-20   220862
  3.523299e+00   7.319947e-18   1.132320e-03   1.585404e-20   220440
  3.527188e+00   7.288119e-18   1.113877e-03   1.608206e-20   212400
  3.531075e+00   7.245589e-18   1.132596e-03   1.612687e-20   212228
  3.534965e+00   7.252564e-18   1.113928e-03   1.627380e-20   204518
  3.538852e+00   7.223738e-18   1.130227e-03   1.627472e-20   203928
  3.542735e+00   7.190811e-18   1.110921e-03   1.642982e-20   196280
  3.546619e+00   7.157548e-18   1.130361e-03   1.643997e-20   196272
  3.550503e+00   7.133225e-18   1.110008e-03   1.667839e-20   188572
  3.554385e+00   7.101681e-18   1.129045e-03   1.647874e-20   188440
  3.558272e+00   7.124637e-18   1.112527e-03   1.694774e-20   181574
  3.562156e+00   7.070317e-18   1.129325e-03   1.681286e-20   180912
  3.566042e+00   7.039890e-18   1.112617e-03   1.698618e-20   174304
  3.569927e+00   7.001855e-18   1.129933e-03   1.702332e-20   173620
  3.573814e+00   7.034670e-18   1.114477e-03   1.733839e-20   167424
  3.577707e+00   7.025744e-18   1.132693e-03   1.740259e-20   166952
  3.581590e+00   6.938030e-18   1.109406e-03   1.735289e-20   159744
  3.585479e+00   6.967639e-18   1.134885e-03   1.755954e-20   160424
  3.589363e+00   6.973106e-18   1.107308e-03   1.799706e-20   152748
  3.593250e+00   6.920021e-18   1.136784e-03   1.768556e-20   153920
  3.597136e+00   6.929674e-18   1.105473e-03   1.828884e-20   146016
  3.601018e+00   6.870103e-18   1.136208e-03   1.794267e-20   147176
  3.604907e+00   6.879781e-18   1.107710e-03   1.849799e-20   139992
  3.608791e+00   6.894900e-18   1.135264e-03   1.849035e-20   140588
  3.612682e+00   6.862403e-18   1.111007e-03   1.879526e-20   134184
  3.616571e+00   6.848346e-18   1.134121e-03   1.882281e-20   134192
  3.620457e+00   6.876454e-18   1.110077e-03   1.922862e-20   127992
  3.624344e+00   6.849205e-18   1.133946e-03   1.930406e-20   128132
  3.628235e+00   6.824239e-18   1.112933e-03   1.958529e-20   122384
  3.632120e+00   6.789885e-18   1.130787e-03   1.957266e-20   121896
  3.636006e+00   6.792667e-18   1.111987e-03   1.990238e-20   116592
  3.639888e+00   6.813934e-18   1.130031e-03   2.005514e-20   116072
  3.643776e+00   6.775286e-18   1.113281e-03   2.045172e-20   111196
  3.647666e+00   6.795329e-18   1.133982e-03   2.027744e-20   110824
  3.651553e+00   6.732621e-18   1.109351e-03   2.080779e-20   105456
  3.655445e+00   6.802399e-18   1.137911e-03   2.099265e-20   105746
  3.659331e+00   6.769737e-18   1.104570e-03   2.163985e-20   99816
  3.663217e+00   6.760927e-18   1.137630e-03   2.122283e-20   100460
  3.667098e+00   6.767908e-18   1.103186e-03   2.203653e-20   94616
  3.670986e+00   6.729160e-18   1.138482e-03   2.172323e-20   95448
  3.674871e+00   6.745572e-18   1.104767e-03   2.235430e-20   89784
  3.678762e+00   6.748911e-18   1.138753e-03   2.227910e-20   90536
  3.682640e+00   6.702287e-18   1.098833e-03   2.339129e-20   84566
  3.686528e+00   6.714012e-18   1.143171e-03   2.280906e-20   86088
  3.690411e+00   6.784205e-18   1.094501e-03   2.400132e-20   79680
  3.694290e+00   6.764450e-18   1.143460e-03   2.354805e-20   81368
  3.698177e+00   6.725849e-18   1.096007e-03   2.463785e-20   75356
  3.702056e+00   6.742447e-18   1.143156e-03   2.426425e-20   76704
  3.705948e+00   6.741303e-18   1.100016e-03   2.508853e-20   71322
  3.709834e+00   6.748904e-18   1.143672e-03   2.500546e-20   72248
  3.713724e+00   6.749951e-18   1.099908e-03   2.603098e-20   67160
  3.717610e+00   6.721870e-18   1.141543e-03   2.585732e-20   67836
  3.721489e+00   6.760230e-18   1.096984e-03   2.710974e-20   62976
  3.725379e+00   6.793162e-18   1.144398e-03   2.709672e-20   63914
  3.729253e+00   6.665414e-18   1.092761e-03   2.727227e-20   58832
  3.733144e+00   6.755939e-18   1.147084e-03   2.764651e-20   60108
  3.737017e+00   6.762744e-18   1.090205e-03   2.891756e-20   54920
  3.740928e+00   6.709358e-18   1.160099e-03   2.826203e-20   56970
  3.744809e+00   6.729139e-18   1.078913e-03   2.972858e-20   50760
  3.748701e+00   6.774129e-18   1.161348e-03   2.894740e-20   53312
  3.752584e+00   6.716613e-18   1.074836e-03   3.074247e-20   47164
  3.756472e+00   6.752833e-18   1.163802e-03   3.037345e-20   49810
  3.760356e+00   6.799825e-18   1.069365e-03   3.244422e-20   43680
  3.764234e+00   6.796870e-18   1.164818e-03   3.164445e-20   46328
  3.768129e+00   6.738066e-18   1.073902e-03   3.318269e-20   40694
  3.772013e+00   6.715666e-18   1.167140e-03   3.269850e-20   42984
  3.775913e+00   6.810059e-18   1.073587e-03   3.499133e-20   37656
  3.779787e+00   6.742365e-18   1.164236e-03   3.431916e-20   39578
  3.783688e+00   6.744675e-18   1.077878e-03   3.621675e-20   34920
  3.787564e+00   6.737222e-18   1.160065e-03   3.522209e-20   36308
  3.791451e+00   6.819444e-18   1.076316e-03   3.767558e-20   32136
  3.795334e+00   6.780558e-18   1.159401e-03   3.726024e-20   33362
  3.799207e+00   6.838748e-18   1.069739e-03   3.985364e-20   29336
  3.803104e+00   6.806373e-18   1.167435e-03   3.884932e-20   30804
  3.806966e+00   6.844103e-18   1.055228e-03   4.130319e-20   26490
  3.810870e+00   6.780362e-18   1.176653e-03   3.987121e-20   28376
  3.814719e+00   6.846132e-18   1.039734e-03   4.433149e-20   23784
  3.818636e+00   6.872819e-18   1.189627e-03   4.227538e-20   26150
  3.822479e+00   6.836578e-18   1.021588e-03   4.618931e-20   21192
  3.826407e+00   6.817095e-18   1.204804e-03   4.363479e-20   24050
  3.830252e+00   6.898642e-18   1.002280e-03   5.029496e-20   18768
  3.834191e+00   6.881436e-18   1.221518e-03   4.717170e-20   22052
  3.838029e+00   6.880245e-18   9.660660e-04   5.395744e-20   16346
  3.841962e+00   6.967014e-18   1.236558e-03   4.986882e-20   20136
  3.845802e+00   6.994849e-18   9.274195e-04   5.920699e-20   14160
  3.849721e+00   6.874910e-18   1.247069e-03   5.122528e-20   18218
  3.853565e+00   7.135504e-18   8.859468e-04   6.447284e-20   12204
  3.857470e+00   6.864145e-18   1.256334e-03   5.392557e-20   16346
  3.861333e+00   6.990797e-18   8.562781e-04   6.718740e-20   10536
  3.865221e+00   6.909108e-18   1.261091e-03   5.630220e-20   14456
  3.869081e+00   6.930738e-18   8.165112e-04   7.211894e-20   8990
  3.872967e+00   6.871713e-18   1.270385e-03   6.191530e-20   12744
  3.876815e+00   6.929889e-18   7.482517e-04   7.874994e-20   7506
  3.880703e+00   7.040477e-18   1.282849e-03   6.542296e-20   11192
  3.884545e+00   6.962324e-18   6.569471e-04   8.986686e-20   6156
  3.888432e+00   7.164918e-18   1.294599e-03   7.182388e-20   9722
  3.892281e+00   6.841187e-18   5.567157e-04   9.578655e-20   4992
  3.896158e+00   7.166630e-18   1.304505e-03   7.876370e-20   8306
  3.900025e+00   6.943334e-18   4.384033e-04   1.065347e-19   3996
  3.903878e+00   7.001093e-18   1.309274e-03   8.386581e-20   6938
  3.907766e+00   7.319388e-18   3.047624e-04   1.289508e-19   3168
  3.911584e+00   7.103972e-18   1.304853e-03   9.581633e-20   5624
  3.915485e+00   6.933208e-18   2.103226e-04   1.370213e-19   2502
  3.919286e+00   7.063427e-18   1.297747e-03   1.079760e-19   4424
  3.923208e+00   7.205429e-18   2.230451e-04   1.589367e-19   1946
  3.926998e+00   7.460426e-18   1.292790e-03   1.307426e-19   3360
  3.930918e+00   7.640530e-18   1.221617e-04   2.010922e-19   1446
  3.934708e+00   7.564525e-18   1.290208e-03   1.485309e-19   2456
  3.938666e+00   7.774903e-18   2.340394e-04   2.209898e-19   1034
  3.942432e+00   7.196597e-18   1.288305e-03   1.903436e-19   1680
  3.946383e+00   7.511215e-18   5.837572e-05   2.730702e-19   678
  3.950143e+00   7.328122e-18   1.286681e-03   2.156705e-19   1064
  3.954177e+00   7.460810e-18   3.540138e-04   4.005597e-19   410
  3.957868e+00   7.103222e-18   1.284749e-03   2.978170e-19   576
  3.961879e+00   8.963708e-18   1.855368e-05   6.531422e-19   198
  3.965528e+00   6.884400e-18   1.272780e-03   4.281131e-19   248
  3.969917e+00   5.972238e-18   8.019490e-04   5.963346e-19   74
  3.973198e+00   7.249881e-18   1.252635e-03   8.099127e-19   48
  3.977405e+00   9.431147e-18   5.034095e-08   2.027437e-18   6
