# power spectrum of pi_k * H (dimensionless)
# redshift z=99.597220
# k              Pk             sigma(k)       sigma(Pk)      count
  5.727314e-03   1.435158e-10   8.763345e-04   3.155523e-11   18
  1.001182e-02   2.413131e-10   1.059922e-03   3.437808e-11   62
  1.393445e-02   1.719355e-10   7.332271e-04   2.107881e-11   90
  1.764809e-02   1.653573e-10   1.157232e-03   1.091273e-11   170
  2.151286e-02   1.240865e-10   1.202795e-03   7.756451e-12   246
  2.528669e-02   9.356917e-11   1.146703e-03   5.239553e-12   338
  2.901099e-02   8.514820e-11   9.857564e-04   4.199323e-12   432
  3.284683e-02   6.787341e-11   1.010047e-03   3.084283e-12   578
  3.688195e-02   5.163778e-11   1.177086e-03   1.882028e-12   786
  4.101464e-02   3.989930e-11   1.190994e-03   1.278379e-12   974
  4.488954e-02   3.363679e-11   1.031402e-03   1.064239e-12   1002
  4.870958e-02   3.044028e-11   1.179303e-03   8.054526e-13   1334
  5.263577e-02   2.484215e-11   1.134676e-03   6.762362e-13   1458
  5.631027e-02   2.256611e-11   1.072446e-03   5.574115e-13   1604
  6.010158e-02   2.008029e-11   1.088865e-03   4.839635e-13   1974
  6.404851e-02   1.840249e-11   1.067989e-03   3.916232e-13   2234
  6.795611e-02   1.640878e-11   1.092954e-03   3.380682e-13   2490
  7.198483e-02   1.472164e-11   1.200217e-03   2.765765e-13   3014
  7.595394e-02   1.324415e-11   1.093611e-03   2.408978e-13   3018
  7.977896e-02   1.179705e-11   1.131598e-03   2.024559e-13   3446
  8.359600e-02   1.031704e-11   1.085617e-03   1.732318e-13   3626
  8.742004e-02   8.979270e-12   1.125556e-03   1.401886e-13   4164
  9.130612e-02   8.220113e-12   1.090740e-03   1.262248e-13   4470
  9.521636e-02   7.246274e-12   1.115446e-03   1.056075e-13   4970
  9.915211e-02   6.621209e-12   1.127844e-03   8.923681e-14   5366
  1.030785e-01   5.748800e-12   1.144516e-03   7.341652e-14   5778
  1.069619e-01   5.486231e-12   1.149148e-03   6.958944e-14   6162
  1.108671e-01   4.939061e-12   1.158272e-03   6.238188e-14   6734
  1.146806e-01   4.587617e-12   1.074898e-03   5.498749e-14   6756
  1.184510e-01   4.298599e-12   1.088568e-03   4.790425e-14   7502
  1.223464e-01   4.077415e-12   1.105366e-03   4.517007e-14   8154
  1.262469e-01   3.753129e-12   1.103283e-03   4.088256e-14   8618
  1.301909e-01   3.565699e-12   1.146655e-03   3.706871e-14   9390
  1.341197e-01   3.389563e-12   1.126004e-03   3.453249e-14   9722
  1.380051e-01   3.027209e-12   1.126950e-03   3.016725e-14   10242
  1.419007e-01   2.805469e-12   1.149257e-03   2.631872e-14   11006
  1.457777e-01   2.642979e-12   1.106962e-03   2.511941e-14   11348
  1.496576e-01   2.391514e-12   1.105725e-03   2.144505e-14   12150
  1.535164e-01   2.198270e-12   1.078348e-03   2.022988e-14   12498
  1.574072e-01   2.062438e-12   1.129889e-03   1.755588e-14   13586
  1.613096e-01   1.880806e-12   1.132072e-03   1.609145e-14   14006
  1.652381e-01   1.776260e-12   1.166232e-03   1.412612e-14   15162
  1.691226e-01   1.649228e-12   1.101754e-03   1.349321e-14   14990
  1.729750e-01   1.559685e-12   1.143142e-03   1.224011e-14   16380
  1.768610e-01   1.486652e-12   1.105581e-03   1.147550e-14   16666
  1.807168e-01   1.437120e-12   1.110348e-03   1.098207e-14   17638
  1.845996e-01   1.353174e-12   1.100521e-03   1.012370e-14   18354
  1.884710e-01   1.289323e-12   1.102640e-03   9.410035e-15   19034
  1.923685e-01   1.250671e-12   1.144302e-03   8.739858e-15   20270
  1.963174e-01   1.202659e-12   1.155956e-03   8.207972e-15   21258
  2.002141e-01   1.137836e-12   1.111898e-03   7.736722e-15   21350
  2.040863e-01   1.046487e-12   1.123159e-03   7.069414e-15   22644
  2.079681e-01   9.930227e-13   1.101476e-03   6.569876e-15   23114
  2.118390e-01   9.435057e-13   1.118265e-03   6.112822e-15   24342
  2.157382e-01   8.779591e-13   1.117694e-03   5.516777e-15   25194
  2.196235e-01   8.383071e-13   1.116195e-03   5.300546e-15   25982
  2.234724e-01   7.938342e-13   1.109599e-03   4.880912e-15   26506
  2.273806e-01   7.481652e-13   1.167806e-03   4.478105e-15   28738
  2.312750e-01   7.071176e-13   1.110542e-03   4.231193e-15   28296
  2.351662e-01   6.691900e-13   1.143823e-03   3.809373e-15   30554
  2.390501e-01   6.392596e-13   1.084103e-03   3.683917e-15   30094
  2.428824e-01   6.289589e-13   1.109820e-03   3.526606e-15   31738
  2.467836e-01   5.961113e-13   1.134747e-03   3.311461e-15   33306
  2.506613e-01   5.836049e-13   1.104153e-03   3.169805e-15   33422
  2.545365e-01   5.614263e-13   1.131527e-03   3.009193e-15   35298
  2.584714e-01   5.369588e-13   1.143069e-03   2.815038e-15   36650
  2.623670e-01   5.149936e-13   1.115532e-03   2.674737e-15   36888
  2.662651e-01   4.909992e-13   1.131896e-03   2.472278e-15   38834
  2.701697e-01   4.685170e-13   1.107355e-03   2.382187e-15   39246
  2.740453e-01   4.526401e-13   1.111777e-03   2.261999e-15   40466
  2.778984e-01   4.299267e-13   1.108403e-03   2.096411e-15   41106
  2.817847e-01   4.073675e-13   1.145602e-03   1.954495e-15   43598
  2.856833e-01   3.917078e-13   1.116308e-03   1.887889e-15   43650
  2.895471e-01   3.746964e-13   1.120907e-03   1.753991e-15   45272
  2.934575e-01   3.582322e-13   1.131740e-03   1.655009e-15   46994
  2.973636e-01   3.502558e-13   1.124346e-03   1.586753e-15   47850
  3.012447e-01   3.318165e-13   1.115858e-03   1.506787e-15   48846
  3.051030e-01   3.219824e-13   1.105642e-03   1.450918e-15   49706
  3.089532e-01   3.101839e-13   1.113265e-03   1.372367e-15   51198
  3.128464e-01   2.986716e-13   1.134266e-03   1.292822e-15   53402
  3.167281e-01   2.927384e-13   1.111145e-03   1.291354e-15   53634
  3.206428e-01   2.806504e-13   1.143806e-03   1.172348e-15   56888
  3.245618e-01   2.713680e-13   1.106794e-03   1.145265e-15   56474
  3.284581e-01   2.625894e-13   1.130606e-03   1.081960e-15   58962
  3.323510e-01   2.508672e-13   1.114731e-03   1.032042e-15   59214
  3.362265e-01   2.469589e-13   1.127963e-03   9.936339e-16   61250
  3.400938e-01   2.372897e-13   1.110759e-03   9.552126e-16   61694
  3.439480e-01   2.287684e-13   1.120230e-03   9.096655e-16   63618
  3.478512e-01   2.204128e-13   1.140078e-03   8.536605e-16   66284
  3.517691e-01   2.126933e-13   1.123324e-03   8.212295e-16   67014
  3.556494e-01   2.031100e-13   1.113722e-03   7.812880e-16   67930
  3.595371e-01   1.972760e-13   1.127426e-03   7.448986e-16   70294
  3.634200e-01   1.932143e-13   1.114424e-03   7.231480e-16   70658
  3.672742e-01   1.869239e-13   1.121955e-03   7.019964e-16   72522
  3.711539e-01   1.788798e-13   1.125103e-03   6.572973e-16   74550
  3.750359e-01   1.739907e-13   1.112832e-03   6.325702e-16   75674
  3.789191e-01   1.698651e-13   1.116846e-03   6.088501e-16   77708
  3.828461e-01   1.638473e-13   1.136191e-03   5.719787e-16   80622
  3.867545e-01   1.590719e-13   1.112810e-03   5.658110e-16   80330
  3.906423e-01   1.547602e-13   1.128269e-03   5.420791e-16   82974
  3.945313e-01   1.496636e-13   1.118618e-03   5.200935e-16   83666
  3.984084e-01   1.460437e-13   1.126394e-03   4.988178e-16   85746
  4.022765e-01   1.402973e-13   1.118427e-03   4.755320e-16   86702
  4.061542e-01   1.368126e-13   1.126154e-03   4.533662e-16   89556
  4.100569e-01   1.325421e-13   1.118519e-03   4.395873e-16   91038
  4.139484e-01   1.301098e-13   1.117921e-03   4.284272e-16   92522
  4.178268e-01   1.253916e-13   1.119569e-03   4.116136e-16   94034
  4.217415e-01   1.215891e-13   1.145339e-03   3.889499e-16   97758
  4.256173e-01   1.188972e-13   1.103600e-03   3.860130e-16   95770
  4.294627e-01   1.149617e-13   1.123790e-03   3.674595e-16   99646
  4.333400e-01   1.125167e-13   1.115333e-03   3.550702e-16   100980
  4.372362e-01   1.089276e-13   1.127284e-03   3.399900e-16   104258
  4.411386e-01   1.052914e-13   1.114910e-03   3.272685e-16   104998
  4.450377e-01   1.029244e-13   1.124073e-03   3.143400e-16   107866
  4.489311e-01   1.006571e-13   1.113184e-03   3.064677e-16   108154
  4.528161e-01   9.841248e-14   1.135370e-03   2.942327e-16   111622
  4.567076e-01   9.574808e-14   1.122976e-03   2.866268e-16   112146
  4.605727e-01   9.388682e-14   1.119518e-03   2.776438e-16   114014
  4.644440e-01   9.037674e-14   1.115906e-03   2.658026e-16   116220
  4.683319e-01   8.850228e-14   1.119789e-03   2.548838e-16   118682
  4.722291e-01   8.624097e-14   1.126606e-03   2.490794e-16   121118
  4.761348e-01   8.359785e-14   1.124808e-03   2.397892e-16   122994
  4.800157e-01   8.113181e-14   1.114862e-03   2.316216e-16   123574
  4.838959e-01   8.000466e-14   1.131276e-03   2.250669e-16   126922
  4.877763e-01   7.765762e-14   1.124735e-03   2.177446e-16   127906
  4.916481e-01   7.540685e-14   1.121767e-03   2.090893e-16   130432
  4.955333e-01   7.385498e-14   1.114812e-03   2.021140e-16   132642
  4.994186e-01   7.213132e-14   1.110800e-03   1.961580e-16   134534
  5.033164e-01   7.055762e-14   1.124671e-03   1.903484e-16   137778
  5.072392e-01   6.875885e-14   1.135312e-03   1.833642e-16   140786
  5.111285e-01   6.697525e-14   1.110620e-03   1.788449e-16   139590
  5.149976e-01   6.550302e-14   1.125619e-03   1.734484e-16   143546
  5.188865e-01   6.401283e-14   1.125142e-03   1.680068e-16   145338
  5.227635e-01   6.271182e-14   1.120484e-03   1.631622e-16   147272
  5.266520e-01   6.072108e-14   1.122335e-03   1.576178e-16   150330
  5.305485e-01   5.928340e-14   1.118234e-03   1.512831e-16   152318
  5.344262e-01   5.817099e-14   1.111066e-03   1.484130e-16   153202
  5.383243e-01   5.640317e-14   1.138693e-03   1.418254e-16   158626
  5.422165e-01   5.547315e-14   1.116855e-03   1.402482e-16   157350
  5.460935e-01   5.386022e-14   1.131200e-03   1.349467e-16   161906
  5.499589e-01   5.320278e-14   1.105071e-03   1.337426e-16   160872
  5.538418e-01   5.195060e-14   1.133375e-03   1.273392e-16   167858
  5.577463e-01   5.112469e-14   1.114977e-03   1.251583e-16   167514
  5.616201e-01   4.942640e-14   1.113803e-03   1.191005e-16   169862
  5.655108e-01   4.838123e-14   1.124453e-03   1.169848e-16   173602
  5.694083e-01   4.758491e-14   1.123533e-03   1.126280e-16   175258
  5.732959e-01   4.634927e-14   1.127164e-03   1.106229e-16   177654
  5.771897e-01   4.544299e-14   1.130949e-03   1.062242e-16   180698
  5.810773e-01   4.430700e-14   1.119005e-03   1.039505e-16   181968
  5.849616e-01   4.372659e-14   1.118541e-03   1.014138e-16   184850
  5.888448e-01   4.273822e-14   1.119144e-03   9.892699e-17   187034
  5.927421e-01   4.175354e-14   1.129966e-03   9.560795e-17   191238
  5.966308e-01   4.097852e-14   1.116348e-03   9.365956e-17   191042
  6.005065e-01   4.006764e-14   1.126286e-03   9.054353e-17   195102
  6.043812e-01   3.921108e-14   1.117515e-03   8.855228e-17   195786
  6.082630e-01   3.833152e-14   1.131649e-03   8.472164e-17   201164
  6.121481e-01   3.775282e-14   1.112645e-03   8.466630e-17   201070
  6.160242e-01   3.668471e-14   1.118305e-03   8.061278e-17   205234
  6.199111e-01   3.623027e-14   1.116352e-03   7.970181e-17   207342
  6.237987e-01   3.531305e-14   1.121735e-03   7.660759e-17   210602
  6.276909e-01   3.462206e-14   1.124203e-03   7.514535e-17   213130
  6.315953e-01   3.396815e-14   1.133190e-03   7.277056e-17   217318
  6.354807e-01   3.330076e-14   1.113546e-03   7.148064e-17   216306
  6.393491e-01   3.252746e-14   1.119403e-03   6.932502e-17   220652
  6.432430e-01   3.203938e-14   1.124854e-03   6.786168e-17   224502
  6.471454e-01   3.151306e-14   1.125081e-03   6.639035e-17   227186
  6.510345e-01   3.067311e-14   1.118193e-03   6.405307e-17   228398
  6.549165e-01   3.013596e-14   1.122259e-03   6.251382e-17   231642
  6.587972e-01   2.955480e-14   1.122763e-03   6.117477e-17   233946
  6.626908e-01   2.919008e-14   1.132956e-03   5.991656e-17   238694
  6.665707e-01   2.859981e-14   1.114640e-03   5.841162e-17   238068
  6.704525e-01   2.811277e-14   1.124042e-03   5.690927e-17   244190
  6.743498e-01   2.732332e-14   1.116752e-03   5.518224e-17   245362
  6.782313e-01   2.705762e-14   1.120102e-03   5.419973e-17   248362
  6.821206e-01   2.647138e-14   1.124509e-03   5.258086e-17   251966
  6.860099e-01   2.611126e-14   1.120649e-03   5.165066e-17   254034
  6.898855e-01   2.556729e-14   1.117172e-03   5.081224e-17   255818
  6.937781e-01   2.489253e-14   1.132899e-03   4.876961e-17   262254
  6.976722e-01   2.474308e-14   1.116974e-03   4.832247e-17   261980
  7.015718e-01   2.415660e-14   1.129534e-03   4.670832e-17   268566
  7.054538e-01   2.378857e-14   1.104857e-03   4.611099e-17   265538
  7.093286e-01   2.340732e-14   1.128000e-03   4.465317e-17   273330
  7.132165e-01   2.284383e-14   1.121481e-03   4.381805e-17   273718
  7.171069e-01   2.240993e-14   1.132652e-03   4.244775e-17   279658
  7.209986e-01   2.223468e-14   1.120025e-03   4.208375e-17   279670
  7.248700e-01   2.174634e-14   1.119062e-03   4.097767e-17   282964
  7.287608e-01   2.130010e-14   1.126489e-03   3.998726e-17   288362
  7.326540e-01   2.095737e-14   1.118613e-03   3.908703e-17   289686
  7.365333e-01   2.067367e-14   1.116235e-03   3.840985e-17   292234
  7.404015e-01   2.023394e-14   1.112765e-03   3.738219e-17   294190
  7.442845e-01   1.989826e-14   1.127923e-03   3.635923e-17   300642
  7.481851e-01   1.960661e-14   1.128116e-03   3.559252e-17   303386
  7.520700e-01   1.917324e-14   1.119257e-03   3.469405e-17   304662
  7.559583e-01   1.884053e-14   1.122290e-03   3.401047e-17   309812
  7.598513e-01   1.852294e-14   1.117608e-03   3.331496e-17   311714
  7.637547e-01   1.826870e-14   1.130270e-03   3.241392e-17   318126
  7.676398e-01   1.796927e-14   1.111035e-03   3.196290e-17   315114
  7.715118e-01   1.765809e-14   1.127143e-03   3.115100e-17   322622
  7.753932e-01   1.738854e-14   1.117154e-03   3.069731e-17   322850
  7.792787e-01   1.705096e-14   1.131101e-03   2.966462e-17   329802
  7.831716e-01   1.681123e-14   1.123851e-03   2.930489e-17   331104
  7.870696e-01   1.660444e-14   1.127607e-03   2.866667e-17   336986
  7.909587e-01   1.625632e-14   1.111055e-03   2.812805e-17   335870
  7.948355e-01   1.595578e-14   1.120862e-03   2.735126e-17   341610
  7.987215e-01   1.571948e-14   1.121955e-03   2.685045e-17   344370
  8.026031e-01   1.552370e-14   1.122207e-03   2.650006e-17   347606
  8.064886e-01   1.522767e-14   1.124033e-03   2.569881e-17   351650
  8.103706e-01   1.502661e-14   1.118654e-03   2.525667e-17   353760
  8.142669e-01   1.476931e-14   1.129493e-03   2.458433e-17   360970
  8.181738e-01   1.456962e-14   1.123124e-03   2.423227e-17   362818
  8.220521e-01   1.431308e-14   1.110144e-03   2.372004e-17   362334
  8.259414e-01   1.406245e-14   1.129348e-03   2.312763e-17   371642
  8.298275e-01   1.385089e-14   1.114584e-03   2.293641e-17   368778
  8.337006e-01   1.367616e-14   1.128744e-03   2.234405e-17   376526
  8.375857e-01   1.341364e-14   1.121330e-03   2.189108e-17   377786
  8.414675e-01   1.324107e-14   1.123524e-03   2.147685e-17   382968
  8.453573e-01   1.304517e-14   1.120822e-03   2.098617e-17   386146
  8.492503e-01   1.288649e-14   1.124050e-03   2.059138e-17   390826
  8.531392e-01   1.265365e-14   1.119718e-03   2.024228e-17   392662
  8.570302e-01   1.248105e-14   1.125822e-03   1.978829e-17   398242
  8.609051e-01   1.225923e-14   1.111972e-03   1.946172e-17   396726
  8.647781e-01   1.210572e-14   1.124714e-03   1.903061e-17   404738
  8.686664e-01   1.191512e-14   1.122897e-03   1.867317e-17   407628
  8.725545e-01   1.169770e-14   1.121536e-03   1.827741e-17   411734
  8.764395e-01   1.153655e-14   1.117149e-03   1.791792e-17   414242
  8.803359e-01   1.136898e-14   1.126317e-03   1.754955e-17   421434
  8.842333e-01   1.117297e-14   1.120273e-03   1.722539e-17   421918
  8.881244e-01   1.108078e-14   1.128330e-03   1.701152e-17   427810
  8.920157e-01   1.086892e-14   1.123036e-03   1.654887e-17   429470
  8.958948e-01   1.074113e-14   1.119658e-03   1.637287e-17   432282
  8.997746e-01   1.057213e-14   1.122449e-03   1.599114e-17   437260
  9.036583e-01   1.043723e-14   1.120747e-03   1.573211e-17   440758
  9.075489e-01   1.031930e-14   1.124778e-03   1.541333e-17   446370
  9.114474e-01   1.010220e-14   1.123943e-03   1.505986e-17   450182
  9.153288e-01   9.950326e-15   1.115142e-03   1.488396e-17   449850
  9.192089e-01   9.813771e-15   1.127357e-03   1.449879e-17   457898
  9.230929e-01   9.689294e-15   1.119604e-03   1.432743e-17   458662
  9.269737e-01   9.563684e-15   1.121722e-03   1.405828e-17   464620
  9.308545e-01   9.415055e-15   1.114316e-03   1.384812e-17   466302
  9.347441e-01   9.291395e-15   1.124571e-03   1.349024e-17   474314
  9.386369e-01   9.160516e-15   1.120021e-03   1.327692e-17   475530
  9.425348e-01   9.030758e-15   1.129051e-03   1.298915e-17   483206
  9.464328e-01   8.915974e-15   1.121669e-03   1.283871e-17   483530
  9.503142e-01   8.805852e-15   1.121047e-03   1.260794e-17   487002
  9.541966e-01   8.689276e-15   1.124058e-03   1.236935e-17   491774
  9.580774e-01   8.535503e-15   1.120518e-03   1.215019e-17   495084
  9.619601e-01   8.429360e-15   1.119352e-03   1.193275e-17   499438
  9.658473e-01   8.304314e-15   1.122356e-03   1.171265e-17   504682
  9.697357e-01   8.191230e-15   1.121500e-03   1.150946e-17   507738
  9.736321e-01   8.097770e-15   1.130456e-03   1.134884e-17   515174
  9.775214e-01   7.999669e-15   1.119580e-03   1.116433e-17   514234
  9.813957e-01   7.880563e-15   1.119450e-03   1.097646e-17   519022
  9.852705e-01   7.738404e-15   1.117281e-03   1.067171e-17   522636
  9.891535e-01   7.662009e-15   1.121739e-03   1.051519e-17   529442
  9.930474e-01   7.564119e-15   1.122647e-03   1.035685e-17   534078
  9.969375e-01   7.455712e-15   1.118397e-03   1.018698e-17   536666
  1.000817e+00   7.348143e-15   1.116716e-03   1.001804e-17   539142
  1.004715e+00   7.245137e-15   1.134178e-03   9.817741e-18   550658
  1.008615e+00   7.187703e-15   1.121935e-03   9.727146e-18   548298
  1.012495e+00   7.079474e-15   1.123048e-03   9.526607e-18   553694
  1.016374e+00   6.987453e-15   1.116375e-03   9.375738e-18   556116
  1.020264e+00   6.889198e-15   1.125051e-03   9.179053e-18   564890
  1.024148e+00   6.779592e-15   1.116141e-03   9.029374e-18   563718
  1.028036e+00   6.718802e-15   1.128568e-03   8.849919e-18   574298
  1.031929e+00   6.642728e-15   1.120551e-03   8.787203e-18   573966
  1.035814e+00   6.566121e-15   1.126024e-03   8.642997e-18   580586
  1.039699e+00   6.466974e-15   1.122029e-03   8.494076e-18   582666
  1.043587e+00   6.382730e-15   1.125959e-03   8.309598e-18   590648
  1.047474e+00   6.293629e-15   1.114820e-03   8.202780e-18   590394
  1.051350e+00   6.209994e-15   1.116684e-03   8.036466e-18   596174
  1.055234e+00   6.143702e-15   1.120236e-03   7.911728e-18   601674
  1.059126e+00   6.058061e-15   1.125352e-03   7.782344e-18   607682
  1.063019e+00   5.985897e-15   1.124350e-03   7.670041e-18   611166
  1.066910e+00   5.928935e-15   1.124099e-03   7.546264e-18   615626
  1.070791e+00   5.849089e-15   1.119456e-03   7.439763e-18   617290
  1.074678e+00   5.753300e-15   1.126011e-03   7.276859e-18   626344
  1.078566e+00   5.701523e-15   1.117274e-03   7.219643e-18   626658
  1.082451e+00   5.638111e-15   1.122467e-03   7.083152e-18   634022
  1.086331e+00   5.543405e-15   1.116124e-03   6.947657e-18   634554
  1.090218e+00   5.482981e-15   1.128467e-03   6.814648e-18   645026
  1.094107e+00   5.416515e-15   1.122446e-03   6.730439e-18   645102
  1.097993e+00   5.349559e-15   1.126954e-03   6.613449e-18   653018
  1.101879e+00   5.288126e-15   1.119089e-03   6.518626e-18   654384
  1.105770e+00   5.215239e-15   1.123901e-03   6.407286e-18   663194
  1.109660e+00   5.180167e-15   1.117576e-03   6.354822e-18   663834
  1.113540e+00   5.083816e-15   1.118796e-03   6.221918e-18   669158
  1.117424e+00   5.028482e-15   1.120650e-03   6.118165e-18   674490
  1.121304e+00   4.974154e-15   1.118416e-03   6.042355e-18   677222
  1.125193e+00   4.937502e-15   1.128225e-03   5.979219e-18   686874
  1.129092e+00   4.867781e-15   1.126811e-03   5.864880e-18   690722
  1.132980e+00   4.806362e-15   1.118907e-03   5.804743e-18   692008
  1.136871e+00   4.738652e-15   1.124678e-03   5.655675e-18   701386
  1.140761e+00   4.695030e-15   1.117002e-03   5.616619e-18   700778
  1.144643e+00   4.626138e-15   1.123318e-03   5.482966e-18   708774
  1.148529e+00   4.576116e-15   1.121990e-03   5.435883e-18   711690
  1.152418e+00   4.519723e-15   1.126973e-03   5.324622e-18   719606
  1.156298e+00   4.474058e-15   1.116380e-03   5.270932e-18   717762
  1.160181e+00   4.419141e-15   1.127123e-03   5.144582e-18   730460
  1.164073e+00   4.367686e-15   1.119262e-03   5.094225e-18   731070
  1.167968e+00   4.306463e-15   1.125901e-03   4.996733e-18   741170
  1.171853e+00   4.273895e-15   1.112045e-03   4.977860e-18   737094
  1.175730e+00   4.225551e-15   1.122374e-03   4.903634e-18   747698
  1.179618e+00   4.163171e-15   1.122867e-03   4.813769e-18   751658
  1.183501e+00   4.123869e-15   1.121599e-03   4.754073e-18   755574
  1.187383e+00   4.076017e-15   1.122256e-03   4.676762e-18   761442
  1.191279e+00   4.022353e-15   1.126787e-03   4.577285e-18   770816
  1.195171e+00   4.003104e-15   1.117539e-03   4.573494e-18   769274
  1.199064e+00   3.932069e-15   1.129525e-03   4.450899e-18   782130
  1.202947e+00   3.899517e-15   1.112602e-03   4.414219e-18   775230
  1.206825e+00   3.842934e-15   1.126605e-03   4.326981e-18   789866
  1.210710e+00   3.805571e-15   1.118361e-03   4.288067e-18   787914
  1.214592e+00   3.768648e-15   1.128225e-03   4.214746e-18   799598
  1.218486e+00   3.717568e-15   1.124161e-03   4.147494e-18   802980
  1.222371e+00   3.676551e-15   1.117789e-03   4.098207e-18   805622
  1.226254e+00   3.639656e-15   1.119738e-03   4.051998e-18   812050
  1.230147e+00   3.597422e-15   1.126034e-03   3.977294e-18   820954
  1.234035e+00   3.559169e-15   1.118780e-03   3.922587e-18   820062
  1.237911e+00   3.512778e-15   1.119897e-03   3.860213e-18   826298
  1.241794e+00   3.486761e-15   1.121814e-03   3.826209e-18   833118
  1.245672e+00   3.445047e-15   1.117137e-03   3.768384e-18   834812
  1.249560e+00   3.413365e-15   1.126815e-03   3.700005e-18   847858
  1.253469e+00   3.368774e-15   1.127442e-03   3.637978e-18   854278
  1.257361e+00   3.332174e-15   1.116253e-03   3.607073e-18   850978
  1.261241e+00   3.299608e-15   1.121687e-03   3.561358e-18   859186
  1.265131e+00   3.256640e-15   1.127494e-03   3.500122e-18   867126
  1.269018e+00   3.226997e-15   1.121886e-03   3.468432e-18   868274
  1.272897e+00   3.185805e-15   1.120976e-03   3.418134e-18   873606
  1.276776e+00   3.153504e-15   1.119398e-03   3.371135e-18   879284
  1.280663e+00   3.126210e-15   1.122355e-03   3.325255e-18   887170
  1.284564e+00   3.093241e-15   1.128693e-03   3.274179e-18   897526
  1.288458e+00   3.051080e-15   1.117587e-03   3.225101e-18   894258
  1.292341e+00   3.028612e-15   1.122714e-03   3.184954e-18   903374
  1.296223e+00   2.993965e-15   1.118323e-03   3.146358e-18   904338
  1.300103e+00   2.961297e-15   1.123719e-03   3.091498e-18   913586
  1.303982e+00   2.936246e-15   1.118150e-03   3.077172e-18   915416
  1.307871e+00   2.897762e-15   1.124217e-03   3.014150e-18   928122
  1.311759e+00   2.868428e-15   1.115167e-03   2.982018e-18   926094
  1.315654e+00   2.844787e-15   1.130093e-03   2.931667e-18   942890
  1.319549e+00   2.808202e-15   1.118827e-03   2.898231e-18   937266
  1.323433e+00   2.779307e-15   1.126506e-03   2.859178e-18   948854
  1.327319e+00   2.749173e-15   1.120121e-03   2.824513e-18   948714
  1.331197e+00   2.720054e-15   1.122687e-03   2.789181e-18   956186
  1.335082e+00   2.696460e-15   1.124444e-03   2.748550e-18   964272
  1.338973e+00   2.663062e-15   1.121587e-03   2.708298e-18   969458
  1.342859e+00   2.637945e-15   1.118296e-03   2.676598e-18   972750
  1.346749e+00   2.613200e-15   1.124460e-03   2.637545e-18   982706
  1.350635e+00   2.586317e-15   1.119858e-03   2.607993e-18   982906
  1.354527e+00   2.557427e-15   1.129306e-03   2.558299e-18   996622
  1.358414e+00   2.526577e-15   1.117989e-03   2.539821e-18   992378
  1.362284e+00   2.506367e-15   1.117150e-03   2.499541e-18   999000
  1.366168e+00   2.477965e-15   1.122014e-03   2.465543e-18   1010114
  1.370061e+00   2.456437e-15   1.121750e-03   2.443167e-18   1015722
  1.373948e+00   2.430207e-15   1.119290e-03   2.408322e-18   1018742
  1.377843e+00   2.408997e-15   1.127371e-03   2.372547e-18   1031250
  1.381733e+00   2.378575e-15   1.118461e-03   2.349609e-18   1027226
  1.385615e+00   2.357643e-15   1.126435e-03   2.313164e-18   1039734
  1.389500e+00   2.338311e-15   1.120654e-03   2.292217e-18   1039914
  1.393382e+00   2.315436e-15   1.123683e-03   2.256466e-18   1050272
  1.397267e+00   2.286104e-15   1.117473e-03   2.226671e-18   1052306
  1.401154e+00   2.269687e-15   1.122308e-03   2.201635e-18   1062666
  1.405045e+00   2.237831e-15   1.122401e-03   2.168877e-18   1067262
  1.408935e+00   2.225864e-15   1.123952e-03   2.149494e-18   1073906
  1.412823e+00   2.197752e-15   1.122463e-03   2.124204e-18   1078190
  1.416712e+00   2.178195e-15   1.124033e-03   2.085698e-18   1085634
  1.420592e+00   2.157208e-15   1.117456e-03   2.071322e-18   1085508
  1.424480e+00   2.130994e-15   1.126594e-03   2.028647e-18   1101926
  1.428369e+00   2.110600e-15   1.116061e-03   2.013489e-18   1098322
  1.432252e+00   2.093938e-15   1.121199e-03   1.987538e-18   1109878
  1.436144e+00   2.073917e-15   1.122554e-03   1.966408e-18   1115338
  1.440035e+00   2.050789e-15   1.125793e-03   1.939537e-18   1122586
  1.443924e+00   2.031888e-15   1.123292e-03   1.912889e-18   1125862
  1.447810e+00   2.014803e-15   1.122976e-03   1.894791e-18   1132498
  1.451691e+00   1.992685e-15   1.119415e-03   1.875248e-18   1135444
  1.455573e+00   1.973943e-15   1.122581e-03   1.840465e-18   1145374
  1.459464e+00   1.951604e-15   1.123383e-03   1.816668e-18   1152698
  1.463354e+00   1.935116e-15   1.121349e-03   1.799800e-18   1157046
  1.467236e+00   1.919279e-15   1.119148e-03   1.781305e-18   1160226
  1.471127e+00   1.899491e-15   1.127743e-03   1.749210e-18   1174346
  1.475014e+00   1.884066e-15   1.119897e-03   1.743801e-18   1171462
  1.478897e+00   1.858009e-15   1.124033e-03   1.708595e-18   1183828
  1.482778e+00   1.848605e-15   1.114458e-03   1.698451e-18   1181822
  1.486657e+00   1.826595e-15   1.120779e-03   1.670609e-18   1194930
  1.490547e+00   1.810578e-15   1.122593e-03   1.650037e-18   1202010
  1.494437e+00   1.789844e-15   1.122115e-03   1.631782e-18   1207166
  1.498326e+00   1.776238e-15   1.123291e-03   1.613449e-18   1214106
  1.502209e+00   1.759390e-15   1.118748e-03   1.595743e-18   1215302
  1.506095e+00   1.742037e-15   1.126666e-03   1.569545e-18   1229274
  1.509994e+00   1.730215e-15   1.126873e-03   1.559344e-18   1236164
  1.513882e+00   1.709876e-15   1.118916e-03   1.542863e-18   1235326
  1.517764e+00   1.698425e-15   1.120265e-03   1.525036e-18   1244026
  1.521647e+00   1.679273e-15   1.120382e-03   1.502906e-18   1249154
  1.525536e+00   1.663347e-15   1.126025e-03   1.485846e-18   1260558
  1.529421e+00   1.646119e-15   1.119984e-03   1.465521e-18   1260394
  1.533310e+00   1.636916e-15   1.125848e-03   1.450594e-18   1274758
  1.537193e+00   1.615723e-15   1.115594e-03   1.430534e-18   1270188
  1.541083e+00   1.604341e-15   1.128008e-03   1.411406e-18   1291202
  1.544971e+00   1.590428e-15   1.115149e-03   1.406508e-18   1282654
  1.548850e+00   1.575059e-15   1.122198e-03   1.381684e-18   1298242
  1.552739e+00   1.562334e-15   1.120395e-03   1.365616e-18   1301774
  1.556625e+00   1.545839e-15   1.123165e-03   1.351972e-18   1309770
  1.560512e+00   1.530930e-15   1.123502e-03   1.335252e-18   1315714
  1.564403e+00   1.514692e-15   1.124924e-03   1.315428e-18   1325110
  1.568290e+00   1.503225e-15   1.118940e-03   1.305996e-18   1326012
  1.572174e+00   1.487261e-15   1.122090e-03   1.288301e-18   1336154
  1.576069e+00   1.474850e-15   1.126474e-03   1.270722e-18   1347334
  1.579958e+00   1.461200e-15   1.119782e-03   1.258726e-18   1345354
  1.583833e+00   1.448359e-15   1.119555e-03   1.247342e-18   1350998
  1.587719e+00   1.434592e-15   1.125829e-03   1.230166e-18   1365546
  1.591609e+00   1.425262e-15   1.122088e-03   1.216847e-18   1367474
  1.595497e+00   1.410487e-15   1.123693e-03   1.200969e-18   1377984
  1.599384e+00   1.398171e-15   1.118321e-03   1.192457e-18   1379394
  1.603272e+00   1.388117e-15   1.123056e-03   1.179034e-18   1392230
  1.607160e+00   1.371840e-15   1.118740e-03   1.164381e-18   1392634
  1.611042e+00   1.363458e-15   1.122441e-03   1.152780e-18   1402666
  1.614928e+00   1.349963e-15   1.122269e-03   1.140059e-18   1408502
  1.618814e+00   1.335621e-15   1.122041e-03   1.122580e-18   1415418
  1.622692e+00   1.327216e-15   1.117068e-03   1.119218e-18   1416856
  1.626588e+00   1.315144e-15   1.130843e-03   1.095180e-18   1442002
  1.630485e+00   1.301153e-15   1.117858e-03   1.087640e-18   1431634
  1.634367e+00   1.289386e-15   1.122585e-03   1.072549e-18   1444606
  1.638250e+00   1.282220e-15   1.118765e-03   1.066627e-18   1445890
  1.642138e+00   1.268771e-15   1.126997e-03   1.050611e-18   1462210
  1.646026e+00   1.256582e-15   1.120901e-03   1.039103e-18   1459590
  1.649907e+00   1.244965e-15   1.123856e-03   1.024625e-18   1471226
  1.653797e+00   1.235331e-15   1.123379e-03   1.015348e-18   1480072
  1.657690e+00   1.225744e-15   1.121364e-03   1.005879e-18   1486594
  1.661576e+00   1.213421e-15   1.118520e-03   9.939693e-19   1488882
  1.665461e+00   1.204616e-15   1.123128e-03   9.812113e-19   1500854
  1.669353e+00   1.193053e-15   1.123083e-03   9.727249e-19   1506874
  1.673232e+00   1.185744e-15   1.117624e-03   9.660387e-19   1506094
  1.677111e+00   1.172713e-15   1.122855e-03   9.507401e-19   1519682
  1.680997e+00   1.164030e-15   1.122626e-03   9.435549e-19   1526724
  1.684890e+00   1.151213e-15   1.125240e-03   9.268945e-19   1539038
  1.688782e+00   1.142707e-15   1.119859e-03   9.214952e-19   1539810
  1.692664e+00   1.133656e-15   1.119007e-03   9.124844e-19   1545046
  1.696554e+00   1.125016e-15   1.126236e-03   9.015521e-19   1560538
  1.700441e+00   1.114309e-15   1.120507e-03   8.925765e-19   1557506
  1.704322e+00   1.104716e-15   1.124114e-03   8.822658e-19   1570062
  1.708203e+00   1.095834e-15   1.119253e-03   8.738426e-19   1571290
  1.712089e+00   1.085939e-15   1.124856e-03   8.618506e-19   1588228
  1.715982e+00   1.077327e-15   1.121250e-03   8.532076e-19   1591046
  1.719873e+00   1.069229e-15   1.123715e-03   8.449367e-19   1602474
  1.723761e+00   1.059118e-15   1.118014e-03   8.372187e-19   1601646
  1.727642e+00   1.048904e-15   1.120550e-03   8.263205e-19   1611266
  1.731523e+00   1.041169e-15   1.120678e-03   8.185624e-19   1616634
  1.735410e+00   1.031082e-15   1.126166e-03   8.065627e-19   1631366
  1.739297e+00   1.025202e-15   1.119655e-03   8.031461e-19   1631028
  1.743180e+00   1.017892e-15   1.119854e-03   7.933529e-19   1641446
  1.747073e+00   1.007987e-15   1.124208e-03   7.846964e-19   1654234
  1.750973e+00   9.984491e-16   1.126198e-03   7.735069e-19   1662874
  1.754858e+00   9.911934e-16   1.117471e-03   7.701523e-19   1656686
  1.758736e+00   9.823784e-16   1.122008e-03   7.599118e-19   1670898
  1.762622e+00   9.741781e-16   1.123056e-03   7.515113e-19   1678074
  1.766507e+00   9.667121e-16   1.123311e-03   7.458199e-19   1685198
  1.770393e+00   9.573243e-16   1.122996e-03   7.362942e-19   1694524
  1.774282e+00   9.505197e-16   1.120709e-03   7.275092e-19   1701334
  1.778171e+00   9.421546e-16   1.120908e-03   7.204216e-19   1709386
  1.782064e+00   9.345272e-16   1.123720e-03   7.124158e-19   1719994
  1.785953e+00   9.266192e-16   1.121006e-03   7.064014e-19   1721510
  1.789842e+00   9.186730e-16   1.124974e-03   6.976480e-19   1734978
  1.793722e+00   9.117498e-16   1.116124e-03   6.930111e-19   1728646
  1.797599e+00   9.053844e-16   1.122713e-03   6.843585e-19   1746868
  1.801486e+00   8.966720e-16   1.121127e-03   6.772373e-19   1752922
  1.805380e+00   8.902665e-16   1.125234e-03   6.696664e-19   1767862
  1.809271e+00   8.808366e-16   1.119301e-03   6.638395e-19   1765698
  1.813160e+00   8.760585e-16   1.125035e-03   6.557535e-19   1781270
  1.817049e+00   8.685727e-16   1.121176e-03   6.518952e-19   1780650
  1.820932e+00   8.589004e-16   1.124142e-03   6.419096e-19   1792418
  1.824813e+00   8.541009e-16   1.119388e-03   6.375776e-19   1792790
  1.828696e+00   8.459003e-16   1.123591e-03   6.281731e-19   1809852
  1.832585e+00   8.400738e-16   1.120140e-03   6.241670e-19   1812666
  1.836475e+00   8.350150e-16   1.124777e-03   6.167725e-19   1827614
  1.840367e+00   8.281109e-16   1.121640e-03   6.118762e-19   1829970
  1.844251e+00   8.197800e-16   1.120370e-03   6.051661e-19   1835030
  1.848131e+00   8.138361e-16   1.119790e-03   5.987622e-19   1841410
  1.852017e+00   8.076567e-16   1.124723e-03   5.927089e-19   1856626
  1.855900e+00   8.012832e-16   1.118305e-03   5.886689e-19   1854656
  1.859782e+00   7.944644e-16   1.121720e-03   5.810438e-19   1870698
  1.863671e+00   7.891493e-16   1.120553e-03   5.759960e-19   1876998
  1.867559e+00   7.818339e-16   1.120979e-03   5.699368e-19   1884458
  1.871445e+00   7.766600e-16   1.122381e-03   5.651277e-19   1891730
  1.875338e+00   7.694887e-16   1.127317e-03   5.582101e-19   1907574
  1.879232e+00   7.633960e-16   1.122851e-03   5.525448e-19   1907730
  1.883115e+00   7.590921e-16   1.120697e-03   5.486819e-19   1912154
  1.886997e+00   7.519674e-16   1.121764e-03   5.427245e-19   1923216
  1.890888e+00   7.464432e-16   1.124326e-03   5.367290e-19   1936562
  1.894776e+00   7.403946e-16   1.119734e-03   5.328412e-19   1936862
  1.898663e+00   7.325707e-16   1.122747e-03   5.241380e-19   1950114
  1.902549e+00   7.301178e-16   1.121089e-03   5.215721e-19   1953306
  1.906439e+00   7.230899e-16   1.125982e-03   5.153142e-19   1968806
  1.910327e+00   7.158285e-16   1.121186e-03   5.104117e-19   1968818
  1.914211e+00   7.119396e-16   1.121720e-03   5.055877e-19   1980624
  1.918097e+00   7.055113e-16   1.118800e-03   5.014627e-19   1985034
  1.921980e+00   7.014262e-16   1.120281e-03   4.964050e-19   1995242
  1.925870e+00   6.953222e-16   1.123830e-03   4.904718e-19   2007742
  1.929759e+00   6.889946e-16   1.121495e-03   4.855583e-19   2010538
  1.933641e+00   6.833647e-16   1.121298e-03   4.822428e-19   2017390
  1.937531e+00   6.792088e-16   1.126602e-03   4.764331e-19   2034346
  1.941413e+00   6.729967e-16   1.117450e-03   4.731508e-19   2025498
  1.945299e+00   6.689117e-16   1.127850e-03   4.668298e-19   2055248
  1.949189e+00   6.630970e-16   1.116586e-03   4.643727e-19   2045090
  1.953070e+00   6.593561e-16   1.121603e-03   4.589916e-19   2062074
  1.956959e+00   6.528568e-16   1.122727e-03   4.543772e-19   2070190
  1.960848e+00   6.489349e-16   1.123891e-03   4.498825e-19   2079226
  1.964734e+00   6.440230e-16   1.122069e-03   4.460651e-19   2083990
  1.968623e+00   6.395878e-16   1.124515e-03   4.414849e-19   2097898
  1.972507e+00   6.337753e-16   1.118548e-03   4.382092e-19   2095452
  1.976394e+00   6.283450e-16   1.124843e-03   4.312724e-19   2117390
  1.980286e+00   6.238748e-16   1.119656e-03   4.294012e-19   2117066
  1.984162e+00   6.187830e-16   1.115140e-03   4.255685e-19   2117238
  1.988045e+00   6.144658e-16   1.124414e-03   4.200338e-19   2140026
  1.991938e+00   6.100995e-16   1.125139e-03   4.163348e-19   2147234
  1.995825e+00   6.049632e-16   1.122378e-03   4.133485e-19   2150118
  1.999710e+00   6.014056e-16   1.122400e-03   4.096493e-19   2160386
  2.003596e+00   5.962863e-16   1.121122e-03   4.049328e-19   2168256
  2.007488e+00   5.910899e-16   1.124409e-03   3.997247e-19   2183306
  2.011378e+00   5.880755e-16   1.120925e-03   3.978824e-19   2184642
  2.015262e+00   5.835297e-16   1.120511e-03   3.946999e-19   2192318
  2.019141e+00   5.782262e-16   1.118713e-03   3.901753e-19   2196066
  2.023031e+00   5.741608e-16   1.127541e-03   3.856460e-19   2220890
  2.026922e+00   5.693061e-16   1.121128e-03   3.823329e-19   2215758
  2.030810e+00   5.659887e-16   1.124804e-03   3.789146e-19   2233988
  2.034697e+00   5.615635e-16   1.118045e-03   3.756373e-19   2231670
  2.038579e+00   5.571230e-16   1.119728e-03   3.719485e-19   2244338
  2.042469e+00   5.534364e-16   1.123477e-03   3.686026e-19   2258610
  2.046358e+00   5.480980e-16   1.121050e-03   3.646307e-19   2260718
  2.050240e+00   5.453043e-16   1.120914e-03   3.627008e-19   2268162
  2.054123e+00   5.411449e-16   1.121571e-03   3.588165e-19   2277494
  2.058008e+00   5.367892e-16   1.123134e-03   3.549650e-19   2288796
  2.061901e+00   5.335876e-16   1.126253e-03   3.511080e-19   2305226
  2.065791e+00   5.291235e-16   1.119672e-03   3.483504e-19   2301630
  2.069679e+00   5.254412e-16   1.123731e-03   3.454817e-19   2319770
  2.073565e+00   5.213105e-16   1.118309e-03   3.433331e-19   2315610
  2.077447e+00   5.175419e-16   1.124236e-03   3.388560e-19   2334662
  2.081332e+00   5.142580e-16   1.120785e-03   3.362523e-19   2335722
  2.085219e+00   5.104585e-16   1.124829e-03   3.330055e-19   2354102
  2.089107e+00   5.069632e-16   1.120313e-03   3.301986e-19   2355156
  2.092998e+00   5.017275e-16   1.124614e-03   3.255106e-19   2374250
  2.096888e+00   4.993949e-16   1.120068e-03   3.247172e-19   2373102
  2.100776e+00   4.946093e-16   1.122758e-03   3.204162e-19   2388194
  2.104658e+00   4.911609e-16   1.116928e-03   3.182740e-19   2383470
  2.108539e+00   4.891231e-16   1.123618e-03   3.151291e-19   2404994
  2.112426e+00   4.840683e-16   1.121916e-03   3.120939e-19   2408538
  2.116308e+00   4.814096e-16   1.121742e-03   3.094788e-19   2417744
  2.120198e+00   4.780258e-16   1.124446e-03   3.064293e-19   2434578
  2.124090e+00   4.737713e-16   1.121710e-03   3.039763e-19   2438414
  2.127979e+00   4.710998e-16   1.122410e-03   3.007615e-19   2448066
  2.131867e+00   4.672633e-16   1.122662e-03   2.984175e-19   2456018
  2.135751e+00   4.639021e-16   1.121406e-03   2.958892e-19   2461230
  2.139636e+00   4.610607e-16   1.122653e-03   2.929633e-19   2474330
  2.143519e+00   4.573210e-16   1.119652e-03   2.904841e-19   2476498
  2.147405e+00   4.543249e-16   1.124366e-03   2.874888e-19   2497240
  2.151298e+00   4.509210e-16   1.122529e-03   2.853282e-19   2502930
  2.155185e+00   4.469793e-16   1.120390e-03   2.825074e-19   2508470
  2.159072e+00   4.438881e-16   1.121001e-03   2.802395e-19   2518482
  2.162961e+00   4.415120e-16   1.123829e-03   2.775881e-19   2532074
  2.166844e+00   4.383404e-16   1.118275e-03   2.757931e-19   2526678
  2.170724e+00   4.349183e-16   1.124045e-03   2.727121e-19   2549018
  2.174611e+00   4.321338e-16   1.120040e-03   2.704582e-19   2551704
  2.178497e+00   4.291420e-16   1.122028e-03   2.675812e-19   2566226
  2.182386e+00   4.257279e-16   1.122230e-03   2.655971e-19   2573898
  2.186278e+00   4.235595e-16   1.124844e-03   2.635340e-19   2589182
  2.190164e+00   4.202335e-16   1.119195e-03   2.613997e-19   2584890
  2.194049e+00   4.173485e-16   1.124371e-03   2.586215e-19   2605190
  2.197936e+00   4.138025e-16   1.121682e-03   2.566921e-19   2606418
  2.201821e+00   4.106926e-16   1.123741e-03   2.539908e-19   2621186
  2.205707e+00   4.073930e-16   1.120704e-03   2.514131e-19   2626608
  2.209592e+00   4.050771e-16   1.119995e-03   2.493235e-19   2636714
  2.213479e+00   4.024038e-16   1.121274e-03   2.473311e-19   2647482
  2.217374e+00   4.001639e-16   1.127022e-03   2.453158e-19   2668382
  2.221265e+00   3.969943e-16   1.120175e-03   2.432795e-19   2660418
  2.225149e+00   3.946337e-16   1.122869e-03   2.412755e-19   2676662
  2.229029e+00   3.916024e-16   1.117920e-03   2.394247e-19   2674210
  2.232911e+00   3.882584e-16   1.123157e-03   2.365260e-19   2697076
  2.236800e+00   3.853936e-16   1.121599e-03   2.344806e-19   2703558
  2.240687e+00   3.836347e-16   1.121191e-03   2.329689e-19   2713250
  2.244572e+00   3.805709e-16   1.119243e-03   2.311949e-19   2717718
  2.248464e+00   3.778350e-16   1.127021e-03   2.281482e-19   2743178
  2.252353e+00   3.757246e-16   1.120305e-03   2.276351e-19   2732730
  2.256238e+00   3.725112e-16   1.126187e-03   2.244224e-19   2758022
  2.260125e+00   3.703335e-16   1.119041e-03   2.232888e-19   2751994
  2.264006e+00   3.678405e-16   1.121171e-03   2.210991e-19   2769052
  2.267895e+00   3.651196e-16   1.122842e-03   2.188730e-19   2783062
  2.271785e+00   3.624283e-16   1.121645e-03   2.173453e-19   2789362
  2.275674e+00   3.599932e-16   1.121981e-03   2.154940e-19   2799582
  2.279564e+00   3.569942e-16   1.123236e-03   2.131672e-19   2811170
  2.283450e+00   3.548814e-16   1.121033e-03   2.113618e-19   2812658
  2.287338e+00   3.525985e-16   1.125793e-03   2.096291e-19   2833302
  2.291222e+00   3.499136e-16   1.118388e-03   2.078903e-19   2827420
  2.295104e+00   1.679401e-17   1.121018e-03   6.309302e-20   2846710
  2.298989e+00   1.467152e-32   1.120692e-03   9.158229e-36   2846535
  2.302873e+00   1.378165e-32   1.122997e-03   8.577482e-36   2848496
  2.306761e+00   1.295558e-32   1.122225e-03   8.026629e-36   2841084
  2.310652e+00   1.220094e-32   1.124928e-03   7.548355e-36   2843480
  2.314540e+00   1.153359e-32   1.120270e-03   7.159868e-36   2826624
  2.318424e+00   1.095342e-32   1.123352e-03   6.786332e-36   2828732
  2.322310e+00   1.043244e-32   1.121451e-03   6.487816e-36   2819296
  2.326197e+00   9.967466e-33   1.122811e-03   6.208633e-36   2819548
  2.330081e+00   9.540809e-33   1.118959e-03   5.963647e-36   2805192
  2.333967e+00   9.163669e-33   1.123463e-03   5.731312e-36   2811104
  2.337856e+00   8.822758e-33   1.121717e-03   5.535954e-36   2800672
  2.341743e+00   8.483950e-33   1.122654e-03   5.333647e-36   2798080
  2.345628e+00   8.167955e-33   1.120248e-03   5.161090e-36   2786976
  2.349516e+00   7.882611e-33   1.123594e-03   4.976811e-36   2791016
  2.353406e+00   7.625844e-33   1.121382e-03   4.827489e-36   2779360
  2.357287e+00   7.369238e-33   1.119573e-03   4.680945e-36   2768644
  2.361169e+00   7.126710e-33   1.122534e-03   4.533124e-36   2771192
  2.365058e+00   6.906696e-33   1.121875e-03   4.397048e-36   2765028
  2.368946e+00   6.697045e-33   1.122751e-03   4.277759e-36   2760864
  2.372840e+00   6.515053e-33   1.125689e-03   4.157079e-36   2761616
  2.376724e+00   6.322374e-33   1.118525e-03   4.062263e-36   2737932
  2.380610e+00   6.141080e-33   1.125904e-03   3.941502e-36   2752280
  2.384498e+00   5.972944e-33   1.118464e-03   3.859805e-36   2728764
  2.388382e+00   5.810718e-33   1.123937e-03   3.746612e-36   2736368
  2.392268e+00   5.661689e-33   1.119459e-03   3.666369e-36   2719952
  2.396155e+00   5.513985e-33   1.124236e-03   3.565368e-36   2727120
  2.400042e+00   5.388272e-33   1.118614e-03   3.509147e-36   2708400
  2.403932e+00   5.251170e-33   1.125719e-03   3.411357e-36   2718536
  2.407818e+00   5.126184e-33   1.118504e-03   3.352880e-36   2694300
  2.411707e+00   5.000239e-33   1.126793e-03   3.258092e-36   2709440
  2.415596e+00   4.887156e-33   1.117787e-03   3.203918e-36   2682108
  2.419475e+00   4.766963e-33   1.121308e-03   3.129552e-36   2684912
  2.423360e+00   4.662323e-33   1.121998e-03   3.068405e-36   2678868
  2.427246e+00   4.563879e-33   1.122668e-03   3.001669e-36   2674772
  2.431135e+00   4.445811e-33   1.123033e-03   2.928704e-36   2670120
  2.435021e+00   4.354807e-33   1.120804e-03   2.881697e-36   2659532
  2.438909e+00   4.258211e-33   1.123713e-03   2.816186e-36   2659704
  2.442801e+00   4.169479e-33   1.124617e-03   2.758136e-36   2654348
  2.446687e+00   4.081004e-33   1.121000e-03   2.710540e-36   2640276
  2.450572e+00   3.992464e-33   1.121992e-03   2.657893e-36   2638700
  2.454457e+00   3.917497e-33   1.120074e-03   2.613887e-36   2628244
  2.458344e+00   3.836978e-33   1.124115e-03   2.552784e-36   2630920
  2.462234e+00   3.761389e-33   1.121877e-03   2.517348e-36   2618904
  2.466118e+00   3.682252e-33   1.120448e-03   2.470536e-36   2610932
  2.470005e+00   3.611531e-33   1.121951e-03   2.419936e-36   2608464
  2.473895e+00   3.537013e-33   1.123139e-03   2.374058e-36   2603708
  2.477779e+00   3.463391e-33   1.119694e-03   2.325759e-36   2588012
  2.481660e+00   3.401556e-33   1.122196e-03   2.289466e-36   2588364
  2.485545e+00   3.336711e-33   1.120384e-03   2.249830e-36   2579076
  2.489430e+00   3.278510e-33   1.121132e-03   2.218953e-36   2574152
  2.493314e+00   3.212176e-33   1.121505e-03   2.172957e-36   2566812
  2.497207e+00   3.151964e-33   1.127061e-03   2.130606e-36   2573732
  2.501098e+00   3.094664e-33   1.119524e-03   2.097305e-36   2550568
  2.504983e+00   3.035709e-33   1.123035e-03   2.062267e-36   2552068
  2.508870e+00   2.984228e-33   1.121138e-03   2.032333e-36   2539620
  2.512757e+00   2.926665e-33   1.124635e-03   1.989534e-36   2540936
  2.516646e+00   2.879867e-33   1.121040e-03   1.962226e-36   2528032
  2.520531e+00   2.819908e-33   1.120365e-03   1.924993e-36   2521480
  2.524419e+00   2.777278e-33   1.122347e-03   1.900913e-36   2517980
  2.528309e+00   2.723016e-33   1.123011e-03   1.863850e-36   2511744
  2.532195e+00   2.683920e-33   1.120855e-03   1.842682e-36   2500140
  2.536081e+00   2.632547e-33   1.121926e-03   1.811415e-36   2496980
  2.539968e+00   2.589543e-33   1.121125e-03   1.780664e-36   2486924
  2.543856e+00   2.541995e-33   1.124762e-03   1.751141e-36   2487000
  2.547743e+00   2.497422e-33   1.120210e-03   1.724526e-36   2469840
  2.551626e+00   2.455480e-33   1.122637e-03   1.696685e-36   2469656
  2.555511e+00   2.418997e-33   1.119469e-03   1.676614e-36   2456844
  2.559401e+00   2.377817e-33   1.125965e-03   1.646655e-36   2462876
  2.563290e+00   2.337079e-33   1.120472e-03   1.622465e-36   2442136
  2.567174e+00   2.298062e-33   1.123165e-03   1.595619e-36   2441944
  2.571061e+00   2.263603e-33   1.120769e-03   1.579195e-36   2430508
  2.574945e+00   2.224794e-33   1.121157e-03   1.551994e-36   2424352
  2.578832e+00   2.189285e-33   1.123693e-03   1.528727e-36   2421264
  2.582722e+00   2.153710e-33   1.122895e-03   1.505403e-36   2413064
  2.586608e+00   2.121079e-33   1.120676e-03   1.483948e-36   2401572
  2.590492e+00   2.086358e-33   1.121724e-03   1.463213e-36   2397284
  2.594379e+00   2.055125e-33   1.121499e-03   1.445313e-36   2388336
  2.598268e+00   2.017863e-33   1.124943e-03   1.420064e-36   2387204
  2.602153e+00   1.989978e-33   1.119280e-03   1.405583e-36   2368644
  2.606033e+00   1.958130e-33   1.120613e-03   1.384173e-36   2365400
  2.609918e+00   1.934642e-33   1.121690e-03   1.367344e-36   2360072
  2.613808e+00   1.897791e-33   1.123660e-03   1.344278e-36   2356464
  2.617696e+00   1.872409e-33   1.121214e-03   1.327726e-36   2343240
  2.621583e+00   1.842103e-33   1.122605e-03   1.306481e-36   2340248
  2.625468e+00   1.813075e-33   1.118824e-03   1.290290e-36   2325000
  2.629355e+00   1.787596e-33   1.124959e-03   1.272067e-36   2328632
  2.633245e+00   1.761130e-33   1.121910e-03   1.254072e-36   2313220
  2.637134e+00   1.731295e-33   1.124095e-03   1.236167e-36   2310772
  2.641020e+00   1.709652e-33   1.119781e-03   1.225008e-36   2295420
  2.644905e+00   1.681642e-33   1.122584e-03   1.202767e-36   2293592
  2.648791e+00   1.658303e-33   1.120952e-03   1.191285e-36   2281384
  2.652683e+00   1.633653e-33   1.126704e-03   1.171269e-36   2285776
  2.656570e+00   1.610191e-33   1.117325e-03   1.163602e-36   2259408
  2.660455e+00   1.586090e-33   1.124314e-03   1.144634e-36   2266808
  2.664344e+00   1.563809e-33   1.120389e-03   1.133553e-36   2248836
  2.668227e+00   1.539578e-33   1.123045e-03   1.116606e-36   2245244
  2.672111e+00   1.518629e-33   1.120801e-03   1.102277e-36   2233908
  2.675998e+00   1.497737e-33   1.122974e-03   1.087270e-36   2231660
  2.679886e+00   1.475068e-33   1.120422e-03   1.077805e-36   2218544
  2.683775e+00   1.454411e-33   1.124792e-03   1.060634e-36   2218176
  2.687664e+00   1.435547e-33   1.121286e-03   1.050461e-36   2202900
  2.691550e+00   1.415303e-33   1.121747e-03   1.036876e-36   2197472
  2.695433e+00   1.396260e-33   1.118354e-03   1.026430e-36   2181960
  2.699317e+00   1.376553e-33   1.124130e-03   1.011408e-36   2183696
  2.703207e+00   1.357326e-33   1.123719e-03   1.001652e-36   2173416
  2.707096e+00   1.340925e-33   1.122917e-03   9.908837e-37   2165444
  2.710982e+00   1.318710e-33   1.119761e-03   9.767352e-37   2152688
  2.714867e+00   1.302282e-33   1.121777e-03   9.642931e-37   2147628
  2.718754e+00   1.284650e-33   1.122335e-03   9.556044e-37   2139012
  2.722646e+00   1.268291e-33   1.125226e-03   9.432196e-37   2136008
  2.726525e+00   1.248528e-33   1.114594e-03   9.348465e-37   2108656
  2.730404e+00   1.233753e-33   1.123744e-03   9.217436e-37   2117896
  2.734296e+00   1.218720e-33   1.123450e-03   9.121532e-37   2106260
  2.738185e+00   1.201179e-33   1.123855e-03   9.019169e-37   2099088
  2.742075e+00   1.181593e-33   1.121974e-03   8.902937e-37   2088432
  2.745961e+00   1.166072e-33   1.120471e-03   8.784956e-37   2078432
  2.749845e+00   1.152922e-33   1.120708e-03   8.719728e-37   2069048
  2.753732e+00   1.138408e-33   1.123831e-03   8.627657e-37   2064804
  2.757623e+00   1.122480e-33   1.123568e-03   8.522198e-37   2055644
  2.761510e+00   1.109554e-33   1.120700e-03   8.446583e-37   2043000
  2.765392e+00   1.091999e-33   1.120067e-03   8.318621e-37   2032348
  2.769281e+00   1.080779e-33   1.126495e-03   8.233376e-37   2034064
  2.773172e+00   1.069245e-33   1.122211e-03   8.199453e-37   2017740
  2.777059e+00   1.051210e-33   1.121480e-03   8.060822e-37   2010188
  2.780942e+00   1.038543e-33   1.118751e-03   7.988542e-37   1996556
  2.784826e+00   1.029008e-33   1.122456e-03   7.938788e-37   1992816
  2.788712e+00   1.012899e-33   1.122411e-03   7.838066e-37   1982400
  2.792596e+00   1.001285e-33   1.121262e-03   7.787950e-37   1972256
  2.796480e+00   9.888737e-34   1.121000e-03   7.689434e-37   1964384
  2.800370e+00   9.758896e-34   1.122889e-03   7.594798e-37   1958544
  2.804258e+00   9.671542e-34   1.122489e-03   7.553742e-37   1946988
  2.808149e+00   9.512230e-34   1.124629e-03   7.442136e-37   1942532
  2.812034e+00   9.409902e-34   1.117383e-03   7.395465e-37   1921692
  2.815918e+00   9.286237e-34   1.123808e-03   7.294910e-37   1924004
  2.819806e+00   9.182212e-34   1.120365e-03   7.250506e-37   1907344
  2.823695e+00   9.051564e-34   1.126069e-03   7.159996e-37   1907440
  2.827583e+00   8.952675e-34   1.118720e-03   7.121455e-37   1886136
  2.831464e+00   8.857240e-34   1.121920e-03   7.074494e-37   1883144
  2.835353e+00   8.738092e-34   1.122753e-03   6.966517e-37   1874724
  2.839243e+00   8.655958e-34   1.123826e-03   6.923418e-37   1866068
  2.843130e+00   8.518135e-34   1.121455e-03   6.848627e-37   1852980
  2.847017e+00   8.424210e-34   1.122782e-03   6.791100e-37   1847468
  2.850900e+00   8.340552e-34   1.117935e-03   6.739387e-37   1829636
  2.854785e+00   8.212360e-34   1.123959e-03   6.649871e-37   1829688
  2.858675e+00   8.123907e-34   1.122789e-03   6.602704e-37   1817192
  2.862561e+00   8.044982e-34   1.121150e-03   6.571439e-37   1806312
  2.866446e+00   7.948791e-34   1.120289e-03   6.520883e-37   1795984
  2.870334e+00   7.859665e-34   1.123627e-03   6.456103e-37   1791100
  2.874224e+00   7.778167e-34   1.122050e-03   6.407983e-37   1777648
  2.878111e+00   7.676815e-34   1.123043e-03   6.339881e-37   1769848
  2.881996e+00   7.591628e-34   1.119995e-03   6.298662e-37   1756536
  2.885881e+00   7.504432e-34   1.121386e-03   6.247442e-37   1748960
  2.889768e+00   7.426433e-34   1.123014e-03   6.201926e-37   1739952
  2.893658e+00   7.319874e-34   1.124239e-03   6.133994e-37   1732124
  2.897544e+00   7.246486e-34   1.120323e-03   6.098155e-37   1716852
  2.901430e+00   7.161742e-34   1.122735e-03   6.040176e-37   1712276
  2.905319e+00   7.084325e-34   1.121222e-03   6.003923e-37   1698500
  2.909208e+00   7.011676e-34   1.125604e-03   5.941006e-37   1693932
  2.913093e+00   6.935303e-34   1.119232e-03   5.914907e-37   1675204
  2.916975e+00   6.845267e-34   1.121771e-03   5.857637e-37   1670644
  2.920858e+00   6.783070e-34   1.118515e-03   5.856870e-37   1655532
  2.924748e+00   6.710928e-34   1.126990e-03   5.779536e-37   1656860
  2.928637e+00   6.650162e-34   1.119840e-03   5.778565e-37   1635372
  2.932524e+00   6.548471e-34   1.124773e-03   5.690353e-37   1634324
  2.936410e+00   6.500747e-34   1.117372e-03   5.681622e-37   1613676
  2.940295e+00   6.416013e-34   1.124617e-03   5.617044e-37   1613348
  2.944183e+00   6.352275e-34   1.120803e-03   5.599243e-37   1596236
  2.948069e+00   6.279171e-34   1.123999e-03   5.557368e-37   1591476
  2.951956e+00   6.213748e-34   1.119134e-03   5.529062e-37   1575732
  2.955838e+00   6.133223e-34   1.120429e-03   5.467801e-37   1566236
  2.959725e+00   6.098044e-34   1.124724e-03   5.454503e-37   1560292
  2.963618e+00   6.011503e-34   1.124442e-03   5.412779e-37   1550092
  2.967503e+00   5.954836e-34   1.118750e-03   5.404078e-37   1532628
  2.971386e+00   5.894070e-34   1.121507e-03   5.337032e-37   1527332
  2.975274e+00   5.830371e-34   1.121884e-03   5.323442e-37   1515212
  2.979160e+00   5.779439e-34   1.123567e-03   5.302726e-37   1506444
  2.983048e+00   5.715965e-34   1.122261e-03   5.264583e-37   1495116
  2.986928e+00   5.646634e-34   1.117074e-03   5.232216e-37   1479152
  2.990812e+00   5.583243e-34   1.122982e-03   5.185196e-37   1475512
  2.994707e+00   5.553316e-34   1.126591e-03   5.190902e-37   1467820
  2.998598e+00   5.479256e-34   1.121923e-03   5.139857e-37   1451256
  3.002486e+00   5.422471e-34   1.122725e-03   5.118810e-37   1443212
  3.006369e+00   5.361345e-34   1.117256e-03   5.079258e-37   1425680
  3.010254e+00   5.304668e-34   1.124371e-03   5.059796e-37   1422972
  3.014143e+00   5.265918e-34   1.123023e-03   5.049303e-37   1408632
  3.018032e+00   5.201926e-34   1.123941e-03   5.006832e-37   1400984
  3.021918e+00   5.151586e-34   1.117887e-03   4.995531e-37   1383196
  3.025801e+00   5.097752e-34   1.123197e-03   4.953866e-37   1378120
  3.029692e+00   5.062646e-34   1.124450e-03   4.973614e-37   1367272
  3.033584e+00   5.005234e-34   1.124457e-03   4.934184e-37   1356580
  3.037464e+00   4.940586e-34   1.115974e-03   4.908515e-37   1337028
  3.041343e+00   4.890251e-34   1.120802e-03   4.884648e-37   1332500
  3.045230e+00   4.849534e-34   1.122780e-03   4.859323e-37   1321796
  3.049120e+00   4.796945e-34   1.124838e-03   4.846049e-37   1312716
  3.053007e+00   4.754002e-34   1.119942e-03   4.837413e-37   1296580
  3.056896e+00   4.694334e-34   1.124221e-03   4.786177e-37   1291528
  3.060783e+00   4.650410e-34   1.119071e-03   4.784359e-37   1273128
  3.064669e+00   4.613700e-34   1.125633e-03   4.779701e-37   1268720
  3.068560e+00   4.565231e-34   1.122309e-03   4.741600e-37   1254016
  3.072444e+00   4.507592e-34   1.119894e-03   4.726723e-37   1241296
  3.076322e+00   4.467083e-34   1.116955e-03   4.711915e-37   1226712
  3.080211e+00   4.430492e-34   1.128188e-03   4.690519e-37   1226228
  3.084105e+00   4.394568e-34   1.122621e-03   4.711170e-37   1207768
  3.087992e+00   4.334342e-34   1.122433e-03   4.669530e-37   1198336
  3.091874e+00   4.307266e-34   1.117108e-03   4.683383e-37   1181484
  3.095761e+00   4.238999e-34   1.125421e-03   4.633668e-37   1178012
  3.099653e+00   4.227284e-34   1.123268e-03   4.658278e-37   1162564
  3.103535e+00   4.156152e-34   1.120338e-03   4.623386e-37   1149340
  3.107418e+00   4.120556e-34   1.119954e-03   4.600469e-37   1138848
  3.111303e+00   4.071166e-34   1.120192e-03   4.595491e-37   1126748
  3.115189e+00   4.056536e-34   1.123911e-03   4.619630e-37   1117428
  3.119084e+00   4.007346e-34   1.126323e-03   4.573215e-37   1108112
  3.122973e+00   3.951070e-34   1.119549e-03   4.552161e-37   1090596
  3.126857e+00   3.896043e-34   1.120292e-03   4.526698e-37   1081052
  3.130738e+00   3.880297e-34   1.118514e-03   4.561634e-37   1065716
  3.134626e+00   3.846535e-34   1.127732e-03   4.520300e-37   1061940
  3.138518e+00   3.796396e-34   1.121370e-03   4.539497e-37   1044096
  3.142404e+00   3.735933e-34   1.122139e-03   4.501321e-37   1034864
  3.146289e+00   3.708906e-34   1.117591e-03   4.489387e-37   1018308
  3.150179e+00   3.685183e-34   1.129200e-03   4.500943e-37   1014812
  3.154072e+00   3.626784e-34   1.121981e-03   4.498402e-37   996288
  3.157955e+00   3.577132e-34   1.120847e-03   4.459037e-37   985376
  3.161835e+00   3.548818e-34   1.115880e-03   4.476092e-37   969652
  3.165722e+00   3.506713e-34   1.125987e-03   4.428014e-37   964924
  3.169610e+00   3.475854e-34   1.121515e-03   4.463681e-37   947228
  3.173495e+00   3.410389e-34   1.123457e-03   4.400164e-37   939084
  3.177381e+00   3.372375e-34   1.116472e-03   4.383050e-37   921864
  3.181265e+00   3.327599e-34   1.123502e-03   4.368068e-37   914252
  3.185159e+00   3.316330e-34   1.126304e-03   4.397573e-37   902572
  3.189050e+00   3.258010e-34   1.123145e-03   4.358821e-37   888784
  3.192932e+00   3.191994e-34   1.116224e-03   4.288011e-37   872540
  3.196811e+00   3.151765e-34   1.120157e-03   4.268227e-37   862848
  3.200697e+00   3.128918e-34   1.124093e-03   4.306423e-37   851760
  3.204592e+00   3.076331e-34   1.127172e-03   4.242810e-37   841940
  3.208479e+00   3.027444e-34   1.117661e-03   4.225478e-37   823032
  3.212364e+00   2.979061e-34   1.123934e-03   4.183215e-37   816044
  3.216253e+00   2.936545e-34   1.120364e-03   4.177769e-37   799292
  3.220140e+00   2.894630e-34   1.126784e-03   4.160340e-37   791304
  3.224026e+00   2.836462e-34   1.117490e-03   4.090259e-37   772868
  3.227902e+00   2.776491e-34   1.119936e-03   4.034369e-37   762552
  3.231787e+00   2.741689e-34   1.121745e-03   3.995082e-37   750876
  3.235677e+00   2.692329e-34   1.123999e-03   3.963482e-37   739280
  3.239565e+00   2.626330e-34   1.121784e-03   3.873530e-37   724944
  3.243456e+00   2.563496e-34   1.124267e-03   3.801156e-37   714380
  3.247336e+00   2.506542e-34   1.116046e-03   3.720427e-37   695932
  3.251222e+00   2.447314e-34   1.126879e-03   3.620551e-37   690949
  3.255114e+00   2.396994e-34   1.118914e-03   3.542570e-37   673638
  3.258999e+00   2.343577e-34   1.124434e-03   3.469183e-37   666092
  3.262883e+00   2.311833e-34   1.117312e-03   3.457748e-37   651024
  3.266766e+00   2.269122e-34   1.124054e-03   3.379650e-37   644804
  3.270656e+00   2.226976e-34   1.121035e-03   3.340593e-37   632676
  3.274546e+00   2.185085e-34   1.125434e-03   3.297663e-37   624962
  3.278430e+00   2.144330e-34   1.118496e-03   3.217753e-37   611280
  3.282321e+00   2.112566e-34   1.127391e-03   3.185117e-37   607256
  3.286211e+00   2.084246e-34   1.118374e-03   3.175066e-37   592616
  3.290095e+00   2.048750e-34   1.124430e-03   3.133675e-37   587160
  3.293983e+00   2.010638e-34   1.120749e-03   3.081543e-37   575482
  3.297866e+00   1.979829e-34   1.122505e-03   3.065754e-37   568258
  3.301757e+00   1.954332e-34   1.122731e-03   3.018550e-37   559638
  3.305647e+00   1.919616e-34   1.123210e-03   3.003514e-37   551498
  3.309536e+00   1.896095e-34   1.121790e-03   2.959682e-37   542364
  3.313423e+00   1.858098e-34   1.122328e-03   2.929287e-37   534146
  3.317305e+00   1.835633e-34   1.119988e-03   2.904659e-37   524980
  3.321196e+00   1.799513e-34   1.125222e-03   2.854593e-37   519964
  3.325077e+00   1.774906e-34   1.115886e-03   2.832031e-37   507108
  3.328962e+00   1.748139e-34   1.126905e-03   2.780975e-37   504992
  3.332852e+00   1.724996e-34   1.118656e-03   2.774650e-37   492948
  3.336740e+00   1.702294e-34   1.127360e-03   2.744038e-37   489740
  3.340629e+00   1.676256e-34   1.117346e-03   2.728763e-37   477716
  3.344511e+00   1.645044e-34   1.124864e-03   2.687134e-37   473844
  3.348399e+00   1.630821e-34   1.119228e-03   2.663810e-37   464222
  3.352284e+00   1.592905e-34   1.123815e-03   2.627743e-37   459048
  3.356167e+00   1.587699e-34   1.117888e-03   2.633329e-37   449574
  3.360054e+00   1.552559e-34   1.125019e-03   2.587327e-37   445820
  3.363936e+00   1.538439e-34   1.116211e-03   2.600532e-37   435158
  3.367827e+00   1.517397e-34   1.127850e-03   2.571608e-37   433566
  3.371713e+00   1.495985e-34   1.114763e-03   2.547370e-37   421014
  3.375597e+00   1.475054e-34   1.127754e-03   2.512760e-37   419996
  3.379490e+00   1.455089e-34   1.118287e-03   2.493803e-37   409482
  3.383368e+00   1.425535e-34   1.121665e-03   2.457119e-37   404414
  3.387257e+00   1.420022e-34   1.122567e-03   2.467931e-37   398518
  3.391148e+00   1.387756e-34   1.123750e-03   2.420946e-37   392302
  3.395033e+00   1.382177e-34   1.121765e-03   2.438199e-37   385318
  3.398930e+00   1.352918e-34   1.127631e-03   2.401179e-37   381718
  3.402811e+00   1.336197e-34   1.114511e-03   2.395470e-37   370674
  3.406696e+00   1.320218e-34   1.128673e-03   2.380831e-37   370166
  3.410587e+00   1.315910e-34   1.117032e-03   2.383071e-37   359838
  3.414471e+00   1.289055e-34   1.126612e-03   2.334506e-37   357488
  3.418356e+00   1.277818e-34   1.115416e-03   2.354433e-37   348174
  3.422239e+00   1.254970e-34   1.126138e-03   2.315179e-37   346010
  3.426123e+00   1.244596e-34   1.115666e-03   2.313328e-37   336966
  3.430017e+00   1.223486e-34   1.131496e-03   2.277939e-37   336488
  3.433906e+00   1.211415e-34   1.113178e-03   2.290801e-37   325206
  3.437790e+00   1.191235e-34   1.128394e-03   2.254783e-37   324614
  3.441675e+00   1.179238e-34   1.113950e-03   2.257054e-37   314792
  3.445561e+00   1.159047e-34   1.129033e-03   2.225514e-37   314082
  3.449445e+00   1.145156e-34   1.112843e-03   2.241372e-37   303918
  3.453329e+00   1.136525e-34   1.130230e-03   2.207867e-37   303872
  3.457223e+00   1.122259e-34   1.118237e-03   2.204561e-37   295070
  3.461110e+00   1.107426e-34   1.127117e-03   2.180595e-37   292776
  3.464999e+00   1.091890e-34   1.118155e-03   2.173017e-37   285198
  3.468882e+00   1.073814e-34   1.124173e-03   2.159524e-37   282068
  3.472770e+00   1.066988e-34   1.120642e-03   2.153344e-37   276094
  3.476654e+00   1.048073e-34   1.121770e-03   2.141533e-37   271936
  3.480537e+00   1.039224e-34   1.119604e-03   2.136457e-37   266352
  3.484425e+00   1.028134e-34   1.124273e-03   2.113298e-37   263198
  3.488309e+00   1.020761e-34   1.117087e-03   2.147106e-37   256540
  3.492199e+00   1.004207e-34   1.128018e-03   2.102293e-37   254758
  3.496085e+00   9.896127e-35   1.114575e-03   2.109003e-37   246888
  3.499973e+00   9.791290e-35   1.129431e-03   2.098252e-37   245984
  3.503859e+00   9.650733e-35   1.113747e-03   2.090093e-37   237838
  3.507743e+00   9.544866e-35   1.128624e-03   2.082672e-37   236932
  3.511628e+00   9.426869e-35   1.114686e-03   2.053651e-37   229296
  3.515519e+00   9.300393e-35   1.132107e-03   2.050653e-37   228968
  3.519410e+00   9.271763e-35   1.115334e-03   2.066943e-37   220862
  3.523299e+00   9.108670e-35   1.132320e-03   2.048240e-37   220440
  3.527188e+00   9.048603e-35   1.113877e-03   2.051934e-37   212400
  3.531075e+00   8.858219e-35   1.132596e-03   2.011583e-37   212228
  3.534965e+00   8.852748e-35   1.113928e-03   2.043461e-37   204518
  3.538852e+00   8.662789e-35   1.130227e-03   2.020753e-37   203928
  3.542735e+00   8.559508e-35   1.110921e-03   2.017060e-37   196280
  3.546619e+00   8.436841e-35   1.130361e-03   1.981688e-37   196272
  3.550503e+00   8.402913e-35   1.110008e-03   2.024360e-37   188572
  3.554385e+00   8.265072e-35   1.129045e-03   1.967467e-37   188440
  3.558272e+00   8.225596e-35   1.112527e-03   2.009234e-37   181574
  3.562156e+00   8.099415e-35   1.129325e-03   1.978209e-37   180912
  3.566042e+00   8.080377e-35   1.112617e-03   2.008366e-37   174304
  3.569927e+00   7.902136e-35   1.129933e-03   1.970900e-37   173620
  3.573814e+00   7.914419e-35   1.114477e-03   2.011847e-37   167424
  3.577707e+00   7.757138e-35   1.132693e-03   1.971592e-37   166952
  3.581590e+00   7.715788e-35   1.109406e-03   2.006687e-37   159744
  3.585479e+00   7.556307e-35   1.134885e-03   1.939650e-37   160424
  3.589363e+00   7.602384e-35   1.107308e-03   2.003894e-37   152748
  3.593250e+00   7.438428e-35   1.136784e-03   1.959418e-37   153920
  3.597136e+00   7.336116e-35   1.105473e-03   1.965459e-37   146016
  3.601018e+00   7.252789e-35   1.136208e-03   1.941698e-37   147176
  3.604907e+00   7.203368e-35   1.107710e-03   1.979304e-37   139992
  3.608791e+00   7.168991e-35   1.135264e-03   1.964625e-37   140588
  3.612682e+00   7.084995e-35   1.111007e-03   1.983312e-37   134184
  3.616571e+00   6.973501e-35   1.134121e-03   1.962264e-37   134192
  3.620457e+00   6.945259e-35   1.110077e-03   1.991542e-37   127992
  3.624344e+00   6.879814e-35   1.133946e-03   1.966485e-37   128132
  3.628235e+00   6.823442e-35   1.112933e-03   2.004831e-37   122384
  3.632120e+00   6.643472e-35   1.130787e-03   1.938517e-37   121896
  3.636006e+00   6.676439e-35   1.111987e-03   1.997866e-37   116592
  3.639888e+00   6.580057e-35   1.130031e-03   1.975886e-37   116072
  3.643776e+00   6.561046e-35   1.113281e-03   2.018160e-37   111196
  3.647666e+00   6.421631e-35   1.133982e-03   1.963233e-37   110824
  3.651553e+00   6.422890e-35   1.109351e-03   2.018626e-37   105456
  3.655445e+00   6.299878e-35   1.137911e-03   1.963188e-37   105746
  3.659331e+00   6.296788e-35   1.104570e-03   2.027385e-37   99816
  3.663217e+00   6.196626e-35   1.137630e-03   1.990748e-37   100460
  3.667098e+00   6.207309e-35   1.103186e-03   2.059597e-37   94616
  3.670986e+00   6.112561e-35   1.138482e-03   2.004544e-37   95448
  3.674871e+00   6.024019e-35   1.104767e-03   2.026954e-37   89784
  3.678762e+00   5.989896e-35   1.138753e-03   2.033292e-37   90536
  3.682640e+00   5.953315e-35   1.098833e-03   2.067878e-37   84566
  3.686528e+00   5.852376e-35   1.143171e-03   2.023274e-37   86088
  3.690411e+00   5.852207e-35   1.094501e-03   2.084900e-37   79680
  3.694290e+00   5.816366e-35   1.143460e-03   2.056001e-37   81368
  3.698177e+00   5.729852e-35   1.096007e-03   2.104983e-37   75356
  3.702056e+00   5.664274e-35   1.143156e-03   2.083011e-37   76704
  3.705948e+00   5.695648e-35   1.100016e-03   2.142257e-37   71322
  3.709834e+00   5.599203e-35   1.143672e-03   2.096996e-37   72248
  3.713724e+00   5.571697e-35   1.099908e-03   2.143739e-37   67160
  3.717610e+00   5.485786e-35   1.141543e-03   2.135372e-37   67836
  3.721489e+00   5.460280e-35   1.096984e-03   2.204211e-37   62976
  3.725379e+00   5.376696e-35   1.144398e-03   2.146778e-37   63914
  3.729253e+00   5.330427e-35   1.092761e-03   2.226401e-37   58832
  3.733144e+00   5.340843e-35   1.147084e-03   2.191519e-37   60108
  3.737017e+00   5.315738e-35   1.090205e-03   2.283439e-37   54920
  3.740928e+00   5.239866e-35   1.160099e-03   2.198418e-37   56970
  3.744809e+00   5.241375e-35   1.078913e-03   2.337382e-37   50760
  3.748701e+00   5.165431e-35   1.161348e-03   2.240970e-37   53312
  3.752584e+00   5.171385e-35   1.074836e-03   2.405804e-37   47164
  3.756472e+00   5.017490e-35   1.163802e-03   2.281229e-37   49810
  3.760356e+00   5.126448e-35   1.069365e-03   2.471564e-37   43680
  3.764234e+00   5.025811e-35   1.164818e-03   2.352682e-37   46328
  3.768129e+00   4.992396e-35   1.073902e-03   2.500523e-37   40694
  3.772013e+00   4.896653e-35   1.167140e-03   2.381245e-37   42984
  3.775913e+00   4.926220e-35   1.073587e-03   2.569383e-37   37656
  3.779787e+00   4.854068e-35   1.164236e-03   2.439115e-37   39578
  3.783688e+00   4.887409e-35   1.077878e-03   2.629779e-37   34920
  3.787564e+00   4.809189e-35   1.160065e-03   2.515211e-37   36308
  3.791451e+00   4.844532e-35   1.076316e-03   2.731176e-37   32136
  3.795334e+00   4.713125e-35   1.159401e-03   2.598971e-37   33362
  3.799207e+00   4.789392e-35   1.069739e-03   2.826396e-37   29336
  3.803104e+00   4.713405e-35   1.167435e-03   2.679282e-37   30804
  3.806966e+00   4.738801e-35   1.055228e-03   2.918928e-37   26490
  3.810870e+00   4.674622e-35   1.176653e-03   2.764959e-37   28376
  3.814719e+00   4.703888e-35   1.039734e-03   3.103902e-37   23784
  3.818636e+00   4.646397e-35   1.189627e-03   2.820158e-37   26150
  3.822479e+00   4.638009e-35   1.021588e-03   3.173936e-37   21192
  3.826407e+00   4.672668e-35   1.204804e-03   3.038198e-37   24050
  3.830252e+00   4.573259e-35   1.002280e-03   3.313293e-37   18768
  3.834191e+00   4.569452e-35   1.221518e-03   3.001627e-37   22052
  3.838029e+00   4.556519e-35   9.660660e-04   3.570687e-37   16346
  3.841962e+00   4.449938e-35   1.236558e-03   3.194559e-37   20136
  3.845802e+00   4.534549e-35   9.274195e-04   3.894605e-37   14160
  3.849721e+00   4.501361e-35   1.247069e-03   3.281757e-37   18218
  3.853565e+00   4.511195e-35   8.859468e-04   4.167375e-37   12204
  3.857470e+00   4.441872e-35   1.256334e-03   3.482606e-37   16346
  3.861333e+00   4.463530e-35   8.562781e-04   4.369496e-37   10536
  3.865221e+00   4.320897e-35   1.261091e-03   3.619756e-37   14456
  3.869081e+00   4.470508e-35   8.165112e-04   4.769222e-37   8990
  3.872967e+00   4.382389e-35   1.270385e-03   3.903187e-37   12744
  3.876815e+00   4.443937e-35   7.482517e-04   5.143494e-37   7506
  3.880703e+00   4.414905e-35   1.282849e-03   4.110766e-37   11192
  3.884545e+00   4.391636e-35   6.569471e-04   5.463939e-37   6156
  3.888432e+00   4.288683e-35   1.294599e-03   4.308510e-37   9722
  3.892281e+00   4.314768e-35   5.567157e-04   6.175118e-37   4992
  3.896158e+00   4.472632e-35   1.304505e-03   4.966366e-37   8306
  3.900025e+00   4.369452e-35   4.384033e-04   7.104890e-37   3996
  3.903878e+00   4.389041e-35   1.309274e-03   5.248784e-37   6938
  3.907766e+00   4.575080e-35   3.047624e-04   8.167451e-37   3168
  3.911584e+00   4.378917e-35   1.304853e-03   5.882402e-37   5624
  3.915485e+00   4.425212e-35   2.103226e-04   8.692625e-37   2502
  3.919286e+00   4.417392e-35   1.297747e-03   6.520157e-37   4424
  3.923208e+00   4.478161e-35   2.230451e-04   9.690541e-37   1946
  3.926998e+00   4.274945e-35   1.292790e-03   7.377860e-37   3360
  3.930918e+00   4.588040e-35   1.221617e-04   1.165208e-36   1446
  3.934708e+00   4.151344e-35   1.290208e-03   8.800874e-37   2456
  3.938666e+00   4.276426e-35   2.340394e-04   1.333436e-36   1034
  3.942432e+00   4.118168e-35   1.288305e-03   1.017397e-36   1680
  3.946383e+00   4.231823e-35   5.837572e-05   1.517826e-36   678
  3.950143e+00   4.017648e-35   1.286681e-03   1.219490e-36   1064
  3.954177e+00   3.870851e-35   3.540138e-04   1.783219e-36   410
  3.957868e+00   4.334551e-35   1.284749e-03   1.800428e-36   576
  3.961879e+00   5.020872e-35   1.855368e-05   3.397565e-36   198
  3.965528e+00   3.785179e-35   1.272780e-03   2.604671e-36   248
  3.969917e+00   3.258083e-35   8.019490e-04   4.014790e-36   74
  3.973198e+00   4.553204e-35   1.252635e-03   7.356553e-36   48
  3.977405e+00   7.413258e-35   5.034095e-08   2.464013e-35   6
