# power spectrum of delta_kessence
# redshift z=5.854499
# k              Pk             sigma(k)       sigma(Pk)      count
  5.727314e-03   2.563543e-09   8.763345e-04   4.944408e-10   18
  1.001182e-02   4.171639e-08   1.059922e-03   6.481492e-09   62
  1.393445e-02   9.828808e-08   7.332271e-04   1.271174e-08   90
  1.764809e-02   2.336170e-07   1.157232e-03   1.599602e-08   170
  2.151286e-02   3.732922e-07   1.202795e-03   2.187506e-08   246
  2.528669e-02   5.470768e-07   1.146703e-03   3.025001e-08   338
  2.901099e-02   8.571066e-07   9.857564e-04   4.304806e-08   432
  3.284683e-02   1.116180e-06   1.010047e-03   4.927710e-08   578
  3.688195e-02   1.347442e-06   1.177086e-03   4.878669e-08   786
  4.101464e-02   1.597233e-06   1.190994e-03   5.164836e-08   974
  4.488954e-02   1.932930e-06   1.031402e-03   6.168364e-08   1002
  4.870958e-02   2.442414e-06   1.179303e-03   6.608458e-08   1334
  5.263577e-02   2.694687e-06   1.134676e-03   7.307994e-08   1458
  5.631027e-02   3.232946e-06   1.072446e-03   7.990756e-08   1604
  6.010158e-02   3.723647e-06   1.088865e-03   9.010007e-08   1974
  6.404851e-02   4.398460e-06   1.067989e-03   9.378407e-08   2234
  6.795611e-02   4.992583e-06   1.092954e-03   1.029672e-07   2490
  7.198483e-02   5.613168e-06   1.200217e-03   1.049614e-07   3014
  7.595394e-02   6.249525e-06   1.093611e-03   1.135748e-07   3018
  7.977896e-02   6.762221e-06   1.131598e-03   1.166303e-07   3446
  8.359600e-02   7.088118e-06   1.085617e-03   1.187468e-07   3626
  8.742004e-02   7.372786e-06   1.125556e-03   1.153259e-07   4164
  9.130612e-02   8.021395e-06   1.090740e-03   1.230926e-07   4470
  9.521636e-02   8.306577e-06   1.115446e-03   1.211887e-07   4970
  9.915211e-02   8.936314e-06   1.127844e-03   1.201122e-07   5366
  1.030785e-01   9.045668e-06   1.144516e-03   1.156323e-07   5778
  1.069619e-01   1.000248e-05   1.149148e-03   1.266501e-07   6162
  1.108671e-01   1.041652e-05   1.158272e-03   1.316533e-07   6734
  1.146806e-01   1.105775e-05   1.074898e-03   1.323907e-07   6756
  1.184510e-01   1.184660e-05   1.088568e-03   1.323951e-07   7502
  1.223464e-01   1.278016e-05   1.105366e-03   1.418284e-07   8154
  1.262469e-01   1.330525e-05   1.103283e-03   1.444278e-07   8618
  1.301909e-01   1.433526e-05   1.146655e-03   1.496612e-07   9390
  1.341197e-01   1.529033e-05   1.126004e-03   1.553999e-07   9722
  1.380051e-01   1.526822e-05   1.126950e-03   1.518331e-07   10242
  1.419007e-01   1.575262e-05   1.149257e-03   1.477107e-07   11006
  1.457777e-01   1.652124e-05   1.106962e-03   1.570115e-07   11348
  1.496576e-01   1.655233e-05   1.105725e-03   1.483612e-07   12150
  1.535164e-01   1.679636e-05   1.078348e-03   1.542908e-07   12498
  1.574072e-01   1.733468e-05   1.129889e-03   1.472448e-07   13586
  1.613096e-01   1.744713e-05   1.132072e-03   1.493482e-07   14006
  1.652381e-01   1.807346e-05   1.166232e-03   1.430622e-07   15162
  1.691226e-01   1.841036e-05   1.101754e-03   1.507901e-07   14990
  1.729750e-01   1.903435e-05   1.143142e-03   1.492463e-07   16380
  1.768610e-01   1.984369e-05   1.105581e-03   1.529959e-07   16666
  1.807168e-01   2.088184e-05   1.110348e-03   1.593949e-07   17638
  1.845996e-01   2.144168e-05   1.100521e-03   1.603254e-07   18354
  1.884710e-01   2.213171e-05   1.102640e-03   1.621496e-07   19034
  1.923685e-01   2.325360e-05   1.144302e-03   1.618279e-07   20270
  1.963174e-01   2.420858e-05   1.155956e-03   1.647725e-07   21258
  2.002141e-01   2.467803e-05   1.111898e-03   1.680804e-07   21350
  2.040863e-01   2.448212e-05   1.123159e-03   1.652634e-07   22644
  2.079681e-01   2.501366e-05   1.101476e-03   1.655380e-07   23114
  2.118390e-01   2.547034e-05   1.118265e-03   1.650997e-07   24342
  2.157382e-01   2.542983e-05   1.117694e-03   1.598743e-07   25194
  2.196235e-01   2.593942e-05   1.116195e-03   1.644473e-07   25982
  2.234724e-01   2.627755e-05   1.109599e-03   1.617460e-07   26506
  2.273806e-01   2.656438e-05   1.167806e-03   1.586899e-07   28738
  2.312750e-01   2.679181e-05   1.110542e-03   1.602358e-07   28296
  2.351662e-01   2.702318e-05   1.143823e-03   1.540427e-07   30554
  2.390501e-01   2.745067e-05   1.084103e-03   1.582678e-07   30094
  2.428824e-01   2.879320e-05   1.109820e-03   1.617619e-07   31738
  2.467836e-01   2.896417e-05   1.134747e-03   1.607287e-07   33306
  2.506613e-01   3.016768e-05   1.104153e-03   1.633199e-07   33422
  2.545365e-01   3.078223e-05   1.131527e-03   1.650077e-07   35298
  2.584714e-01   3.122968e-05   1.143069e-03   1.640471e-07   36650
  2.623670e-01   3.173881e-05   1.115532e-03   1.642482e-07   36888
  2.662651e-01   3.196593e-05   1.131896e-03   1.613214e-07   38834
  2.701697e-01   3.227084e-05   1.107355e-03   1.634109e-07   39246
  2.740453e-01   3.286654e-05   1.111777e-03   1.643232e-07   40466
  2.778984e-01   3.299635e-05   1.108403e-03   1.614068e-07   41106
  2.817847e-01   3.290721e-05   1.145602e-03   1.580980e-07   43598
  2.856833e-01   3.331755e-05   1.116308e-03   1.603097e-07   43650
  2.895471e-01   3.347254e-05   1.120907e-03   1.568728e-07   45272
  2.934575e-01   3.378881e-05   1.131740e-03   1.562541e-07   46994
  2.973636e-01   3.465252e-05   1.124346e-03   1.574429e-07   47850
  3.012447e-01   3.446580e-05   1.115858e-03   1.564382e-07   48846
  3.051030e-01   3.514581e-05   1.105642e-03   1.584352e-07   49706
  3.089532e-01   3.552316e-05   1.113265e-03   1.577493e-07   51198
  3.128464e-01   3.570694e-05   1.134266e-03   1.549036e-07   53402
  3.167281e-01   3.672831e-05   1.111145e-03   1.617101e-07   53634
  3.206428e-01   3.680327e-05   1.143806e-03   1.536161e-07   56888
  3.245618e-01   3.730194e-05   1.106794e-03   1.577357e-07   56474
  3.284581e-01   3.776241e-05   1.130606e-03   1.559262e-07   58962
  3.323510e-01   3.766688e-05   1.114731e-03   1.548478e-07   59214
  3.362265e-01   3.861844e-05   1.127963e-03   1.560746e-07   61250
  3.400938e-01   3.875940e-05   1.110759e-03   1.564720e-07   61694
  3.439480e-01   3.905343e-05   1.120230e-03   1.556547e-07   63618
  3.478512e-01   3.908677e-05   1.140078e-03   1.509333e-07   66284
  3.517691e-01   3.936832e-05   1.123324e-03   1.520538e-07   67014
  3.556494e-01   3.906848e-05   1.113722e-03   1.505481e-07   67930
  3.595371e-01   3.943701e-05   1.127426e-03   1.491710e-07   70294
  3.634200e-01   4.033188e-05   1.114424e-03   1.509626e-07   70658
  3.672742e-01   4.038669e-05   1.121955e-03   1.516791e-07   72522
  3.711539e-01   4.025242e-05   1.125103e-03   1.478232e-07   74550
  3.750359e-01   4.068823e-05   1.112832e-03   1.478568e-07   75674
  3.789191e-01   4.122716e-05   1.116846e-03   1.481001e-07   77708
  3.828461e-01   4.126598e-05   1.136191e-03   1.445480e-07   80622
  3.867545e-01   4.147927e-05   1.112810e-03   1.478295e-07   80330
  3.906423e-01   4.186190e-05   1.128269e-03   1.462685e-07   82974
  3.945313e-01   4.195380e-05   1.118618e-03   1.454156e-07   83666
  3.984084e-01   4.247844e-05   1.126394e-03   1.450256e-07   85746
  4.022765e-01   4.224283e-05   1.118427e-03   1.439362e-07   86702
  4.061542e-01   4.261057e-05   1.126154e-03   1.409885e-07   89556
  4.100569e-01   4.279822e-05   1.118519e-03   1.420122e-07   91038
  4.139484e-01   4.343711e-05   1.117921e-03   1.430570e-07   92522
  4.178268e-01   4.322491e-05   1.119569e-03   1.416285e-07   94034
  4.217415e-01   4.326159e-05   1.145339e-03   1.391610e-07   97758
  4.256173e-01   4.370818e-05   1.103600e-03   1.412737e-07   95770
  4.294627e-01   4.363613e-05   1.123790e-03   1.395815e-07   99646
  4.333400e-01   4.415867e-05   1.115333e-03   1.391865e-07   100980
  4.372362e-01   4.398972e-05   1.127284e-03   1.378176e-07   104258
  4.411386e-01   4.399133e-05   1.114910e-03   1.364063e-07   104998
  4.450377e-01   4.428557e-05   1.124073e-03   1.354217e-07   107866
  4.489311e-01   4.468484e-05   1.113184e-03   1.358947e-07   108154
  4.528161e-01   4.508636e-05   1.135370e-03   1.357122e-07   111622
  4.567076e-01   4.503117e-05   1.122976e-03   1.348322e-07   112146
  4.605727e-01   4.548559e-05   1.119518e-03   1.348835e-07   114014
  4.644440e-01   4.514262e-05   1.115906e-03   1.332303e-07   116220
  4.683319e-01   4.539477e-05   1.119789e-03   1.307663e-07   118682
  4.722291e-01   4.548835e-05   1.126606e-03   1.318040e-07   121118
  4.761348e-01   4.528303e-05   1.124808e-03   1.298550e-07   122994
  4.800157e-01   4.527258e-05   1.114862e-03   1.293490e-07   123574
  4.838959e-01   4.591647e-05   1.131276e-03   1.297019e-07   126922
  4.877763e-01   4.582010e-05   1.124735e-03   1.286091e-07   127906
  4.916481e-01   4.572065e-05   1.121767e-03   1.265728e-07   130432
  4.955333e-01   4.579564e-05   1.114812e-03   1.258649e-07   132642
  4.994186e-01   4.610459e-05   1.110800e-03   1.256625e-07   134534
  5.033164e-01   4.625116e-05   1.124671e-03   1.249158e-07   137778
  5.072392e-01   4.631724e-05   1.135312e-03   1.239548e-07   140786
  5.111285e-01   4.625736e-05   1.110620e-03   1.237073e-07   139590
  5.149976e-01   4.639002e-05   1.125619e-03   1.232237e-07   143546
  5.188865e-01   4.642049e-05   1.125142e-03   1.215577e-07   145338
  5.227635e-01   4.652925e-05   1.120484e-03   1.216916e-07   147272
  5.266520e-01   4.633987e-05   1.122335e-03   1.201374e-07   150330
  5.305485e-01   4.624473e-05   1.118234e-03   1.184577e-07   152318
  5.344262e-01   4.642667e-05   1.111066e-03   1.189048e-07   153202
  5.383243e-01   4.625427e-05   1.138693e-03   1.164558e-07   158626
  5.422165e-01   4.647592e-05   1.116855e-03   1.179534e-07   157350
  5.460935e-01   4.619140e-05   1.131200e-03   1.156866e-07   161906
  5.499589e-01   4.664675e-05   1.105071e-03   1.175496e-07   160872
  5.538418e-01   4.668510e-05   1.133375e-03   1.147399e-07   167858
  5.577463e-01   4.694538e-05   1.114977e-03   1.150309e-07   167514
  5.616201e-01   4.647168e-05   1.113803e-03   1.129106e-07   169862
  5.655108e-01   4.642507e-05   1.124453e-03   1.124872e-07   173602
  5.694083e-01   4.662439e-05   1.123533e-03   1.107635e-07   175258
  5.732959e-01   4.653798e-05   1.127164e-03   1.110025e-07   177654
  5.771897e-01   4.644207e-05   1.130949e-03   1.090152e-07   180698
  5.810773e-01   4.647061e-05   1.119005e-03   1.092250e-07   181968
  5.849616e-01   4.669644e-05   1.118541e-03   1.087660e-07   184850
  5.888448e-01   4.668147e-05   1.119144e-03   1.084602e-07   187034
  5.927421e-01   4.649510e-05   1.129966e-03   1.067263e-07   191238
  5.966308e-01   4.665437e-05   1.116348e-03   1.071203e-07   191042
  6.005065e-01   4.654131e-05   1.126286e-03   1.053099e-07   195102
  6.043812e-01   4.642573e-05   1.117515e-03   1.054900e-07   195786
  6.082630e-01   4.612254e-05   1.131649e-03   1.022135e-07   201164
  6.121481e-01   4.640964e-05   1.112645e-03   1.042058e-07   201070
  6.160242e-01   4.594052e-05   1.118305e-03   1.014200e-07   205234
  6.199111e-01   4.619248e-05   1.116352e-03   1.013831e-07   207342
  6.237987e-01   4.594974e-05   1.121735e-03   1.002251e-07   210602
  6.276909e-01   4.600487e-05   1.124203e-03   1.000459e-07   213130
  6.315953e-01   4.595735e-05   1.133190e-03   9.874746e-08   217318
  6.354807e-01   4.584322e-05   1.113546e-03   9.851090e-08   216306
  6.393491e-01   4.552130e-05   1.119403e-03   9.732495e-08   220652
  6.432430e-01   4.572495e-05   1.124854e-03   9.706728e-08   224502
  6.471454e-01   4.581989e-05   1.125081e-03   9.651331e-08   227186
  6.510345e-01   4.536751e-05   1.118193e-03   9.540375e-08   228398
  6.549165e-01   4.531799e-05   1.122259e-03   9.444792e-08   231642
  6.587972e-01   4.529242e-05   1.122763e-03   9.419126e-08   233946
  6.626908e-01   4.534218e-05   1.132956e-03   9.325969e-08   238694
  6.665707e-01   4.516357e-05   1.114640e-03   9.306006e-08   238068
  6.704525e-01   4.509529e-05   1.124042e-03   9.157081e-08   244190
  6.743498e-01   4.483296e-05   1.116752e-03   9.106388e-08   245362
  6.782313e-01   4.506256e-05   1.120102e-03   9.096387e-08   248362
  6.821206e-01   4.475785e-05   1.124509e-03   8.953701e-08   251966
  6.860099e-01   4.484100e-05   1.120649e-03   8.875401e-08   254034
  6.898855e-01   4.468239e-05   1.117172e-03   8.904006e-08   255818
  6.937781e-01   4.430052e-05   1.132899e-03   8.726695e-08   262254
  6.976722e-01   4.448615e-05   1.116974e-03   8.749988e-08   261980
  7.015718e-01   4.423780e-05   1.129534e-03   8.611435e-08   268566
  7.054538e-01   4.430063e-05   1.104857e-03   8.619489e-08   265538
  7.093286e-01   4.414146e-05   1.128000e-03   8.466568e-08   273330
  7.132165e-01   4.379688e-05   1.121481e-03   8.448741e-08   273718
  7.171069e-01   4.364445e-05   1.132652e-03   8.300479e-08   279658
  7.209986e-01   4.389031e-05   1.120025e-03   8.363185e-08   279670
  7.248700e-01   4.365511e-05   1.119062e-03   8.291257e-08   282964
  7.287608e-01   4.336890e-05   1.126489e-03   8.158268e-08   288362
  7.326540e-01   4.333812e-05   1.118613e-03   8.114069e-08   289686
  7.365333e-01   4.323186e-05   1.116235e-03   8.076243e-08   292234
  7.404015e-01   4.300001e-05   1.112765e-03   7.995647e-08   294190
  7.442845e-01   4.276281e-05   1.127923e-03   7.836157e-08   300642
  7.481851e-01   4.271495e-05   1.128116e-03   7.808157e-08   303386
  7.520700e-01   4.236650e-05   1.119257e-03   7.728354e-08   304662
  7.559583e-01   4.224445e-05   1.122290e-03   7.699975e-08   309812
  7.598513e-01   4.211180e-05   1.117608e-03   7.626423e-08   311714
  7.637547e-01   4.202235e-05   1.130270e-03   7.517242e-08   318126
  7.676398e-01   4.189498e-05   1.111035e-03   7.535969e-08   315114
  7.715118e-01   4.164693e-05   1.127143e-03   7.417135e-08   322622
  7.753932e-01   4.166467e-05   1.117154e-03   7.429583e-08   322850
  7.792787e-01   4.150956e-05   1.131101e-03   7.310658e-08   329802
  7.831716e-01   4.131553e-05   1.123851e-03   7.257173e-08   331104
  7.870696e-01   4.113634e-05   1.127607e-03   7.156849e-08   336986
  7.909587e-01   4.095896e-05   1.111055e-03   7.148443e-08   335870
  7.948355e-01   4.063964e-05   1.120862e-03   7.053934e-08   341610
  7.987215e-01   4.052741e-05   1.121955e-03   6.976554e-08   344370
  8.026031e-01   4.054975e-05   1.122207e-03   6.962988e-08   347606
  8.064886e-01   4.028552e-05   1.124033e-03   6.864719e-08   351650
  8.103706e-01   4.022187e-05   1.118654e-03   6.841130e-08   353760
  8.142669e-01   3.986795e-05   1.129493e-03   6.733885e-08   360970
  8.181738e-01   3.982908e-05   1.123124e-03   6.686533e-08   362818
  8.220521e-01   3.962870e-05   1.110144e-03   6.641624e-08   362334
  8.259414e-01   3.939115e-05   1.129348e-03   6.563424e-08   371642
  8.298275e-01   3.922516e-05   1.114584e-03   6.575919e-08   368778
  8.337006e-01   3.912172e-05   1.128744e-03   6.461565e-08   376526
  8.375857e-01   3.879902e-05   1.121330e-03   6.394998e-08   377786
  8.414675e-01   3.870724e-05   1.123524e-03   6.335767e-08   382968
  8.453573e-01   3.857172e-05   1.120822e-03   6.271545e-08   386146
  8.492503e-01   3.849642e-05   1.124050e-03   6.231139e-08   390826
  8.531392e-01   3.824275e-05   1.119718e-03   6.197454e-08   392662
  8.570302e-01   3.807677e-05   1.125822e-03   6.125613e-08   398242
  8.609051e-01   3.781208e-05   1.111972e-03   6.107468e-08   396726
  8.647781e-01   3.765048e-05   1.124714e-03   6.022078e-08   404738
  8.686664e-01   3.754302e-05   1.122897e-03   5.962295e-08   407628
  8.725545e-01   3.717167e-05   1.121536e-03   5.876150e-08   411734
  8.764395e-01   3.705376e-05   1.117149e-03   5.839830e-08   414242
  8.803359e-01   3.681231e-05   1.126317e-03   5.751067e-08   421434
  8.842333e-01   3.672341e-05   1.120273e-03   5.746024e-08   421918
  8.881244e-01   3.661097e-05   1.128330e-03   5.690089e-08   427810
  8.920157e-01   3.622879e-05   1.123036e-03   5.614999e-08   429470
  8.958948e-01   3.613635e-05   1.119658e-03   5.590076e-08   432282
  8.997746e-01   3.586989e-05   1.122449e-03   5.522267e-08   437260
  9.036583e-01   3.576523e-05   1.120747e-03   5.493355e-08   440758
  9.075489e-01   3.571111e-05   1.124778e-03   5.440332e-08   446370
  9.114474e-01   3.527286e-05   1.123943e-03   5.372209e-08   450182
  9.153288e-01   3.504678e-05   1.115142e-03   5.329410e-08   449850
  9.192089e-01   3.496439e-05   1.127357e-03   5.274247e-08   457898
  9.230929e-01   3.471237e-05   1.119604e-03   5.236297e-08   458662
  9.269737e-01   3.448249e-05   1.121722e-03   5.198298e-08   464620
  9.308545e-01   3.449261e-05   1.114316e-03   5.181569e-08   466302
  9.347441e-01   3.417027e-05   1.124571e-03   5.057464e-08   474314
  9.386369e-01   3.390183e-05   1.120021e-03   5.003118e-08   475530
  9.425348e-01   3.365344e-05   1.129051e-03   4.946638e-08   483206
  9.464328e-01   3.356478e-05   1.121669e-03   4.944572e-08   483530
  9.503142e-01   3.345244e-05   1.121047e-03   4.894753e-08   487002
  9.541966e-01   3.318489e-05   1.124058e-03   4.842071e-08   491774
  9.580774e-01   3.296171e-05   1.120518e-03   4.796751e-08   495084
  9.619601e-01   3.288331e-05   1.119352e-03   4.758952e-08   499438
  9.658473e-01   3.259312e-05   1.122356e-03   4.719555e-08   504682
  9.697357e-01   3.242758e-05   1.121500e-03   4.682522e-08   507738
  9.736321e-01   3.223549e-05   1.130456e-03   4.614063e-08   515174
  9.775214e-01   3.206526e-05   1.119580e-03   4.579962e-08   514234
  9.813957e-01   3.183694e-05   1.119450e-03   4.563790e-08   519022
  9.852705e-01   3.156771e-05   1.117281e-03   4.481196e-08   522636
  9.891535e-01   3.145650e-05   1.121739e-03   4.455183e-08   529442
  9.930474e-01   3.130147e-05   1.122647e-03   4.414810e-08   534078
  9.969375e-01   3.109039e-05   1.118397e-03   4.372418e-08   536666
  1.000817e+00   3.084800e-05   1.116716e-03   4.333174e-08   539142
  1.004715e+00   3.061435e-05   1.134178e-03   4.263247e-08   550658
  1.008615e+00   3.052005e-05   1.121935e-03   4.263742e-08   548298
  1.012495e+00   3.025082e-05   1.123048e-03   4.185600e-08   553694
  1.016374e+00   3.006479e-05   1.116375e-03   4.167998e-08   556116
  1.020264e+00   2.990421e-05   1.125051e-03   4.104619e-08   564890
  1.024148e+00   2.962591e-05   1.116141e-03   4.069134e-08   563718
  1.028036e+00   2.952989e-05   1.128568e-03   4.012719e-08   574298
  1.031929e+00   2.929346e-05   1.120551e-03   4.002198e-08   573966
  1.035814e+00   2.920473e-05   1.126024e-03   3.973524e-08   580586
  1.039699e+00   2.888681e-05   1.122029e-03   3.929524e-08   582666
  1.043587e+00   2.873883e-05   1.125959e-03   3.876925e-08   590648
  1.047474e+00   2.854723e-05   1.114820e-03   3.853118e-08   590394
  1.051350e+00   2.836261e-05   1.116684e-03   3.813236e-08   596174
  1.055234e+00   2.812386e-05   1.120236e-03   3.759202e-08   601674
  1.059126e+00   2.799123e-05   1.125352e-03   3.723494e-08   607682
  1.063019e+00   2.781174e-05   1.124350e-03   3.704273e-08   611166
  1.066910e+00   2.763752e-05   1.124099e-03   3.665678e-08   615626
  1.070791e+00   2.744368e-05   1.119456e-03   3.626500e-08   617290
  1.074678e+00   2.725200e-05   1.126011e-03   3.587030e-08   626344
  1.078566e+00   2.711643e-05   1.117274e-03   3.573740e-08   626658
  1.082451e+00   2.689462e-05   1.122467e-03   3.540184e-08   634022
  1.086331e+00   2.672277e-05   1.116124e-03   3.496899e-08   634554
  1.090218e+00   2.649424e-05   1.128467e-03   3.441813e-08   645026
  1.094107e+00   2.622901e-05   1.122446e-03   3.399159e-08   645102
  1.097993e+00   2.607901e-05   1.126954e-03   3.370066e-08   653018
  1.101879e+00   2.600864e-05   1.119089e-03   3.363907e-08   654384
  1.105770e+00   2.569671e-05   1.123901e-03   3.299401e-08   663194
  1.109660e+00   2.560217e-05   1.117576e-03   3.290395e-08   663834
  1.113540e+00   2.535906e-05   1.118796e-03   3.254725e-08   669158
  1.117424e+00   2.521233e-05   1.120650e-03   3.220371e-08   674490
  1.121304e+00   2.497741e-05   1.118416e-03   3.190976e-08   677222
  1.125193e+00   2.484406e-05   1.128225e-03   3.161093e-08   686874
  1.129092e+00   2.468285e-05   1.126811e-03   3.127407e-08   690722
  1.132980e+00   2.447718e-05   1.118907e-03   3.097515e-08   692008
  1.136871e+00   2.433267e-05   1.124678e-03   3.067249e-08   701386
  1.140761e+00   2.414077e-05   1.117002e-03   3.045601e-08   700778
  1.144643e+00   2.391826e-05   1.123318e-03   2.995610e-08   708774
  1.148529e+00   2.380247e-05   1.121990e-03   2.983488e-08   711690
  1.152418e+00   2.363734e-05   1.126973e-03   2.935322e-08   719606
  1.156298e+00   2.346935e-05   1.116380e-03   2.926196e-08   717762
  1.160181e+00   2.322779e-05   1.127123e-03   2.877964e-08   730460
  1.164073e+00   2.314457e-05   1.119262e-03   2.870460e-08   731070
  1.167968e+00   2.292135e-05   1.125901e-03   2.817929e-08   741170
  1.171853e+00   2.278885e-05   1.112045e-03   2.816497e-08   737094
  1.175730e+00   2.258475e-05   1.122374e-03   2.784716e-08   747698
  1.179618e+00   2.245994e-05   1.122867e-03   2.757838e-08   751658
  1.183501e+00   2.227060e-05   1.121599e-03   2.734236e-08   755574
  1.187383e+00   2.211804e-05   1.122256e-03   2.697172e-08   761442
  1.191279e+00   2.195600e-05   1.126787e-03   2.669278e-08   770816
  1.195171e+00   2.184207e-05   1.117539e-03   2.658731e-08   769274
  1.199064e+00   2.158248e-05   1.129525e-03   2.606173e-08   782130
  1.202947e+00   2.147553e-05   1.112602e-03   2.611147e-08   775230
  1.206825e+00   2.126813e-05   1.126605e-03   2.557399e-08   789866
  1.210710e+00   2.117062e-05   1.118361e-03   2.552058e-08   787914
  1.214592e+00   2.099334e-05   1.128225e-03   2.517038e-08   799598
  1.218486e+00   2.079730e-05   1.124161e-03   2.490009e-08   802980
  1.222371e+00   2.062850e-05   1.117789e-03   2.475949e-08   805622
  1.226254e+00   2.056269e-05   1.119738e-03   2.457152e-08   812050
  1.230147e+00   2.031946e-05   1.126034e-03   2.412139e-08   820954
  1.234035e+00   2.015281e-05   1.118780e-03   2.391167e-08   820062
  1.237911e+00   1.996869e-05   1.119897e-03   2.373470e-08   826298
  1.241794e+00   1.986394e-05   1.121814e-03   2.349934e-08   833118
  1.245672e+00   1.969863e-05   1.117137e-03   2.329650e-08   834812
  1.249560e+00   1.959958e-05   1.126815e-03   2.303067e-08   847858
  1.253469e+00   1.941102e-05   1.127442e-03   2.269781e-08   854278
  1.257361e+00   1.927316e-05   1.116253e-03   2.265950e-08   850978
  1.261241e+00   1.912044e-05   1.121687e-03   2.244789e-08   859186
  1.265131e+00   1.893441e-05   1.127494e-03   2.215902e-08   867126
  1.269018e+00   1.875434e-05   1.121886e-03   2.192856e-08   868274
  1.272897e+00   1.864557e-05   1.120976e-03   2.176148e-08   873606
  1.276776e+00   1.860088e-05   1.119398e-03   2.163078e-08   879284
  1.280663e+00   1.841572e-05   1.122355e-03   2.126647e-08   887170
  1.284564e+00   1.829171e-05   1.128693e-03   2.113508e-08   897526
  1.288458e+00   1.809017e-05   1.117587e-03   2.098652e-08   894258
  1.292341e+00   1.796699e-05   1.122714e-03   2.073609e-08   903374
  1.296223e+00   1.778371e-05   1.118323e-03   2.051055e-08   904338
  1.300103e+00   1.766607e-05   1.123719e-03   2.034602e-08   913586
  1.303982e+00   1.752496e-05   1.118150e-03   2.013445e-08   915416
  1.307871e+00   1.739725e-05   1.124217e-03   1.991170e-08   928122
  1.311759e+00   1.729119e-05   1.115167e-03   1.979831e-08   926094
  1.315654e+00   1.712815e-05   1.130093e-03   1.949002e-08   942890
  1.319549e+00   1.697899e-05   1.118827e-03   1.935640e-08   937266
  1.323433e+00   1.684087e-05   1.126506e-03   1.910940e-08   948854
  1.327319e+00   1.668387e-05   1.120121e-03   1.891312e-08   948714
  1.331197e+00   1.658152e-05   1.122687e-03   1.884979e-08   956186
  1.335082e+00   1.644062e-05   1.124444e-03   1.861898e-08   964272
  1.338973e+00   1.629554e-05   1.121587e-03   1.840324e-08   969458
  1.342859e+00   1.615079e-05   1.118296e-03   1.823233e-08   972750
  1.346749e+00   1.606728e-05   1.124460e-03   1.809884e-08   982706
  1.350635e+00   1.593720e-05   1.119858e-03   1.802737e-08   982906
  1.354527e+00   1.582266e-05   1.129306e-03   1.777389e-08   996622
  1.358414e+00   1.566230e-05   1.117989e-03   1.766847e-08   992378
  1.362284e+00   1.554654e-05   1.117150e-03   1.744796e-08   999000
  1.366168e+00   1.545456e-05   1.122014e-03   1.727316e-08   1010114
  1.370061e+00   1.532565e-05   1.121750e-03   1.715782e-08   1015722
  1.373948e+00   1.519667e-05   1.119290e-03   1.696260e-08   1018742
  1.377843e+00   1.507370e-05   1.127371e-03   1.678160e-08   1031250
  1.381733e+00   1.486041e-05   1.118461e-03   1.657954e-08   1027226
  1.385615e+00   1.479053e-05   1.126435e-03   1.636124e-08   1039734
  1.389500e+00   1.470360e-05   1.120654e-03   1.633490e-08   1039914
  1.393382e+00   1.456705e-05   1.123683e-03   1.613497e-08   1050272
  1.397267e+00   1.447265e-05   1.117473e-03   1.607776e-08   1052306
  1.401154e+00   1.434836e-05   1.122308e-03   1.584944e-08   1062666
  1.405045e+00   1.415523e-05   1.122401e-03   1.560441e-08   1067262
  1.408935e+00   1.411072e-05   1.123952e-03   1.556054e-08   1073906
  1.412823e+00   1.395056e-05   1.122463e-03   1.534883e-08   1078190
  1.416712e+00   1.384757e-05   1.124033e-03   1.523858e-08   1085634
  1.420592e+00   1.378202e-05   1.117456e-03   1.516559e-08   1085508
  1.424480e+00   1.362972e-05   1.126594e-03   1.490447e-08   1101926
  1.428369e+00   1.352675e-05   1.116061e-03   1.490447e-08   1098322
  1.432252e+00   1.344015e-05   1.121199e-03   1.473826e-08   1109878
  1.436144e+00   1.330998e-05   1.122554e-03   1.460848e-08   1115338
  1.440035e+00   1.318037e-05   1.125793e-03   1.440715e-08   1122586
  1.443924e+00   1.308672e-05   1.123292e-03   1.428891e-08   1125862
  1.447810e+00   1.299199e-05   1.122976e-03   1.420850e-08   1132498
  1.451691e+00   1.287133e-05   1.119415e-03   1.408617e-08   1135444
  1.455573e+00   1.282384e-05   1.122581e-03   1.397913e-08   1145374
  1.459464e+00   1.266425e-05   1.123383e-03   1.372454e-08   1152698
  1.463354e+00   1.257966e-05   1.121349e-03   1.370921e-08   1157046
  1.467236e+00   1.249279e-05   1.119148e-03   1.355581e-08   1160226
  1.471127e+00   1.237787e-05   1.127743e-03   1.338279e-08   1174346
  1.475014e+00   1.229110e-05   1.119897e-03   1.338108e-08   1171462
  1.478897e+00   1.216299e-05   1.124033e-03   1.315029e-08   1183828
  1.482778e+00   1.208365e-05   1.114458e-03   1.310891e-08   1181822
  1.486657e+00   1.197900e-05   1.120779e-03   1.300528e-08   1194930
  1.490547e+00   1.188034e-05   1.122593e-03   1.278575e-08   1202010
  1.494437e+00   1.175790e-05   1.122115e-03   1.268269e-08   1207166
  1.498326e+00   1.167475e-05   1.123291e-03   1.258592e-08   1214106
  1.502209e+00   1.158213e-05   1.118748e-03   1.249882e-08   1215302
  1.506095e+00   1.149333e-05   1.126666e-03   1.234660e-08   1229274
  1.509994e+00   1.140253e-05   1.126873e-03   1.225779e-08   1236164
  1.513882e+00   1.130144e-05   1.118916e-03   1.214977e-08   1235326
  1.517764e+00   1.122663e-05   1.120265e-03   1.207171e-08   1244026
  1.521647e+00   1.112290e-05   1.120382e-03   1.195949e-08   1249154
  1.525536e+00   1.102869e-05   1.126025e-03   1.178068e-08   1260558
  1.529421e+00   1.095483e-05   1.119984e-03   1.172256e-08   1260394
  1.533310e+00   1.086481e-05   1.125848e-03   1.161649e-08   1274758
  1.537193e+00   1.076513e-05   1.115594e-03   1.155005e-08   1270188
  1.541083e+00   1.070209e-05   1.128008e-03   1.146087e-08   1291202
  1.544971e+00   1.060784e-05   1.115149e-03   1.133955e-08   1282654
  1.548850e+00   1.051373e-05   1.122198e-03   1.122477e-08   1298242
  1.552739e+00   1.044596e-05   1.120395e-03   1.119956e-08   1301774
  1.556625e+00   1.033730e-05   1.123165e-03   1.100858e-08   1309770
  1.560512e+00   1.023168e-05   1.123502e-03   1.091994e-08   1315714
  1.564403e+00   1.017015e-05   1.124924e-03   1.085851e-08   1325110
  1.568290e+00   1.010625e-05   1.118940e-03   1.077653e-08   1326012
  1.572174e+00   9.996110e-06   1.122090e-03   1.067972e-08   1336154
  1.576069e+00   9.933822e-06   1.126474e-03   1.056292e-08   1347334
  1.579958e+00   9.847955e-06   1.119782e-03   1.052163e-08   1345354
  1.583833e+00   9.749330e-06   1.119555e-03   1.038969e-08   1350998
  1.587719e+00   9.678319e-06   1.125829e-03   1.028007e-08   1365546
  1.591609e+00   9.611930e-06   1.122088e-03   1.021265e-08   1367474
  1.595497e+00   9.536689e-06   1.123693e-03   1.012520e-08   1377984
  1.599384e+00   9.480123e-06   1.118321e-03   1.008051e-08   1379394
  1.603272e+00   9.397914e-06   1.123056e-03   1.002249e-08   1392230
  1.607160e+00   9.320130e-06   1.118740e-03   9.912810e-09   1392634
  1.611042e+00   9.239387e-06   1.122441e-03   9.809592e-09   1402666
  1.614928e+00   9.160214e-06   1.122269e-03   9.729324e-09   1408502
  1.618814e+00   9.082296e-06   1.122041e-03   9.654894e-09   1415418
  1.622692e+00   9.028491e-06   1.117068e-03   9.604916e-09   1416856
  1.626588e+00   8.968294e-06   1.130843e-03   9.494002e-09   1442002
  1.630485e+00   8.864968e-06   1.117858e-03   9.417503e-09   1431634
  1.634367e+00   8.823175e-06   1.122585e-03   9.365668e-09   1444606
  1.638250e+00   8.722821e-06   1.118765e-03   9.255726e-09   1445890
  1.642138e+00   8.658861e-06   1.126997e-03   9.160289e-09   1462210
  1.646026e+00   8.583367e-06   1.120901e-03   9.107654e-09   1459590
  1.649907e+00   8.510685e-06   1.123856e-03   8.973173e-09   1471226
  1.653797e+00   8.470494e-06   1.123379e-03   8.961014e-09   1480072
  1.657690e+00   8.399228e-06   1.121364e-03   8.921568e-09   1486594
  1.661576e+00   8.320787e-06   1.118520e-03   8.825777e-09   1488882
  1.665461e+00   8.280146e-06   1.123128e-03   8.796711e-09   1500854
  1.669353e+00   8.186745e-06   1.123083e-03   8.665779e-09   1506874
  1.673232e+00   8.140974e-06   1.117624e-03   8.640086e-09   1506094
  1.677111e+00   8.057086e-06   1.122855e-03   8.540351e-09   1519682
  1.680997e+00   7.991304e-06   1.122626e-03   8.466228e-09   1526724
  1.684890e+00   7.936572e-06   1.125240e-03   8.346743e-09   1539038
  1.688782e+00   7.895898e-06   1.119859e-03   8.381039e-09   1539810
  1.692664e+00   7.816639e-06   1.119007e-03   8.283070e-09   1545046
  1.696554e+00   7.747866e-06   1.126236e-03   8.174605e-09   1560538
  1.700441e+00   7.701566e-06   1.120507e-03   8.181509e-09   1557506
  1.704322e+00   7.622031e-06   1.124114e-03   8.069602e-09   1570062
  1.708203e+00   7.564275e-06   1.119253e-03   7.989924e-09   1571290
  1.712089e+00   7.501946e-06   1.124856e-03   7.950354e-09   1588228
  1.715982e+00   7.470534e-06   1.121250e-03   7.916585e-09   1591046
  1.719873e+00   7.402272e-06   1.123715e-03   7.830657e-09   1602474
  1.723761e+00   7.342343e-06   1.118014e-03   7.772659e-09   1601646
  1.727642e+00   7.302649e-06   1.120550e-03   7.729568e-09   1611266
  1.731523e+00   7.215306e-06   1.120678e-03   7.644810e-09   1616634
  1.735410e+00   7.155769e-06   1.126166e-03   7.556642e-09   1631366
  1.739297e+00   7.119764e-06   1.119655e-03   7.533808e-09   1631028
  1.743180e+00   7.080295e-06   1.119854e-03   7.519303e-09   1641446
  1.747073e+00   7.016184e-06   1.124208e-03   7.406417e-09   1654234
  1.750973e+00   6.958267e-06   1.126198e-03   7.380501e-09   1662874
  1.754858e+00   6.905782e-06   1.117471e-03   7.338094e-09   1656686
  1.758736e+00   6.835334e-06   1.122008e-03   7.219206e-09   1670898
  1.762622e+00   6.802960e-06   1.123056e-03   7.222849e-09   1678074
  1.766507e+00   6.748009e-06   1.123311e-03   7.203345e-09   1685198
  1.770393e+00   6.713851e-06   1.122996e-03   7.127580e-09   1694524
  1.774282e+00   6.662391e-06   1.120709e-03   7.098301e-09   1701334
  1.778171e+00   6.587593e-06   1.120908e-03   6.993511e-09   1709386
  1.782064e+00   6.529455e-06   1.123720e-03   6.959305e-09   1719994
  1.785953e+00   6.483973e-06   1.121006e-03   6.882459e-09   1721510
  1.789842e+00   6.452727e-06   1.124974e-03   6.852649e-09   1734978
  1.793722e+00   6.395460e-06   1.116124e-03   6.819505e-09   1728646
  1.797599e+00   6.330222e-06   1.122713e-03   6.724956e-09   1746868
  1.801486e+00   6.313514e-06   1.121127e-03   6.721284e-09   1752922
  1.805380e+00   6.263649e-06   1.125234e-03   6.649147e-09   1767862
  1.809271e+00   6.209216e-06   1.119301e-03   6.637798e-09   1765698
  1.813160e+00   6.162441e-06   1.125035e-03   6.555848e-09   1781270
  1.817049e+00   6.109125e-06   1.121176e-03   6.528257e-09   1780650
  1.820932e+00   6.060418e-06   1.124142e-03   6.456670e-09   1792418
  1.824813e+00   6.019124e-06   1.119388e-03   6.432673e-09   1792790
  1.828696e+00   5.972220e-06   1.123591e-03   6.381719e-09   1809852
  1.832585e+00   5.927403e-06   1.120140e-03   6.351812e-09   1812666
  1.836475e+00   5.895094e-06   1.124777e-03   6.287109e-09   1827614
  1.840367e+00   5.843885e-06   1.121640e-03   6.254809e-09   1829970
  1.844251e+00   5.794708e-06   1.120370e-03   6.185155e-09   1835030
  1.848131e+00   5.754720e-06   1.119790e-03   6.167943e-09   1841410
  1.852017e+00   5.702038e-06   1.124723e-03   6.070617e-09   1856626
  1.855900e+00   5.684556e-06   1.118305e-03   6.103212e-09   1854656
  1.859782e+00   5.633611e-06   1.121720e-03   6.034042e-09   1870698
  1.863671e+00   5.602484e-06   1.120553e-03   5.985313e-09   1876998
  1.867559e+00   5.533471e-06   1.120979e-03   5.935701e-09   1884458
  1.871445e+00   5.521150e-06   1.122381e-03   5.949890e-09   1891730
  1.875338e+00   5.462687e-06   1.127317e-03   5.834658e-09   1907574
  1.879232e+00   5.443394e-06   1.122851e-03   5.856970e-09   1907730
  1.883115e+00   5.388432e-06   1.120697e-03   5.781914e-09   1912154
  1.886997e+00   5.364133e-06   1.121764e-03   5.764473e-09   1923216
  1.890888e+00   5.326414e-06   1.124326e-03   5.737053e-09   1936562
  1.894776e+00   5.277851e-06   1.119734e-03   5.666318e-09   1936862
  1.898663e+00   5.243633e-06   1.122747e-03   5.648759e-09   1950114
  1.902549e+00   5.216988e-06   1.121089e-03   5.616801e-09   1953306
  1.906439e+00   5.158102e-06   1.125982e-03   5.568905e-09   1968806
  1.910327e+00   5.133185e-06   1.121186e-03   5.535932e-09   1968818
  1.914211e+00   5.099603e-06   1.121720e-03   5.513929e-09   1980624
  1.918097e+00   5.067968e-06   1.118800e-03   5.486978e-09   1985034
  1.921980e+00   5.018196e-06   1.120281e-03   5.410633e-09   1995242
  1.925870e+00   4.987894e-06   1.123830e-03   5.388084e-09   2007742
  1.929759e+00   4.965114e-06   1.121495e-03   5.392496e-09   2010538
  1.933641e+00   4.929339e-06   1.121298e-03   5.351466e-09   2017390
  1.937531e+00   4.885747e-06   1.126602e-03   5.294203e-09   2034346
  1.941413e+00   4.832271e-06   1.117450e-03   5.232161e-09   2025498
  1.945299e+00   4.824558e-06   1.127850e-03   5.238111e-09   2055248
  1.949189e+00   4.786095e-06   1.116586e-03   5.228183e-09   2045090
  1.953070e+00   4.763794e-06   1.121603e-03   5.194308e-09   2062074
  1.956959e+00   4.718454e-06   1.122727e-03   5.119631e-09   2070190
  1.960848e+00   4.680997e-06   1.123891e-03   5.098025e-09   2079226
  1.964734e+00   4.652149e-06   1.122069e-03   5.079688e-09   2083990
  1.968623e+00   4.624102e-06   1.124515e-03   5.051212e-09   2097898
  1.972507e+00   4.599126e-06   1.118548e-03   5.023877e-09   2095452
  1.976394e+00   4.563357e-06   1.124843e-03   4.983368e-09   2117390
  1.980286e+00   4.531517e-06   1.119656e-03   4.973360e-09   2117066
  1.984162e+00   4.496799e-06   1.115140e-03   4.934660e-09   2117238
  1.988045e+00   4.462671e-06   1.124414e-03   4.896721e-09   2140026
  1.991938e+00   4.417131e-06   1.125139e-03   4.822351e-09   2147234
  1.995825e+00   4.408499e-06   1.122378e-03   4.874501e-09   2150118
  1.999710e+00   4.376373e-06   1.122400e-03   4.820843e-09   2160386
  2.003596e+00   4.352043e-06   1.121122e-03   4.787922e-09   2168256
  2.007488e+00   4.322218e-06   1.124409e-03   4.759379e-09   2183306
  2.011378e+00   4.301061e-06   1.120925e-03   4.759049e-09   2184642
  2.015262e+00   4.253304e-06   1.120511e-03   4.693408e-09   2192318
  2.019141e+00   4.237712e-06   1.118713e-03   4.685576e-09   2196066
  2.023031e+00   4.200738e-06   1.127541e-03   4.651012e-09   2220890
  2.026922e+00   4.168658e-06   1.121128e-03   4.604217e-09   2215758
  2.030810e+00   4.142708e-06   1.124804e-03   4.579095e-09   2233988
  2.034697e+00   4.123476e-06   1.118045e-03   4.575260e-09   2231670
  2.038579e+00   4.108260e-06   1.119728e-03   4.577811e-09   2244338
  2.042469e+00   4.074014e-06   1.123477e-03   4.535053e-09   2258610
  2.046358e+00   4.034518e-06   1.121050e-03   4.502665e-09   2260718
  2.050240e+00   4.013349e-06   1.120914e-03   4.490849e-09   2268162
  2.054123e+00   3.992680e-06   1.121571e-03   4.467424e-09   2277494
  2.058008e+00   3.958418e-06   1.123134e-03   4.415630e-09   2288796
  2.061901e+00   3.942570e-06   1.126253e-03   4.417243e-09   2305226
  2.065791e+00   3.917532e-06   1.119672e-03   4.401181e-09   2301630
  2.069679e+00   3.893848e-06   1.123731e-03   4.379741e-09   2319770
  2.073565e+00   3.858368e-06   1.118309e-03   4.359052e-09   2315610
  2.077447e+00   3.833726e-06   1.124236e-03   4.307217e-09   2334662
  2.081332e+00   3.811994e-06   1.120785e-03   4.294050e-09   2335722
  2.085219e+00   3.777775e-06   1.124829e-03   4.250393e-09   2354102
  2.089107e+00   3.763498e-06   1.120313e-03   4.253187e-09   2355156
  2.092998e+00   3.741447e-06   1.124614e-03   4.224597e-09   2374250
  2.096888e+00   3.709857e-06   1.120068e-03   4.211451e-09   2373102
  2.100776e+00   3.693755e-06   1.122758e-03   4.200150e-09   2388194
  2.104658e+00   3.667882e-06   1.116928e-03   4.183687e-09   2383470
  2.108539e+00   3.643839e-06   1.123618e-03   4.143834e-09   2404994
  2.112426e+00   3.617571e-06   1.121916e-03   4.124522e-09   2408538
  2.116308e+00   3.599530e-06   1.121742e-03   4.121483e-09   2417744
  2.120198e+00   3.571002e-06   1.124446e-03   4.084208e-09   2434578
  2.124090e+00   3.553349e-06   1.121710e-03   4.068388e-09   2438414
  2.127979e+00   3.526495e-06   1.122410e-03   4.042387e-09   2448066
  2.131867e+00   3.506976e-06   1.122662e-03   4.046412e-09   2456018
  2.135751e+00   3.481085e-06   1.121406e-03   4.021798e-09   2461230
  2.139636e+00   3.456879e-06   1.122653e-03   3.997688e-09   2474330
  2.143519e+00   3.429398e-06   1.119652e-03   3.965932e-09   2476498
  2.147405e+00   3.424905e-06   1.124366e-03   3.979982e-09   2497240
  2.151298e+00   3.392913e-06   1.122529e-03   3.940519e-09   2502930
  2.155185e+00   3.369442e-06   1.120390e-03   3.923111e-09   2508470
  2.159072e+00   3.352250e-06   1.121001e-03   3.911763e-09   2518482
  2.162961e+00   3.326932e-06   1.123829e-03   3.889981e-09   2532074
  2.166844e+00   3.307506e-06   1.118275e-03   3.876473e-09   2526678
  2.170724e+00   3.282769e-06   1.124045e-03   3.859418e-09   2549018
  2.174611e+00   3.265564e-06   1.120040e-03   3.850935e-09   2551704
  2.178497e+00   3.248142e-06   1.122028e-03   3.829319e-09   2566226
  2.182386e+00   3.227215e-06   1.122230e-03   3.809553e-09   2573898
  2.186278e+00   3.199210e-06   1.124844e-03   3.774167e-09   2589182
  2.190164e+00   3.180395e-06   1.119195e-03   3.776808e-09   2584890
  2.194049e+00   3.160697e-06   1.124371e-03   3.754976e-09   2605190
  2.197936e+00   3.134587e-06   1.121682e-03   3.727118e-09   2606418
  2.201821e+00   3.119854e-06   1.123741e-03   3.721688e-09   2621186
  2.205707e+00   3.099438e-06   1.120704e-03   3.715496e-09   2626608
  2.209592e+00   3.081264e-06   1.119995e-03   3.721409e-09   2636714
  2.213479e+00   3.059990e-06   1.121274e-03   3.689338e-09   2647482
  2.217374e+00   3.026266e-06   1.127022e-03   3.659958e-09   2668382
  2.221265e+00   3.010201e-06   1.120175e-03   3.652328e-09   2660418
  2.225149e+00   2.987557e-06   1.122869e-03   3.642175e-09   2676662
  2.229029e+00   2.965534e-06   1.117920e-03   3.611859e-09   2674210
  2.232911e+00   2.936174e-06   1.123157e-03   3.573555e-09   2697076
  2.236800e+00   2.936258e-06   1.121599e-03   3.599400e-09   2703558
  2.240687e+00   2.911269e-06   1.121191e-03   3.576981e-09   2713250
  2.244572e+00   2.900740e-06   1.119243e-03   3.601719e-09   2717718
  2.248464e+00   2.861824e-06   1.127021e-03   3.529794e-09   2743178
  2.252353e+00   2.847224e-06   1.120305e-03   3.545650e-09   2732730
  2.256238e+00   2.817105e-06   1.126187e-03   3.503945e-09   2758022
  2.260125e+00   2.797695e-06   1.119041e-03   3.502200e-09   2751994
  2.264006e+00   2.782893e-06   1.121171e-03   3.501870e-09   2769052
  2.267895e+00   2.762495e-06   1.122842e-03   3.487989e-09   2783062
  2.271785e+00   2.747746e-06   1.121645e-03   3.489954e-09   2789362
  2.275674e+00   2.714313e-06   1.121981e-03   3.454511e-09   2799582
  2.279564e+00   2.704450e-06   1.123236e-03   3.463089e-09   2811170
  2.283450e+00   2.664825e-06   1.121033e-03   3.423555e-09   2812658
  2.287338e+00   2.644653e-06   1.125793e-03   3.402401e-09   2833302
  2.291222e+00   2.620987e-06   1.118388e-03   3.387894e-09   2827420
  2.295104e+00   2.351057e-06   1.121018e-03   2.935820e-09   2846710
  2.298989e+00   2.280484e-06   1.120692e-03   2.836647e-09   2846535
  2.302873e+00   2.198114e-06   1.122997e-03   2.704429e-09   2848496
  2.306761e+00   2.116294e-06   1.122225e-03   2.585606e-09   2841084
  2.310652e+00   2.032403e-06   1.124928e-03   2.442938e-09   2843480
  2.314540e+00   1.958800e-06   1.120270e-03   2.337763e-09   2826624
  2.318424e+00   1.890243e-06   1.123352e-03   2.233404e-09   2828732
  2.322310e+00   1.817017e-06   1.121451e-03   2.117886e-09   2819296
  2.326197e+00   1.755946e-06   1.122811e-03   2.029069e-09   2819548
  2.330081e+00   1.690994e-06   1.118959e-03   1.937258e-09   2805192
  2.333967e+00   1.632373e-06   1.123463e-03   1.845968e-09   2811104
  2.337856e+00   1.575450e-06   1.121717e-03   1.757114e-09   2800672
  2.341743e+00   1.520622e-06   1.122654e-03   1.679071e-09   2798080
  2.345628e+00   1.470275e-06   1.120248e-03   1.611147e-09   2786976
  2.349516e+00   1.421084e-06   1.123594e-03   1.534885e-09   2791016
  2.353406e+00   1.377329e-06   1.121382e-03   1.475709e-09   2779360
  2.357287e+00   1.335376e-06   1.119573e-03   1.421343e-09   2768644
  2.361169e+00   1.292748e-06   1.122534e-03   1.357691e-09   2771192
  2.365058e+00   1.258284e-06   1.121875e-03   1.312319e-09   2765028
  2.368946e+00   1.218900e-06   1.122751e-03   1.264544e-09   2760864
  2.372840e+00   1.180220e-06   1.125689e-03   1.205498e-09   2761616
  2.376724e+00   1.147888e-06   1.118525e-03   1.170416e-09   2737932
  2.380610e+00   1.110709e-06   1.125904e-03   1.113752e-09   2752280
  2.384498e+00   1.081382e-06   1.118464e-03   1.077770e-09   2728764
  2.388382e+00   1.050990e-06   1.123937e-03   1.038267e-09   2736368
  2.392268e+00   1.025765e-06   1.119459e-03   1.013701e-09   2719952
  2.396155e+00   9.979130e-07   1.124236e-03   9.719659e-10   2727120
  2.400042e+00   9.715151e-07   1.118614e-03   9.413615e-10   2708400
  2.403932e+00   9.433733e-07   1.125719e-03   9.051796e-10   2718536
  2.407818e+00   9.190195e-07   1.118504e-03   8.774539e-10   2694300
  2.411707e+00   8.979377e-07   1.126793e-03   8.487780e-10   2709440
  2.415596e+00   8.757954e-07   1.117787e-03   8.248708e-10   2682108
  2.419475e+00   8.520561e-07   1.121308e-03   7.952072e-10   2684912
  2.423360e+00   8.320598e-07   1.121998e-03   7.729016e-10   2678868
  2.427246e+00   8.110093e-07   1.122668e-03   7.490866e-10   2674772
  2.431135e+00   7.920828e-07   1.123033e-03   7.252848e-10   2670120
  2.435021e+00   7.754902e-07   1.120804e-03   7.050264e-10   2659532
  2.438909e+00   7.572909e-07   1.123713e-03   6.840948e-10   2659704
  2.442801e+00   7.399856e-07   1.124617e-03   6.667393e-10   2654348
  2.446687e+00   7.228880e-07   1.121000e-03   6.483326e-10   2640276
  2.450572e+00   7.054713e-07   1.121992e-03   6.274793e-10   2638700
  2.454457e+00   6.909797e-07   1.120074e-03   6.120980e-10   2628244
  2.458344e+00   6.741163e-07   1.124115e-03   5.935861e-10   2630920
  2.462234e+00   6.610971e-07   1.121877e-03   5.802779e-10   2618904
  2.466118e+00   6.469367e-07   1.120448e-03   5.659032e-10   2610932
  2.470005e+00   6.327414e-07   1.121951e-03   5.476350e-10   2608464
  2.473895e+00   6.194344e-07   1.123139e-03   5.341360e-10   2603708
  2.477779e+00   6.066312e-07   1.119694e-03   5.220646e-10   2588012
  2.481660e+00   5.947950e-07   1.122196e-03   5.080244e-10   2588364
  2.485545e+00   5.827081e-07   1.120384e-03   4.957215e-10   2579076
  2.489430e+00   5.700747e-07   1.121132e-03   4.834208e-10   2574152
  2.493314e+00   5.607624e-07   1.121505e-03   4.749407e-10   2566812
  2.497207e+00   5.484457e-07   1.127061e-03   4.608192e-10   2573732
  2.501098e+00   5.392160e-07   1.119524e-03   4.526537e-10   2550568
  2.504983e+00   5.278480e-07   1.123035e-03   4.423315e-10   2552068
  2.508870e+00   5.172354e-07   1.121138e-03   4.307734e-10   2539620
  2.512757e+00   5.087447e-07   1.124635e-03   4.226948e-10   2540936
  2.516646e+00   4.993121e-07   1.121040e-03   4.125217e-10   2528032
  2.520531e+00   4.899786e-07   1.120365e-03   4.053413e-10   2521480
  2.524419e+00   4.813432e-07   1.122347e-03   3.952726e-10   2517980
  2.528309e+00   4.721462e-07   1.123011e-03   3.871626e-10   2511744
  2.532195e+00   4.642595e-07   1.120855e-03   3.797639e-10   2500140
  2.536081e+00   4.552994e-07   1.121926e-03   3.713649e-10   2496980
  2.539968e+00   4.478852e-07   1.121125e-03   3.641636e-10   2486924
  2.543856e+00   4.393585e-07   1.124762e-03   3.556309e-10   2487000
  2.547743e+00   4.331954e-07   1.120210e-03   3.509336e-10   2469840
  2.551626e+00   4.253845e-07   1.122637e-03   3.429876e-10   2469656
  2.555511e+00   4.178875e-07   1.119469e-03   3.368409e-10   2456844
  2.559401e+00   4.106967e-07   1.125965e-03   3.297778e-10   2462876
  2.563290e+00   4.044945e-07   1.120472e-03   3.256233e-10   2442136
  2.567174e+00   3.976452e-07   1.123165e-03   3.185101e-10   2441944
  2.571061e+00   3.915873e-07   1.120769e-03   3.127408e-10   2430508
  2.574945e+00   3.850892e-07   1.121157e-03   3.072824e-10   2424352
  2.578832e+00   3.787222e-07   1.123693e-03   3.024974e-10   2421264
  2.582722e+00   3.725684e-07   1.122895e-03   2.964750e-10   2413064
  2.586608e+00   3.668026e-07   1.120676e-03   2.915948e-10   2401572
  2.590492e+00   3.610439e-07   1.121724e-03   2.867483e-10   2397284
  2.594379e+00   3.550319e-07   1.121499e-03   2.811957e-10   2388336
  2.598268e+00   3.499117e-07   1.124943e-03   2.760011e-10   2387204
  2.602153e+00   3.441651e-07   1.119280e-03   2.724033e-10   2368644
  2.606033e+00   3.398341e-07   1.120613e-03   2.689084e-10   2365400
  2.609918e+00   3.346726e-07   1.121690e-03   2.645947e-10   2360072
  2.613808e+00   3.296912e-07   1.123660e-03   2.599425e-10   2356464
  2.617696e+00   3.244823e-07   1.121214e-03   2.557233e-10   2343240
  2.621583e+00   3.202758e-07   1.122605e-03   2.523840e-10   2340248
  2.625468e+00   3.148303e-07   1.118824e-03   2.479880e-10   2325000
  2.629355e+00   3.106769e-07   1.124959e-03   2.441150e-10   2328632
  2.633245e+00   3.065427e-07   1.121910e-03   2.420010e-10   2313220
  2.637134e+00   3.019382e-07   1.124095e-03   2.365236e-10   2310772
  2.641020e+00   2.979013e-07   1.119781e-03   2.342961e-10   2295420
  2.644905e+00   2.931779e-07   1.122584e-03   2.298824e-10   2293592
  2.648791e+00   2.895070e-07   1.120952e-03   2.274829e-10   2281384
  2.652683e+00   2.853201e-07   1.126704e-03   2.237280e-10   2285776
  2.656570e+00   2.821503e-07   1.117325e-03   2.222094e-10   2259408
  2.660455e+00   2.773702e-07   1.124314e-03   2.173297e-10   2266808
  2.664344e+00   2.749371e-07   1.120389e-03   2.165297e-10   2248836
  2.668227e+00   2.705157e-07   1.123045e-03   2.129205e-10   2245244
  2.672111e+00   2.674697e-07   1.120801e-03   2.106200e-10   2233908
  2.675998e+00   2.632192e-07   1.122974e-03   2.066793e-10   2231660
  2.679886e+00   2.602737e-07   1.120422e-03   2.055400e-10   2218544
  2.683775e+00   2.564787e-07   1.124792e-03   2.017013e-10   2218176
  2.687664e+00   2.532674e-07   1.121286e-03   1.998249e-10   2202900
  2.691550e+00   2.500025e-07   1.121747e-03   1.969922e-10   2197472
  2.695433e+00   2.470091e-07   1.118354e-03   1.953070e-10   2181960
  2.699317e+00   2.440767e-07   1.124130e-03   1.929398e-10   2183696
  2.703207e+00   2.408269e-07   1.123719e-03   1.902791e-10   2173416
  2.707096e+00   2.377290e-07   1.122917e-03   1.883087e-10   2165444
  2.710982e+00   2.354258e-07   1.119761e-03   1.870271e-10   2152688
  2.714867e+00   2.322617e-07   1.121777e-03   1.846945e-10   2147628
  2.718754e+00   2.286999e-07   1.122335e-03   1.822662e-10   2139012
  2.722646e+00   2.264194e-07   1.125226e-03   1.799448e-10   2136008
  2.726525e+00   2.237346e-07   1.114594e-03   1.789385e-10   2108656
  2.730404e+00   2.210020e-07   1.123744e-03   1.764983e-10   2117896
  2.734296e+00   2.186196e-07   1.123450e-03   1.749058e-10   2106260
  2.738185e+00   2.157191e-07   1.123855e-03   1.728727e-10   2099088
  2.742075e+00   2.136468e-07   1.121974e-03   1.716760e-10   2088432
  2.745961e+00   2.106619e-07   1.120471e-03   1.690659e-10   2078432
  2.749845e+00   2.088876e-07   1.120708e-03   1.685744e-10   2069048
  2.753732e+00   2.063623e-07   1.123831e-03   1.666004e-10   2064804
  2.757623e+00   2.043709e-07   1.123568e-03   1.652124e-10   2055644
  2.761510e+00   2.017646e-07   1.120700e-03   1.636093e-10   2043000
  2.765392e+00   1.993653e-07   1.120067e-03   1.622008e-10   2032348
  2.769281e+00   1.974321e-07   1.126495e-03   1.607282e-10   2034064
  2.773172e+00   1.950255e-07   1.122211e-03   1.592023e-10   2017740
  2.777059e+00   1.924658e-07   1.121480e-03   1.573872e-10   2010188
  2.780942e+00   1.911371e-07   1.118751e-03   1.563875e-10   1996556
  2.784826e+00   1.891347e-07   1.122456e-03   1.555954e-10   1992816
  2.788712e+00   1.871095e-07   1.122411e-03   1.540436e-10   1982400
  2.792596e+00   1.848447e-07   1.121262e-03   1.523249e-10   1972256
  2.796480e+00   1.828507e-07   1.121000e-03   1.514714e-10   1964384
  2.800370e+00   1.808212e-07   1.122889e-03   1.500306e-10   1958544
  2.804258e+00   1.791215e-07   1.122489e-03   1.490451e-10   1946988
  2.808149e+00   1.774575e-07   1.124629e-03   1.483974e-10   1942532
  2.812034e+00   1.756939e-07   1.117383e-03   1.473054e-10   1921692
  2.815918e+00   1.738053e-07   1.123808e-03   1.460641e-10   1924004
  2.819806e+00   1.721902e-07   1.120365e-03   1.451155e-10   1907344
  2.823695e+00   1.702875e-07   1.126069e-03   1.436840e-10   1907440
  2.827583e+00   1.687320e-07   1.118720e-03   1.436196e-10   1886136
  2.831464e+00   1.670898e-07   1.121920e-03   1.418762e-10   1883144
  2.835353e+00   1.654431e-07   1.122753e-03   1.413841e-10   1874724
  2.839243e+00   1.635166e-07   1.123826e-03   1.401272e-10   1866068
  2.843130e+00   1.622132e-07   1.121455e-03   1.394746e-10   1852980
  2.847017e+00   1.604105e-07   1.122782e-03   1.381403e-10   1847468
  2.850900e+00   1.591352e-07   1.117935e-03   1.378356e-10   1829636
  2.854785e+00   1.576525e-07   1.123959e-03   1.370044e-10   1829688
  2.858675e+00   1.561454e-07   1.122789e-03   1.361799e-10   1817192
  2.862561e+00   1.543866e-07   1.121150e-03   1.350460e-10   1806312
  2.866446e+00   1.536499e-07   1.120289e-03   1.351349e-10   1795984
  2.870334e+00   1.517673e-07   1.123627e-03   1.336363e-10   1791100
  2.874224e+00   1.505088e-07   1.122050e-03   1.330582e-10   1777648
  2.878111e+00   1.488443e-07   1.123043e-03   1.324996e-10   1769848
  2.881996e+00   1.480271e-07   1.119995e-03   1.324748e-10   1756536
  2.885881e+00   1.459875e-07   1.121386e-03   1.312259e-10   1748960
  2.889768e+00   1.452183e-07   1.123014e-03   1.305137e-10   1739952
  2.893658e+00   1.437816e-07   1.124239e-03   1.299622e-10   1732124
  2.897544e+00   1.424317e-07   1.120323e-03   1.292660e-10   1716852
  2.901430e+00   1.410865e-07   1.122735e-03   1.285231e-10   1712276
  2.905319e+00   1.399400e-07   1.121222e-03   1.281648e-10   1698500
  2.909208e+00   1.386644e-07   1.125604e-03   1.273860e-10   1693932
  2.913093e+00   1.373854e-07   1.119232e-03   1.270682e-10   1675204
  2.916975e+00   1.361664e-07   1.121771e-03   1.265098e-10   1670644
  2.920858e+00   1.351480e-07   1.118515e-03   1.262571e-10   1655532
  2.924748e+00   1.342329e-07   1.126990e-03   1.255485e-10   1656860
  2.928637e+00   1.328430e-07   1.119840e-03   1.252826e-10   1635372
  2.932524e+00   1.316680e-07   1.124773e-03   1.249716e-10   1634324
  2.936410e+00   1.303686e-07   1.117372e-03   1.240626e-10   1613676
  2.940295e+00   1.293967e-07   1.124617e-03   1.237655e-10   1613348
  2.944183e+00   1.284086e-07   1.120803e-03   1.235813e-10   1596236
  2.948069e+00   1.271670e-07   1.123999e-03   1.229102e-10   1591476
  2.951956e+00   1.264492e-07   1.119134e-03   1.229858e-10   1575732
  2.955838e+00   1.255610e-07   1.120429e-03   1.230023e-10   1566236
  2.959725e+00   1.243505e-07   1.124724e-03   1.220202e-10   1560292
  2.963618e+00   1.233073e-07   1.124442e-03   1.215295e-10   1550092
  2.967503e+00   1.223592e-07   1.118750e-03   1.218410e-10   1532628
  2.971386e+00   1.208058e-07   1.121507e-03   1.206301e-10   1527332
  2.975274e+00   1.204207e-07   1.121884e-03   1.206254e-10   1515212
  2.979160e+00   1.194610e-07   1.123567e-03   1.205950e-10   1506444
  2.983048e+00   1.185947e-07   1.122261e-03   1.205269e-10   1495116
  2.986928e+00   1.174694e-07   1.117074e-03   1.203885e-10   1479152
  2.990812e+00   1.165354e-07   1.122982e-03   1.196577e-10   1475512
  2.994707e+00   1.157440e-07   1.126591e-03   1.198928e-10   1467820
  2.998598e+00   1.147704e-07   1.121923e-03   1.200028e-10   1451256
  3.002486e+00   1.136702e-07   1.122725e-03   1.189721e-10   1443212
  3.006369e+00   1.127964e-07   1.117256e-03   1.191355e-10   1425680
  3.010254e+00   1.119871e-07   1.124371e-03   1.183454e-10   1422972
  3.014143e+00   1.114131e-07   1.123023e-03   1.184697e-10   1408632
  3.018032e+00   1.101365e-07   1.123941e-03   1.179215e-10   1400984
  3.021918e+00   1.093887e-07   1.117887e-03   1.182722e-10   1383196
  3.025801e+00   1.085328e-07   1.123197e-03   1.182006e-10   1378120
  3.029692e+00   1.079626e-07   1.124450e-03   1.182337e-10   1367272
  3.033584e+00   1.071090e-07   1.124457e-03   1.181649e-10   1356580
  3.037464e+00   1.061467e-07   1.115974e-03   1.181091e-10   1337028
  3.041343e+00   1.049365e-07   1.120802e-03   1.177634e-10   1332500
  3.045230e+00   1.045969e-07   1.122780e-03   1.175694e-10   1321796
  3.049120e+00   1.036103e-07   1.124838e-03   1.178926e-10   1312716
  3.053007e+00   1.026727e-07   1.119942e-03   1.174736e-10   1296580
  3.056896e+00   1.018743e-07   1.124221e-03   1.171304e-10   1291528
  3.060783e+00   1.015900e-07   1.119071e-03   1.182722e-10   1273128
  3.064669e+00   1.006567e-07   1.125633e-03   1.174883e-10   1268720
  3.068560e+00   9.989165e-08   1.122309e-03   1.178401e-10   1254016
  3.072444e+00   9.850986e-08   1.119894e-03   1.172945e-10   1241296
  3.076322e+00   9.787468e-08   1.116955e-03   1.171476e-10   1226712
  3.080211e+00   9.755883e-08   1.128188e-03   1.171510e-10   1226228
  3.084105e+00   9.655366e-08   1.122621e-03   1.170056e-10   1207768
  3.087992e+00   9.567746e-08   1.122433e-03   1.171924e-10   1198336
  3.091874e+00   9.501292e-08   1.117108e-03   1.172525e-10   1181484
  3.095761e+00   9.425710e-08   1.125421e-03   1.172833e-10   1178012
  3.099653e+00   9.366200e-08   1.123268e-03   1.172692e-10   1162564
  3.103535e+00   9.241149e-08   1.120338e-03   1.166028e-10   1149340
  3.107418e+00   9.177462e-08   1.119954e-03   1.167394e-10   1138848
  3.111303e+00   9.075032e-08   1.120192e-03   1.165843e-10   1126748
  3.115189e+00   9.043880e-08   1.123911e-03   1.170206e-10   1117428
  3.119084e+00   8.944676e-08   1.126323e-03   1.168404e-10   1108112
  3.122973e+00   8.872487e-08   1.119549e-03   1.168755e-10   1090596
  3.126857e+00   8.763147e-08   1.120292e-03   1.164427e-10   1081052
  3.130738e+00   8.701634e-08   1.118514e-03   1.166851e-10   1065716
  3.134626e+00   8.638552e-08   1.127732e-03   1.166873e-10   1061940
  3.138518e+00   8.549667e-08   1.121370e-03   1.166771e-10   1044096
  3.142404e+00   8.409121e-08   1.122139e-03   1.152751e-10   1034864
  3.146289e+00   8.348420e-08   1.117591e-03   1.154093e-10   1018308
  3.150179e+00   8.326442e-08   1.129200e-03   1.165179e-10   1014812
  3.154072e+00   8.245162e-08   1.121981e-03   1.168758e-10   996288
  3.157955e+00   8.090967e-08   1.120847e-03   1.151976e-10   985376
  3.161835e+00   7.989778e-08   1.115880e-03   1.153445e-10   969652
  3.165722e+00   7.948668e-08   1.125987e-03   1.154880e-10   964924
  3.169610e+00   7.931803e-08   1.121515e-03   1.173275e-10   947228
  3.173495e+00   7.739490e-08   1.123457e-03   1.145376e-10   939084
  3.177381e+00   7.655402e-08   1.116472e-03   1.144414e-10   921864
  3.181265e+00   7.556997e-08   1.123502e-03   1.139307e-10   914252
  3.185159e+00   7.536697e-08   1.126304e-03   1.147608e-10   902572
  3.189050e+00   7.377943e-08   1.123145e-03   1.134101e-10   888784
  3.192932e+00   7.246079e-08   1.116224e-03   1.120588e-10   872540
  3.196811e+00   7.138826e-08   1.120157e-03   1.113464e-10   862848
  3.200697e+00   7.129081e-08   1.124093e-03   1.129295e-10   851760
  3.204592e+00   6.969696e-08   1.127172e-03   1.105734e-10   841940
  3.208479e+00   6.835815e-08   1.117661e-03   1.092941e-10   823032
  3.212364e+00   6.702750e-08   1.123934e-03   1.077989e-10   816044
  3.216253e+00   6.662079e-08   1.120364e-03   1.092756e-10   799292
  3.220140e+00   6.530676e-08   1.126784e-03   1.076482e-10   791304
  3.224026e+00   6.376795e-08   1.117490e-03   1.051276e-10   772868
  3.227902e+00   6.246950e-08   1.119936e-03   1.035290e-10   762552
  3.231787e+00   6.127162e-08   1.121745e-03   1.023734e-10   750876
  3.235677e+00   6.036162e-08   1.123999e-03   1.014766e-10   739280
  3.239565e+00   5.861523e-08   1.121784e-03   9.820496e-11   724944
  3.243456e+00   5.696950e-08   1.124267e-03   9.484435e-11   714380
  3.247336e+00   5.579938e-08   1.116046e-03   9.250420e-11   695932
  3.251222e+00   5.417071e-08   1.126879e-03   8.957052e-11   690949
  3.255114e+00   5.254042e-08   1.118914e-03   8.583322e-11   673638
  3.258999e+00   5.163587e-08   1.124434e-03   8.500915e-11   666092
  3.262883e+00   5.100647e-08   1.117312e-03   8.384347e-11   651024
  3.266766e+00   4.971841e-08   1.124054e-03   8.097915e-11   644804
  3.270656e+00   4.882707e-08   1.121035e-03   7.953889e-11   632676
  3.274546e+00   4.775701e-08   1.125434e-03   7.777031e-11   624962
  3.278430e+00   4.705488e-08   1.118496e-03   7.666652e-11   611280
  3.282321e+00   4.642126e-08   1.127391e-03   7.580360e-11   607256
  3.286211e+00   4.555770e-08   1.118374e-03   7.456453e-11   592616
  3.290095e+00   4.462701e-08   1.124430e-03   7.187192e-11   587160
  3.293983e+00   4.399503e-08   1.120749e-03   7.185905e-11   575482
  3.297866e+00   4.324534e-08   1.122505e-03   7.060876e-11   568258
  3.301757e+00   4.283593e-08   1.122731e-03   7.039827e-11   559638
  3.305647e+00   4.215253e-08   1.123210e-03   6.892696e-11   551498
  3.309536e+00   4.168203e-08   1.121790e-03   6.828354e-11   542364
  3.313423e+00   4.064247e-08   1.122328e-03   6.669074e-11   534146
  3.317305e+00   4.057629e-08   1.119988e-03   6.688482e-11   524980
  3.321196e+00   3.967574e-08   1.125222e-03   6.517740e-11   519964
  3.325077e+00   3.941362e-08   1.115886e-03   6.495209e-11   507108
  3.328962e+00   3.854528e-08   1.126905e-03   6.343004e-11   504992
  3.332852e+00   3.824201e-08   1.118656e-03   6.325816e-11   492948
  3.336740e+00   3.760079e-08   1.127360e-03   6.264670e-11   489740
  3.340629e+00   3.729330e-08   1.117346e-03   6.203635e-11   477716
  3.344511e+00   3.667806e-08   1.124864e-03   6.111785e-11   473844
  3.348399e+00   3.669274e-08   1.119228e-03   6.133234e-11   464222
  3.352284e+00   3.586993e-08   1.123815e-03   6.033216e-11   459048
  3.356167e+00   3.560232e-08   1.117888e-03   6.029151e-11   449574
  3.360054e+00   3.507434e-08   1.125019e-03   5.899519e-11   445820
  3.363936e+00   3.475858e-08   1.116211e-03   5.875873e-11   435158
  3.367827e+00   3.441021e-08   1.127850e-03   5.854086e-11   433566
  3.371713e+00   3.379441e-08   1.114763e-03   5.755722e-11   421014
  3.375597e+00   3.372488e-08   1.127754e-03   5.746572e-11   419996
  3.379490e+00   3.339669e-08   1.118287e-03   5.746373e-11   409482
  3.383368e+00   3.276434e-08   1.121665e-03   5.640759e-11   404414
  3.387257e+00   3.275326e-08   1.122567e-03   5.657615e-11   398518
  3.391148e+00   3.218956e-08   1.123750e-03   5.546954e-11   392302
  3.395033e+00   3.215716e-08   1.121765e-03   5.635587e-11   385318
  3.398930e+00   3.164143e-08   1.127631e-03   5.562014e-11   381718
  3.402811e+00   3.125968e-08   1.114511e-03   5.518621e-11   370674
  3.406696e+00   3.124711e-08   1.128673e-03   5.567920e-11   370166
  3.410587e+00   3.085792e-08   1.117032e-03   5.523166e-11   359838
  3.414471e+00   3.050398e-08   1.126612e-03   5.425835e-11   357488
  3.418356e+00   3.031419e-08   1.115416e-03   5.461861e-11   348174
  3.422239e+00   2.991654e-08   1.126138e-03   5.383249e-11   346010
  3.426123e+00   2.988367e-08   1.115666e-03   5.470158e-11   336966
  3.430017e+00   2.949823e-08   1.131496e-03   5.352889e-11   336488
  3.433906e+00   2.947319e-08   1.113178e-03   5.451183e-11   325206
  3.437790e+00   2.903637e-08   1.128394e-03   5.383114e-11   324614
  3.441675e+00   2.885813e-08   1.113950e-03   5.399778e-11   314792
  3.445561e+00   2.857730e-08   1.129033e-03   5.359167e-11   314082
  3.449445e+00   2.853918e-08   1.112843e-03   5.429746e-11   303918
  3.453329e+00   2.810599e-08   1.130230e-03   5.345182e-11   303872
  3.457223e+00   2.812056e-08   1.118237e-03   5.399567e-11   295070
  3.461110e+00   2.783442e-08   1.127117e-03   5.342562e-11   292776
  3.464999e+00   2.772795e-08   1.118155e-03   5.407740e-11   285198
  3.468882e+00   2.751487e-08   1.124173e-03   5.403461e-11   282068
  3.472770e+00   2.744527e-08   1.120642e-03   5.386359e-11   276094
  3.476654e+00   2.723366e-08   1.121770e-03   5.419058e-11   271936
  3.480537e+00   2.696191e-08   1.119604e-03   5.391654e-11   266352
  3.484425e+00   2.671598e-08   1.124273e-03   5.383425e-11   263198
  3.488309e+00   2.655516e-08   1.117087e-03   5.393058e-11   256540
  3.492199e+00   2.639745e-08   1.128018e-03   5.362317e-11   254758
  3.496085e+00   2.633993e-08   1.114575e-03   5.423266e-11   246888
  3.499973e+00   2.631949e-08   1.129431e-03   5.440183e-11   245984
  3.503859e+00   2.622041e-08   1.113747e-03   5.495167e-11   237838
  3.507743e+00   2.590717e-08   1.128624e-03   5.439588e-11   236932
  3.511628e+00   2.594092e-08   1.114686e-03   5.524389e-11   229296
  3.515519e+00   2.556940e-08   1.132107e-03   5.464417e-11   228968
  3.519410e+00   2.555035e-08   1.115334e-03   5.534280e-11   220862
  3.523299e+00   2.536116e-08   1.132320e-03   5.521680e-11   220440
  3.527188e+00   2.519668e-08   1.113877e-03   5.550139e-11   212400
  3.531075e+00   2.530218e-08   1.132596e-03   5.584091e-11   212228
  3.534965e+00   2.517591e-08   1.113928e-03   5.631372e-11   204518
  3.538852e+00   2.507318e-08   1.130227e-03   5.609846e-11   203928
  3.542735e+00   2.480153e-08   1.110921e-03   5.678381e-11   196280
  3.546619e+00   2.479902e-08   1.130361e-03   5.685153e-11   196272
  3.550503e+00   2.472846e-08   1.110008e-03   5.754239e-11   188572
  3.554385e+00   2.448533e-08   1.129045e-03   5.755992e-11   188440
  3.558272e+00   2.457975e-08   1.112527e-03   5.813304e-11   181574
  3.562156e+00   2.436029e-08   1.129325e-03   5.778279e-11   180912
  3.566042e+00   2.441879e-08   1.112617e-03   5.906057e-11   174304
  3.569927e+00   2.432792e-08   1.129933e-03   5.853733e-11   173620
  3.573814e+00   2.410211e-08   1.114477e-03   5.933257e-11   167424
  3.577707e+00   2.417810e-08   1.132693e-03   5.943520e-11   166952
  3.581590e+00   2.412101e-08   1.109406e-03   6.103473e-11   159744
  3.585479e+00   2.401554e-08   1.134885e-03   6.070378e-11   160424
  3.589363e+00   2.398698e-08   1.107308e-03   6.185240e-11   152748
  3.593250e+00   2.383553e-08   1.136784e-03   6.106025e-11   153920
  3.597136e+00   2.375898e-08   1.105473e-03   6.200500e-11   146016
  3.601018e+00   2.372559e-08   1.136208e-03   6.213410e-11   147176
  3.604907e+00   2.372151e-08   1.107710e-03   6.387126e-11   139992
  3.608791e+00   2.366263e-08   1.135264e-03   6.327028e-11   140588
  3.612682e+00   2.360273e-08   1.111007e-03   6.448115e-11   134184
  3.616571e+00   2.344426e-08   1.134121e-03   6.411651e-11   134192
  3.620457e+00   2.343680e-08   1.110077e-03   6.567152e-11   127992
  3.624344e+00   2.335870e-08   1.133946e-03   6.545537e-11   128132
  3.628235e+00   2.333726e-08   1.112933e-03   6.726066e-11   122384
  3.632120e+00   2.327957e-08   1.130787e-03   6.723752e-11   121896
  3.636006e+00   2.321658e-08   1.111987e-03   6.844254e-11   116592
  3.639888e+00   2.331210e-08   1.130031e-03   6.833394e-11   116072
  3.643776e+00   2.325504e-08   1.113281e-03   7.033368e-11   111196
  3.647666e+00   2.311922e-08   1.133982e-03   6.944492e-11   110824
  3.651553e+00   2.309032e-08   1.109351e-03   7.094913e-11   105456
  3.655445e+00   2.314244e-08   1.137911e-03   7.100662e-11   105746
  3.659331e+00   2.310286e-08   1.104570e-03   7.376144e-11   99816
  3.663217e+00   2.292574e-08   1.137630e-03   7.211929e-11   100460
  3.667098e+00   2.318058e-08   1.103186e-03   7.546498e-11   94616
  3.670986e+00   2.294013e-08   1.138482e-03   7.498195e-11   95448
  3.674871e+00   2.288358e-08   1.104767e-03   7.709509e-11   89784
  3.678762e+00   2.294179e-08   1.138753e-03   7.634223e-11   90536
  3.682640e+00   2.305539e-08   1.098833e-03   7.937381e-11   84566
  3.686528e+00   2.304822e-08   1.143171e-03   7.895554e-11   86088
  3.690411e+00   2.284834e-08   1.094501e-03   8.118944e-11   79680
  3.694290e+00   2.298284e-08   1.143460e-03   8.068638e-11   81368
  3.698177e+00   2.295975e-08   1.096007e-03   8.329121e-11   75356
  3.702056e+00   2.291841e-08   1.143156e-03   8.329191e-11   76704
  3.705948e+00   2.303262e-08   1.100016e-03   8.605118e-11   71322
  3.709834e+00   2.286654e-08   1.143672e-03   8.576203e-11   72248
  3.713724e+00   2.306887e-08   1.099908e-03   8.953865e-11   67160
  3.717610e+00   2.291318e-08   1.141543e-03   8.802850e-11   67836
  3.721489e+00   2.303588e-08   1.096984e-03   9.178391e-11   62976
  3.725379e+00   2.282834e-08   1.144398e-03   9.049629e-11   63914
  3.729253e+00   2.284366e-08   1.092761e-03   9.453951e-11   58832
  3.733144e+00   2.268958e-08   1.147084e-03   9.239512e-11   60108
  3.737017e+00   2.258347e-08   1.090205e-03   9.700959e-11   54920
  3.740928e+00   2.296350e-08   1.160099e-03   9.534865e-11   56970
  3.744809e+00   2.270023e-08   1.078913e-03   1.008141e-10   50760
  3.748701e+00   2.305096e-08   1.161348e-03   9.883412e-11   53312
  3.752584e+00   2.307580e-08   1.074836e-03   1.066669e-10   47164
  3.756472e+00   2.313335e-08   1.163802e-03   1.036541e-10   49810
  3.760356e+00   2.288680e-08   1.069365e-03   1.094777e-10   43680
  3.764234e+00   2.302412e-08   1.164818e-03   1.075744e-10   46328
  3.768129e+00   2.310688e-08   1.073902e-03   1.142326e-10   40694
  3.772013e+00   2.308685e-08   1.167140e-03   1.113439e-10   42984
  3.775913e+00   2.288613e-08   1.073587e-03   1.189041e-10   37656
  3.779787e+00   2.334512e-08   1.164236e-03   1.180773e-10   39578
  3.783688e+00   2.345597e-08   1.077878e-03   1.257680e-10   34920
  3.787564e+00   2.327242e-08   1.160065e-03   1.229479e-10   36308
  3.791451e+00   2.328591e-08   1.076316e-03   1.292812e-10   32136
  3.795334e+00   2.292829e-08   1.159401e-03   1.269452e-10   33362
  3.799207e+00   2.328229e-08   1.069739e-03   1.357023e-10   29336
  3.803104e+00   2.335161e-08   1.167435e-03   1.318695e-10   30804
  3.806966e+00   2.322497e-08   1.055228e-03   1.440219e-10   26490
  3.810870e+00   2.316569e-08   1.176653e-03   1.380412e-10   28376
  3.814719e+00   2.348669e-08   1.039734e-03   1.496389e-10   23784
  3.818636e+00   2.326594e-08   1.189627e-03   1.468825e-10   26150
  3.822479e+00   2.355867e-08   1.021588e-03   1.612938e-10   21192
  3.826407e+00   2.377769e-08   1.204804e-03   1.515988e-10   24050
  3.830252e+00   2.337725e-08   1.002280e-03   1.699333e-10   18768
  3.834191e+00   2.322534e-08   1.221518e-03   1.566908e-10   22052
  3.838029e+00   2.332531e-08   9.660660e-04   1.805559e-10   16346
  3.841962e+00   2.376369e-08   1.236558e-03   1.694504e-10   20136
  3.845802e+00   2.357648e-08   9.274195e-04   1.990972e-10   14160
  3.849721e+00   2.355575e-08   1.247069e-03   1.755776e-10   18218
  3.853565e+00   2.407227e-08   8.859468e-04   2.189420e-10   12204
  3.857470e+00   2.361182e-08   1.256334e-03   1.885865e-10   16346
  3.861333e+00   2.374762e-08   8.562781e-04   2.255134e-10   10536
  3.865221e+00   2.319229e-08   1.261091e-03   1.876239e-10   14456
  3.869081e+00   2.468626e-08   8.165112e-04   2.550270e-10   8990
  3.872967e+00   2.346138e-08   1.270385e-03   2.115992e-10   12744
  3.876815e+00   2.411301e-08   7.482517e-04   2.839230e-10   7506
  3.880703e+00   2.443631e-08   1.282849e-03   2.287516e-10   11192
  3.884545e+00   2.485431e-08   6.569471e-04   3.139036e-10   6156
  3.888432e+00   2.405672e-08   1.294599e-03   2.493125e-10   9722
  3.892281e+00   2.348501e-08   5.567157e-04   3.373283e-10   4992
  3.896158e+00   2.398045e-08   1.304505e-03   2.559585e-10   8306
  3.900025e+00   2.375895e-08   4.384033e-04   3.760085e-10   3996
  3.903878e+00   2.431043e-08   1.309274e-03   2.970339e-10   6938
  3.907766e+00   2.440149e-08   3.047624e-04   4.495476e-10   3168
  3.911584e+00   2.389941e-08   1.304853e-03   3.100625e-10   5624
  3.915485e+00   2.446079e-08   2.103226e-04   5.087752e-10   2502
  3.919286e+00   2.425839e-08   1.297747e-03   3.618637e-10   4424
  3.923208e+00   2.519225e-08   2.230451e-04   5.844300e-10   1946
  3.926998e+00   2.447542e-08   1.292790e-03   4.216609e-10   3360
  3.930918e+00   2.397370e-08   1.221617e-04   6.550783e-10   1446
  3.934708e+00   2.486089e-08   1.290208e-03   5.137837e-10   2456
  3.938666e+00   2.561915e-08   2.340394e-04   8.109546e-10   1034
  3.942432e+00   2.412213e-08   1.288305e-03   5.678065e-10   1680
  3.946383e+00   2.409118e-08   5.837572e-05   9.596023e-10   678
  3.950143e+00   2.428302e-08   1.286681e-03   7.135234e-10   1064
  3.954177e+00   2.724861e-08   3.540138e-04   1.245740e-09   410
  3.957868e+00   2.268209e-08   1.284749e-03   9.353613e-10   576
  3.961879e+00   2.516204e-08   1.855368e-05   1.642523e-09   198
  3.965528e+00   2.313607e-08   1.272780e-03   1.496064e-09   248
  3.969917e+00   2.712284e-08   8.019490e-04   3.105534e-09   74
  3.973198e+00   1.836498e-08   1.252635e-03   2.434364e-09   48
  3.977405e+00   1.618854e-08   5.034095e-08   6.892427e-09   6
