# power spectrum of phi_prime/H (dimensionless)
# redshift z=0.980309
# k              Pk             sigma(k)       sigma(Pk)      count
  5.727314e-03   5.773692e-12   8.763345e-04   1.280621e-12   18
  1.001182e-02   9.656151e-12   1.059922e-03   1.366050e-12   62
  1.393445e-02   7.004781e-12   7.332271e-04   8.758218e-13   90
  1.764809e-02   6.778421e-12   1.157232e-03   4.379414e-13   170
  2.151286e-02   4.998495e-12   1.202795e-03   3.171232e-13   246
  2.528669e-02   3.984483e-12   1.146703e-03   2.155917e-13   338
  2.901099e-02   3.668251e-12   9.857564e-04   1.817921e-13   432
  3.284683e-02   3.104923e-12   1.010047e-03   1.427350e-13   578
  3.688195e-02   2.571041e-12   1.177086e-03   9.150194e-14   786
  4.101464e-02   2.055334e-12   1.190994e-03   6.364574e-14   974
  4.488954e-02   1.937204e-12   1.031402e-03   6.190138e-14   1002
  4.870958e-02   1.803910e-12   1.179303e-03   5.252118e-14   1334
  5.263577e-02   1.658018e-12   1.134676e-03   4.278334e-14   1458
  5.631027e-02   1.515255e-12   1.072446e-03   3.895577e-14   1604
  6.010158e-02   1.513015e-12   1.088865e-03   3.549273e-14   1974
  6.404851e-02   1.588655e-12   1.067989e-03   3.352232e-14   2234
  6.795611e-02   1.360703e-12   1.092954e-03   2.897452e-14   2490
  7.198483e-02   1.386628e-12   1.200217e-03   2.436949e-14   3014
  7.595394e-02   1.353510e-12   1.093611e-03   2.368623e-14   3018
  7.977896e-02   1.305350e-12   1.131598e-03   2.169422e-14   3446
  8.359600e-02   1.235328e-12   1.085617e-03   2.148769e-14   3626
  8.742004e-02   1.183144e-12   1.125556e-03   1.809117e-14   4164
  9.130612e-02   1.132103e-12   1.090740e-03   1.690669e-14   4470
  9.521636e-02   1.136070e-12   1.115446e-03   1.644320e-14   4970
  9.915211e-02   1.101310e-12   1.127844e-03   1.534243e-14   5366
  1.030785e-01   1.048747e-12   1.144516e-03   1.379803e-14   5778
  1.069619e-01   1.038773e-12   1.149148e-03   1.299292e-14   6162
  1.108671e-01   9.792077e-13   1.158272e-03   1.198200e-14   6734
  1.146806e-01   1.027815e-12   1.074898e-03   1.280227e-14   6756
  1.184510e-01   9.699590e-13   1.088568e-03   1.122899e-14   7502
  1.223464e-01   9.807359e-13   1.105366e-03   1.078987e-14   8154
  1.262469e-01   9.731178e-13   1.103283e-03   1.034768e-14   8618
  1.301909e-01   9.552985e-13   1.146655e-03   9.754883e-15   9390
  1.341197e-01   9.728827e-13   1.126004e-03   9.597092e-15   9722
  1.380051e-01   9.448345e-13   1.126950e-03   9.271487e-15   10242
  1.419007e-01   9.255645e-13   1.149257e-03   8.794912e-15   11006
  1.457777e-01   9.050100e-13   1.106962e-03   8.530961e-15   11348
  1.496576e-01   8.762406e-13   1.105725e-03   7.898106e-15   12150
  1.535164e-01   8.719044e-13   1.078348e-03   7.834962e-15   12498
  1.574072e-01   8.645208e-13   1.129889e-03   7.451587e-15   13586
  1.613096e-01   8.304647e-13   1.132072e-03   7.050397e-15   14006
  1.652381e-01   8.233101e-13   1.166232e-03   6.770118e-15   15162
  1.691226e-01   8.290950e-13   1.101754e-03   6.759909e-15   14990
  1.729750e-01   8.022749e-13   1.143142e-03   6.153425e-15   16380
  1.768610e-01   7.960616e-13   1.105581e-03   6.160039e-15   16666
  1.807168e-01   7.897846e-13   1.110348e-03   6.025943e-15   17638
  1.845996e-01   7.837422e-13   1.100521e-03   5.903370e-15   18354
  1.884710e-01   7.793640e-13   1.102640e-03   5.579908e-15   19034
  1.923685e-01   7.881735e-13   1.144302e-03   5.557068e-15   20270
  1.963174e-01   7.759291e-13   1.155956e-03   5.418050e-15   21258
  2.002141e-01   7.644790e-13   1.111898e-03   5.140025e-15   21350
  2.040863e-01   7.512100e-13   1.123159e-03   4.967025e-15   22644
  2.079681e-01   7.364020e-13   1.101476e-03   4.832678e-15   23114
  2.118390e-01   7.373180e-13   1.118265e-03   4.752880e-15   24342
  2.157382e-01   7.288621e-13   1.117694e-03   4.579819e-15   25194
  2.196235e-01   7.143576e-13   1.116195e-03   4.418166e-15   25982
  2.234724e-01   7.039208e-13   1.109599e-03   4.312316e-15   26506
  2.273806e-01   7.014878e-13   1.167806e-03   4.170000e-15   28738
  2.312750e-01   6.929448e-13   1.110542e-03   4.133052e-15   28296
  2.351662e-01   6.842477e-13   1.143823e-03   4.011620e-15   30554
  2.390501e-01   6.744170e-13   1.084103e-03   3.891649e-15   30094
  2.428824e-01   6.795403e-13   1.109820e-03   3.801488e-15   31738
  2.467836e-01   6.772609e-13   1.134747e-03   3.734232e-15   33306
  2.506613e-01   6.746764e-13   1.104153e-03   3.699147e-15   33422
  2.545365e-01   6.653606e-13   1.131527e-03   3.533148e-15   35298
  2.584714e-01   6.664796e-13   1.143069e-03   3.429027e-15   36650
  2.623670e-01   6.601625e-13   1.115532e-03   3.417639e-15   36888
  2.662651e-01   6.418026e-13   1.131896e-03   3.239450e-15   38834
  2.701697e-01   6.411551e-13   1.107355e-03   3.232014e-15   39246
  2.740453e-01   6.363086e-13   1.111777e-03   3.204153e-15   40466
  2.778984e-01   6.289094e-13   1.108403e-03   3.105758e-15   41106
  2.817847e-01   6.227384e-13   1.145602e-03   2.961385e-15   43598
  2.856833e-01   6.204680e-13   1.116308e-03   2.975996e-15   43650
  2.895471e-01   6.205769e-13   1.120907e-03   2.905314e-15   45272
  2.934575e-01   6.036228e-13   1.131740e-03   2.786847e-15   46994
  2.973636e-01   6.072782e-13   1.124346e-03   2.749329e-15   47850
  3.012447e-01   5.912479e-13   1.115858e-03   2.694776e-15   48846
  3.051030e-01   5.938696e-13   1.105642e-03   2.692989e-15   49706
  3.089532e-01   5.914436e-13   1.113265e-03   2.645259e-15   51198
  3.128464e-01   5.858860e-13   1.134266e-03   2.522651e-15   53402
  3.167281e-01   5.838170e-13   1.111145e-03   2.533030e-15   53634
  3.206428e-01   5.767211e-13   1.143806e-03   2.415074e-15   56888
  3.245618e-01   5.703591e-13   1.106794e-03   2.400804e-15   56474
  3.284581e-01   5.665871e-13   1.130606e-03   2.351019e-15   58962
  3.323510e-01   5.653094e-13   1.114731e-03   2.316805e-15   59214
  3.362265e-01   5.673062e-13   1.127963e-03   2.300844e-15   61250
  3.400938e-01   5.642098e-13   1.110759e-03   2.272784e-15   61694
  3.439480e-01   5.567236e-13   1.120230e-03   2.229882e-15   63618
  3.478512e-01   5.495645e-13   1.140078e-03   2.134898e-15   66284
  3.517691e-01   5.530968e-13   1.123324e-03   2.163044e-15   67014
  3.556494e-01   5.496084e-13   1.113722e-03   2.106154e-15   67930
  3.595371e-01   5.349563e-13   1.127426e-03   2.040708e-15   70294
  3.634200e-01   5.395373e-13   1.114424e-03   2.031465e-15   70658
  3.672742e-01   5.448495e-13   1.121955e-03   2.036090e-15   72522
  3.711539e-01   5.279437e-13   1.125103e-03   1.963910e-15   74550
  3.750359e-01   5.277974e-13   1.112832e-03   1.919127e-15   75674
  3.789191e-01   5.288759e-13   1.116846e-03   1.898205e-15   77708
  3.828461e-01   5.240914e-13   1.136191e-03   1.847687e-15   80622
  3.867545e-01   5.159478e-13   1.112810e-03   1.809134e-15   80330
  3.906423e-01   5.152024e-13   1.128269e-03   1.793725e-15   82974
  3.945313e-01   5.065582e-13   1.118618e-03   1.751365e-15   83666
  3.984084e-01   5.114017e-13   1.126394e-03   1.739227e-15   85746
  4.022765e-01   5.061636e-13   1.118427e-03   1.719179e-15   86702
  4.061542e-01   5.049626e-13   1.126154e-03   1.708579e-15   89556
  4.100569e-01   5.032857e-13   1.118519e-03   1.668997e-15   91038
  4.139484e-01   5.014080e-13   1.117921e-03   1.643243e-15   92522
  4.178268e-01   4.964469e-13   1.119569e-03   1.620908e-15   94034
  4.217415e-01   4.918635e-13   1.145339e-03   1.572686e-15   97758
  4.256173e-01   4.897473e-13   1.103600e-03   1.588024e-15   95770
  4.294627e-01   4.880390e-13   1.123790e-03   1.549340e-15   99646
  4.333400e-01   4.898506e-13   1.115333e-03   1.531598e-15   100980
  4.372362e-01   4.816115e-13   1.127284e-03   1.494803e-15   104258
  4.411386e-01   4.813167e-13   1.114910e-03   1.492620e-15   104998
  4.450377e-01   4.769303e-13   1.124073e-03   1.442835e-15   107866
  4.489311e-01   4.773485e-13   1.113184e-03   1.446229e-15   108154
  4.528161e-01   4.811066e-13   1.135370e-03   1.438580e-15   111622
  4.567076e-01   4.712054e-13   1.122976e-03   1.406409e-15   112146
  4.605727e-01   4.700179e-13   1.119518e-03   1.401063e-15   114014
  4.644440e-01   4.695841e-13   1.115906e-03   1.377564e-15   116220
  4.683319e-01   4.664422e-13   1.119789e-03   1.358534e-15   118682
  4.722291e-01   4.641723e-13   1.126606e-03   1.327339e-15   121118
  4.761348e-01   4.573698e-13   1.124808e-03   1.307684e-15   122994
  4.800157e-01   4.570814e-13   1.114862e-03   1.296510e-15   123574
  4.838959e-01   4.586991e-13   1.131276e-03   1.288271e-15   126922
  4.877763e-01   4.543911e-13   1.124735e-03   1.267897e-15   127906
  4.916481e-01   4.497966e-13   1.121767e-03   1.256716e-15   130432
  4.955333e-01   4.500312e-13   1.114812e-03   1.240880e-15   132642
  4.994186e-01   4.475183e-13   1.110800e-03   1.215627e-15   134534
  5.033164e-01   4.493391e-13   1.124671e-03   1.213595e-15   137778
  5.072392e-01   4.438320e-13   1.135312e-03   1.185470e-15   140786
  5.111285e-01   4.397087e-13   1.110620e-03   1.181652e-15   139590
  5.149976e-01   4.396436e-13   1.125619e-03   1.165102e-15   143546
  5.188865e-01   4.383248e-13   1.125142e-03   1.155795e-15   145338
  5.227635e-01   4.357901e-13   1.120484e-03   1.134511e-15   147272
  5.266520e-01   4.353937e-13   1.122335e-03   1.125246e-15   150330
  5.305485e-01   4.311661e-13   1.118234e-03   1.104743e-15   152318
  5.344262e-01   4.304030e-13   1.111066e-03   1.101102e-15   153202
  5.383243e-01   4.286057e-13   1.138693e-03   1.075094e-15   158626
  5.422165e-01   4.250029e-13   1.116855e-03   1.077884e-15   157350
  5.460935e-01   4.224728e-13   1.131200e-03   1.051058e-15   161906
  5.499589e-01   4.245151e-13   1.105071e-03   1.062838e-15   160872
  5.538418e-01   4.223213e-13   1.133375e-03   1.028056e-15   167858
  5.577463e-01   4.236439e-13   1.114977e-03   1.033133e-15   167514
  5.616201e-01   4.200149e-13   1.113803e-03   1.024561e-15   169862
  5.655108e-01   4.175123e-13   1.124453e-03   1.006513e-15   173602
  5.694083e-01   4.164519e-13   1.123533e-03   9.974822e-16   175258
  5.732959e-01   4.157271e-13   1.127164e-03   9.847346e-16   177654
  5.771897e-01   4.131915e-13   1.130949e-03   9.707635e-16   180698
  5.810773e-01   4.102093e-13   1.119005e-03   9.675524e-16   181968
  5.849616e-01   4.091836e-13   1.118541e-03   9.549907e-16   184850
  5.888448e-01   4.079050e-13   1.119144e-03   9.465743e-16   187034
  5.927421e-01   4.071204e-13   1.129966e-03   9.320920e-16   191238
  5.966308e-01   4.071847e-13   1.116348e-03   9.344408e-16   191042
  6.005065e-01   4.056551e-13   1.126286e-03   9.234376e-16   195102
  6.043812e-01   4.044478e-13   1.117515e-03   9.171306e-16   195786
  6.082630e-01   3.995670e-13   1.131649e-03   8.879699e-16   201164
  6.121481e-01   3.988992e-13   1.112645e-03   8.961657e-16   201070
  6.160242e-01   3.993573e-13   1.118305e-03   8.884786e-16   205234
  6.199111e-01   3.987182e-13   1.116352e-03   8.759964e-16   207342
  6.237987e-01   3.949378e-13   1.121735e-03   8.557777e-16   210602
  6.276909e-01   3.947293e-13   1.124203e-03   8.576942e-16   213130
  6.315953e-01   3.918309e-13   1.133190e-03   8.479050e-16   217318
  6.354807e-01   3.895591e-13   1.113546e-03   8.393014e-16   216306
  6.393491e-01   3.913186e-13   1.119403e-03   8.352316e-16   220652
  6.432430e-01   3.861525e-13   1.124854e-03   8.169606e-16   224502
  6.471454e-01   3.864488e-13   1.125081e-03   8.094452e-16   227186
  6.510345e-01   3.865306e-13   1.118193e-03   8.122922e-16   228398
  6.549165e-01   3.837892e-13   1.122259e-03   7.983411e-16   231642
  6.587972e-01   3.815815e-13   1.122763e-03   7.908600e-16   233946
  6.626908e-01   3.810387e-13   1.132956e-03   7.806325e-16   238694
  6.665707e-01   3.816768e-13   1.114640e-03   7.892909e-16   238068
  6.704525e-01   3.783400e-13   1.124042e-03   7.672935e-16   244190
  6.743498e-01   3.759904e-13   1.116752e-03   7.600702e-16   245362
  6.782313e-01   3.766864e-13   1.120102e-03   7.578122e-16   248362
  6.821206e-01   3.758641e-13   1.124509e-03   7.511065e-16   251966
  6.860099e-01   3.748321e-13   1.120649e-03   7.469205e-16   254034
  6.898855e-01   3.739382e-13   1.117172e-03   7.401826e-16   255818
  6.937781e-01   3.731095e-13   1.132899e-03   7.332748e-16   262254
  6.976722e-01   3.710331e-13   1.116974e-03   7.291345e-16   261980
  7.015718e-01   3.695981e-13   1.129534e-03   7.125854e-16   268566
  7.054538e-01   3.687273e-13   1.104857e-03   7.186291e-16   265538
  7.093286e-01   3.675811e-13   1.128000e-03   7.094087e-16   273330
  7.132165e-01   3.641767e-13   1.121481e-03   6.975367e-16   273718
  7.171069e-01   3.647752e-13   1.132652e-03   6.922427e-16   279658
  7.209986e-01   3.646675e-13   1.120025e-03   6.892531e-16   279670
  7.248700e-01   3.634260e-13   1.119062e-03   6.856661e-16   282964
  7.287608e-01   3.603909e-13   1.126489e-03   6.750296e-16   288362
  7.326540e-01   3.601563e-13   1.118613e-03   6.736241e-16   289686
  7.365333e-01   3.585530e-13   1.116235e-03   6.668470e-16   292234
  7.404015e-01   3.588274e-13   1.112765e-03   6.661560e-16   294190
  7.442845e-01   3.581072e-13   1.127923e-03   6.554129e-16   300642
  7.481851e-01   3.547645e-13   1.128116e-03   6.494971e-16   303386
  7.520700e-01   3.543701e-13   1.119257e-03   6.479203e-16   304662
  7.559583e-01   3.546666e-13   1.122290e-03   6.399868e-16   309812
  7.598513e-01   3.541629e-13   1.117608e-03   6.366853e-16   311714
  7.637547e-01   3.522255e-13   1.130270e-03   6.266046e-16   318126
  7.676398e-01   3.508338e-13   1.111035e-03   6.290823e-16   315114
  7.715118e-01   3.500662e-13   1.127143e-03   6.198933e-16   322622
  7.753932e-01   3.473004e-13   1.117154e-03   6.140112e-16   322850
  7.792787e-01   3.461751e-13   1.131101e-03   6.065954e-16   329802
  7.831716e-01   3.460036e-13   1.123851e-03   6.052933e-16   331104
  7.870696e-01   3.444812e-13   1.127607e-03   5.965544e-16   336986
  7.909587e-01   3.441325e-13   1.111055e-03   5.967870e-16   335870
  7.948355e-01   3.426884e-13   1.120862e-03   5.919349e-16   341610
  7.987215e-01   3.429201e-13   1.121955e-03   5.866093e-16   344370
  8.026031e-01   3.426911e-13   1.122207e-03   5.847129e-16   347606
  8.064886e-01   3.407997e-13   1.124033e-03   5.774820e-16   351650
  8.103706e-01   3.377894e-13   1.118654e-03   5.690158e-16   353760
  8.142669e-01   3.374925e-13   1.129493e-03   5.635283e-16   360970
  8.181738e-01   3.374456e-13   1.123124e-03   5.657165e-16   362818
  8.220521e-01   3.365182e-13   1.110144e-03   5.607324e-16   362334
  8.259414e-01   3.363561e-13   1.129348e-03   5.545782e-16   371642
  8.298275e-01   3.363862e-13   1.114584e-03   5.574258e-16   368778
  8.337006e-01   3.324606e-13   1.128744e-03   5.463242e-16   376526
  8.375857e-01   3.319587e-13   1.121330e-03   5.422893e-16   377786
  8.414675e-01   3.333870e-13   1.123524e-03   5.427697e-16   382968
  8.453573e-01   3.297395e-13   1.120822e-03   5.348625e-16   386146
  8.492503e-01   3.290634e-13   1.124050e-03   5.334989e-16   390826
  8.531392e-01   3.285762e-13   1.119718e-03   5.293116e-16   392662
  8.570302e-01   3.279915e-13   1.125822e-03   5.234550e-16   398242
  8.609051e-01   3.262252e-13   1.111972e-03   5.196873e-16   396726
  8.647781e-01   3.264637e-13   1.124714e-03   5.171744e-16   404738
  8.686664e-01   3.248390e-13   1.122897e-03   5.124044e-16   407628
  8.725545e-01   3.248513e-13   1.121536e-03   5.098064e-16   411734
  8.764395e-01   3.238749e-13   1.117149e-03   5.077361e-16   414242
  8.803359e-01   3.235495e-13   1.126317e-03   5.018630e-16   421434
  8.842333e-01   3.209319e-13   1.120273e-03   4.981234e-16   421918
  8.881244e-01   3.201885e-13   1.128330e-03   4.927104e-16   427810
  8.920157e-01   3.193354e-13   1.123036e-03   4.903336e-16   429470
  8.958948e-01   3.192675e-13   1.119658e-03   4.894857e-16   432282
  8.997746e-01   3.176406e-13   1.122449e-03   4.856438e-16   437260
  9.036583e-01   3.162167e-13   1.120747e-03   4.798862e-16   440758
  9.075489e-01   3.166177e-13   1.124778e-03   4.761348e-16   446370
  9.114474e-01   3.147518e-13   1.123943e-03   4.736740e-16   450182
  9.153288e-01   3.134676e-13   1.115142e-03   4.722808e-16   449850
  9.192089e-01   3.133134e-13   1.127357e-03   4.676156e-16   457898
  9.230929e-01   3.116377e-13   1.119604e-03   4.660489e-16   458662
  9.269737e-01   3.114481e-13   1.121722e-03   4.627614e-16   464620
  9.308545e-01   3.099899e-13   1.114316e-03   4.572050e-16   466302
  9.347441e-01   3.098122e-13   1.124571e-03   4.522692e-16   474314
  9.386369e-01   3.088258e-13   1.120021e-03   4.517472e-16   475530
  9.425348e-01   3.085304e-13   1.129051e-03   4.472336e-16   483206
  9.464328e-01   3.077513e-13   1.121669e-03   4.445883e-16   483530
  9.503142e-01   3.067390e-13   1.121047e-03   4.440459e-16   487002
  9.541966e-01   3.057563e-13   1.124058e-03   4.394150e-16   491774
  9.580774e-01   3.033169e-13   1.120518e-03   4.335982e-16   495084
  9.619601e-01   3.046983e-13   1.119352e-03   4.350870e-16   499438
  9.658473e-01   3.027287e-13   1.122356e-03   4.310828e-16   504682
  9.697357e-01   3.020773e-13   1.121500e-03   4.282568e-16   507738
  9.736321e-01   3.003328e-13   1.130456e-03   4.225556e-16   515174
  9.775214e-01   3.003295e-13   1.119580e-03   4.232311e-16   514234
  9.813957e-01   2.997999e-13   1.119450e-03   4.191593e-16   519022
  9.852705e-01   2.988634e-13   1.117281e-03   4.181695e-16   522636
  9.891535e-01   2.994449e-13   1.121739e-03   4.173293e-16   529442
  9.930474e-01   2.971114e-13   1.122647e-03   4.118612e-16   534078
  9.969375e-01   2.969448e-13   1.118397e-03   4.107569e-16   536666
  1.000817e+00   2.960846e-13   1.116716e-03   4.075646e-16   539142
  1.004715e+00   2.953045e-13   1.134178e-03   4.027530e-16   550658
  1.008615e+00   2.940949e-13   1.121935e-03   4.006040e-16   548298
  1.012495e+00   2.941483e-13   1.123048e-03   4.002412e-16   553694
  1.016374e+00   2.921227e-13   1.116375e-03   3.954595e-16   556116
  1.020264e+00   2.928081e-13   1.125051e-03   3.942479e-16   564890
  1.024148e+00   2.907841e-13   1.116141e-03   3.911364e-16   563718
  1.028036e+00   2.906889e-13   1.128568e-03   3.867540e-16   574298
  1.031929e+00   2.904098e-13   1.120551e-03   3.873286e-16   573966
  1.035814e+00   2.896057e-13   1.126024e-03   3.839738e-16   580586
  1.039699e+00   2.884653e-13   1.122029e-03   3.812273e-16   582666
  1.043587e+00   2.875947e-13   1.125959e-03   3.773404e-16   590648
  1.047474e+00   2.862886e-13   1.114820e-03   3.780543e-16   590394
  1.051350e+00   2.855082e-13   1.116684e-03   3.734557e-16   596174
  1.055234e+00   2.856227e-13   1.120236e-03   3.724840e-16   601674
  1.059126e+00   2.845674e-13   1.125352e-03   3.701186e-16   607682
  1.063019e+00   2.840569e-13   1.124350e-03   3.671649e-16   611166
  1.066910e+00   2.841559e-13   1.124099e-03   3.658042e-16   615626
  1.070791e+00   2.829670e-13   1.119456e-03   3.643677e-16   617290
  1.074678e+00   2.820331e-13   1.126011e-03   3.605729e-16   626344
  1.078566e+00   2.804270e-13   1.117274e-03   3.582802e-16   626658
  1.082451e+00   2.807103e-13   1.122467e-03   3.569666e-16   634022
  1.086331e+00   2.792686e-13   1.116124e-03   3.549619e-16   634554
  1.090218e+00   2.791141e-13   1.128467e-03   3.527081e-16   645026
  1.094107e+00   2.776596e-13   1.122446e-03   3.498427e-16   645102
  1.097993e+00   2.782119e-13   1.126954e-03   3.496403e-16   653018
  1.101879e+00   2.769962e-13   1.119089e-03   3.461929e-16   654384
  1.105770e+00   2.761018e-13   1.123901e-03   3.438702e-16   663194
  1.109660e+00   2.753145e-13   1.117576e-03   3.426626e-16   663834
  1.113540e+00   2.743655e-13   1.118796e-03   3.392401e-16   669158
  1.117424e+00   2.726540e-13   1.120650e-03   3.371782e-16   674490
  1.121304e+00   2.725405e-13   1.118416e-03   3.355567e-16   677222
  1.125193e+00   2.722104e-13   1.128225e-03   3.334403e-16   686874
  1.129092e+00   2.710733e-13   1.126811e-03   3.313226e-16   690722
  1.132980e+00   2.708306e-13   1.118907e-03   3.298865e-16   692008
  1.136871e+00   2.709401e-13   1.124678e-03   3.285583e-16   701386
  1.140761e+00   2.698066e-13   1.117002e-03   3.269768e-16   700778
  1.144643e+00   2.687692e-13   1.123318e-03   3.236924e-16   708774
  1.148529e+00   2.672639e-13   1.121990e-03   3.214062e-16   711690
  1.152418e+00   2.673437e-13   1.126973e-03   3.204565e-16   719606
  1.156298e+00   2.660363e-13   1.116380e-03   3.186799e-16   717762
  1.160181e+00   2.662711e-13   1.127123e-03   3.172568e-16   730460
  1.164073e+00   2.648657e-13   1.119262e-03   3.136958e-16   731070
  1.167968e+00   2.640100e-13   1.125901e-03   3.118337e-16   741170
  1.171853e+00   2.643569e-13   1.112045e-03   3.124512e-16   737094
  1.175730e+00   2.642107e-13   1.122374e-03   3.108713e-16   747698
  1.179618e+00   2.632007e-13   1.122867e-03   3.082387e-16   751658
  1.183501e+00   2.620902e-13   1.121599e-03   3.058955e-16   755574
  1.187383e+00   2.615034e-13   1.122256e-03   3.048559e-16   761442
  1.191279e+00   2.604786e-13   1.126787e-03   3.019980e-16   770816
  1.195171e+00   2.601195e-13   1.117539e-03   3.010861e-16   769274
  1.199064e+00   2.595416e-13   1.129525e-03   2.986580e-16   782130
  1.202947e+00   2.585516e-13   1.112602e-03   2.992412e-16   775230
  1.206825e+00   2.574149e-13   1.126605e-03   2.949036e-16   789866
  1.210710e+00   2.574271e-13   1.118361e-03   2.951638e-16   787914
  1.214592e+00   2.565209e-13   1.128225e-03   2.918321e-16   799598
  1.218486e+00   2.556846e-13   1.124161e-03   2.898641e-16   802980
  1.222371e+00   2.556452e-13   1.117789e-03   2.900959e-16   805622
  1.226254e+00   2.553343e-13   1.119738e-03   2.886825e-16   812050
  1.230147e+00   2.539750e-13   1.126034e-03   2.853445e-16   820954
  1.234035e+00   2.539670e-13   1.118780e-03   2.848896e-16   820062
  1.237911e+00   2.525422e-13   1.119897e-03   2.832283e-16   826298
  1.241794e+00   2.521116e-13   1.121814e-03   2.817371e-16   833118
  1.245672e+00   2.516065e-13   1.117137e-03   2.812748e-16   834812
  1.249560e+00   2.502785e-13   1.126815e-03   2.769309e-16   847858
  1.253469e+00   2.507795e-13   1.127442e-03   2.763945e-16   854278
  1.257361e+00   2.489046e-13   1.116253e-03   2.744492e-16   850978
  1.261241e+00   2.487769e-13   1.121687e-03   2.736107e-16   859186
  1.265131e+00   2.478963e-13   1.127494e-03   2.723125e-16   867126
  1.269018e+00   2.469720e-13   1.121886e-03   2.704225e-16   868274
  1.272897e+00   2.466199e-13   1.120976e-03   2.688902e-16   873606
  1.276776e+00   2.461374e-13   1.119398e-03   2.683535e-16   879284
  1.280663e+00   2.459437e-13   1.122355e-03   2.670233e-16   887170
  1.284564e+00   2.448361e-13   1.128693e-03   2.629593e-16   897526
  1.288458e+00   2.441464e-13   1.117587e-03   2.632702e-16   894258
  1.292341e+00   2.441193e-13   1.122714e-03   2.618663e-16   903374
  1.296223e+00   2.439400e-13   1.118323e-03   2.622414e-16   904338
  1.300103e+00   2.431448e-13   1.123719e-03   2.601063e-16   913586
  1.303982e+00   2.417615e-13   1.118150e-03   2.585246e-16   915416
  1.307871e+00   2.416230e-13   1.124217e-03   2.563220e-16   928122
  1.311759e+00   2.404752e-13   1.115167e-03   2.548116e-16   926094
  1.315654e+00   2.403748e-13   1.130093e-03   2.530693e-16   942890
  1.319549e+00   2.398931e-13   1.118827e-03   2.523029e-16   937266
  1.323433e+00   2.391937e-13   1.126506e-03   2.512352e-16   948854
  1.327319e+00   2.389571e-13   1.120121e-03   2.503784e-16   948714
  1.331197e+00   2.376457e-13   1.122687e-03   2.486084e-16   956186
  1.335082e+00   2.376158e-13   1.124444e-03   2.471397e-16   964272
  1.338973e+00   2.368191e-13   1.121587e-03   2.456026e-16   969458
  1.342859e+00   2.363158e-13   1.118296e-03   2.450584e-16   972750
  1.346749e+00   2.350607e-13   1.124460e-03   2.434580e-16   982706
  1.350635e+00   2.345924e-13   1.119858e-03   2.421458e-16   982906
  1.354527e+00   2.343328e-13   1.129306e-03   2.407582e-16   996622
  1.358414e+00   2.340575e-13   1.117989e-03   2.405524e-16   992378
  1.362284e+00   2.330220e-13   1.117150e-03   2.387275e-16   999000
  1.366168e+00   2.331883e-13   1.122014e-03   2.377144e-16   1010114
  1.370061e+00   2.318815e-13   1.121750e-03   2.360596e-16   1015722
  1.373948e+00   2.312021e-13   1.119290e-03   2.352779e-16   1018742
  1.377843e+00   2.307937e-13   1.127371e-03   2.339673e-16   1031250
  1.381733e+00   2.304136e-13   1.118461e-03   2.338376e-16   1027226
  1.385615e+00   2.295626e-13   1.126435e-03   2.311115e-16   1039734
  1.389500e+00   2.293353e-13   1.120654e-03   2.309078e-16   1039914
  1.393382e+00   2.277531e-13   1.123683e-03   2.283710e-16   1050272
  1.397267e+00   2.280682e-13   1.117473e-03   2.286227e-16   1052306
  1.401154e+00   2.273021e-13   1.122308e-03   2.268894e-16   1062666
  1.405045e+00   2.267502e-13   1.122401e-03   2.252437e-16   1067262
  1.408935e+00   2.269541e-13   1.123952e-03   2.250884e-16   1073906
  1.412823e+00   2.257185e-13   1.122463e-03   2.238732e-16   1078190
  1.416712e+00   2.253863e-13   1.124033e-03   2.221973e-16   1085634
  1.420592e+00   2.247830e-13   1.117456e-03   2.220766e-16   1085508
  1.424480e+00   2.242115e-13   1.126594e-03   2.200460e-16   1101926
  1.428369e+00   2.235627e-13   1.116061e-03   2.196350e-16   1098322
  1.432252e+00   2.227586e-13   1.121199e-03   2.177834e-16   1109878
  1.436144e+00   2.227038e-13   1.122554e-03   2.170611e-16   1115338
  1.440035e+00   2.217972e-13   1.125793e-03   2.159544e-16   1122586
  1.443924e+00   2.212427e-13   1.123292e-03   2.147860e-16   1125862
  1.447810e+00   2.208684e-13   1.122976e-03   2.140104e-16   1132498
  1.451691e+00   2.198807e-13   1.119415e-03   2.130885e-16   1135444
  1.455573e+00   2.200660e-13   1.122581e-03   2.117209e-16   1145374
  1.459464e+00   2.196184e-13   1.123383e-03   2.110525e-16   1152698
  1.463354e+00   2.191810e-13   1.121349e-03   2.105874e-16   1157046
  1.467236e+00   2.182696e-13   1.119148e-03   2.095119e-16   1160226
  1.471127e+00   2.178906e-13   1.127743e-03   2.085287e-16   1174346
  1.475014e+00   2.170371e-13   1.119897e-03   2.076093e-16   1171462
  1.478897e+00   2.168768e-13   1.124033e-03   2.063052e-16   1183828
  1.482778e+00   2.164231e-13   1.114458e-03   2.059722e-16   1181822
  1.486657e+00   2.157737e-13   1.120779e-03   2.045785e-16   1194930
  1.490547e+00   2.156542e-13   1.122593e-03   2.039139e-16   1202010
  1.494437e+00   2.143255e-13   1.122115e-03   2.021630e-16   1207166
  1.498326e+00   2.140230e-13   1.123291e-03   2.017377e-16   1214106
  1.502209e+00   2.138224e-13   1.118748e-03   2.011063e-16   1215302
  1.506095e+00   2.128131e-13   1.126666e-03   1.986151e-16   1229274
  1.509994e+00   2.127673e-13   1.126873e-03   1.988245e-16   1236164
  1.513882e+00   2.119432e-13   1.118916e-03   1.978170e-16   1235326
  1.517764e+00   2.113231e-13   1.120265e-03   1.971391e-16   1244026
  1.521647e+00   2.106115e-13   1.120382e-03   1.959691e-16   1249154
  1.525536e+00   2.105344e-13   1.126025e-03   1.952431e-16   1260558
  1.529421e+00   2.099810e-13   1.119984e-03   1.946348e-16   1260394
  1.533310e+00   2.095615e-13   1.125848e-03   1.927540e-16   1274758
  1.537193e+00   2.090016e-13   1.115594e-03   1.923128e-16   1270188
  1.541083e+00   2.085661e-13   1.128008e-03   1.910202e-16   1291202
  1.544971e+00   2.076352e-13   1.115149e-03   1.911574e-16   1282654
  1.548850e+00   2.075560e-13   1.122198e-03   1.894390e-16   1298242
  1.552739e+00   2.068653e-13   1.120395e-03   1.886829e-16   1301774
  1.556625e+00   2.065894e-13   1.123165e-03   1.883347e-16   1309770
  1.560512e+00   2.061283e-13   1.123502e-03   1.873981e-16   1315714
  1.564403e+00   2.053572e-13   1.124924e-03   1.860890e-16   1325110
  1.568290e+00   2.051345e-13   1.118940e-03   1.862188e-16   1326012
  1.572174e+00   2.046397e-13   1.122090e-03   1.854447e-16   1336154
  1.576069e+00   2.038311e-13   1.126474e-03   1.832801e-16   1347334
  1.579958e+00   2.036599e-13   1.119782e-03   1.834366e-16   1345354
  1.583833e+00   2.028136e-13   1.119555e-03   1.821406e-16   1350998
  1.587719e+00   2.026396e-13   1.125829e-03   1.819698e-16   1365546
  1.591609e+00   2.020640e-13   1.122088e-03   1.807417e-16   1367474
  1.595497e+00   2.016114e-13   1.123693e-03   1.798061e-16   1377984
  1.599384e+00   2.016567e-13   1.118321e-03   1.801894e-16   1379394
  1.603272e+00   2.008340e-13   1.123056e-03   1.785813e-16   1392230
  1.607160e+00   2.001946e-13   1.118740e-03   1.775827e-16   1392634
  1.611042e+00   1.998912e-13   1.122441e-03   1.768948e-16   1402666
  1.614928e+00   1.993174e-13   1.122269e-03   1.762539e-16   1408502
  1.618814e+00   1.987585e-13   1.122041e-03   1.754332e-16   1415418
  1.622692e+00   1.985581e-13   1.117068e-03   1.757637e-16   1416856
  1.626588e+00   1.981859e-13   1.130843e-03   1.736113e-16   1442002
  1.630485e+00   1.974010e-13   1.117858e-03   1.731410e-16   1431634
  1.634367e+00   1.969485e-13   1.122585e-03   1.723599e-16   1444606
  1.638250e+00   1.966964e-13   1.118765e-03   1.722116e-16   1445890
  1.642138e+00   1.961697e-13   1.126997e-03   1.708272e-16   1462210
  1.646026e+00   1.954880e-13   1.120901e-03   1.705905e-16   1459590
  1.649907e+00   1.948400e-13   1.123856e-03   1.697615e-16   1471226
  1.653797e+00   1.948982e-13   1.123379e-03   1.694366e-16   1480072
  1.657690e+00   1.946128e-13   1.121364e-03   1.682159e-16   1486594
  1.661576e+00   1.938373e-13   1.118520e-03   1.679132e-16   1488882
  1.665461e+00   1.935993e-13   1.123128e-03   1.673968e-16   1500854
  1.669353e+00   1.929277e-13   1.123083e-03   1.658639e-16   1506874
  1.673232e+00   1.924492e-13   1.117624e-03   1.654633e-16   1506094
  1.677111e+00   1.922534e-13   1.122855e-03   1.650288e-16   1519682
  1.680997e+00   1.916202e-13   1.122626e-03   1.646860e-16   1526724
  1.684890e+00   1.914030e-13   1.125240e-03   1.636775e-16   1539038
  1.688782e+00   1.909439e-13   1.119859e-03   1.636515e-16   1539810
  1.692664e+00   1.904024e-13   1.119007e-03   1.630160e-16   1545046
  1.696554e+00   1.897026e-13   1.126236e-03   1.611673e-16   1560538
  1.700441e+00   1.892813e-13   1.120507e-03   1.611175e-16   1557506
  1.704322e+00   1.890509e-13   1.124114e-03   1.603675e-16   1570062
  1.708203e+00   1.886086e-13   1.119253e-03   1.602358e-16   1571290
  1.712089e+00   1.885117e-13   1.124856e-03   1.590634e-16   1588228
  1.715982e+00   1.878866e-13   1.121250e-03   1.589654e-16   1591046
  1.719873e+00   1.875618e-13   1.123715e-03   1.579433e-16   1602474
  1.723761e+00   1.870947e-13   1.118014e-03   1.574604e-16   1601646
  1.727642e+00   1.865538e-13   1.120550e-03   1.571040e-16   1611266
  1.731523e+00   1.861806e-13   1.120678e-03   1.563468e-16   1616634
  1.735410e+00   1.857867e-13   1.126166e-03   1.557926e-16   1631366
  1.739297e+00   1.853434e-13   1.119655e-03   1.554964e-16   1631028
  1.743180e+00   1.851030e-13   1.119854e-03   1.549557e-16   1641446
  1.747073e+00   1.846228e-13   1.124208e-03   1.538412e-16   1654234
  1.750973e+00   1.843353e-13   1.126198e-03   1.533529e-16   1662874
  1.754858e+00   1.839499e-13   1.117471e-03   1.534827e-16   1656686
  1.758736e+00   1.836561e-13   1.122008e-03   1.528456e-16   1670898
  1.762622e+00   1.832599e-13   1.123056e-03   1.516163e-16   1678074
  1.766507e+00   1.823930e-13   1.123311e-03   1.511744e-16   1685198
  1.770393e+00   1.823003e-13   1.122996e-03   1.511572e-16   1694524
  1.774282e+00   1.818318e-13   1.120709e-03   1.503289e-16   1701334
  1.778171e+00   1.812696e-13   1.120908e-03   1.491867e-16   1709386
  1.782064e+00   1.809913e-13   1.123720e-03   1.490105e-16   1719994
  1.785953e+00   1.808694e-13   1.121006e-03   1.488636e-16   1721510
  1.789842e+00   1.805495e-13   1.124974e-03   1.482515e-16   1734978
  1.793722e+00   1.803056e-13   1.116124e-03   1.482734e-16   1728646
  1.797599e+00   1.797664e-13   1.122713e-03   1.472384e-16   1746868
  1.801486e+00   1.792232e-13   1.121127e-03   1.466609e-16   1752922
  1.805380e+00   1.788014e-13   1.125234e-03   1.459977e-16   1767862
  1.809271e+00   1.784563e-13   1.119301e-03   1.459620e-16   1765698
  1.813160e+00   1.783932e-13   1.125035e-03   1.450331e-16   1781270
  1.817049e+00   1.779246e-13   1.121176e-03   1.450665e-16   1780650
  1.820932e+00   1.777032e-13   1.124142e-03   1.443709e-16   1792418
  1.824813e+00   1.772369e-13   1.119388e-03   1.443039e-16   1792790
  1.828696e+00   1.766922e-13   1.123591e-03   1.434442e-16   1809852
  1.832585e+00   1.765645e-13   1.120140e-03   1.433358e-16   1812666
  1.836475e+00   1.765821e-13   1.124777e-03   1.425888e-16   1827614
  1.840367e+00   1.761126e-13   1.121640e-03   1.423869e-16   1829970
  1.844251e+00   1.757991e-13   1.120370e-03   1.421614e-16   1835030
  1.848131e+00   1.752561e-13   1.119790e-03   1.412795e-16   1841410
  1.852017e+00   1.749004e-13   1.124723e-03   1.410393e-16   1856626
  1.855900e+00   1.747997e-13   1.118305e-03   1.409845e-16   1854656
  1.859782e+00   1.745255e-13   1.121720e-03   1.404181e-16   1870698
  1.863671e+00   1.742233e-13   1.120553e-03   1.402481e-16   1876998
  1.867559e+00   1.738149e-13   1.120979e-03   1.395955e-16   1884458
  1.871445e+00   1.735650e-13   1.122381e-03   1.396105e-16   1891730
  1.875338e+00   1.733537e-13   1.127317e-03   1.382132e-16   1907574
  1.879232e+00   1.726745e-13   1.122851e-03   1.379544e-16   1907730
  1.883115e+00   1.724716e-13   1.120697e-03   1.380927e-16   1912154
  1.886997e+00   1.721893e-13   1.121764e-03   1.371617e-16   1923216
  1.890888e+00   1.715985e-13   1.124326e-03   1.366692e-16   1936562
  1.894776e+00   1.720411e-13   1.119734e-03   1.372274e-16   1936862
  1.898663e+00   1.712471e-13   1.122747e-03   1.362984e-16   1950114
  1.902549e+00   1.712475e-13   1.121089e-03   1.363187e-16   1953306
  1.906439e+00   1.706443e-13   1.125982e-03   1.356826e-16   1968806
  1.910327e+00   1.704919e-13   1.121186e-03   1.356138e-16   1968818
  1.914211e+00   1.703512e-13   1.121720e-03   1.350827e-16   1980624
  1.918097e+00   1.698331e-13   1.118800e-03   1.348115e-16   1985034
  1.921980e+00   1.696556e-13   1.120281e-03   1.345433e-16   1995242
  1.925870e+00   1.693590e-13   1.123830e-03   1.337239e-16   2007742
  1.929759e+00   1.688873e-13   1.121495e-03   1.334522e-16   2010538
  1.933641e+00   1.686014e-13   1.121298e-03   1.335369e-16   2017390
  1.937531e+00   1.681513e-13   1.126602e-03   1.327703e-16   2034346
  1.941413e+00   1.678180e-13   1.117450e-03   1.325912e-16   2025498
  1.945299e+00   1.679278e-13   1.127850e-03   1.320614e-16   2055248
  1.949189e+00   1.678618e-13   1.116586e-03   1.324022e-16   2045090
  1.953070e+00   1.674661e-13   1.121603e-03   1.319976e-16   2062074
  1.956959e+00   1.670783e-13   1.122727e-03   1.314800e-16   2070190
  1.960848e+00   1.666639e-13   1.123891e-03   1.307485e-16   2079226
  1.964734e+00   1.662223e-13   1.122069e-03   1.304586e-16   2083990
  1.968623e+00   1.662041e-13   1.124515e-03   1.300342e-16   2097898
  1.972507e+00   1.660150e-13   1.118548e-03   1.303949e-16   2095452
  1.976394e+00   1.656307e-13   1.124843e-03   1.297080e-16   2117390
  1.980286e+00   1.653618e-13   1.119656e-03   1.290871e-16   2117066
  1.984162e+00   1.654619e-13   1.115140e-03   1.296989e-16   2117238
  1.988045e+00   1.651427e-13   1.124414e-03   1.292372e-16   2140026
  1.991938e+00   1.644333e-13   1.125139e-03   1.282317e-16   2147234
  1.995825e+00   1.643353e-13   1.122378e-03   1.286903e-16   2150118
  1.999710e+00   1.645300e-13   1.122400e-03   1.290048e-16   2160386
  2.003596e+00   1.644075e-13   1.121122e-03   1.282039e-16   2168256
  2.007488e+00   1.639209e-13   1.124409e-03   1.276938e-16   2183306
  2.011378e+00   1.637400e-13   1.120925e-03   1.277301e-16   2184642
  2.015262e+00   1.636097e-13   1.120511e-03   1.275457e-16   2192318
  2.019141e+00   1.632858e-13   1.118713e-03   1.271613e-16   2196066
  2.023031e+00   1.631050e-13   1.127541e-03   1.267609e-16   2220890
  2.026922e+00   1.629559e-13   1.121128e-03   1.268783e-16   2215758
  2.030810e+00   1.627748e-13   1.124804e-03   1.269459e-16   2233988
  2.034697e+00   1.625358e-13   1.118045e-03   1.263633e-16   2231670
  2.038579e+00   1.624772e-13   1.119728e-03   1.262832e-16   2244338
  2.042469e+00   1.620880e-13   1.123477e-03   1.255537e-16   2258610
  2.046358e+00   1.619969e-13   1.121050e-03   1.254814e-16   2260718
  2.050240e+00   1.618659e-13   1.120914e-03   1.260165e-16   2268162
  2.054123e+00   1.614579e-13   1.121571e-03   1.257793e-16   2277494
  2.058008e+00   1.611826e-13   1.123134e-03   1.249243e-16   2288796
  2.061901e+00   1.612335e-13   1.126253e-03   1.252953e-16   2305226
  2.065791e+00   1.610518e-13   1.119672e-03   1.249655e-16   2301630
  2.069679e+00   1.608926e-13   1.123731e-03   1.246075e-16   2319770
  2.073565e+00   1.606128e-13   1.118309e-03   1.248794e-16   2315610
  2.077447e+00   1.603611e-13   1.124236e-03   1.241405e-16   2334662
  2.081332e+00   1.602130e-13   1.120785e-03   1.243889e-16   2335722
  2.085219e+00   1.600822e-13   1.124829e-03   1.237844e-16   2354102
  2.089107e+00   1.600428e-13   1.120313e-03   1.240256e-16   2355156
  2.092998e+00   1.598221e-13   1.124614e-03   1.237143e-16   2374250
  2.096888e+00   1.596296e-13   1.120068e-03   1.237421e-16   2373102
  2.100776e+00   1.595315e-13   1.122758e-03   1.233461e-16   2388194
  2.104658e+00   1.594037e-13   1.116928e-03   1.238576e-16   2383470
  2.108539e+00   1.590240e-13   1.123618e-03   1.228655e-16   2404994
  2.112426e+00   1.589385e-13   1.121916e-03   1.229862e-16   2408538
  2.116308e+00   1.592363e-13   1.121742e-03   1.233182e-16   2417744
  2.120198e+00   1.590717e-13   1.124446e-03   1.232150e-16   2434578
  2.124090e+00   1.588985e-13   1.121710e-03   1.230375e-16   2438414
  2.127979e+00   1.586598e-13   1.122410e-03   1.227370e-16   2448066
  2.131867e+00   1.586037e-13   1.122662e-03   1.229122e-16   2456018
  2.135751e+00   1.584476e-13   1.121406e-03   1.230735e-16   2461230
  2.139636e+00   1.580720e-13   1.122653e-03   1.222771e-16   2474330
  2.143519e+00   1.581912e-13   1.119652e-03   1.225763e-16   2476498
  2.147405e+00   1.582048e-13   1.124366e-03   1.225840e-16   2497240
  2.151298e+00   1.580536e-13   1.122529e-03   1.224182e-16   2502930
  2.155185e+00   1.578134e-13   1.120390e-03   1.222238e-16   2508470
  2.159072e+00   1.578461e-13   1.121001e-03   1.225203e-16   2518482
  2.162961e+00   1.574268e-13   1.123829e-03   1.219967e-16   2532074
  2.166844e+00   1.574040e-13   1.118275e-03   1.222988e-16   2526678
  2.170724e+00   1.575386e-13   1.124045e-03   1.221042e-16   2549018
  2.174611e+00   1.574766e-13   1.120040e-03   1.224194e-16   2551704
  2.178497e+00   1.576474e-13   1.122028e-03   1.225753e-16   2566226
  2.182386e+00   1.572918e-13   1.122230e-03   1.220471e-16   2573898
  2.186278e+00   1.571822e-13   1.124844e-03   1.217929e-16   2589182
  2.190164e+00   1.569557e-13   1.119195e-03   1.218621e-16   2584890
  2.194049e+00   1.571324e-13   1.124371e-03   1.219547e-16   2605190
  2.197936e+00   1.567600e-13   1.121682e-03   1.219357e-16   2606418
  2.201821e+00   1.568208e-13   1.123741e-03   1.219986e-16   2621186
  2.205707e+00   1.571696e-13   1.120704e-03   1.220439e-16   2626608
  2.209592e+00   1.571105e-13   1.119995e-03   1.222784e-16   2636714
  2.213479e+00   1.567033e-13   1.121274e-03   1.218814e-16   2647482
  2.217374e+00   1.566367e-13   1.127022e-03   1.212128e-16   2668382
  2.221265e+00   1.566224e-13   1.120175e-03   1.224145e-16   2660418
  2.225149e+00   1.566683e-13   1.122869e-03   1.219090e-16   2676662
  2.229029e+00   1.570404e-13   1.117920e-03   1.227868e-16   2674210
  2.232911e+00   1.565328e-13   1.123157e-03   1.215099e-16   2697076
  2.236800e+00   1.568618e-13   1.121599e-03   1.223417e-16   2703558
  2.240687e+00   1.566252e-13   1.121191e-03   1.221222e-16   2713250
  2.244572e+00   1.565405e-13   1.119243e-03   1.222802e-16   2717718
  2.248464e+00   1.567020e-13   1.127021e-03   1.223481e-16   2743178
  2.252353e+00   1.563312e-13   1.120305e-03   1.221500e-16   2732730
  2.256238e+00   1.561967e-13   1.126187e-03   1.217989e-16   2758022
  2.260125e+00   1.570086e-13   1.119041e-03   1.230604e-16   2751994
  2.264006e+00   1.565952e-13   1.121171e-03   1.225193e-16   2769052
  2.267895e+00   1.565896e-13   1.122842e-03   1.227713e-16   2783062
  2.271785e+00   1.568095e-13   1.121645e-03   1.227966e-16   2789362
  2.275674e+00   1.568400e-13   1.121981e-03   1.229377e-16   2799582
  2.279564e+00   1.568742e-13   1.123236e-03   1.233349e-16   2811170
  2.283450e+00   1.565863e-13   1.121033e-03   1.231969e-16   2812658
  2.287338e+00   1.564215e-13   1.125793e-03   1.227510e-16   2833302
  2.291222e+00   1.567211e-13   1.118388e-03   1.232348e-16   2827420
  2.295104e+00   1.568499e-13   1.121018e-03   1.236808e-16   2846710
  2.298989e+00   1.562185e-13   1.120692e-03   1.230207e-16   2846535
  2.302873e+00   1.544269e-13   1.122997e-03   1.207694e-16   2848496
  2.306761e+00   1.529106e-13   1.122225e-03   1.189631e-16   2841084
  2.310652e+00   1.517201e-13   1.124928e-03   1.175345e-16   2843480
  2.314540e+00   1.498077e-13   1.120270e-03   1.155761e-16   2826624
  2.318424e+00   1.484646e-13   1.123352e-03   1.141884e-16   2828732
  2.322310e+00   1.467429e-13   1.121451e-03   1.122630e-16   2819296
  2.326197e+00   1.450961e-13   1.122811e-03   1.101818e-16   2819548
  2.330081e+00   1.439181e-13   1.118959e-03   1.093643e-16   2805192
  2.333967e+00   1.425205e-13   1.123463e-03   1.079535e-16   2811104
  2.337856e+00   1.411858e-13   1.121717e-03   1.063159e-16   2800672
  2.341743e+00   1.395649e-13   1.122654e-03   1.046448e-16   2798080
  2.345628e+00   1.384947e-13   1.120248e-03   1.040667e-16   2786976
  2.349516e+00   1.371658e-13   1.123594e-03   1.024052e-16   2791016
  2.353406e+00   1.362436e-13   1.121382e-03   1.014337e-16   2779360
  2.357287e+00   1.349814e-13   1.119573e-03   1.005921e-16   2768644
  2.361169e+00   1.334973e-13   1.122534e-03   9.875431e-17   2771192
  2.365058e+00   1.324760e-13   1.121875e-03   9.782586e-17   2765028
  2.368946e+00   1.310049e-13   1.122751e-03   9.623516e-17   2760864
  2.372840e+00   1.302565e-13   1.125689e-03   9.555591e-17   2761616
  2.376724e+00   1.290055e-13   1.118525e-03   9.469750e-17   2737932
  2.380610e+00   1.278806e-13   1.125904e-03   9.321847e-17   2752280
  2.384498e+00   1.267349e-13   1.118464e-03   9.243699e-17   2728764
  2.388382e+00   1.253827e-13   1.123937e-03   9.083041e-17   2736368
  2.392268e+00   1.246847e-13   1.119459e-03   9.042842e-17   2719952
  2.396155e+00   1.236692e-13   1.124236e-03   8.945017e-17   2727120
  2.400042e+00   1.229385e-13   1.118614e-03   8.890946e-17   2708400
  2.403932e+00   1.218556e-13   1.125719e-03   8.772260e-17   2718536
  2.407818e+00   1.207055e-13   1.118504e-03   8.707518e-17   2694300
  2.411707e+00   1.200630e-13   1.126793e-03   8.610317e-17   2709440
  2.415596e+00   1.189918e-13   1.117787e-03   8.565032e-17   2682108
  2.419475e+00   1.179225e-13   1.121308e-03   8.437338e-17   2684912
  2.423360e+00   1.171901e-13   1.121998e-03   8.405495e-17   2678868
  2.427246e+00   1.161471e-13   1.122668e-03   8.306178e-17   2674772
  2.431135e+00   1.152440e-13   1.123033e-03   8.225937e-17   2670120
  2.435021e+00   1.143146e-13   1.120804e-03   8.144919e-17   2659532
  2.438909e+00   1.136222e-13   1.123713e-03   8.063124e-17   2659704
  2.442801e+00   1.128893e-13   1.124617e-03   8.037353e-17   2654348
  2.446687e+00   1.118330e-13   1.121000e-03   7.930719e-17   2640276
  2.450572e+00   1.112519e-13   1.121992e-03   7.885539e-17   2638700
  2.454457e+00   1.104630e-13   1.120074e-03   7.839988e-17   2628244
  2.458344e+00   1.095078e-13   1.124115e-03   7.750043e-17   2630920
  2.462234e+00   1.088931e-13   1.121877e-03   7.700093e-17   2618904
  2.466118e+00   1.079357e-13   1.120448e-03   7.621557e-17   2610932
  2.470005e+00   1.073118e-13   1.121951e-03   7.553958e-17   2608464
  2.473895e+00   1.065152e-13   1.123139e-03   7.513732e-17   2603708
  2.477779e+00   1.056952e-13   1.119694e-03   7.457319e-17   2588012
  2.481660e+00   1.050635e-13   1.122196e-03   7.409760e-17   2588364
  2.485545e+00   1.044071e-13   1.120384e-03   7.349133e-17   2579076
  2.489430e+00   1.035288e-13   1.121132e-03   7.297513e-17   2574152
  2.493314e+00   1.030527e-13   1.121505e-03   7.254829e-17   2566812
  2.497207e+00   1.023261e-13   1.127061e-03   7.177833e-17   2573732
  2.501098e+00   1.016674e-13   1.119524e-03   7.150079e-17   2550568
  2.504983e+00   1.007486e-13   1.123035e-03   7.069615e-17   2552068
  2.508870e+00   1.001532e-13   1.121138e-03   7.030896e-17   2539620
  2.512757e+00   9.962254e-14   1.124635e-03   6.988627e-17   2540936
  2.516646e+00   9.926299e-14   1.121040e-03   6.974298e-17   2528032
  2.520531e+00   9.827432e-14   1.120365e-03   6.892247e-17   2521480
  2.524419e+00   9.762001e-14   1.122347e-03   6.844045e-17   2517980
  2.528309e+00   9.709228e-14   1.123011e-03   6.813903e-17   2511744
  2.532195e+00   9.666647e-14   1.120855e-03   6.792689e-17   2500140
  2.536081e+00   9.594203e-14   1.121926e-03   6.723508e-17   2496980
  2.539968e+00   9.537637e-14   1.121125e-03   6.681153e-17   2486924
  2.543856e+00   9.464002e-14   1.124762e-03   6.618363e-17   2487000
  2.547743e+00   9.408720e-14   1.120210e-03   6.598887e-17   2469840
  2.551626e+00   9.367217e-14   1.122637e-03   6.563419e-17   2469656
  2.555511e+00   9.304292e-14   1.119469e-03   6.539698e-17   2456844
  2.559401e+00   9.244187e-14   1.125965e-03   6.473386e-17   2462876
  2.563290e+00   9.183724e-14   1.120472e-03   6.459371e-17   2442136
  2.567174e+00   9.133820e-14   1.123165e-03   6.408200e-17   2441944
  2.571061e+00   9.101974e-14   1.120769e-03   6.400069e-17   2430508
  2.574945e+00   9.024812e-14   1.121157e-03   6.344634e-17   2424352
  2.578832e+00   8.999988e-14   1.123693e-03   6.325387e-17   2421264
  2.582722e+00   8.919523e-14   1.122895e-03   6.281209e-17   2413064
  2.586608e+00   8.881655e-14   1.120676e-03   6.246305e-17   2401572
  2.590492e+00   8.830943e-14   1.121724e-03   6.222027e-17   2397284
  2.594379e+00   8.785680e-14   1.121499e-03   6.192425e-17   2388336
  2.598268e+00   8.731742e-14   1.124943e-03   6.140361e-17   2387204
  2.602153e+00   8.672792e-14   1.119280e-03   6.126675e-17   2368644
  2.606033e+00   8.622959e-14   1.120613e-03   6.080632e-17   2365400
  2.609918e+00   8.597045e-14   1.121690e-03   6.066829e-17   2360072
  2.613808e+00   8.545843e-14   1.123660e-03   6.040872e-17   2356464
  2.617696e+00   8.519915e-14   1.121214e-03   6.030181e-17   2343240
  2.621583e+00   8.479541e-14   1.122605e-03   6.005850e-17   2340248
  2.625468e+00   8.417706e-14   1.118824e-03   5.972133e-17   2325000
  2.629355e+00   8.362525e-14   1.124959e-03   5.919335e-17   2328632
  2.633245e+00   8.318812e-14   1.121910e-03   5.900181e-17   2313220
  2.637134e+00   8.266961e-14   1.124095e-03   5.877771e-17   2310772
  2.641020e+00   8.235362e-14   1.119781e-03   5.864225e-17   2295420
  2.644905e+00   8.176381e-14   1.122584e-03   5.821055e-17   2293592
  2.648791e+00   8.157358e-14   1.120952e-03   5.829099e-17   2281384
  2.652683e+00   8.107438e-14   1.126704e-03   5.777178e-17   2285776
  2.656570e+00   8.081027e-14   1.117325e-03   5.791421e-17   2259408
  2.660455e+00   8.036438e-14   1.124314e-03   5.743371e-17   2266808
  2.664344e+00   7.991171e-14   1.120389e-03   5.741911e-17   2248836
  2.668227e+00   7.937275e-14   1.123045e-03   5.690442e-17   2245244
  2.672111e+00   7.914868e-14   1.120801e-03   5.690476e-17   2233908
  2.675998e+00   7.880672e-14   1.122974e-03   5.666873e-17   2231660
  2.679886e+00   7.835663e-14   1.120422e-03   5.653921e-17   2218544
  2.683775e+00   7.782823e-14   1.124792e-03   5.605671e-17   2218176
  2.687664e+00   7.755400e-14   1.121286e-03   5.604905e-17   2202900
  2.691550e+00   7.728329e-14   1.121747e-03   5.589256e-17   2197472
  2.695433e+00   7.675193e-14   1.118354e-03   5.581450e-17   2181960
  2.699317e+00   7.664277e-14   1.124130e-03   5.563539e-17   2183696
  2.703207e+00   7.610101e-14   1.123719e-03   5.530837e-17   2173416
  2.707096e+00   7.573014e-14   1.122917e-03   5.509972e-17   2165444
  2.710982e+00   7.537374e-14   1.119761e-03   5.497599e-17   2152688
  2.714867e+00   7.503335e-14   1.121777e-03   5.488886e-17   2147628
  2.718754e+00   7.461628e-14   1.122335e-03   5.457266e-17   2139012
  2.722646e+00   7.447160e-14   1.125226e-03   5.462237e-17   2136008
  2.726525e+00   7.395378e-14   1.114594e-03   5.444807e-17   2108656
  2.730404e+00   7.364823e-14   1.123744e-03   5.416782e-17   2117896
  2.734296e+00   7.356332e-14   1.123450e-03   5.415786e-17   2106260
  2.738185e+00   7.302834e-14   1.123855e-03   5.390807e-17   2099088
  2.742075e+00   7.267619e-14   1.121974e-03   5.373647e-17   2088432
  2.745961e+00   7.249589e-14   1.120471e-03   5.374579e-17   2078432
  2.749845e+00   7.216985e-14   1.120708e-03   5.360107e-17   2069048
  2.753732e+00   7.158581e-14   1.123831e-03   5.330755e-17   2064804
  2.757623e+00   7.141424e-14   1.123568e-03   5.315028e-17   2055644
  2.761510e+00   7.095735e-14   1.120700e-03   5.297103e-17   2043000
  2.765392e+00   7.086695e-14   1.120067e-03   5.318846e-17   2032348
  2.769281e+00   7.064272e-14   1.126495e-03   5.289432e-17   2034064
  2.773172e+00   7.035270e-14   1.122211e-03   5.288731e-17   2017740
  2.777059e+00   6.984259e-14   1.121480e-03   5.268978e-17   2010188
  2.780942e+00   6.962704e-14   1.118751e-03   5.269711e-17   1996556
  2.784826e+00   6.932504e-14   1.122456e-03   5.250040e-17   1992816
  2.788712e+00   6.911038e-14   1.122411e-03   5.243929e-17   1982400
  2.792596e+00   6.875070e-14   1.121262e-03   5.245454e-17   1972256
  2.796480e+00   6.852864e-14   1.121000e-03   5.232000e-17   1964384
  2.800370e+00   6.824732e-14   1.122889e-03   5.210542e-17   1958544
  2.804258e+00   6.792986e-14   1.122489e-03   5.214680e-17   1946988
  2.808149e+00   6.764797e-14   1.124629e-03   5.188768e-17   1942532
  2.812034e+00   6.752022e-14   1.117383e-03   5.207838e-17   1921692
  2.815918e+00   6.708305e-14   1.123808e-03   5.183893e-17   1924004
  2.819806e+00   6.690812e-14   1.120365e-03   5.185245e-17   1907344
  2.823695e+00   6.671305e-14   1.126069e-03   5.172824e-17   1907440
  2.827583e+00   6.646989e-14   1.118720e-03   5.181071e-17   1886136
  2.831464e+00   6.611112e-14   1.121920e-03   5.166865e-17   1883144
  2.835353e+00   6.582911e-14   1.122753e-03   5.152027e-17   1874724
  2.839243e+00   6.562852e-14   1.123826e-03   5.142457e-17   1866068
  2.843130e+00   6.547405e-14   1.121455e-03   5.162640e-17   1852980
  2.847017e+00   6.524049e-14   1.122782e-03   5.138892e-17   1847468
  2.850900e+00   6.507528e-14   1.117935e-03   5.172026e-17   1829636
  2.854785e+00   6.459014e-14   1.123959e-03   5.130743e-17   1829688
  2.858675e+00   6.433899e-14   1.122789e-03   5.116790e-17   1817192
  2.862561e+00   6.411549e-14   1.121150e-03   5.131260e-17   1806312
  2.866446e+00   6.402227e-14   1.120289e-03   5.134310e-17   1795984
  2.870334e+00   6.377822e-14   1.123627e-03   5.127243e-17   1791100
  2.874224e+00   6.345478e-14   1.122050e-03   5.115054e-17   1777648
  2.878111e+00   6.327367e-14   1.123043e-03   5.125387e-17   1769848
  2.881996e+00   6.296732e-14   1.119995e-03   5.113730e-17   1756536
  2.885881e+00   6.276341e-14   1.121386e-03   5.116646e-17   1748960
  2.889768e+00   6.273635e-14   1.123014e-03   5.132257e-17   1739952
  2.893658e+00   6.238519e-14   1.124239e-03   5.106320e-17   1732124
  2.897544e+00   6.210938e-14   1.120323e-03   5.104785e-17   1716852
  2.901430e+00   6.195976e-14   1.122735e-03   5.112582e-17   1712276
  2.905319e+00   6.179347e-14   1.121222e-03   5.125300e-17   1698500
  2.909208e+00   6.157657e-14   1.125604e-03   5.115160e-17   1693932
  2.913093e+00   6.155533e-14   1.119232e-03   5.144452e-17   1675204
  2.916975e+00   6.107159e-14   1.121771e-03   5.116952e-17   1670644
  2.920858e+00   6.090633e-14   1.118515e-03   5.121674e-17   1655532
  2.924748e+00   6.069441e-14   1.126990e-03   5.108189e-17   1656860
  2.928637e+00   6.048153e-14   1.119840e-03   5.113895e-17   1635372
  2.932524e+00   6.022382e-14   1.124773e-03   5.110855e-17   1634324
  2.936410e+00   6.004107e-14   1.117372e-03   5.131156e-17   1613676
  2.940295e+00   5.993662e-14   1.124617e-03   5.128534e-17   1613348
  2.944183e+00   5.970027e-14   1.120803e-03   5.134245e-17   1596236
  2.948069e+00   5.950130e-14   1.123999e-03   5.135095e-17   1591476
  2.951956e+00   5.922191e-14   1.119134e-03   5.119527e-17   1575732
  2.955838e+00   5.899350e-14   1.120429e-03   5.142855e-17   1566236
  2.959725e+00   5.894798e-14   1.124724e-03   5.140580e-17   1560292
  2.963618e+00   5.854716e-14   1.124442e-03   5.119231e-17   1550092
  2.967503e+00   5.854865e-14   1.118750e-03   5.162183e-17   1532628
  2.971386e+00   5.818807e-14   1.121507e-03   5.138246e-17   1527332
  2.975274e+00   5.831616e-14   1.121884e-03   5.176648e-17   1515212
  2.979160e+00   5.790154e-14   1.123567e-03   5.158074e-17   1506444
  2.983048e+00   5.791757e-14   1.122261e-03   5.181905e-17   1495116
  2.986928e+00   5.747072e-14   1.117074e-03   5.171108e-17   1479152
  2.990812e+00   5.741874e-14   1.122982e-03   5.190999e-17   1475512
  2.994707e+00   5.722592e-14   1.126591e-03   5.192868e-17   1467820
  2.998598e+00   5.717674e-14   1.121923e-03   5.213686e-17   1451256
  3.002486e+00   5.681635e-14   1.122725e-03   5.202146e-17   1443212
  3.006369e+00   5.666272e-14   1.117256e-03   5.228872e-17   1425680
  3.010254e+00   5.653145e-14   1.124371e-03   5.229995e-17   1422972
  3.014143e+00   5.636824e-14   1.123023e-03   5.241822e-17   1408632
  3.018032e+00   5.615357e-14   1.123941e-03   5.240831e-17   1400984
  3.021918e+00   5.591747e-14   1.117887e-03   5.244082e-17   1383196
  3.025801e+00   5.577815e-14   1.123197e-03   5.252505e-17   1378120
  3.029692e+00   5.563323e-14   1.124450e-03   5.267349e-17   1367272
  3.033584e+00   5.543907e-14   1.124457e-03   5.265351e-17   1356580
  3.037464e+00   5.520104e-14   1.115974e-03   5.285106e-17   1337028
  3.041343e+00   5.486015e-14   1.120802e-03   5.281082e-17   1332500
  3.045230e+00   5.503769e-14   1.122780e-03   5.320334e-17   1321796
  3.049120e+00   5.456887e-14   1.124838e-03   5.306006e-17   1312716
  3.053007e+00   5.451529e-14   1.119942e-03   5.329016e-17   1296580
  3.056896e+00   5.429416e-14   1.124221e-03   5.324035e-17   1291528
  3.060783e+00   5.422425e-14   1.119071e-03   5.363342e-17   1273128
  3.064669e+00   5.389940e-14   1.125633e-03   5.354208e-17   1268720
  3.068560e+00   5.381863e-14   1.122309e-03   5.381397e-17   1254016
  3.072444e+00   5.349653e-14   1.119894e-03   5.376086e-17   1241296
  3.076322e+00   5.345601e-14   1.116955e-03   5.402484e-17   1226712
  3.080211e+00   5.330929e-14   1.128188e-03   5.406080e-17   1226228
  3.084105e+00   5.324475e-14   1.122621e-03   5.463418e-17   1207768
  3.087992e+00   5.280760e-14   1.122433e-03   5.435169e-17   1198336
  3.091874e+00   5.265314e-14   1.117108e-03   5.470931e-17   1181484
  3.095761e+00   5.245873e-14   1.125421e-03   5.451145e-17   1178012
  3.099653e+00   5.230396e-14   1.123268e-03   5.488439e-17   1162564
  3.103535e+00   5.206494e-14   1.120338e-03   5.480575e-17   1149340
  3.107418e+00   5.190505e-14   1.119954e-03   5.498747e-17   1138848
  3.111303e+00   5.165222e-14   1.120192e-03   5.528710e-17   1126748
  3.115189e+00   5.160079e-14   1.123911e-03   5.518743e-17   1117428
  3.119084e+00   5.128273e-14   1.126323e-03   5.514010e-17   1108112
  3.122973e+00   5.111268e-14   1.119549e-03   5.566883e-17   1090596
  3.126857e+00   5.076381e-14   1.120292e-03   5.544749e-17   1081052
  3.130738e+00   5.067917e-14   1.118514e-03   5.594256e-17   1065716
  3.134626e+00   5.043768e-14   1.127732e-03   5.585363e-17   1061940
  3.138518e+00   5.015757e-14   1.121370e-03   5.596254e-17   1044096
  3.142404e+00   4.993233e-14   1.122139e-03   5.590522e-17   1034864
  3.146289e+00   4.971274e-14   1.117591e-03   5.632398e-17   1018308
  3.150179e+00   4.963526e-14   1.129200e-03   5.647257e-17   1014812
  3.154072e+00   4.922528e-14   1.121981e-03   5.646577e-17   996288
  3.157955e+00   4.913004e-14   1.120847e-03   5.665117e-17   985376
  3.161835e+00   4.861546e-14   1.115880e-03   5.661046e-17   969652
  3.165722e+00   4.853116e-14   1.125987e-03   5.690766e-17   964924
  3.169610e+00   4.827208e-14   1.121515e-03   5.714167e-17   947228
  3.173495e+00   4.795475e-14   1.123457e-03   5.717462e-17   939084
  3.177381e+00   4.769445e-14   1.116472e-03   5.703429e-17   921864
  3.181265e+00   4.749870e-14   1.123502e-03   5.731367e-17   914252
  3.185159e+00   4.737765e-14   1.126304e-03   5.753903e-17   902572
  3.189050e+00   4.682737e-14   1.123145e-03   5.726264e-17   888784
  3.192932e+00   4.641119e-14   1.116224e-03   5.724722e-17   872540
  3.196811e+00   4.607369e-14   1.120157e-03   5.711216e-17   862848
  3.200697e+00   4.616420e-14   1.124093e-03   5.775458e-17   851760
  3.204592e+00   4.557106e-14   1.127172e-03   5.718470e-17   841940
  3.208479e+00   4.512888e-14   1.117661e-03   5.721972e-17   823032
  3.212364e+00   4.465011e-14   1.123934e-03   5.657695e-17   816044
  3.216253e+00   4.462068e-14   1.120364e-03   5.722731e-17   799292
  3.220140e+00   4.398837e-14   1.126784e-03   5.672524e-17   791304
  3.224026e+00   4.361826e-14   1.117490e-03   5.674310e-17   772868
  3.227902e+00   4.319902e-14   1.119936e-03   5.655565e-17   762552
  3.231787e+00   4.290555e-14   1.121745e-03   5.653175e-17   750876
  3.235677e+00   4.257987e-14   1.123999e-03   5.649931e-17   739280
  3.239565e+00   4.200320e-14   1.121784e-03   5.598165e-17   724944
  3.243456e+00   4.152706e-14   1.124267e-03   5.541756e-17   714380
  3.247336e+00   4.100901e-14   1.116046e-03   5.503669e-17   695932
  3.251222e+00   4.060143e-14   1.126879e-03   5.443475e-17   690949
  3.255114e+00   4.013444e-14   1.118914e-03   5.407054e-17   673638
  3.258999e+00   3.962298e-14   1.124434e-03   5.361141e-17   666092
  3.262883e+00   3.937411e-14   1.117312e-03   5.386335e-17   651024
  3.266766e+00   3.899906e-14   1.124054e-03   5.328244e-17   644804
  3.270656e+00   3.877672e-14   1.121035e-03   5.312451e-17   632676
  3.274546e+00   3.835840e-14   1.125434e-03   5.292089e-17   624962
  3.278430e+00   3.806410e-14   1.118496e-03   5.289752e-17   611280
  3.282321e+00   3.773704e-14   1.127391e-03   5.237799e-17   607256
  3.286211e+00   3.760990e-14   1.118374e-03   5.251448e-17   592616
  3.290095e+00   3.709730e-14   1.124430e-03   5.208549e-17   587160
  3.293983e+00   3.685572e-14   1.120749e-03   5.214854e-17   575482
  3.297866e+00   3.674568e-14   1.122505e-03   5.227078e-17   568258
  3.301757e+00   3.649991e-14   1.122731e-03   5.230510e-17   559638
  3.305647e+00   3.633603e-14   1.123210e-03   5.192527e-17   551498
  3.309536e+00   3.588071e-14   1.121790e-03   5.192877e-17   542364
  3.313423e+00   3.563469e-14   1.122328e-03   5.162574e-17   534146
  3.317305e+00   3.551124e-14   1.119988e-03   5.193579e-17   524980
  3.321196e+00   3.519749e-14   1.125222e-03   5.168814e-17   519964
  3.325077e+00   3.497197e-14   1.115886e-03   5.193789e-17   507108
  3.328962e+00   3.492384e-14   1.126905e-03   5.192129e-17   504992
  3.332852e+00   3.474002e-14   1.118656e-03   5.232746e-17   492948
  3.336740e+00   3.428592e-14   1.127360e-03   5.181954e-17   489740
  3.340629e+00   3.415187e-14   1.117346e-03   5.191912e-17   477716
  3.344511e+00   3.410912e-14   1.124864e-03   5.197112e-17   473844
  3.348399e+00   3.393954e-14   1.119228e-03   5.215822e-17   464222
  3.352284e+00   3.357246e-14   1.123815e-03   5.164999e-17   459048
  3.356167e+00   3.357067e-14   1.117888e-03   5.227982e-17   449574
  3.360054e+00   3.327727e-14   1.125019e-03   5.208292e-17   445820
  3.363936e+00   3.306329e-14   1.116211e-03   5.240028e-17   435158
  3.367827e+00   3.301699e-14   1.127850e-03   5.213070e-17   433566
  3.371713e+00   3.280147e-14   1.114763e-03   5.255271e-17   421014
  3.375597e+00   3.267011e-14   1.127754e-03   5.238171e-17   419996
  3.379490e+00   3.256321e-14   1.118287e-03   5.283234e-17   409482
  3.383368e+00   3.226965e-14   1.121665e-03   5.247779e-17   404414
  3.387257e+00   3.216699e-14   1.122567e-03   5.275419e-17   398518
  3.391148e+00   3.188678e-14   1.123750e-03   5.262256e-17   392302
  3.395033e+00   3.181820e-14   1.121765e-03   5.280265e-17   385318
  3.398930e+00   3.165031e-14   1.127631e-03   5.299931e-17   381718
  3.402811e+00   3.147873e-14   1.114511e-03   5.336477e-17   370674
  3.406696e+00   3.158224e-14   1.128673e-03   5.337248e-17   370166
  3.410587e+00   3.132810e-14   1.117032e-03   5.353360e-17   359838
  3.414471e+00   3.105594e-14   1.126612e-03   5.327060e-17   357488
  3.418356e+00   3.117240e-14   1.115416e-03   5.444928e-17   348174
  3.422239e+00   3.062822e-14   1.126138e-03   5.335777e-17   346010
  3.426123e+00   3.086019e-14   1.115666e-03   5.445220e-17   336966
  3.430017e+00   3.046598e-14   1.131496e-03   5.396667e-17   336488
  3.433906e+00   3.056027e-14   1.113178e-03   5.471922e-17   325206
  3.437790e+00   3.030818e-14   1.128394e-03   5.463952e-17   324614
  3.441675e+00   3.009136e-14   1.113950e-03   5.473775e-17   314792
  3.445561e+00   3.006550e-14   1.129033e-03   5.472719e-17   314082
  3.449445e+00   2.994736e-14   1.112843e-03   5.533779e-17   303918
  3.453329e+00   2.997033e-14   1.130230e-03   5.546277e-17   303872
  3.457223e+00   2.982853e-14   1.118237e-03   5.605513e-17   295070
  3.461110e+00   2.945918e-14   1.127117e-03   5.550240e-17   292776
  3.464999e+00   2.953489e-14   1.118155e-03   5.628446e-17   285198
  3.468882e+00   2.933080e-14   1.124173e-03   5.609549e-17   282068
  3.472770e+00   2.920840e-14   1.120642e-03   5.631270e-17   276094
  3.476654e+00   2.917426e-14   1.121770e-03   5.658802e-17   271936
  3.480537e+00   2.914443e-14   1.119604e-03   5.729435e-17   266352
  3.484425e+00   2.906104e-14   1.124273e-03   5.753779e-17   263198
  3.488309e+00   2.895747e-14   1.117087e-03   5.806671e-17   256540
  3.492199e+00   2.872409e-14   1.128018e-03   5.800012e-17   254758
  3.496085e+00   2.882963e-14   1.114575e-03   5.886703e-17   246888
  3.499973e+00   2.863141e-14   1.129431e-03   5.853624e-17   245984
  3.503859e+00   2.845458e-14   1.113747e-03   5.906542e-17   237838
  3.507743e+00   2.854306e-14   1.128624e-03   5.960709e-17   236932
  3.511628e+00   2.844180e-14   1.114686e-03   6.003326e-17   229296
  3.515519e+00   2.835154e-14   1.132107e-03   5.984508e-17   228968
  3.519410e+00   2.833530e-14   1.115334e-03   6.095733e-17   220862
  3.523299e+00   2.822112e-14   1.132320e-03   6.066619e-17   220440
  3.527188e+00   2.820943e-14   1.113877e-03   6.162107e-17   212400
  3.531075e+00   2.794520e-14   1.132596e-03   6.116922e-17   212228
  3.534965e+00   2.795246e-14   1.113928e-03   6.283408e-17   204518
  3.538852e+00   2.780304e-14   1.130227e-03   6.182781e-17   203928
  3.542735e+00   2.788638e-14   1.110921e-03   6.343319e-17   196280
  3.546619e+00   2.766609e-14   1.130361e-03   6.262454e-17   196272
  3.550503e+00   2.769402e-14   1.110008e-03   6.427947e-17   188572
  3.554385e+00   2.740679e-14   1.129045e-03   6.387260e-17   188440
  3.558272e+00   2.747264e-14   1.112527e-03   6.485769e-17   181574
  3.562156e+00   2.751705e-14   1.129325e-03   6.486823e-17   180912
  3.566042e+00   2.742980e-14   1.112617e-03   6.613799e-17   174304
  3.569927e+00   2.744502e-14   1.129933e-03   6.638225e-17   173620
  3.573814e+00   2.746880e-14   1.114477e-03   6.768895e-17   167424
  3.577707e+00   2.729286e-14   1.132693e-03   6.727482e-17   166952
  3.581590e+00   2.723335e-14   1.109406e-03   6.861235e-17   159744
  3.585479e+00   2.728727e-14   1.134885e-03   6.859661e-17   160424
  3.589363e+00   2.714926e-14   1.107308e-03   6.977559e-17   152748
  3.593250e+00   2.695488e-14   1.136784e-03   6.903010e-17   153920
  3.597136e+00   2.705147e-14   1.105473e-03   7.153560e-17   146016
  3.601018e+00   2.694428e-14   1.136208e-03   7.034452e-17   147176
  3.604907e+00   2.711029e-14   1.107710e-03   7.269416e-17   139992
  3.608791e+00   2.705197e-14   1.135264e-03   7.239294e-17   140588
  3.612682e+00   2.697640e-14   1.111007e-03   7.394478e-17   134184
  3.616571e+00   2.675017e-14   1.134121e-03   7.323074e-17   134192
  3.620457e+00   2.710850e-14   1.110077e-03   7.562621e-17   127992
  3.624344e+00   2.669814e-14   1.133946e-03   7.517360e-17   128132
  3.628235e+00   2.679925e-14   1.112933e-03   7.702250e-17   122384
  3.632120e+00   2.663373e-14   1.130787e-03   7.607486e-17   121896
  3.636006e+00   2.645792e-14   1.111987e-03   7.771629e-17   116592
  3.639888e+00   2.661526e-14   1.130031e-03   7.801001e-17   116072
  3.643776e+00   2.671432e-14   1.113281e-03   8.021850e-17   111196
  3.647666e+00   2.639771e-14   1.133982e-03   7.953722e-17   110824
  3.651553e+00   2.659558e-14   1.109351e-03   8.190379e-17   105456
  3.655445e+00   2.633182e-14   1.137911e-03   8.101966e-17   105746
  3.659331e+00   2.648754e-14   1.104570e-03   8.355266e-17   99816
  3.663217e+00   2.637895e-14   1.137630e-03   8.346588e-17   100460
  3.667098e+00   2.663118e-14   1.103186e-03   8.621642e-17   94616
  3.670986e+00   2.628261e-14   1.138482e-03   8.502500e-17   95448
  3.674871e+00   2.612800e-14   1.104767e-03   8.723990e-17   89784
  3.678762e+00   2.633946e-14   1.138753e-03   8.753941e-17   90536
  3.682640e+00   2.627509e-14   1.098833e-03   9.076943e-17   84566
  3.686528e+00   2.621701e-14   1.143171e-03   8.988626e-17   86088
  3.690411e+00   2.616889e-14   1.094501e-03   9.241897e-17   79680
  3.694290e+00   2.646297e-14   1.143460e-03   9.333669e-17   81368
  3.698177e+00   2.645351e-14   1.096007e-03   9.585157e-17   75356
  3.702056e+00   2.624468e-14   1.143156e-03   9.394413e-17   76704
  3.705948e+00   2.639623e-14   1.100016e-03   9.913010e-17   71322
  3.709834e+00   2.640634e-14   1.143672e-03   9.728188e-17   72248
  3.713724e+00   2.604881e-14   1.099908e-03   1.012830e-16   67160
  3.717610e+00   2.651329e-14   1.141543e-03   1.016728e-16   67836
  3.721489e+00   2.633053e-14   1.096984e-03   1.050592e-16   62976
  3.725379e+00   2.613095e-14   1.144398e-03   1.023276e-16   63914
  3.729253e+00   2.675405e-14   1.092761e-03   1.109717e-16   58832
  3.733144e+00   2.625431e-14   1.147084e-03   1.068476e-16   60108
  3.737017e+00   2.663055e-14   1.090205e-03   1.140435e-16   54920
  3.740928e+00   2.639578e-14   1.160099e-03   1.105958e-16   56970
  3.744809e+00   2.628579e-14   1.078913e-03   1.171137e-16   50760
  3.748701e+00   2.648239e-14   1.161348e-03   1.139425e-16   53312
  3.752584e+00   2.651824e-14   1.074836e-03   1.216672e-16   47164
  3.756472e+00   2.612222e-14   1.163802e-03   1.181583e-16   49810
  3.760356e+00   2.596938e-14   1.069365e-03   1.240209e-16   43680
  3.764234e+00   2.626443e-14   1.164818e-03   1.214624e-16   46328
  3.768129e+00   2.623360e-14   1.073902e-03   1.310233e-16   40694
  3.772013e+00   2.620986e-14   1.167140e-03   1.266661e-16   42984
  3.775913e+00   2.659019e-14   1.073587e-03   1.374722e-16   37656
  3.779787e+00   2.618825e-14   1.164236e-03   1.309621e-16   39578
  3.783688e+00   2.603320e-14   1.077878e-03   1.409991e-16   34920
  3.787564e+00   2.624408e-14   1.160065e-03   1.374424e-16   36308
  3.791451e+00   2.649757e-14   1.076316e-03   1.484563e-16   32136
  3.795334e+00   2.592347e-14   1.159401e-03   1.425832e-16   33362
  3.799207e+00   2.622431e-14   1.069739e-03   1.517716e-16   29336
  3.803104e+00   2.635943e-14   1.167435e-03   1.500150e-16   30804
  3.806966e+00   2.667663e-14   1.055228e-03   1.617751e-16   26490
  3.810870e+00   2.640247e-14   1.176653e-03   1.575941e-16   28376
  3.814719e+00   2.646186e-14   1.039734e-03   1.730003e-16   23784
  3.818636e+00   2.636116e-14   1.189627e-03   1.624515e-16   26150
  3.822479e+00   2.601067e-14   1.021588e-03   1.782574e-16   21192
  3.826407e+00   2.648906e-14   1.204804e-03   1.710800e-16   24050
  3.830252e+00   2.650072e-14   1.002280e-03   1.941624e-16   18768
  3.834191e+00   2.615765e-14   1.221518e-03   1.757516e-16   22052
  3.838029e+00   2.669815e-14   9.660660e-04   2.083518e-16   16346
  3.841962e+00   2.701389e-14   1.236558e-03   1.875749e-16   20136
  3.845802e+00   2.603866e-14   9.274195e-04   2.192517e-16   14160
  3.849721e+00   2.689318e-14   1.247069e-03   1.979640e-16   18218
  3.853565e+00   2.706531e-14   8.859468e-04   2.413589e-16   12204
  3.857470e+00   2.651134e-14   1.256334e-03   2.110220e-16   16346
  3.861333e+00   2.728318e-14   8.562781e-04   2.709600e-16   10536
  3.865221e+00   2.667008e-14   1.261091e-03   2.258027e-16   14456
  3.869081e+00   2.669031e-14   8.165112e-04   2.845012e-16   8990
  3.872967e+00   2.674965e-14   1.270385e-03   2.374982e-16   12744
  3.876815e+00   2.672962e-14   7.482517e-04   3.053744e-16   7506
  3.880703e+00   2.679629e-14   1.282849e-03   2.555368e-16   11192
  3.884545e+00   2.632263e-14   6.569471e-04   3.382140e-16   6156
  3.888432e+00   2.647669e-14   1.294599e-03   2.648155e-16   9722
  3.892281e+00   2.723163e-14   5.567157e-04   3.881429e-16   4992
  3.896158e+00   2.673463e-14   1.304505e-03   2.902777e-16   8306
  3.900025e+00   2.813703e-14   4.384033e-04   4.495150e-16   3996
  3.903878e+00   2.730946e-14   1.309274e-03   3.292599e-16   6938
  3.907766e+00   2.933718e-14   3.047624e-04   5.301720e-16   3168
  3.911584e+00   2.705463e-14   1.304853e-03   3.534733e-16   5624
  3.915485e+00   2.659714e-14   2.103226e-04   5.411510e-16   2502
  3.919286e+00   2.771459e-14   1.297747e-03   4.119886e-16   4424
  3.923208e+00   2.691626e-14   2.230451e-04   6.380172e-16   1946
  3.926998e+00   2.761079e-14   1.292790e-03   4.717590e-16   3360
  3.930918e+00   2.768694e-14   1.221617e-04   6.950100e-16   1446
  3.934708e+00   2.844743e-14   1.290208e-03   5.723444e-16   2456
  3.938666e+00   2.574495e-14   2.340394e-04   8.557072e-16   1034
  3.942432e+00   2.792062e-14   1.288305e-03   7.102857e-16   1680
  3.946383e+00   2.880616e-14   5.837572e-05   1.154513e-15   678
  3.950143e+00   3.058334e-14   1.286681e-03   9.266869e-16   1064
  3.954177e+00   2.406583e-14   3.540138e-04   1.185588e-15   410
  3.957868e+00   2.704745e-14   1.284749e-03   1.133156e-15   576
  3.961879e+00   3.138673e-14   1.855368e-05   2.008086e-15   198
  3.965528e+00   2.806425e-14   1.272780e-03   1.923181e-15   248
  3.969917e+00   2.748195e-14   8.019490e-04   3.796035e-15   74
  3.973198e+00   2.660016e-14   1.252635e-03   3.760128e-15   48
  3.977405e+00   1.538306e-14   5.034095e-08   6.145428e-15   6
