# power spectrum of zeta (dimensionless)
# redshift z=0.980309
# k              Pk             sigma(k)       sigma(Pk)      count
  5.727314e-03   2.037914e-18   8.763345e-04   3.990137e-19   18
  1.001182e-02   3.592417e-17   1.059922e-03   5.595094e-18   62
  1.393445e-02   8.605285e-17   7.332271e-04   1.112432e-17   90
  1.764809e-02   2.060386e-16   1.157232e-03   1.413779e-17   170
  2.151286e-02   3.315243e-16   1.202795e-03   1.940989e-17   246
  2.528669e-02   4.856664e-16   1.146703e-03   2.687152e-17   338
  2.901099e-02   7.624579e-16   9.857564e-04   3.825438e-17   432
  3.284683e-02   9.923552e-16   1.010047e-03   4.376404e-17   578
  3.688195e-02   1.194697e-15   1.177086e-03   4.339209e-17   786
  4.101464e-02   1.422560e-15   1.190994e-03   4.612855e-17   974
  4.488954e-02   1.714964e-15   1.031402e-03   5.463814e-17   1002
  4.870958e-02   2.167386e-15   1.179303e-03   5.826456e-17   1334
  5.263577e-02   2.386948e-15   1.134676e-03   6.495031e-17   1458
  5.631027e-02   2.871552e-15   1.072446e-03   7.069882e-17   1604
  6.010158e-02   3.293702e-15   1.088865e-03   7.916518e-17   1974
  6.404851e-02   3.860254e-15   1.067989e-03   8.228836e-17   2234
  6.795611e-02   4.417378e-15   1.092954e-03   9.062871e-17   2490
  7.198483e-02   4.943658e-15   1.200217e-03   9.274710e-17   3014
  7.595394e-02   5.492836e-15   1.093611e-03   9.999318e-17   3018
  7.977896e-02   5.925665e-15   1.131598e-03   1.027560e-16   3446
  8.359600e-02   6.199894e-15   1.085617e-03   1.043441e-16   3626
  8.742004e-02   6.451604e-15   1.125556e-03   1.012705e-16   4164
  9.130612e-02   7.052511e-15   1.090740e-03   1.080907e-16   4470
  9.521636e-02   7.235735e-15   1.115446e-03   1.059144e-16   4970
  9.915211e-02   7.819172e-15   1.127844e-03   1.051349e-16   5366
  1.030785e-01   7.895741e-15   1.144516e-03   1.012904e-16   5778
  1.069619e-01   8.696822e-15   1.149148e-03   1.100247e-16   6162
  1.108671e-01   9.108352e-15   1.158272e-03   1.153406e-16   6734
  1.146806e-01   9.548183e-15   1.074898e-03   1.146748e-16   6756
  1.184510e-01   1.030061e-14   1.088568e-03   1.152481e-16   7502
  1.223464e-01   1.105720e-14   1.105366e-03   1.232712e-16   8154
  1.262469e-01   1.145813e-14   1.103283e-03   1.240724e-16   8618
  1.301909e-01   1.235156e-14   1.146655e-03   1.290140e-16   9390
  1.341197e-01   1.311183e-14   1.126004e-03   1.329310e-16   9722
  1.380051e-01   1.306324e-14   1.126950e-03   1.295042e-16   10242
  1.419007e-01   1.343292e-14   1.149257e-03   1.266982e-16   11006
  1.457777e-01   1.409673e-14   1.106962e-03   1.336599e-16   11348
  1.496576e-01   1.409629e-14   1.105725e-03   1.264881e-16   12150
  1.535164e-01   1.423738e-14   1.078348e-03   1.300109e-16   12498
  1.574072e-01   1.466613e-14   1.129889e-03   1.243590e-16   13586
  1.613096e-01   1.482268e-14   1.132072e-03   1.266577e-16   14006
  1.652381e-01   1.530651e-14   1.166232e-03   1.211688e-16   15162
  1.691226e-01   1.555047e-14   1.101754e-03   1.275211e-16   14990
  1.729750e-01   1.600821e-14   1.143142e-03   1.250088e-16   16380
  1.768610e-01   1.672914e-14   1.105581e-03   1.291417e-16   16666
  1.807168e-01   1.746110e-14   1.110348e-03   1.326160e-16   17638
  1.845996e-01   1.801068e-14   1.100521e-03   1.341885e-16   18354
  1.884710e-01   1.843107e-14   1.102640e-03   1.359700e-16   19034
  1.923685e-01   1.929806e-14   1.144302e-03   1.331387e-16   20270
  1.963174e-01   2.002130e-14   1.155956e-03   1.360308e-16   21258
  2.002141e-01   2.025083e-14   1.111898e-03   1.378702e-16   21350
  2.040863e-01   2.017455e-14   1.123159e-03   1.360153e-16   22644
  2.079681e-01   2.061894e-14   1.101476e-03   1.363687e-16   23114
  2.118390e-01   2.084098e-14   1.118265e-03   1.355792e-16   24342
  2.157382e-01   2.076222e-14   1.117694e-03   1.310634e-16   25194
  2.196235e-01   2.102593e-14   1.116195e-03   1.333627e-16   25982
  2.234724e-01   2.140627e-14   1.109599e-03   1.319163e-16   26506
  2.273806e-01   2.169273e-14   1.167806e-03   1.287938e-16   28738
  2.312750e-01   2.180749e-14   1.110542e-03   1.303299e-16   28296
  2.351662e-01   2.185825e-14   1.143823e-03   1.245670e-16   30554
  2.390501e-01   2.204584e-14   1.084103e-03   1.275478e-16   30094
  2.428824e-01   2.305932e-14   1.109820e-03   1.301647e-16   31738
  2.467836e-01   2.304773e-14   1.134747e-03   1.274754e-16   33306
  2.506613e-01   2.390270e-14   1.104153e-03   1.286668e-16   33422
  2.545365e-01   2.434045e-14   1.131527e-03   1.305453e-16   35298
  2.584714e-01   2.452696e-14   1.143069e-03   1.288990e-16   36650
  2.623670e-01   2.479916e-14   1.115532e-03   1.279455e-16   36888
  2.662651e-01   2.495600e-14   1.131896e-03   1.261687e-16   38834
  2.701697e-01   2.519048e-14   1.107355e-03   1.269647e-16   39246
  2.740453e-01   2.544914e-14   1.111777e-03   1.265375e-16   40466
  2.778984e-01   2.568110e-14   1.108403e-03   1.263905e-16   41106
  2.817847e-01   2.554443e-14   1.145602e-03   1.228178e-16   43598
  2.856833e-01   2.583277e-14   1.116308e-03   1.234941e-16   43650
  2.895471e-01   2.565582e-14   1.120907e-03   1.208246e-16   45272
  2.934575e-01   2.612379e-14   1.131740e-03   1.209221e-16   46994
  2.973636e-01   2.643816e-14   1.124346e-03   1.208074e-16   47850
  3.012447e-01   2.635643e-14   1.115858e-03   1.197649e-16   48846
  3.051030e-01   2.668646e-14   1.105642e-03   1.205736e-16   49706
  3.089532e-01   2.696421e-14   1.113265e-03   1.199867e-16   51198
  3.128464e-01   2.677202e-14   1.134266e-03   1.171332e-16   53402
  3.167281e-01   2.749648e-14   1.111145e-03   1.197406e-16   53634
  3.206428e-01   2.746690e-14   1.143806e-03   1.148220e-16   56888
  3.245618e-01   2.769538e-14   1.106794e-03   1.169410e-16   56474
  3.284581e-01   2.783835e-14   1.130606e-03   1.152256e-16   58962
  3.323510e-01   2.781108e-14   1.114731e-03   1.148240e-16   59214
  3.362265e-01   2.816283e-14   1.127963e-03   1.144589e-16   61250
  3.400938e-01   2.821218e-14   1.110759e-03   1.144181e-16   61694
  3.439480e-01   2.846020e-14   1.120230e-03   1.132555e-16   63618
  3.478512e-01   2.822320e-14   1.140078e-03   1.090611e-16   66284
  3.517691e-01   2.833993e-14   1.123324e-03   1.093614e-16   67014
  3.556494e-01   2.799041e-14   1.113722e-03   1.076762e-16   67930
  3.595371e-01   2.826984e-14   1.127426e-03   1.067445e-16   70294
  3.634200e-01   2.870562e-14   1.114424e-03   1.079774e-16   70658
  3.672742e-01   2.835061e-14   1.121955e-03   1.063646e-16   72522
  3.711539e-01   2.853158e-14   1.125103e-03   1.056581e-16   74550
  3.750359e-01   2.862395e-14   1.112832e-03   1.042919e-16   75674
  3.789191e-01   2.870513e-14   1.116846e-03   1.028504e-16   77708
  3.828461e-01   2.885471e-14   1.136191e-03   1.016222e-16   80622
  3.867545e-01   2.870038e-14   1.112810e-03   1.014290e-16   80330
  3.906423e-01   2.889884e-14   1.128269e-03   9.996047e-17   82974
  3.945313e-01   2.879554e-14   1.118618e-03   9.944935e-17   83666
  3.984084e-01   2.898033e-14   1.126394e-03   9.981422e-17   85746
  4.022765e-01   2.880226e-14   1.118427e-03   9.886034e-17   86702
  4.061542e-01   2.888690e-14   1.126154e-03   9.603904e-17   89556
  4.100569e-01   2.901628e-14   1.118519e-03   9.592871e-17   91038
  4.139484e-01   2.909974e-14   1.117921e-03   9.557116e-17   92522
  4.178268e-01   2.881553e-14   1.119569e-03   9.388134e-17   94034
  4.217415e-01   2.882932e-14   1.145339e-03   9.293777e-17   97758
  4.256173e-01   2.887347e-14   1.103600e-03   9.332062e-17   95770
  4.294627e-01   2.882087e-14   1.123790e-03   9.237569e-17   99646
  4.333400e-01   2.913300e-14   1.115333e-03   9.188125e-17   100980
  4.372362e-01   2.875630e-14   1.127284e-03   8.962558e-17   104258
  4.411386e-01   2.876823e-14   1.114910e-03   8.934582e-17   104998
  4.450377e-01   2.877500e-14   1.124073e-03   8.774645e-17   107866
  4.489311e-01   2.894166e-14   1.113184e-03   8.794246e-17   108154
  4.528161e-01   2.893248e-14   1.135370e-03   8.719779e-17   111622
  4.567076e-01   2.874205e-14   1.122976e-03   8.593838e-17   112146
  4.605727e-01   2.869344e-14   1.119518e-03   8.528532e-17   114014
  4.644440e-01   2.842399e-14   1.115906e-03   8.386663e-17   116220
  4.683319e-01   2.842656e-14   1.119789e-03   8.225736e-17   118682
  4.722291e-01   2.852947e-14   1.126606e-03   8.272635e-17   121118
  4.761348e-01   2.826060e-14   1.124808e-03   8.073973e-17   122994
  4.800157e-01   2.814857e-14   1.114862e-03   8.042128e-17   123574
  4.838959e-01   2.828361e-14   1.131276e-03   7.995201e-17   126922
  4.877763e-01   2.828797e-14   1.124735e-03   7.896097e-17   127906
  4.916481e-01   2.817817e-14   1.121767e-03   7.760173e-17   130432
  4.955333e-01   2.794992e-14   1.114812e-03   7.682292e-17   132642
  4.994186e-01   2.802625e-14   1.110800e-03   7.650039e-17   134534
  5.033164e-01   2.780742e-14   1.124671e-03   7.525044e-17   137778
  5.072392e-01   2.775730e-14   1.135312e-03   7.400583e-17   140786
  5.111285e-01   2.765826e-14   1.110620e-03   7.407371e-17   139590
  5.149976e-01   2.750889e-14   1.125619e-03   7.307831e-17   143546
  5.188865e-01   2.747498e-14   1.125142e-03   7.265760e-17   145338
  5.227635e-01   2.737602e-14   1.120484e-03   7.160849e-17   147272
  5.266520e-01   2.713886e-14   1.122335e-03   7.011632e-17   150330
  5.305485e-01   2.725929e-14   1.118234e-03   7.027390e-17   152318
  5.344262e-01   2.706436e-14   1.111066e-03   6.919869e-17   153202
  5.383243e-01   2.687621e-14   1.138693e-03   6.759611e-17   158626
  5.422165e-01   2.693919e-14   1.116855e-03   6.814572e-17   157350
  5.460935e-01   2.654631e-14   1.131200e-03   6.629176e-17   161906
  5.499589e-01   2.667227e-14   1.105071e-03   6.706450e-17   160872
  5.538418e-01   2.668938e-14   1.133375e-03   6.545381e-17   167858
  5.577463e-01   2.659134e-14   1.114977e-03   6.509336e-17   167514
  5.616201e-01   2.625558e-14   1.113803e-03   6.414020e-17   169862
  5.655108e-01   2.604147e-14   1.124453e-03   6.298155e-17   173602
  5.694083e-01   2.592787e-14   1.123533e-03   6.177623e-17   175258
  5.732959e-01   2.599957e-14   1.127164e-03   6.158853e-17   177654
  5.771897e-01   2.578089e-14   1.130949e-03   6.087092e-17   180698
  5.810773e-01   2.579556e-14   1.119005e-03   6.066667e-17   181968
  5.849616e-01   2.557845e-14   1.118541e-03   5.969353e-17   184850
  5.888448e-01   2.565187e-14   1.119144e-03   5.953222e-17   187034
  5.927421e-01   2.539271e-14   1.129966e-03   5.813982e-17   191238
  5.966308e-01   2.523455e-14   1.116348e-03   5.816706e-17   191042
  6.005065e-01   2.512371e-14   1.126286e-03   5.698766e-17   195102
  6.043812e-01   2.514785e-14   1.117515e-03   5.694271e-17   195786
  6.082630e-01   2.480226e-14   1.131649e-03   5.564069e-17   201164
  6.121481e-01   2.466412e-14   1.112645e-03   5.494705e-17   201070
  6.160242e-01   2.454093e-14   1.118305e-03   5.420667e-17   205234
  6.199111e-01   2.451723e-14   1.116352e-03   5.404495e-17   207342
  6.237987e-01   2.424624e-14   1.121735e-03   5.327235e-17   210602
  6.276909e-01   2.420118e-14   1.124203e-03   5.245594e-17   213130
  6.315953e-01   2.415092e-14   1.133190e-03   5.201202e-17   217318
  6.354807e-01   2.393728e-14   1.113546e-03   5.204159e-17   216306
  6.393491e-01   2.381385e-14   1.119403e-03   5.096973e-17   220652
  6.432430e-01   2.369538e-14   1.124854e-03   5.009156e-17   224502
  6.471454e-01   2.348285e-14   1.125081e-03   4.942767e-17   227186
  6.510345e-01   2.333505e-14   1.118193e-03   4.927571e-17   228398
  6.549165e-01   2.310815e-14   1.122259e-03   4.827892e-17   231642
  6.587972e-01   2.317926e-14   1.122763e-03   4.803962e-17   233946
  6.626908e-01   2.292170e-14   1.132956e-03   4.716969e-17   238694
  6.665707e-01   2.284126e-14   1.114640e-03   4.676451e-17   238068
  6.704525e-01   2.264695e-14   1.124042e-03   4.586071e-17   244190
  6.743498e-01   2.260016e-14   1.116752e-03   4.591494e-17   245362
  6.782313e-01   2.251883e-14   1.120102e-03   4.542453e-17   248362
  6.821206e-01   2.234877e-14   1.124509e-03   4.467458e-17   251966
  6.860099e-01   2.220269e-14   1.120649e-03   4.426410e-17   254034
  6.898855e-01   2.205843e-14   1.117172e-03   4.400374e-17   255818
  6.937781e-01   2.196281e-14   1.132899e-03   4.315871e-17   262254
  6.976722e-01   2.180862e-14   1.116974e-03   4.280216e-17   261980
  7.015718e-01   2.173675e-14   1.129534e-03   4.219184e-17   268566
  7.054538e-01   2.161380e-14   1.104857e-03   4.219965e-17   265538
  7.093286e-01   2.142886e-14   1.128000e-03   4.153335e-17   273330
  7.132165e-01   2.120478e-14   1.121481e-03   4.065304e-17   273718
  7.171069e-01   2.118095e-14   1.132652e-03   4.044420e-17   279658
  7.209986e-01   2.110189e-14   1.120025e-03   4.026756e-17   279670
  7.248700e-01   2.090486e-14   1.119062e-03   3.953491e-17   282964
  7.287608e-01   2.088968e-14   1.126489e-03   3.918042e-17   288362
  7.326540e-01   2.070431e-14   1.118613e-03   3.872697e-17   289686
  7.365333e-01   2.057238e-14   1.116235e-03   3.819323e-17   292234
  7.404015e-01   2.040164e-14   1.112765e-03   3.786368e-17   294190
  7.442845e-01   2.032951e-14   1.127923e-03   3.738464e-17   300642
  7.481851e-01   2.019645e-14   1.128116e-03   3.695204e-17   303386
  7.520700e-01   2.000792e-14   1.119257e-03   3.635327e-17   304662
  7.559583e-01   1.997266e-14   1.122290e-03   3.604782e-17   309812
  7.598513e-01   1.977913e-14   1.117608e-03   3.563027e-17   311714
  7.637547e-01   1.969028e-14   1.130270e-03   3.502296e-17   318126
  7.676398e-01   1.953662e-14   1.111035e-03   3.496940e-17   315114
  7.715118e-01   1.941250e-14   1.127143e-03   3.432561e-17   322622
  7.753932e-01   1.926575e-14   1.117154e-03   3.419038e-17   322850
  7.792787e-01   1.933668e-14   1.131101e-03   3.384621e-17   329802
  7.831716e-01   1.911501e-14   1.123851e-03   3.354267e-17   331104
  7.870696e-01   1.895514e-14   1.127607e-03   3.288800e-17   336986
  7.909587e-01   1.893479e-14   1.111055e-03   3.295154e-17   335870
  7.948355e-01   1.868404e-14   1.120862e-03   3.229745e-17   341610
  7.987215e-01   1.867384e-14   1.121955e-03   3.220555e-17   344370
  8.026031e-01   1.855219e-14   1.122207e-03   3.173633e-17   347606
  8.064886e-01   1.842513e-14   1.124033e-03   3.144447e-17   351650
  8.103706e-01   1.824740e-14   1.118654e-03   3.098931e-17   353760
  8.142669e-01   1.805338e-14   1.129493e-03   3.034055e-17   360970
  8.181738e-01   1.804623e-14   1.123124e-03   3.017300e-17   362818
  8.220521e-01   1.791782e-14   1.110144e-03   3.001591e-17   362334
  8.259414e-01   1.781490e-14   1.129348e-03   2.957047e-17   371642
  8.298275e-01   1.773912e-14   1.114584e-03   2.950395e-17   368778
  8.337006e-01   1.758142e-14   1.128744e-03   2.898153e-17   376526
  8.375857e-01   1.744711e-14   1.121330e-03   2.872871e-17   377786
  8.414675e-01   1.734350e-14   1.123524e-03   2.839804e-17   382968
  8.453573e-01   1.728233e-14   1.120822e-03   2.809973e-17   386146
  8.492503e-01   1.719590e-14   1.124050e-03   2.774010e-17   390826
  8.531392e-01   1.707703e-14   1.119718e-03   2.736554e-17   392662
  8.570302e-01   1.695387e-14   1.125822e-03   2.702500e-17   398242
  8.609051e-01   1.687666e-14   1.111972e-03   2.699502e-17   396726
  8.647781e-01   1.679570e-14   1.124714e-03   2.675565e-17   404738
  8.686664e-01   1.673150e-14   1.122897e-03   2.646501e-17   407628
  8.725545e-01   1.656130e-14   1.121536e-03   2.618943e-17   411734
  8.764395e-01   1.648458e-14   1.117149e-03   2.577862e-17   414242
  8.803359e-01   1.634288e-14   1.126317e-03   2.533341e-17   421434
  8.842333e-01   1.629565e-14   1.120273e-03   2.533290e-17   421918
  8.881244e-01   1.617326e-14   1.128330e-03   2.499419e-17   427810
  8.920157e-01   1.608519e-14   1.123036e-03   2.482159e-17   429470
  8.958948e-01   1.599317e-14   1.119658e-03   2.456602e-17   432282
  8.997746e-01   1.585799e-14   1.122449e-03   2.426562e-17   437260
  9.036583e-01   1.581936e-14   1.120747e-03   2.410874e-17   440758
  9.075489e-01   1.567674e-14   1.124778e-03   2.371263e-17   446370
  9.114474e-01   1.555862e-14   1.123943e-03   2.348256e-17   450182
  9.153288e-01   1.544791e-14   1.115142e-03   2.333094e-17   449850
  9.192089e-01   1.532054e-14   1.127357e-03   2.293556e-17   457898
  9.230929e-01   1.529843e-14   1.119604e-03   2.276970e-17   458662
  9.269737e-01   1.517548e-14   1.121722e-03   2.253124e-17   464620
  9.308545e-01   1.506965e-14   1.114316e-03   2.229902e-17   466302
  9.347441e-01   1.504632e-14   1.124571e-03   2.210319e-17   474314
  9.386369e-01   1.487159e-14   1.120021e-03   2.171123e-17   475530
  9.425348e-01   1.484737e-14   1.129051e-03   2.165762e-17   483206
  9.464328e-01   1.471674e-14   1.121669e-03   2.137122e-17   483530
  9.503142e-01   1.467171e-14   1.121047e-03   2.123318e-17   487002
  9.541966e-01   1.458885e-14   1.124058e-03   2.100741e-17   491774
  9.580774e-01   1.446714e-14   1.120518e-03   2.080130e-17   495084
  9.619601e-01   1.442647e-14   1.119352e-03   2.070638e-17   499438
  9.658473e-01   1.428599e-14   1.122356e-03   2.043947e-17   504682
  9.697357e-01   1.422375e-14   1.121500e-03   2.019886e-17   507738
  9.736321e-01   1.415165e-14   1.130456e-03   1.999915e-17   515174
  9.775214e-01   1.401273e-14   1.119580e-03   1.978383e-17   514234
  9.813957e-01   1.395235e-14   1.119450e-03   1.955581e-17   519022
  9.852705e-01   1.387726e-14   1.117281e-03   1.944834e-17   522636
  9.891535e-01   1.380482e-14   1.121739e-03   1.917567e-17   529442
  9.930474e-01   1.370717e-14   1.122647e-03   1.908105e-17   534078
  9.969375e-01   1.361454e-14   1.118397e-03   1.883042e-17   536666
  1.000817e+00   1.355878e-14   1.116716e-03   1.867644e-17   539142
  1.004715e+00   1.352329e-14   1.134178e-03   1.847959e-17   550658
  1.008615e+00   1.338365e-14   1.121935e-03   1.821919e-17   548298
  1.012495e+00   1.329521e-14   1.123048e-03   1.811450e-17   553694
  1.016374e+00   1.322652e-14   1.116375e-03   1.800795e-17   556116
  1.020264e+00   1.320488e-14   1.125051e-03   1.774333e-17   564890
  1.024148e+00   1.310570e-14   1.116141e-03   1.771845e-17   563718
  1.028036e+00   1.306388e-14   1.128568e-03   1.742856e-17   574298
  1.031929e+00   1.292258e-14   1.120551e-03   1.727803e-17   573966
  1.035814e+00   1.287171e-14   1.126024e-03   1.716571e-17   580586
  1.039699e+00   1.278081e-14   1.122029e-03   1.701014e-17   582666
  1.043587e+00   1.271260e-14   1.125959e-03   1.677685e-17   590648
  1.047474e+00   1.263405e-14   1.114820e-03   1.665674e-17   590394
  1.051350e+00   1.255062e-14   1.116684e-03   1.655142e-17   596174
  1.055234e+00   1.247573e-14   1.120236e-03   1.631434e-17   601674
  1.059126e+00   1.241437e-14   1.125352e-03   1.612029e-17   607682
  1.063019e+00   1.231101e-14   1.124350e-03   1.599621e-17   611166
  1.066910e+00   1.224051e-14   1.124099e-03   1.580364e-17   615626
  1.070791e+00   1.218705e-14   1.119456e-03   1.568272e-17   617290
  1.074678e+00   1.212266e-14   1.126011e-03   1.551444e-17   626344
  1.078566e+00   1.202764e-14   1.117274e-03   1.541539e-17   626658
  1.082451e+00   1.201704e-14   1.122467e-03   1.532798e-17   634022
  1.086331e+00   1.184882e-14   1.116124e-03   1.506653e-17   634554
  1.090218e+00   1.179417e-14   1.128467e-03   1.496965e-17   645026
  1.094107e+00   1.177621e-14   1.122446e-03   1.486993e-17   645102
  1.097993e+00   1.171460e-14   1.126954e-03   1.471587e-17   653018
  1.101879e+00   1.166080e-14   1.119089e-03   1.464658e-17   654384
  1.105770e+00   1.154065e-14   1.123901e-03   1.442033e-17   663194
  1.109660e+00   1.147138e-14   1.117576e-03   1.431115e-17   663834
  1.113540e+00   1.143506e-14   1.118796e-03   1.418852e-17   669158
  1.117424e+00   1.134377e-14   1.120650e-03   1.400461e-17   674490
  1.121304e+00   1.131286e-14   1.118416e-03   1.395620e-17   677222
  1.125193e+00   1.127177e-14   1.128225e-03   1.383053e-17   686874
  1.129092e+00   1.113794e-14   1.126811e-03   1.361577e-17   690722
  1.132980e+00   1.111758e-14   1.118907e-03   1.358469e-17   692008
  1.136871e+00   1.104835e-14   1.124678e-03   1.340492e-17   701386
  1.140761e+00   1.098292e-14   1.117002e-03   1.331616e-17   700778
  1.144643e+00   1.091767e-14   1.123318e-03   1.316166e-17   708774
  1.148529e+00   1.085334e-14   1.121990e-03   1.308775e-17   711690
  1.152418e+00   1.077828e-14   1.126973e-03   1.292128e-17   719606
  1.156298e+00   1.069905e-14   1.116380e-03   1.286759e-17   717762
  1.160181e+00   1.068320e-14   1.127123e-03   1.267786e-17   730460
  1.164073e+00   1.061725e-14   1.119262e-03   1.259340e-17   731070
  1.167968e+00   1.054790e-14   1.125901e-03   1.241611e-17   741170
  1.171853e+00   1.047561e-14   1.112045e-03   1.239463e-17   737094
  1.175730e+00   1.044781e-14   1.122374e-03   1.229262e-17   747698
  1.179618e+00   1.036787e-14   1.122867e-03   1.217647e-17   751658
  1.183501e+00   1.027860e-14   1.121599e-03   1.205700e-17   755574
  1.187383e+00   1.022727e-14   1.122256e-03   1.197143e-17   761442
  1.191279e+00   1.020006e-14   1.126787e-03   1.181153e-17   770816
  1.195171e+00   1.015049e-14   1.117539e-03   1.175303e-17   769274
  1.199064e+00   1.007183e-14   1.129525e-03   1.157139e-17   782130
  1.202947e+00   1.000798e-14   1.112602e-03   1.158485e-17   775230
  1.206825e+00   9.956738e-15   1.126605e-03   1.141370e-17   789866
  1.210710e+00   9.883285e-15   1.118361e-03   1.134726e-17   787914
  1.214592e+00   9.837157e-15   1.128225e-03   1.120830e-17   799598
  1.218486e+00   9.800084e-15   1.124161e-03   1.115710e-17   802980
  1.222371e+00   9.725782e-15   1.117789e-03   1.101800e-17   805622
  1.226254e+00   9.687731e-15   1.119738e-03   1.094205e-17   812050
  1.230147e+00   9.616645e-15   1.126034e-03   1.080920e-17   820954
  1.234035e+00   9.590341e-15   1.118780e-03   1.078120e-17   820062
  1.237911e+00   9.522391e-15   1.119897e-03   1.069228e-17   826298
  1.241794e+00   9.484845e-15   1.121814e-03   1.058363e-17   833118
  1.245672e+00   9.407574e-15   1.117137e-03   1.047454e-17   834812
  1.249560e+00   9.350800e-15   1.126815e-03   1.034348e-17   847858
  1.253469e+00   9.304911e-15   1.127442e-03   1.025951e-17   854278
  1.257361e+00   9.255361e-15   1.116253e-03   1.021556e-17   850978
  1.261241e+00   9.189692e-15   1.121687e-03   1.008114e-17   859186
  1.265131e+00   9.164616e-15   1.127494e-03   1.003181e-17   867126
  1.269018e+00   9.093953e-15   1.121886e-03   9.925164e-18   868274
  1.272897e+00   9.032553e-15   1.120976e-03   9.845842e-18   873606
  1.276776e+00   9.017285e-15   1.119398e-03   9.803801e-18   879284
  1.280663e+00   8.942873e-15   1.122355e-03   9.671250e-18   887170
  1.284564e+00   8.916404e-15   1.128693e-03   9.600374e-18   897526
  1.288458e+00   8.854059e-15   1.117587e-03   9.544163e-18   894258
  1.292341e+00   8.810281e-15   1.122714e-03   9.440737e-18   903374
  1.296223e+00   8.773793e-15   1.118323e-03   9.443070e-18   904338
  1.300103e+00   8.710711e-15   1.123719e-03   9.289995e-18   913586
  1.303982e+00   8.656803e-15   1.118150e-03   9.228380e-18   915416
  1.307871e+00   8.594219e-15   1.124217e-03   9.107014e-18   928122
  1.311759e+00   8.542529e-15   1.115167e-03   9.055524e-18   926094
  1.315654e+00   8.501146e-15   1.130093e-03   8.954347e-18   942890
  1.319549e+00   8.456191e-15   1.118827e-03   8.904706e-18   937266
  1.323433e+00   8.411870e-15   1.126506e-03   8.817111e-18   948854
  1.327319e+00   8.353269e-15   1.120121e-03   8.744331e-18   948714
  1.331197e+00   8.338564e-15   1.122687e-03   8.695815e-18   956186
  1.335082e+00   8.253314e-15   1.124444e-03   8.562930e-18   964272
  1.338973e+00   8.225574e-15   1.121587e-03   8.519383e-18   969458
  1.342859e+00   8.210267e-15   1.118296e-03   8.509124e-18   972750
  1.346749e+00   8.131258e-15   1.124460e-03   8.375654e-18   982706
  1.350635e+00   8.102317e-15   1.119858e-03   8.353794e-18   982906
  1.354527e+00   8.050220e-15   1.129306e-03   8.248797e-18   996622
  1.358414e+00   7.994426e-15   1.117989e-03   8.197800e-18   992378
  1.362284e+00   7.971611e-15   1.117150e-03   8.155502e-18   999000
  1.366168e+00   7.899182e-15   1.122014e-03   8.014268e-18   1010114
  1.370061e+00   7.879267e-15   1.121750e-03   7.993699e-18   1015722
  1.373948e+00   7.811931e-15   1.119290e-03   7.906553e-18   1018742
  1.377843e+00   7.789745e-15   1.127371e-03   7.841580e-18   1031250
  1.381733e+00   7.740427e-15   1.118461e-03   7.809691e-18   1027226
  1.385615e+00   7.686078e-15   1.126435e-03   7.708152e-18   1039734
  1.389500e+00   7.654383e-15   1.120654e-03   7.672202e-18   1039914
  1.393382e+00   7.602577e-15   1.123683e-03   7.575433e-18   1050272
  1.397267e+00   7.574731e-15   1.117473e-03   7.567625e-18   1052306
  1.401154e+00   7.526160e-15   1.122308e-03   7.475395e-18   1062666
  1.405045e+00   7.487575e-15   1.122401e-03   7.419933e-18   1067262
  1.408935e+00   7.444609e-15   1.123952e-03   7.337643e-18   1073906
  1.412823e+00   7.406061e-15   1.122463e-03   7.313863e-18   1078190
  1.416712e+00   7.373475e-15   1.124033e-03   7.226901e-18   1085634
  1.420592e+00   7.343354e-15   1.117456e-03   7.236494e-18   1085508
  1.424480e+00   7.301116e-15   1.126594e-03   7.124837e-18   1101926
  1.428369e+00   7.257003e-15   1.116061e-03   7.096315e-18   1098322
  1.432252e+00   7.197211e-15   1.121199e-03   7.005783e-18   1109878
  1.436144e+00   7.167023e-15   1.122554e-03   6.932969e-18   1115338
  1.440035e+00   7.124910e-15   1.125793e-03   6.871516e-18   1122586
  1.443924e+00   7.077459e-15   1.123292e-03   6.843903e-18   1125862
  1.447810e+00   7.065896e-15   1.122976e-03   6.819863e-18   1132498
  1.451691e+00   7.001672e-15   1.119415e-03   6.722811e-18   1135444
  1.455573e+00   6.976790e-15   1.122581e-03   6.683754e-18   1145374
  1.459464e+00   6.945539e-15   1.123383e-03   6.635215e-18   1152698
  1.463354e+00   6.900429e-15   1.121349e-03   6.605348e-18   1157046
  1.467236e+00   6.861879e-15   1.119148e-03   6.526607e-18   1160226
  1.471127e+00   6.813810e-15   1.127743e-03   6.456765e-18   1174346
  1.475014e+00   6.784731e-15   1.119897e-03   6.440296e-18   1171462
  1.478897e+00   6.744888e-15   1.124033e-03   6.363805e-18   1183828
  1.482778e+00   6.709145e-15   1.114458e-03   6.336409e-18   1181822
  1.486657e+00   6.667014e-15   1.120779e-03   6.263362e-18   1194930
  1.490547e+00   6.655091e-15   1.122593e-03   6.239635e-18   1202010
  1.494437e+00   6.603455e-15   1.122115e-03   6.170854e-18   1207166
  1.498326e+00   6.558956e-15   1.123291e-03   6.113370e-18   1214106
  1.502209e+00   6.534607e-15   1.118748e-03   6.082559e-18   1215302
  1.506095e+00   6.500028e-15   1.126666e-03   6.021283e-18   1229274
  1.509994e+00   6.452360e-15   1.126873e-03   5.969761e-18   1236164
  1.513882e+00   6.434826e-15   1.118916e-03   5.969241e-18   1235326
  1.517764e+00   6.384271e-15   1.120265e-03   5.887875e-18   1244026
  1.521647e+00   6.344622e-15   1.120382e-03   5.844929e-18   1249154
  1.525536e+00   6.325182e-15   1.126025e-03   5.792419e-18   1260558
  1.529421e+00   6.287164e-15   1.119984e-03   5.759573e-18   1260394
  1.533310e+00   6.251495e-15   1.125848e-03   5.693898e-18   1274758
  1.537193e+00   6.204697e-15   1.115594e-03   5.666597e-18   1270188
  1.541083e+00   6.175648e-15   1.128008e-03   5.611183e-18   1291202
  1.544971e+00   6.160490e-15   1.115149e-03   5.608230e-18   1282654
  1.548850e+00   6.116930e-15   1.122198e-03   5.529446e-18   1298242
  1.552739e+00   6.090215e-15   1.120395e-03   5.500743e-18   1301774
  1.556625e+00   6.054577e-15   1.123165e-03   5.448518e-18   1309770
  1.560512e+00   6.019240e-15   1.123502e-03   5.425406e-18   1315714
  1.564403e+00   6.002061e-15   1.124924e-03   5.380155e-18   1325110
  1.568290e+00   5.949402e-15   1.118940e-03   5.329973e-18   1326012
  1.572174e+00   5.921113e-15   1.122090e-03   5.291052e-18   1336154
  1.576069e+00   5.894197e-15   1.126474e-03   5.243832e-18   1347334
  1.579958e+00   5.862690e-15   1.119782e-03   5.227367e-18   1345354
  1.583833e+00   5.834147e-15   1.119555e-03   5.178015e-18   1350998
  1.587719e+00   5.782228e-15   1.125829e-03   5.106971e-18   1365546
  1.591609e+00   5.766715e-15   1.122088e-03   5.090451e-18   1367474
  1.595497e+00   5.734642e-15   1.123693e-03   5.046518e-18   1377984
  1.599384e+00   5.700963e-15   1.118321e-03   5.026233e-18   1379394
  1.603272e+00   5.689897e-15   1.123056e-03   4.988196e-18   1392230
  1.607160e+00   5.651534e-15   1.118740e-03   4.947354e-18   1392634
  1.611042e+00   5.610269e-15   1.122441e-03   4.900325e-18   1402666
  1.614928e+00   5.582263e-15   1.122269e-03   4.869527e-18   1408502
  1.618814e+00   5.545013e-15   1.122041e-03   4.817138e-18   1415418
  1.622692e+00   5.527803e-15   1.117068e-03   4.814495e-18   1416856
  1.626588e+00   5.501982e-15   1.130843e-03   4.742901e-18   1442002
  1.630485e+00   5.465222e-15   1.117858e-03   4.718556e-18   1431634
  1.634367e+00   5.440401e-15   1.122585e-03   4.698473e-18   1444606
  1.638250e+00   5.409501e-15   1.118765e-03   4.651085e-18   1445890
  1.642138e+00   5.388736e-15   1.126997e-03   4.613330e-18   1462210
  1.646026e+00   5.350648e-15   1.120901e-03   4.588454e-18   1459590
  1.649907e+00   5.317174e-15   1.123856e-03   4.542268e-18   1471226
  1.653797e+00   5.303276e-15   1.123379e-03   4.526387e-18   1480072
  1.657690e+00   5.273257e-15   1.121364e-03   4.495929e-18   1486594
  1.661576e+00   5.254999e-15   1.118520e-03   4.477253e-18   1488882
  1.665461e+00   5.208216e-15   1.123128e-03   4.411801e-18   1500854
  1.669353e+00   5.182717e-15   1.123083e-03   4.392677e-18   1506874
  1.673232e+00   5.162674e-15   1.117624e-03   4.361777e-18   1506094
  1.677111e+00   5.133210e-15   1.122855e-03   4.320575e-18   1519682
  1.680997e+00   5.099577e-15   1.122626e-03   4.292003e-18   1526724
  1.684890e+00   5.074422e-15   1.125240e-03   4.262256e-18   1539038
  1.688782e+00   5.044576e-15   1.119859e-03   4.226443e-18   1539810
  1.692664e+00   5.031612e-15   1.119007e-03   4.209939e-18   1545046
  1.696554e+00   4.992759e-15   1.126236e-03   4.164979e-18   1560538
  1.700441e+00   4.963577e-15   1.120507e-03   4.144766e-18   1557506
  1.704322e+00   4.946342e-15   1.124114e-03   4.116135e-18   1570062
  1.708203e+00   4.914009e-15   1.119253e-03   4.090506e-18   1571290
  1.712089e+00   4.914364e-15   1.124856e-03   4.065993e-18   1588228
  1.715982e+00   4.872370e-15   1.121250e-03   4.032445e-18   1591046
  1.719873e+00   4.839353e-15   1.123715e-03   3.980797e-18   1602474
  1.723761e+00   4.825912e-15   1.118014e-03   3.985295e-18   1601646
  1.727642e+00   4.794684e-15   1.120550e-03   3.953631e-18   1611266
  1.731523e+00   4.766246e-15   1.120678e-03   3.917421e-18   1616634
  1.735410e+00   4.740428e-15   1.126166e-03   3.882373e-18   1631366
  1.739297e+00   4.716400e-15   1.119655e-03   3.860683e-18   1631028
  1.743180e+00   4.698390e-15   1.119854e-03   3.844082e-18   1641446
  1.747073e+00   4.670137e-15   1.124208e-03   3.800588e-18   1654234
  1.750973e+00   4.641879e-15   1.126198e-03   3.768770e-18   1662874
  1.754858e+00   4.622757e-15   1.117471e-03   3.764733e-18   1656686
  1.758736e+00   4.603766e-15   1.122008e-03   3.734293e-18   1670898
  1.762622e+00   4.575332e-15   1.123056e-03   3.706936e-18   1678074
  1.766507e+00   4.550861e-15   1.123311e-03   3.677294e-18   1685198
  1.770393e+00   4.531230e-15   1.122996e-03   3.656270e-18   1694524
  1.774282e+00   4.509531e-15   1.120709e-03   3.628803e-18   1701334
  1.778171e+00   4.480108e-15   1.120908e-03   3.605456e-18   1709386
  1.782064e+00   4.466602e-15   1.123720e-03   3.585318e-18   1719994
  1.785953e+00   4.448079e-15   1.121006e-03   3.568024e-18   1721510
  1.789842e+00   4.418272e-15   1.124974e-03   3.539778e-18   1734978
  1.793722e+00   4.398884e-15   1.116124e-03   3.522792e-18   1728646
  1.797599e+00   4.368800e-15   1.122713e-03   3.480056e-18   1746868
  1.801486e+00   4.351499e-15   1.121127e-03   3.472240e-18   1752922
  1.805380e+00   4.331792e-15   1.125234e-03   3.442067e-18   1767862
  1.809271e+00   4.306491e-15   1.119301e-03   3.423878e-18   1765698
  1.813160e+00   4.284458e-15   1.125035e-03   3.390722e-18   1781270
  1.817049e+00   4.266999e-15   1.121176e-03   3.384038e-18   1780650
  1.820932e+00   4.238250e-15   1.124142e-03   3.356922e-18   1792418
  1.824813e+00   4.220863e-15   1.119388e-03   3.331415e-18   1792790
  1.828696e+00   4.196273e-15   1.123591e-03   3.306474e-18   1809852
  1.832585e+00   4.186332e-15   1.120140e-03   3.296908e-18   1812666
  1.836475e+00   4.164465e-15   1.124777e-03   3.260377e-18   1827614
  1.840367e+00   4.140825e-15   1.121640e-03   3.250955e-18   1829970
  1.844251e+00   4.115333e-15   1.120370e-03   3.223600e-18   1835030
  1.848131e+00   4.101828e-15   1.119790e-03   3.216288e-18   1841410
  1.852017e+00   4.070967e-15   1.124723e-03   3.177416e-18   1856626
  1.855900e+00   4.064347e-15   1.118305e-03   3.175362e-18   1854656
  1.859782e+00   4.046918e-15   1.121720e-03   3.147984e-18   1870698
  1.863671e+00   4.023623e-15   1.120553e-03   3.139690e-18   1876998
  1.867559e+00   4.002375e-15   1.120979e-03   3.107346e-18   1884458
  1.871445e+00   3.985107e-15   1.122381e-03   3.086747e-18   1891730
  1.875338e+00   3.965617e-15   1.127317e-03   3.063012e-18   1907574
  1.879232e+00   3.954258e-15   1.122851e-03   3.061122e-18   1907730
  1.883115e+00   3.924718e-15   1.120697e-03   3.034836e-18   1912154
  1.886997e+00   3.907687e-15   1.121764e-03   3.012549e-18   1923216
  1.890888e+00   3.888935e-15   1.124326e-03   2.997489e-18   1936562
  1.894776e+00   3.877620e-15   1.119734e-03   2.992297e-18   1936862
  1.898663e+00   3.851112e-15   1.122747e-03   2.957825e-18   1950114
  1.902549e+00   3.834672e-15   1.121089e-03   2.939904e-18   1953306
  1.906439e+00   3.819355e-15   1.125982e-03   2.928775e-18   1968806
  1.910327e+00   3.797124e-15   1.121186e-03   2.909210e-18   1968818
  1.914211e+00   3.781789e-15   1.121720e-03   2.897140e-18   1980624
  1.918097e+00   3.768841e-15   1.118800e-03   2.882000e-18   1985034
  1.921980e+00   3.740734e-15   1.120281e-03   2.859456e-18   1995242
  1.925870e+00   3.728465e-15   1.123830e-03   2.835757e-18   2007742
  1.929759e+00   3.708636e-15   1.121495e-03   2.827496e-18   2010538
  1.933641e+00   3.698612e-15   1.121298e-03   2.814535e-18   2017390
  1.937531e+00   3.669601e-15   1.126602e-03   2.780328e-18   2034346
  1.941413e+00   3.661967e-15   1.117450e-03   2.783063e-18   2025498
  1.945299e+00   3.644094e-15   1.127850e-03   2.757083e-18   2055248
  1.949189e+00   3.630406e-15   1.116586e-03   2.752894e-18   2045090
  1.953070e+00   3.613374e-15   1.121603e-03   2.733119e-18   2062074
  1.956959e+00   3.591489e-15   1.122727e-03   2.712857e-18   2070190
  1.960848e+00   3.577209e-15   1.123891e-03   2.703545e-18   2079226
  1.964734e+00   3.563985e-15   1.122069e-03   2.692407e-18   2083990
  1.968623e+00   3.547640e-15   1.124515e-03   2.671852e-18   2097898
  1.972507e+00   3.535247e-15   1.118548e-03   2.661521e-18   2095452
  1.976394e+00   3.515393e-15   1.124843e-03   2.642472e-18   2117390
  1.980286e+00   3.504625e-15   1.119656e-03   2.636711e-18   2117066
  1.984162e+00   3.494824e-15   1.115140e-03   2.629080e-18   2117238
  1.988045e+00   3.477927e-15   1.124414e-03   2.604881e-18   2140026
  1.991938e+00   3.455096e-15   1.125139e-03   2.589565e-18   2147234
  1.995825e+00   3.430043e-15   1.122378e-03   2.569424e-18   2150118
  1.999710e+00   3.428052e-15   1.122400e-03   2.570557e-18   2160386
  2.003596e+00   3.418275e-15   1.121122e-03   2.558249e-18   2168256
  2.007488e+00   3.402878e-15   1.124409e-03   2.543125e-18   2183306
  2.011378e+00   3.387909e-15   1.120925e-03   2.534382e-18   2184642
  2.015262e+00   3.376315e-15   1.120511e-03   2.527924e-18   2192318
  2.019141e+00   3.358112e-15   1.118713e-03   2.506191e-18   2196066
  2.023031e+00   3.347842e-15   1.127541e-03   2.491512e-18   2220890
  2.026922e+00   3.327625e-15   1.121128e-03   2.481054e-18   2215758
  2.030810e+00   3.317118e-15   1.124804e-03   2.468884e-18   2233988
  2.034697e+00   3.300430e-15   1.118045e-03   2.464626e-18   2231670
  2.038579e+00   3.291403e-15   1.119728e-03   2.447292e-18   2244338
  2.042469e+00   3.275297e-15   1.123477e-03   2.433205e-18   2258610
  2.046358e+00   3.259263e-15   1.121050e-03   2.422064e-18   2260718
  2.050240e+00   3.243438e-15   1.120914e-03   2.410197e-18   2268162
  2.054123e+00   3.236735e-15   1.121571e-03   2.407168e-18   2277494
  2.058008e+00   3.219133e-15   1.123134e-03   2.387466e-18   2288796
  2.061901e+00   3.214479e-15   1.126253e-03   2.375645e-18   2305226
  2.065791e+00   3.206597e-15   1.119672e-03   2.387934e-18   2301630
  2.069679e+00   3.193732e-15   1.123731e-03   2.369204e-18   2319770
  2.073565e+00   3.175431e-15   1.118309e-03   2.365275e-18   2315610
  2.077447e+00   3.162546e-15   1.124236e-03   2.347235e-18   2334662
  2.081332e+00   3.152982e-15   1.120785e-03   2.341328e-18   2335722
  2.085219e+00   3.141184e-15   1.124829e-03   2.323836e-18   2354102
  2.089107e+00   3.133269e-15   1.120313e-03   2.323447e-18   2355156
  2.092998e+00   3.122360e-15   1.124614e-03   2.310594e-18   2374250
  2.096888e+00   3.108774e-15   1.120068e-03   2.304441e-18   2373102
  2.100776e+00   3.092192e-15   1.122758e-03   2.280775e-18   2388194
  2.104658e+00   3.083106e-15   1.116928e-03   2.283749e-18   2383470
  2.108539e+00   3.071644e-15   1.123618e-03   2.269117e-18   2404994
  2.112426e+00   3.060207e-15   1.121916e-03   2.263121e-18   2408538
  2.116308e+00   3.052747e-15   1.121742e-03   2.268529e-18   2417744
  2.120198e+00   3.044696e-15   1.124446e-03   2.253317e-18   2434578
  2.124090e+00   3.031391e-15   1.121710e-03   2.242159e-18   2438414
  2.127979e+00   3.025264e-15   1.122410e-03   2.231838e-18   2448066
  2.131867e+00   3.009010e-15   1.122662e-03   2.231767e-18   2456018
  2.135751e+00   2.999233e-15   1.121406e-03   2.216358e-18   2461230
  2.139636e+00   2.984346e-15   1.122653e-03   2.208489e-18   2474330
  2.143519e+00   2.984478e-15   1.119652e-03   2.217374e-18   2476498
  2.147405e+00   2.973200e-15   1.124366e-03   2.200363e-18   2497240
  2.151298e+00   2.966790e-15   1.122529e-03   2.196523e-18   2502930
  2.155185e+00   2.953950e-15   1.120390e-03   2.193475e-18   2508470
  2.159072e+00   2.951333e-15   1.121001e-03   2.189482e-18   2518482
  2.162961e+00   2.938844e-15   1.123829e-03   2.179476e-18   2532074
  2.166844e+00   2.931218e-15   1.118275e-03   2.182992e-18   2526678
  2.170724e+00   2.921919e-15   1.124045e-03   2.165475e-18   2549018
  2.174611e+00   2.910525e-15   1.120040e-03   2.165243e-18   2551704
  2.178497e+00   2.905460e-15   1.122028e-03   2.163617e-18   2566226
  2.182386e+00   2.896018e-15   1.122230e-03   2.151852e-18   2573898
  2.186278e+00   2.883881e-15   1.124844e-03   2.147135e-18   2589182
  2.190164e+00   2.875334e-15   1.119195e-03   2.144479e-18   2584890
  2.194049e+00   2.875728e-15   1.124371e-03   2.143220e-18   2605190
  2.197936e+00   2.859334e-15   1.121682e-03   2.137827e-18   2606418
  2.201821e+00   2.858137e-15   1.123741e-03   2.134695e-18   2621186
  2.205707e+00   2.851251e-15   1.120704e-03   2.136316e-18   2626608
  2.209592e+00   2.845673e-15   1.119995e-03   2.129211e-18   2636714
  2.213479e+00   2.827043e-15   1.121274e-03   2.109734e-18   2647482
  2.217374e+00   2.822623e-15   1.127022e-03   2.112666e-18   2668382
  2.221265e+00   2.814827e-15   1.120175e-03   2.112847e-18   2660418
  2.225149e+00   2.812466e-15   1.122869e-03   2.114238e-18   2676662
  2.229029e+00   2.808462e-15   1.117920e-03   2.112655e-18   2674210
  2.232911e+00   2.799978e-15   1.123157e-03   2.100761e-18   2697076
  2.236800e+00   2.798585e-15   1.121599e-03   2.109367e-18   2703558
  2.240687e+00   2.792667e-15   1.121191e-03   2.102985e-18   2713250
  2.244572e+00   2.776194e-15   1.119243e-03   2.092843e-18   2717718
  2.248464e+00   2.777113e-15   1.127021e-03   2.088102e-18   2743178
  2.252353e+00   2.767755e-15   1.120305e-03   2.090485e-18   2732730
  2.256238e+00   2.762715e-15   1.126187e-03   2.081904e-18   2758022
  2.260125e+00   2.763876e-15   1.119041e-03   2.102737e-18   2751994
  2.264006e+00   2.756014e-15   1.121171e-03   2.086723e-18   2769052
  2.267895e+00   2.748903e-15   1.122842e-03   2.081301e-18   2783062
  2.271785e+00   2.741311e-15   1.121645e-03   2.080645e-18   2789362
  2.275674e+00   2.738617e-15   1.121981e-03   2.083924e-18   2799582
  2.279564e+00   2.736905e-15   1.123236e-03   2.085358e-18   2811170
  2.283450e+00   2.731877e-15   1.121033e-03   2.087425e-18   2812658
  2.287338e+00   2.724675e-15   1.125793e-03   2.086288e-18   2833302
  2.291222e+00   2.716517e-15   1.118388e-03   2.080293e-18   2827420
  2.295104e+00   2.720180e-15   1.121018e-03   2.089084e-18   2846710
  2.298989e+00   2.703720e-15   1.120692e-03   2.068209e-18   2846535
  2.302873e+00   2.667618e-15   1.122997e-03   2.030494e-18   2848496
  2.306761e+00   2.636629e-15   1.122225e-03   1.995250e-18   2841084
  2.310652e+00   2.609774e-15   1.124928e-03   1.967938e-18   2843480
  2.314540e+00   2.572546e-15   1.120270e-03   1.943098e-18   2826624
  2.318424e+00   2.551653e-15   1.123352e-03   1.916110e-18   2828732
  2.322310e+00   2.516128e-15   1.121451e-03   1.877186e-18   2819296
  2.326197e+00   2.486023e-15   1.122811e-03   1.851280e-18   2819548
  2.330081e+00   2.461660e-15   1.118959e-03   1.824773e-18   2805192
  2.333967e+00   2.429354e-15   1.123463e-03   1.793729e-18   2811104
  2.337856e+00   2.406262e-15   1.121717e-03   1.769870e-18   2800672
  2.341743e+00   2.379271e-15   1.122654e-03   1.746458e-18   2798080
  2.345628e+00   2.351793e-15   1.120248e-03   1.722426e-18   2786976
  2.349516e+00   2.325107e-15   1.123594e-03   1.694367e-18   2791016
  2.353406e+00   2.301892e-15   1.121382e-03   1.672784e-18   2779360
  2.357287e+00   2.277965e-15   1.119573e-03   1.653512e-18   2768644
  2.361169e+00   2.257097e-15   1.122534e-03   1.631271e-18   2771192
  2.365058e+00   2.232278e-15   1.121875e-03   1.612711e-18   2765028
  2.368946e+00   2.208009e-15   1.122751e-03   1.590145e-18   2760864
  2.372840e+00   2.187916e-15   1.125689e-03   1.571322e-18   2761616
  2.376724e+00   2.168794e-15   1.118525e-03   1.562664e-18   2737932
  2.380610e+00   2.149786e-15   1.125904e-03   1.540477e-18   2752280
  2.384498e+00   2.122385e-15   1.118464e-03   1.518901e-18   2728764
  2.388382e+00   2.101581e-15   1.123937e-03   1.497255e-18   2736368
  2.392268e+00   2.078899e-15   1.119459e-03   1.483222e-18   2719952
  2.396155e+00   2.059868e-15   1.124236e-03   1.464583e-18   2727120
  2.400042e+00   2.042714e-15   1.118614e-03   1.453958e-18   2708400
  2.403932e+00   2.020217e-15   1.125719e-03   1.429648e-18   2718536
  2.407818e+00   2.003825e-15   1.118504e-03   1.423443e-18   2694300
  2.411707e+00   1.984413e-15   1.126793e-03   1.399673e-18   2709440
  2.415596e+00   1.967463e-15   1.117787e-03   1.390790e-18   2682108
  2.419475e+00   1.945312e-15   1.121308e-03   1.372994e-18   2684912
  2.423360e+00   1.928600e-15   1.121998e-03   1.359247e-18   2678868
  2.427246e+00   1.912605e-15   1.122668e-03   1.350683e-18   2674772
  2.431135e+00   1.892478e-15   1.123033e-03   1.329468e-18   2670120
  2.435021e+00   1.876658e-15   1.120804e-03   1.319718e-18   2659532
  2.438909e+00   1.860555e-15   1.123713e-03   1.306232e-18   2659704
  2.442801e+00   1.841996e-15   1.124617e-03   1.291957e-18   2654348
  2.446687e+00   1.828006e-15   1.121000e-03   1.281379e-18   2640276
  2.450572e+00   1.812298e-15   1.121992e-03   1.269827e-18   2638700
  2.454457e+00   1.797842e-15   1.120074e-03   1.258480e-18   2628244
  2.458344e+00   1.775846e-15   1.124115e-03   1.244778e-18   2630920
  2.462234e+00   1.765629e-15   1.121877e-03   1.238742e-18   2618904
  2.466118e+00   1.748882e-15   1.120448e-03   1.222468e-18   2610932
  2.470005e+00   1.733028e-15   1.121951e-03   1.209685e-18   2608464
  2.473895e+00   1.717177e-15   1.123139e-03   1.200266e-18   2603708
  2.477779e+00   1.700698e-15   1.119694e-03   1.189017e-18   2588012
  2.481660e+00   1.687792e-15   1.122196e-03   1.176073e-18   2588364
  2.485545e+00   1.675205e-15   1.120384e-03   1.171110e-18   2579076
  2.489430e+00   1.658249e-15   1.121132e-03   1.158818e-18   2574152
  2.493314e+00   1.644963e-15   1.121505e-03   1.146818e-18   2566812
  2.497207e+00   1.629867e-15   1.127061e-03   1.132453e-18   2573732
  2.501098e+00   1.619696e-15   1.119524e-03   1.130683e-18   2550568
  2.504983e+00   1.601436e-15   1.123035e-03   1.116846e-18   2552068
  2.508870e+00   1.592493e-15   1.121138e-03   1.109059e-18   2539620
  2.512757e+00   1.578705e-15   1.124635e-03   1.099630e-18   2540936
  2.516646e+00   1.568021e-15   1.121040e-03   1.092963e-18   2528032
  2.520531e+00   1.556524e-15   1.120365e-03   1.085634e-18   2521480
  2.524419e+00   1.541655e-15   1.122347e-03   1.074434e-18   2517980
  2.528309e+00   1.528339e-15   1.123011e-03   1.064509e-18   2511744
  2.532195e+00   1.514573e-15   1.120855e-03   1.057047e-18   2500140
  2.536081e+00   1.506318e-15   1.121926e-03   1.051470e-18   2496980
  2.539968e+00   1.493233e-15   1.121125e-03   1.042810e-18   2486924
  2.543856e+00   1.478130e-15   1.124762e-03   1.027059e-18   2487000
  2.547743e+00   1.468500e-15   1.120210e-03   1.026957e-18   2469840
  2.551626e+00   1.457844e-15   1.122637e-03   1.018780e-18   2469656
  2.555511e+00   1.444242e-15   1.119469e-03   1.010450e-18   2456844
  2.559401e+00   1.436248e-15   1.125965e-03   1.004325e-18   2462876
  2.563290e+00   1.426781e-15   1.120472e-03   9.979861e-19   2442136
  2.567174e+00   1.412641e-15   1.123165e-03   9.886260e-19   2441944
  2.571061e+00   1.401889e-15   1.120769e-03   9.825874e-19   2430508
  2.574945e+00   1.391184e-15   1.121157e-03   9.775858e-19   2424352
  2.578832e+00   1.381514e-15   1.123693e-03   9.676121e-19   2421264
  2.582722e+00   1.370915e-15   1.122895e-03   9.607922e-19   2413064
  2.586608e+00   1.360476e-15   1.120676e-03   9.551606e-19   2401572
  2.590492e+00   1.348358e-15   1.121724e-03   9.456280e-19   2397284
  2.594379e+00   1.340603e-15   1.121499e-03   9.417784e-19   2388336
  2.598268e+00   1.330410e-15   1.124943e-03   9.340542e-19   2387204
  2.602153e+00   1.319119e-15   1.119280e-03   9.289068e-19   2368644
  2.606033e+00   1.312045e-15   1.120613e-03   9.262531e-19   2365400
  2.609918e+00   1.300196e-15   1.121690e-03   9.151145e-19   2360072
  2.613808e+00   1.291740e-15   1.123660e-03   9.077282e-19   2356464
  2.617696e+00   1.282158e-15   1.121214e-03   9.057278e-19   2343240
  2.621583e+00   1.271910e-15   1.122605e-03   8.979238e-19   2340248
  2.625468e+00   1.262383e-15   1.118824e-03   8.945380e-19   2325000
  2.629355e+00   1.253658e-15   1.124959e-03   8.843132e-19   2328632
  2.633245e+00   1.243749e-15   1.121910e-03   8.810473e-19   2313220
  2.637134e+00   1.234775e-15   1.124095e-03   8.751673e-19   2310772
  2.641020e+00   1.226455e-15   1.119781e-03   8.726860e-19   2295420
  2.644905e+00   1.216586e-15   1.122584e-03   8.646561e-19   2293592
  2.648791e+00   1.208221e-15   1.120952e-03   8.606597e-19   2281384
  2.652683e+00   1.199422e-15   1.126704e-03   8.522251e-19   2285776
  2.656570e+00   1.194124e-15   1.117325e-03   8.510575e-19   2259408
  2.660455e+00   1.183155e-15   1.124314e-03   8.435113e-19   2266808
  2.664344e+00   1.174282e-15   1.120389e-03   8.393908e-19   2248836
  2.668227e+00   1.164983e-15   1.123045e-03   8.329239e-19   2245244
  2.672111e+00   1.159852e-15   1.120801e-03   8.318165e-19   2233908
  2.675998e+00   1.149855e-15   1.122974e-03   8.239176e-19   2231660
  2.679886e+00   1.142451e-15   1.120422e-03   8.223517e-19   2218544
  2.683775e+00   1.131922e-15   1.124792e-03   8.125141e-19   2218176
  2.687664e+00   1.126338e-15   1.121286e-03   8.138627e-19   2202900
  2.691550e+00   1.118203e-15   1.121747e-03   8.064373e-19   2197472
  2.695433e+00   1.111555e-15   1.118354e-03   8.028125e-19   2181960
  2.699317e+00   1.105995e-15   1.124130e-03   8.000705e-19   2183696
  2.703207e+00   1.096300e-15   1.123719e-03   7.934958e-19   2173416
  2.707096e+00   1.088543e-15   1.122917e-03   7.887591e-19   2165444
  2.710982e+00   1.082662e-15   1.119761e-03   7.872843e-19   2152688
  2.714867e+00   1.074410e-15   1.121777e-03   7.825341e-19   2147628
  2.718754e+00   1.067859e-15   1.122335e-03   7.782747e-19   2139012
  2.722646e+00   1.061559e-15   1.125226e-03   7.742498e-19   2136008
  2.726525e+00   1.052040e-15   1.114594e-03   7.717112e-19   2108656
  2.730404e+00   1.044476e-15   1.123744e-03   7.646970e-19   2117896
  2.734296e+00   1.042350e-15   1.123450e-03   7.650149e-19   2106260
  2.738185e+00   1.033257e-15   1.123855e-03   7.604640e-19   2099088
  2.742075e+00   1.025952e-15   1.121974e-03   7.561237e-19   2088432
  2.745961e+00   1.020840e-15   1.120471e-03   7.547763e-19   2078432
  2.749845e+00   1.015064e-15   1.120708e-03   7.501993e-19   2069048
  2.753732e+00   1.005534e-15   1.123831e-03   7.438318e-19   2064804
  2.757623e+00   9.999116e-16   1.123568e-03   7.407205e-19   2055644
  2.761510e+00   9.945073e-16   1.120700e-03   7.399818e-19   2043000
  2.765392e+00   9.879196e-16   1.120067e-03   7.353090e-19   2032348
  2.769281e+00   9.835106e-16   1.126495e-03   7.335864e-19   2034064
  2.773172e+00   9.737205e-16   1.122211e-03   7.264830e-19   2017740
  2.777059e+00   9.681854e-16   1.121480e-03   7.245815e-19   2010188
  2.780942e+00   9.626505e-16   1.118751e-03   7.241953e-19   1996556
  2.784826e+00   9.578313e-16   1.122456e-03   7.206831e-19   1992816
  2.788712e+00   9.494194e-16   1.122411e-03   7.174140e-19   1982400
  2.792596e+00   9.448851e-16   1.121262e-03   7.147947e-19   1972256
  2.796480e+00   9.376718e-16   1.121000e-03   7.092951e-19   1964384
  2.800370e+00   9.339060e-16   1.122889e-03   7.085980e-19   1958544
  2.804258e+00   9.293488e-16   1.122489e-03   7.078107e-19   1946988
  2.808149e+00   9.213956e-16   1.124629e-03   7.019770e-19   1942532
  2.812034e+00   9.168102e-16   1.117383e-03   7.013974e-19   1921692
  2.815918e+00   9.116182e-16   1.123808e-03   6.982032e-19   1924004
  2.819806e+00   9.057792e-16   1.120365e-03   6.970526e-19   1907344
  2.823695e+00   9.007941e-16   1.126069e-03   6.942130e-19   1907440
  2.827583e+00   8.948426e-16   1.118720e-03   6.926071e-19   1886136
  2.831464e+00   8.890038e-16   1.121920e-03   6.885241e-19   1883144
  2.835353e+00   8.843493e-16   1.122753e-03   6.858328e-19   1874724
  2.839243e+00   8.793209e-16   1.123826e-03   6.846224e-19   1866068
  2.843130e+00   8.762293e-16   1.121455e-03   6.833541e-19   1852980
  2.847017e+00   8.703292e-16   1.122782e-03   6.814493e-19   1847468
  2.850900e+00   8.642954e-16   1.117935e-03   6.812176e-19   1829636
  2.854785e+00   8.584617e-16   1.123959e-03   6.764995e-19   1829688
  2.858675e+00   8.547370e-16   1.122789e-03   6.755620e-19   1817192
  2.862561e+00   8.504883e-16   1.121150e-03   6.745777e-19   1806312
  2.866446e+00   8.437051e-16   1.120289e-03   6.712411e-19   1795984
  2.870334e+00   8.410616e-16   1.123627e-03   6.700976e-19   1791100
  2.874224e+00   8.355792e-16   1.122050e-03   6.668427e-19   1777648
  2.878111e+00   8.313274e-16   1.123043e-03   6.664413e-19   1769848
  2.881996e+00   8.266750e-16   1.119995e-03   6.642608e-19   1756536
  2.885881e+00   8.211375e-16   1.121386e-03   6.636185e-19   1748960
  2.889768e+00   8.182383e-16   1.123014e-03   6.599979e-19   1739952
  2.893658e+00   8.117119e-16   1.124239e-03   6.583150e-19   1732124
  2.897544e+00   8.078756e-16   1.120323e-03   6.594578e-19   1716852
  2.901430e+00   8.026074e-16   1.122735e-03   6.559215e-19   1712276
  2.905319e+00   8.002499e-16   1.121222e-03   6.543587e-19   1698500
  2.909208e+00   7.963363e-16   1.125604e-03   6.537183e-19   1693932
  2.913093e+00   7.931274e-16   1.119232e-03   6.548023e-19   1675204
  2.916975e+00   7.867681e-16   1.121771e-03   6.505572e-19   1670644
  2.920858e+00   7.825658e-16   1.118515e-03   6.515078e-19   1655532
  2.924748e+00   7.768115e-16   1.126990e-03   6.454935e-19   1656860
  2.928637e+00   7.756853e-16   1.119840e-03   6.502148e-19   1635372
  2.932524e+00   7.699418e-16   1.124773e-03   6.452384e-19   1634324
  2.936410e+00   7.655330e-16   1.117372e-03   6.472415e-19   1613676
  2.940295e+00   7.627504e-16   1.124617e-03   6.450821e-19   1613348
  2.944183e+00   7.574473e-16   1.120803e-03   6.442760e-19   1596236
  2.948069e+00   7.546403e-16   1.123999e-03   6.414849e-19   1591476
  2.951956e+00   7.489730e-16   1.119134e-03   6.420883e-19   1575732
  2.955838e+00   7.457823e-16   1.120429e-03   6.414441e-19   1566236
  2.959725e+00   7.419417e-16   1.124724e-03   6.394996e-19   1560292
  2.963618e+00   7.380851e-16   1.124442e-03   6.393131e-19   1550092
  2.967503e+00   7.362917e-16   1.118750e-03   6.428137e-19   1532628
  2.971386e+00   7.301804e-16   1.121507e-03   6.370916e-19   1527332
  2.975274e+00   7.280128e-16   1.121884e-03   6.391731e-19   1515212
  2.979160e+00   7.240114e-16   1.123567e-03   6.374822e-19   1506444
  2.983048e+00   7.211584e-16   1.122261e-03   6.392233e-19   1495116
  2.986928e+00   7.168958e-16   1.117074e-03   6.389440e-19   1479152
  2.990812e+00   7.124859e-16   1.122982e-03   6.342491e-19   1475512
  2.994707e+00   7.092154e-16   1.126591e-03   6.352106e-19   1467820
  2.998598e+00   7.060636e-16   1.121923e-03   6.367691e-19   1451256
  3.002486e+00   7.021739e-16   1.122725e-03   6.344797e-19   1443212
  3.006369e+00   6.975522e-16   1.117256e-03   6.352193e-19   1425680
  3.010254e+00   6.960272e-16   1.124371e-03   6.361371e-19   1422972
  3.014143e+00   6.920386e-16   1.123023e-03   6.341213e-19   1408632
  3.018032e+00   6.892845e-16   1.123941e-03   6.351304e-19   1400984
  3.021918e+00   6.865807e-16   1.117887e-03   6.361319e-19   1383196
  3.025801e+00   6.823862e-16   1.123197e-03   6.349756e-19   1378120
  3.029692e+00   6.806737e-16   1.124450e-03   6.364619e-19   1367272
  3.033584e+00   6.746567e-16   1.124457e-03   6.346971e-19   1356580
  3.037464e+00   6.735697e-16   1.115974e-03   6.376197e-19   1337028
  3.041343e+00   6.673763e-16   1.120802e-03   6.354387e-19   1332500
  3.045230e+00   6.650718e-16   1.122780e-03   6.344282e-19   1321796
  3.049120e+00   6.607503e-16   1.124838e-03   6.349204e-19   1312716
  3.053007e+00   6.581916e-16   1.119942e-03   6.374915e-19   1296580
  3.056896e+00   6.542267e-16   1.124221e-03   6.342812e-19   1291528
  3.060783e+00   6.523170e-16   1.119071e-03   6.385717e-19   1273128
  3.064669e+00   6.481948e-16   1.125633e-03   6.361563e-19   1268720
  3.068560e+00   6.464074e-16   1.122309e-03   6.368682e-19   1254016
  3.072444e+00   6.411848e-16   1.119894e-03   6.372455e-19   1241296
  3.076322e+00   6.381746e-16   1.116955e-03   6.381310e-19   1226712
  3.080211e+00   6.361561e-16   1.128188e-03   6.372154e-19   1226228
  3.084105e+00   6.324191e-16   1.122621e-03   6.400590e-19   1207768
  3.087992e+00   6.288121e-16   1.122433e-03   6.385599e-19   1198336
  3.091874e+00   6.252541e-16   1.117108e-03   6.417238e-19   1181484
  3.095761e+00   6.223030e-16   1.125421e-03   6.418157e-19   1178012
  3.099653e+00   6.214466e-16   1.123268e-03   6.458047e-19   1162564
  3.103535e+00   6.139157e-16   1.120338e-03   6.416650e-19   1149340
  3.107418e+00   6.126215e-16   1.119954e-03   6.435188e-19   1138848
  3.111303e+00   6.088002e-16   1.120192e-03   6.441719e-19   1126748
  3.115189e+00   6.090504e-16   1.123911e-03   6.478186e-19   1117428
  3.119084e+00   6.031115e-16   1.126323e-03   6.451201e-19   1108112
  3.122973e+00   5.997908e-16   1.119549e-03   6.454143e-19   1090596
  3.126857e+00   5.961852e-16   1.120292e-03   6.492951e-19   1081052
  3.130738e+00   5.935640e-16   1.118514e-03   6.487188e-19   1065716
  3.134626e+00   5.893855e-16   1.127732e-03   6.477825e-19   1061940
  3.138518e+00   5.847140e-16   1.121370e-03   6.465759e-19   1044096
  3.142404e+00   5.812058e-16   1.122139e-03   6.483348e-19   1034864
  3.146289e+00   5.779879e-16   1.117591e-03   6.492539e-19   1018308
  3.150179e+00   5.768292e-16   1.129200e-03   6.522214e-19   1014812
  3.154072e+00   5.730637e-16   1.121981e-03   6.534654e-19   996288
  3.157955e+00   5.677920e-16   1.120847e-03   6.513971e-19   985376
  3.161835e+00   5.637023e-16   1.115880e-03   6.505881e-19   969652
  3.165722e+00   5.616901e-16   1.125987e-03   6.538828e-19   964924
  3.169610e+00   5.606358e-16   1.121515e-03   6.604666e-19   947228
  3.173495e+00   5.540343e-16   1.123457e-03   6.564508e-19   939084
  3.177381e+00   5.501035e-16   1.116472e-03   6.559530e-19   921864
  3.181265e+00   5.460408e-16   1.123502e-03   6.549467e-19   914252
  3.185159e+00   5.432158e-16   1.126304e-03   6.548701e-19   902572
  3.189050e+00   5.370290e-16   1.123145e-03   6.552215e-19   888784
  3.192932e+00   5.320072e-16   1.116224e-03   6.545425e-19   872540
  3.196811e+00   5.278346e-16   1.120157e-03   6.520023e-19   862848
  3.200697e+00   5.272080e-16   1.124093e-03   6.574979e-19   851760
  3.204592e+00   5.201096e-16   1.127172e-03   6.541556e-19   841940
  3.208479e+00   5.146224e-16   1.117661e-03   6.524337e-19   823032
  3.212364e+00   5.104047e-16   1.123934e-03   6.487928e-19   816044
  3.216253e+00   5.077903e-16   1.120364e-03   6.517943e-19   799292
  3.220140e+00   4.995316e-16   1.126784e-03   6.464435e-19   791304
  3.224026e+00   4.967557e-16   1.117490e-03   6.491595e-19   772868
  3.227902e+00   4.904779e-16   1.119936e-03   6.415604e-19   762552
  3.231787e+00   4.846187e-16   1.121745e-03   6.400508e-19   750876
  3.235677e+00   4.802709e-16   1.123999e-03   6.378098e-19   739280
  3.239565e+00   4.721779e-16   1.121784e-03   6.309857e-19   724944
  3.243456e+00   4.663354e-16   1.124267e-03   6.234639e-19   714380
  3.247336e+00   4.607337e-16   1.116046e-03   6.249278e-19   695932
  3.251222e+00   4.543416e-16   1.126879e-03   6.103067e-19   690949
  3.255114e+00   4.505278e-16   1.118914e-03   6.118362e-19   673638
  3.258999e+00   4.436083e-16   1.124434e-03   6.026007e-19   666092
  3.262883e+00   4.392599e-16   1.117312e-03   6.008728e-19   651024
  3.266766e+00   4.349341e-16   1.124054e-03   5.966079e-19   644804
  3.270656e+00   4.298586e-16   1.121035e-03   5.925724e-19   632676
  3.274546e+00   4.258669e-16   1.125434e-03   5.906417e-19   624962
  3.278430e+00   4.218762e-16   1.118496e-03   5.905542e-19   611280
  3.282321e+00   4.176940e-16   1.127391e-03   5.870447e-19   607256
  3.286211e+00   4.125954e-16   1.118374e-03   5.807382e-19   592616
  3.290095e+00   4.089647e-16   1.124430e-03   5.792293e-19   587160
  3.293983e+00   4.064112e-16   1.120749e-03   5.802877e-19   575482
  3.297866e+00   4.019480e-16   1.122505e-03   5.750677e-19   568258
  3.301757e+00   3.992105e-16   1.122731e-03   5.771845e-19   559638
  3.305647e+00   3.950008e-16   1.123210e-03   5.708051e-19   551498
  3.309536e+00   3.944708e-16   1.121790e-03   5.735716e-19   542364
  3.313423e+00   3.875124e-16   1.122328e-03   5.681931e-19   534146
  3.317305e+00   3.859055e-16   1.119988e-03   5.713731e-19   524980
  3.321196e+00   3.814087e-16   1.125222e-03   5.669352e-19   519964
  3.325077e+00   3.808419e-16   1.115886e-03   5.698889e-19   507108
  3.328962e+00   3.768822e-16   1.126905e-03   5.641283e-19   504992
  3.332852e+00   3.735092e-16   1.118656e-03   5.634682e-19   492948
  3.336740e+00   3.693209e-16   1.127360e-03   5.588393e-19   489740
  3.340629e+00   3.671867e-16   1.117346e-03   5.625621e-19   477716
  3.344511e+00   3.651698e-16   1.124864e-03   5.612563e-19   473844
  3.348399e+00   3.636365e-16   1.119228e-03   5.638279e-19   464222
  3.352284e+00   3.590395e-16   1.123815e-03   5.595279e-19   459048
  3.356167e+00   3.582727e-16   1.117888e-03   5.639648e-19   449574
  3.360054e+00   3.533779e-16   1.125019e-03   5.525618e-19   445820
  3.363936e+00   3.523289e-16   1.116211e-03   5.615335e-19   435158
  3.367827e+00   3.496771e-16   1.127850e-03   5.589415e-19   433566
  3.371713e+00   3.466716e-16   1.114763e-03   5.610014e-19   421014
  3.375597e+00   3.452943e-16   1.127754e-03   5.578807e-19   419996
  3.379490e+00   3.436402e-16   1.118287e-03   5.585300e-19   409482
  3.383368e+00   3.393599e-16   1.121665e-03   5.593493e-19   404414
  3.387257e+00   3.382815e-16   1.122567e-03   5.628981e-19   398518
  3.391148e+00   3.353875e-16   1.123750e-03   5.540851e-19   392302
  3.395033e+00   3.327614e-16   1.121765e-03   5.622864e-19   385318
  3.398930e+00   3.310778e-16   1.127631e-03   5.599146e-19   381718
  3.402811e+00   3.286100e-16   1.114511e-03   5.614512e-19   370674
  3.406696e+00   3.283403e-16   1.128673e-03   5.599993e-19   370166
  3.410587e+00   3.258715e-16   1.117032e-03   5.618226e-19   359838
  3.414471e+00   3.233499e-16   1.126612e-03   5.583520e-19   357488
  3.418356e+00   3.230156e-16   1.115416e-03   5.675173e-19   348174
  3.422239e+00   3.178004e-16   1.126138e-03   5.599422e-19   346010
  3.426123e+00   3.181608e-16   1.115666e-03   5.665051e-19   336966
  3.430017e+00   3.142121e-16   1.131496e-03   5.593037e-19   336488
  3.433906e+00   3.148688e-16   1.113178e-03   5.701797e-19   325206
  3.437790e+00   3.121484e-16   1.128394e-03   5.643334e-19   324614
  3.441675e+00   3.102441e-16   1.113950e-03   5.688849e-19   314792
  3.445561e+00   3.066556e-16   1.129033e-03   5.646170e-19   314082
  3.449445e+00   3.055818e-16   1.112843e-03   5.684402e-19   303918
  3.453329e+00   3.064785e-16   1.130230e-03   5.731686e-19   303872
  3.457223e+00   3.022625e-16   1.118237e-03   5.721663e-19   295070
  3.461110e+00   2.995855e-16   1.127117e-03   5.691857e-19   292776
  3.464999e+00   3.008354e-16   1.118155e-03   5.722046e-19   285198
  3.468882e+00   2.991168e-16   1.124173e-03   5.756667e-19   282068
  3.472770e+00   2.960790e-16   1.120642e-03   5.730194e-19   276094
  3.476654e+00   2.951419e-16   1.121770e-03   5.810446e-19   271936
  3.480537e+00   2.945560e-16   1.119604e-03   5.814492e-19   266352
  3.484425e+00   2.914963e-16   1.124273e-03   5.817135e-19   263198
  3.488309e+00   2.919863e-16   1.117087e-03   5.874504e-19   256540
  3.492199e+00   2.886592e-16   1.128018e-03   5.799429e-19   254758
  3.496085e+00   2.884120e-16   1.114575e-03   5.888206e-19   246888
  3.499973e+00   2.874615e-16   1.129431e-03   5.925811e-19   245984
  3.503859e+00   2.857561e-16   1.113747e-03   5.961283e-19   237838
  3.507743e+00   2.823541e-16   1.128624e-03   5.930502e-19   236932
  3.511628e+00   2.826830e-16   1.114686e-03   6.030880e-19   229296
  3.515519e+00   2.813771e-16   1.132107e-03   5.968399e-19   228968
  3.519410e+00   2.805530e-16   1.115334e-03   6.049600e-19   220862
  3.523299e+00   2.784686e-16   1.132320e-03   6.008374e-19   220440
  3.527188e+00   2.781426e-16   1.113877e-03   6.121269e-19   212400
  3.531075e+00   2.770074e-16   1.132596e-03   6.093150e-19   212228
  3.534965e+00   2.751602e-16   1.113928e-03   6.162855e-19   204518
  3.538852e+00   2.747975e-16   1.130227e-03   6.178312e-19   203928
  3.542735e+00   2.727140e-16   1.110921e-03   6.207492e-19   196280
  3.546619e+00   2.703718e-16   1.130361e-03   6.148360e-19   196272
  3.550503e+00   2.703098e-16   1.110008e-03   6.294677e-19   188572
  3.554385e+00   2.696915e-16   1.129045e-03   6.307430e-19   188440
  3.558272e+00   2.681851e-16   1.112527e-03   6.384430e-19   181574
  3.562156e+00   2.674416e-16   1.129325e-03   6.366727e-19   180912
  3.566042e+00   2.669930e-16   1.112617e-03   6.435306e-19   174304
  3.569927e+00   2.664235e-16   1.129933e-03   6.483617e-19   173620
  3.573814e+00   2.647170e-16   1.114477e-03   6.543274e-19   167424
  3.577707e+00   2.631430e-16   1.132693e-03   6.471688e-19   166952
  3.581590e+00   2.640264e-16   1.109406e-03   6.689793e-19   159744
  3.585479e+00   2.612720e-16   1.134885e-03   6.623373e-19   160424
  3.589363e+00   2.608603e-16   1.107308e-03   6.713309e-19   152748
  3.593250e+00   2.591720e-16   1.136784e-03   6.649189e-19   153920
  3.597136e+00   2.606026e-16   1.105473e-03   6.861723e-19   146016
  3.601018e+00   2.586470e-16   1.136208e-03   6.832955e-19   147176
  3.604907e+00   2.587871e-16   1.107710e-03   6.992611e-19   139992
  3.608791e+00   2.565800e-16   1.135264e-03   6.865999e-19   140588
  3.612682e+00   2.565817e-16   1.111007e-03   7.029250e-19   134184
  3.616571e+00   2.562494e-16   1.134121e-03   7.064258e-19   134192
  3.620457e+00   2.554471e-16   1.110077e-03   7.208945e-19   127992
  3.624344e+00   2.527893e-16   1.133946e-03   7.157139e-19   128132
  3.628235e+00   2.524494e-16   1.112933e-03   7.253392e-19   122384
  3.632120e+00   2.519118e-16   1.130787e-03   7.230208e-19   121896
  3.636006e+00   2.495911e-16   1.111987e-03   7.330577e-19   116592
  3.639888e+00   2.498634e-16   1.130031e-03   7.337110e-19   116072
  3.643776e+00   2.502125e-16   1.113281e-03   7.503845e-19   111196
  3.647666e+00   2.494729e-16   1.133982e-03   7.521325e-19   110824
  3.651553e+00   2.503879e-16   1.109351e-03   7.787410e-19   105456
  3.655445e+00   2.463616e-16   1.137911e-03   7.568027e-19   105746
  3.659331e+00   2.498592e-16   1.104570e-03   7.927592e-19   99816
  3.663217e+00   2.463309e-16   1.137630e-03   7.784131e-19   100460
  3.667098e+00   2.455219e-16   1.103186e-03   7.993023e-19   94616
  3.670986e+00   2.466159e-16   1.138482e-03   8.083066e-19   95448
  3.674871e+00   2.437268e-16   1.104767e-03   8.126056e-19   89784
  3.678762e+00   2.459621e-16   1.138753e-03   8.157222e-19   90536
  3.682640e+00   2.460010e-16   1.098833e-03   8.494167e-19   84566
  3.686528e+00   2.431984e-16   1.143171e-03   8.296288e-19   86088
  3.690411e+00   2.415836e-16   1.094501e-03   8.607938e-19   79680
  3.694290e+00   2.431103e-16   1.143460e-03   8.543716e-19   81368
  3.698177e+00   2.442256e-16   1.096007e-03   8.929249e-19   75356
  3.702056e+00   2.440407e-16   1.143156e-03   8.852490e-19   76704
  3.705948e+00   2.413363e-16   1.100016e-03   9.081718e-19   71322
  3.709834e+00   2.413333e-16   1.143672e-03   8.964882e-19   72248
  3.713724e+00   2.426923e-16   1.099908e-03   9.367974e-19   67160
  3.717610e+00   2.431127e-16   1.141543e-03   9.360124e-19   67836
  3.721489e+00   2.421422e-16   1.096984e-03   9.662507e-19   62976
  3.725379e+00   2.412337e-16   1.144398e-03   9.645740e-19   63914
  3.729253e+00   2.439357e-16   1.092761e-03   1.008899e-18   58832
  3.733144e+00   2.379211e-16   1.147084e-03   9.719267e-19   60108
  3.737017e+00   2.415129e-16   1.090205e-03   1.032865e-18   54920
  3.740928e+00   2.387350e-16   1.160099e-03   9.992145e-19   56970
  3.744809e+00   2.428291e-16   1.078913e-03   1.085568e-18   50760
  3.748701e+00   2.395445e-16   1.161348e-03   1.042877e-18   53312
  3.752584e+00   2.407829e-16   1.074836e-03   1.121859e-18   47164
  3.756472e+00   2.410952e-16   1.163802e-03   1.080896e-18   49810
  3.760356e+00   2.396577e-16   1.069365e-03   1.162969e-18   43680
  3.764234e+00   2.382268e-16   1.164818e-03   1.088611e-18   46328
  3.768129e+00   2.379631e-16   1.073902e-03   1.182310e-18   40694
  3.772013e+00   2.371483e-16   1.167140e-03   1.143633e-18   42984
  3.775913e+00   2.418380e-16   1.073587e-03   1.242386e-18   37656
  3.779787e+00   2.340711e-16   1.164236e-03   1.178968e-18   39578
  3.783688e+00   2.378991e-16   1.077878e-03   1.268589e-18   34920
  3.787564e+00   2.386991e-16   1.160065e-03   1.262093e-18   36308
  3.791451e+00   2.412234e-16   1.076316e-03   1.339106e-18   32136
  3.795334e+00   2.384692e-16   1.159401e-03   1.317241e-18   33362
  3.799207e+00   2.386035e-16   1.069739e-03   1.383394e-18   29336
  3.803104e+00   2.386036e-16   1.167435e-03   1.362855e-18   30804
  3.806966e+00   2.365421e-16   1.055228e-03   1.466548e-18   26490
  3.810870e+00   2.373260e-16   1.176653e-03   1.435980e-18   28376
  3.814719e+00   2.369097e-16   1.039734e-03   1.538383e-18   23784
  3.818636e+00   2.354923e-16   1.189627e-03   1.440399e-18   26150
  3.822479e+00   2.410081e-16   1.021588e-03   1.661484e-18   21192
  3.826407e+00   2.369185e-16   1.204804e-03   1.529889e-18   24050
  3.830252e+00   2.393382e-16   1.002280e-03   1.782126e-18   18768
  3.834191e+00   2.365231e-16   1.221518e-03   1.606604e-18   22052
  3.838029e+00   2.416332e-16   9.660660e-04   1.898574e-18   16346
  3.841962e+00   2.385554e-16   1.236558e-03   1.689176e-18   20136
  3.845802e+00   2.384114e-16   9.274195e-04   1.999220e-18   14160
  3.849721e+00   2.403635e-16   1.247069e-03   1.776962e-18   18218
  3.853565e+00   2.442001e-16   8.859468e-04   2.235051e-18   12204
  3.857470e+00   2.384106e-16   1.256334e-03   1.835642e-18   16346
  3.861333e+00   2.438541e-16   8.562781e-04   2.399282e-18   10536
  3.865221e+00   2.436023e-16   1.261091e-03   2.003606e-18   14456
  3.869081e+00   2.403907e-16   8.165112e-04   2.614842e-18   8990
  3.872967e+00   2.367026e-16   1.270385e-03   2.059996e-18   12744
  3.876815e+00   2.440114e-16   7.482517e-04   2.913363e-18   7506
  3.880703e+00   2.438555e-16   1.282849e-03   2.307575e-18   11192
  3.884545e+00   2.435941e-16   6.569471e-04   3.161925e-18   6156
  3.888432e+00   2.450912e-16   1.294599e-03   2.541209e-18   9722
  3.892281e+00   2.408777e-16   5.567157e-04   3.262903e-18   4992
  3.896158e+00   2.409707e-16   1.304505e-03   2.613828e-18   8306
  3.900025e+00   2.474009e-16   4.384033e-04   3.948006e-18   3996
  3.903878e+00   2.489774e-16   1.309274e-03   3.026877e-18   6938
  3.907766e+00   2.491895e-16   3.047624e-04   4.452363e-18   3168
  3.911584e+00   2.457735e-16   1.304853e-03   3.141046e-18   5624
  3.915485e+00   2.331725e-16   2.103226e-04   4.496842e-18   2502
  3.919286e+00   2.395841e-16   1.297747e-03   3.683424e-18   4424
  3.923208e+00   2.448034e-16   2.230451e-04   5.179417e-18   1946
  3.926998e+00   2.444710e-16   1.292790e-03   4.412342e-18   3360
  3.930918e+00   2.375985e-16   1.221617e-04   6.341045e-18   1446
  3.934708e+00   2.497150e-16   1.290208e-03   5.073248e-18   2456
  3.938666e+00   2.501263e-16   2.340394e-04   7.806686e-18   1034
  3.942432e+00   2.291146e-16   1.288305e-03   5.383847e-18   1680
  3.946383e+00   2.523590e-16   5.837572e-05   9.551866e-18   678
  3.950143e+00   2.475950e-16   1.286681e-03   7.663204e-18   1064
  3.954177e+00   2.305058e-16   3.540138e-04   1.152438e-17   410
  3.957868e+00   2.338617e-16   1.284749e-03   1.001391e-17   576
  3.961879e+00   2.577088e-16   1.855368e-05   1.609179e-17   198
  3.965528e+00   2.245162e-16   1.272780e-03   1.311357e-17   248
  3.969917e+00   2.094762e-16   8.019490e-04   2.838672e-17   74
  3.973198e+00   2.373070e-16   1.252635e-03   6.096978e-17   48
  3.977405e+00   2.441010e-16   5.034095e-08   4.506152e-17   6
