# power spectrum of pi_k * H (dimensionless)
# redshift z=48.322258
# k              Pk             sigma(k)       sigma(Pk)      count
  5.727314e-03   1.393240e-10   8.763345e-04   3.082096e-11   18
  1.001182e-02   2.317236e-10   1.059922e-03   3.301205e-11   62
  1.393445e-02   1.652024e-10   7.332271e-04   2.025235e-11   90
  1.764809e-02   1.587847e-10   1.157232e-03   1.048014e-11   170
  2.151286e-02   1.190361e-10   1.202795e-03   7.442151e-12   246
  2.528669e-02   8.962568e-11   1.146703e-03   5.019692e-12   338
  2.901099e-02   8.144248e-11   9.857564e-04   4.016378e-12   432
  3.284683e-02   6.483243e-11   1.010047e-03   2.946238e-12   578
  3.688195e-02   4.928443e-11   1.177086e-03   1.796435e-12   786
  4.101464e-02   3.807645e-11   1.190994e-03   1.220092e-12   974
  4.488954e-02   3.211856e-11   1.031402e-03   1.016151e-12   1002
  4.870958e-02   2.910237e-11   1.179303e-03   7.700218e-13   1334
  5.263577e-02   2.378793e-11   1.134676e-03   6.475401e-13   1458
  5.631027e-02   2.164742e-11   1.072446e-03   5.345897e-13   1604
  6.010158e-02   1.929297e-11   1.088865e-03   4.649320e-13   1974
  6.404851e-02   1.769912e-11   1.067989e-03   3.766347e-13   2234
  6.795611e-02   1.579790e-11   1.092954e-03   3.254254e-13   2490
  7.198483e-02   1.417193e-11   1.200217e-03   2.662716e-13   3014
  7.595394e-02   1.274161e-11   1.093611e-03   2.317721e-13   3018
  7.977896e-02   1.133708e-11   1.131598e-03   1.945774e-13   3446
  8.359600e-02   9.901326e-12   1.085617e-03   1.662598e-13   3626
  8.742004e-02   8.604200e-12   1.125556e-03   1.343388e-13   4164
  9.130612e-02   7.866674e-12   1.090740e-03   1.207907e-13   4470
  9.521636e-02   6.925243e-12   1.115446e-03   1.009488e-13   4970
  9.915211e-02   6.324734e-12   1.127844e-03   8.523175e-14   5366
  1.030785e-01   5.489570e-12   1.144516e-03   7.011026e-14   5778
  1.069619e-01   5.241275e-12   1.149148e-03   6.648432e-14   6162
  1.108671e-01   4.723446e-12   1.158272e-03   5.967010e-14   6734
  1.146806e-01   4.391844e-12   1.074898e-03   5.263835e-14   6756
  1.184510e-01   4.120932e-12   1.088568e-03   4.593758e-14   7502
  1.223464e-01   3.913297e-12   1.105366e-03   4.335064e-14   8154
  1.262469e-01   3.604523e-12   1.103283e-03   3.926194e-14   8618
  1.301909e-01   3.426142e-12   1.146655e-03   3.562023e-14   9390
  1.341197e-01   3.256944e-12   1.126004e-03   3.317995e-14   9722
  1.380051e-01   2.907038e-12   1.126950e-03   2.896700e-14   10242
  1.419007e-01   2.691690e-12   1.149257e-03   2.525431e-14   11006
  1.457777e-01   2.533608e-12   1.106962e-03   2.407865e-14   11348
  1.496576e-01   2.289739e-12   1.105725e-03   2.053205e-14   12150
  1.535164e-01   2.102299e-12   1.078348e-03   1.934317e-14   12498
  1.574072e-01   1.970334e-12   1.129889e-03   1.677264e-14   13586
  1.613096e-01   1.795993e-12   1.132072e-03   1.536263e-14   14006
  1.652381e-01   1.695530e-12   1.166232e-03   1.348231e-14   15162
  1.691226e-01   1.574290e-12   1.101754e-03   1.287942e-14   14990
  1.729750e-01   1.489653e-12   1.143142e-03   1.168866e-14   16380
  1.768610e-01   1.420816e-12   1.105581e-03   1.096543e-14   16666
  1.807168e-01   1.374287e-12   1.110348e-03   1.050127e-14   17638
  1.845996e-01   1.295109e-12   1.100521e-03   9.689458e-15   18354
  1.884710e-01   1.234393e-12   1.102640e-03   9.012584e-15   19034
  1.923685e-01   1.197617e-12   1.144302e-03   8.365780e-15   20270
  1.963174e-01   1.151619e-12   1.155956e-03   7.857903e-15   21258
  2.002141e-01   1.089147e-12   1.111898e-03   7.405076e-15   21350
  2.040863e-01   1.001416e-12   1.123159e-03   6.764336e-15   22644
  2.079681e-01   9.496133e-13   1.101476e-03   6.282943e-15   23114
  2.118390e-01   9.016674e-13   1.118265e-03   5.842884e-15   24342
  2.157382e-01   8.383137e-13   1.117694e-03   5.267932e-15   25194
  2.196235e-01   7.997994e-13   1.116195e-03   5.057443e-15   25982
  2.234724e-01   7.569672e-13   1.109599e-03   4.655327e-15   26506
  2.273806e-01   7.131845e-13   1.167806e-03   4.268045e-15   28738
  2.312750e-01   6.740210e-13   1.110542e-03   4.032478e-15   28296
  2.351662e-01   6.378534e-13   1.143823e-03   3.631271e-15   30554
  2.390501e-01   6.093536e-13   1.084103e-03   3.512571e-15   30094
  2.428824e-01   5.996843e-13   1.109820e-03   3.362468e-15   31738
  2.467836e-01   5.684473e-13   1.134747e-03   3.157474e-15   33306
  2.506613e-01   5.567269e-13   1.104153e-03   3.023427e-15   33422
  2.545365e-01   5.355134e-13   1.131527e-03   2.870581e-15   35298
  2.584714e-01   5.121513e-13   1.143069e-03   2.684761e-15   36650
  2.623670e-01   4.911096e-13   1.115532e-03   2.549478e-15   36888
  2.662651e-01   4.680982e-13   1.131896e-03   2.356926e-15   38834
  2.701697e-01   4.465034e-13   1.107355e-03   2.269430e-15   39246
  2.740453e-01   4.311717e-13   1.111777e-03   2.155199e-15   40466
  2.778984e-01   4.093563e-13   1.108403e-03   1.996432e-15   41106
  2.817847e-01   3.875732e-13   1.145602e-03   1.859566e-15   43598
  2.856833e-01   3.725509e-13   1.116308e-03   1.795176e-15   43650
  2.895471e-01   3.561935e-13   1.120907e-03   1.667931e-15   45272
  2.934575e-01   3.405581e-13   1.131740e-03   1.573579e-15   46994
  2.973636e-01   3.328170e-13   1.124346e-03   1.507857e-15   47850
  3.012447e-01   3.152655e-13   1.115858e-03   1.431512e-15   48846
  3.051030e-01   3.058843e-13   1.105642e-03   1.378136e-15   49706
  3.089532e-01   2.946889e-13   1.113265e-03   1.304261e-15   51198
  3.128464e-01   2.836696e-13   1.134266e-03   1.228123e-15   53402
  3.167281e-01   2.780505e-13   1.111145e-03   1.226388e-15   53634
  3.206428e-01   2.664897e-13   1.143806e-03   1.113234e-15   56888
  3.245618e-01   2.576841e-13   1.106794e-03   1.087514e-15   56474
  3.284581e-01   2.493032e-13   1.130606e-03   1.027454e-15   58962
  3.323510e-01   2.380487e-13   1.114731e-03   9.792958e-16   59214
  3.362265e-01   2.342150e-13   1.127963e-03   9.425580e-16   61250
  3.400938e-01   2.249883e-13   1.110759e-03   9.059950e-16   61694
  3.439480e-01   2.168645e-13   1.120230e-03   8.628075e-16   63618
  3.478512e-01   2.088022e-13   1.140078e-03   8.085393e-16   66284
  3.517691e-01   2.014122e-13   1.123324e-03   7.779155e-16   67014
  3.556494e-01   1.922641e-13   1.113722e-03   7.396458e-16   67930
  3.595371e-01   1.866256e-13   1.127426e-03   7.046901e-16   70294
  3.634200e-01   1.828343e-13   1.114424e-03   6.844647e-16   70658
  3.672742e-01   1.767596e-13   1.121955e-03   6.637087e-16   72522
  3.711539e-01   1.691204e-13   1.125103e-03   6.213544e-16   74550
  3.750359e-01   1.645033e-13   1.112832e-03   5.981595e-16   75674
  3.789191e-01   1.605713e-13   1.116846e-03   5.756639e-16   77708
  3.828461e-01   1.548270e-13   1.136191e-03   5.407025e-16   80622
  3.867545e-01   1.502741e-13   1.112810e-03   5.347720e-16   80330
  3.906423e-01   1.461298e-13   1.128269e-03   5.118805e-16   82974
  3.945313e-01   1.412841e-13   1.118618e-03   4.910056e-16   83666
  3.984084e-01   1.378150e-13   1.126394e-03   4.707510e-16   85746
  4.022765e-01   1.323717e-13   1.118427e-03   4.489288e-16   86702
  4.061542e-01   1.290242e-13   1.126154e-03   4.274140e-16   89556
  4.100569e-01   1.249557e-13   1.118519e-03   4.144393e-16   91038
  4.139484e-01   1.226249e-13   1.117921e-03   4.037861e-16   92522
  4.178268e-01   1.181127e-13   1.119569e-03   3.877261e-16   94034
  4.217415e-01   1.144873e-13   1.145339e-03   3.664360e-16   97758
  4.256173e-01   1.119197e-13   1.103600e-03   3.632830e-16   95770
  4.294627e-01   1.081719e-13   1.123790e-03   3.457764e-16   99646
  4.333400e-01   1.058361e-13   1.115333e-03   3.340206e-16   100980
  4.372362e-01   1.024154e-13   1.127284e-03   3.196796e-16   104258
  4.411386e-01   9.899119e-14   1.114910e-03   3.076937e-16   104998
  4.450377e-01   9.671939e-14   1.124073e-03   2.954714e-16   107866
  4.489311e-01   9.455557e-14   1.113184e-03   2.878364e-16   108154
  4.528161e-01   9.241842e-14   1.135370e-03   2.765532e-16   111622
  4.567076e-01   8.987298e-14   1.122976e-03   2.690463e-16   112146
  4.605727e-01   8.808369e-14   1.119518e-03   2.605310e-16   114014
  4.644440e-01   8.479722e-14   1.115906e-03   2.495229e-16   116220
  4.683319e-01   8.298196e-14   1.119789e-03   2.390035e-16   118682
  4.722291e-01   8.083303e-14   1.126606e-03   2.335505e-16   121118
  4.761348e-01   7.829894e-14   1.124808e-03   2.246026e-16   122994
  4.800157e-01   7.599119e-14   1.114862e-03   2.170197e-16   123574
  4.838959e-01   7.489719e-14   1.131276e-03   2.108190e-16   126922
  4.877763e-01   7.266289e-14   1.124735e-03   2.037950e-16   127906
  4.916481e-01   7.052962e-14   1.121767e-03   1.955581e-16   130432
  4.955333e-01   6.905115e-14   1.114812e-03   1.890517e-16   132642
  4.994186e-01   6.742289e-14   1.110800e-03   1.834375e-16   134534
  5.033164e-01   6.591971e-14   1.124671e-03   1.779088e-16   137778
  5.072392e-01   6.421345e-14   1.135312e-03   1.713649e-16   140786
  5.111285e-01   6.253173e-14   1.110620e-03   1.670640e-16   139590
  5.149976e-01   6.111560e-14   1.125619e-03   1.619475e-16   143546
  5.188865e-01   5.970446e-14   1.125142e-03   1.567261e-16   145338
  5.227635e-01   5.846822e-14   1.120484e-03   1.522274e-16   147272
  5.266520e-01   5.660293e-14   1.122335e-03   1.469693e-16   150330
  5.305485e-01   5.521944e-14   1.118234e-03   1.409502e-16   152318
  5.344262e-01   5.415460e-14   1.111066e-03   1.382338e-16   153202
  5.383243e-01   5.249801e-14   1.138693e-03   1.320161e-16   158626
  5.422165e-01   5.160478e-14   1.116855e-03   1.305508e-16   157350
  5.460935e-01   5.007430e-14   1.131200e-03   1.254901e-16   161906
  5.499589e-01   4.946007e-14   1.105071e-03   1.244774e-16   160872
  5.538418e-01   4.826708e-14   1.133375e-03   1.183734e-16   167858
  5.577463e-01   4.747020e-14   1.114977e-03   1.162740e-16   167514
  5.616201e-01   4.589584e-14   1.113803e-03   1.107322e-16   169862
  5.655108e-01   4.488771e-14   1.124453e-03   1.085984e-16   173602
  5.694083e-01   4.412891e-14   1.123533e-03   1.044571e-16   175258
  5.732959e-01   4.296155e-14   1.127164e-03   1.025547e-16   177654
  5.771897e-01   4.209131e-14   1.130949e-03   9.844565e-17   180698
  5.810773e-01   4.103823e-14   1.119005e-03   9.632611e-17   181968
  5.849616e-01   4.047936e-14   1.118541e-03   9.396897e-17   184850
  5.888448e-01   3.955532e-14   1.119144e-03   9.163606e-17   187034
  5.927421e-01   3.861036e-14   1.129966e-03   8.847139e-17   191238
  5.966308e-01   3.788910e-14   1.116348e-03   8.665978e-17   191042
  6.005065e-01   3.702305e-14   1.126286e-03   8.372290e-17   195102
  6.043812e-01   3.620768e-14   1.117515e-03   8.183081e-17   195786
  6.082630e-01   3.537786e-14   1.131649e-03   7.823348e-17   201164
  6.121481e-01   3.484436e-14   1.112645e-03   7.821894e-17   201070
  6.160242e-01   3.383144e-14   1.118305e-03   7.438089e-17   205234
  6.199111e-01   3.339547e-14   1.116352e-03   7.348762e-17   207342
  6.237987e-01   3.253249e-14   1.121735e-03   7.064125e-17   210602
  6.276909e-01   3.189008e-14   1.124203e-03   6.929376e-17   213130
  6.315953e-01   3.125908e-14   1.133190e-03   6.704013e-17   217318
  6.354807e-01   3.062902e-14   1.113546e-03   6.576399e-17   216306
  6.393491e-01   2.990450e-14   1.119403e-03   6.379473e-17   220652
  6.432430e-01   2.944730e-14   1.124854e-03   6.242508e-17   224502
  6.471454e-01   2.894779e-14   1.125081e-03   6.101967e-17   227186
  6.510345e-01   2.815810e-14   1.118193e-03   5.886189e-17   228398
  6.549165e-01   2.765296e-14   1.122259e-03   5.740189e-17   231642
  6.587972e-01   2.710077e-14   1.122763e-03   5.613995e-17   233946
  6.626908e-01   2.675176e-14   1.132956e-03   5.496568e-17   238694
  6.665707e-01   2.619679e-14   1.114640e-03   5.357567e-17   238068
  6.704525e-01   2.573527e-14   1.124042e-03   5.212215e-17   244190
  6.743498e-01   2.500954e-14   1.116752e-03   5.058360e-17   245362
  6.782313e-01   2.474918e-14   1.120102e-03   4.965384e-17   248362
  6.821206e-01   2.419791e-14   1.124509e-03   4.810388e-17   251966
  6.860099e-01   2.386390e-14   1.120649e-03   4.727361e-17   254034
  6.898855e-01   2.335549e-14   1.117172e-03   4.647491e-17   255818
  6.937781e-01   2.272302e-14   1.132899e-03   4.457954e-17   262254
  6.976722e-01   2.257289e-14   1.116974e-03   4.414457e-17   261980
  7.015718e-01   2.203091e-14   1.129534e-03   4.265866e-17   268566
  7.054538e-01   2.167862e-14   1.104857e-03   4.205605e-17   265538
  7.093286e-01   2.131598e-14   1.128000e-03   4.071696e-17   273330
  7.132165e-01   2.079380e-14   1.121481e-03   3.993320e-17   273718
  7.171069e-01   2.038774e-14   1.132652e-03   3.868331e-17   279658
  7.209986e-01   2.021713e-14   1.120025e-03   3.831815e-17   279670
  7.248700e-01   1.976382e-14   1.119062e-03   3.730540e-17   282964
  7.287608e-01   1.934936e-14   1.126489e-03   3.637596e-17   288362
  7.326540e-01   1.902667e-14   1.118613e-03   3.553058e-17   289686
  7.365333e-01   1.875671e-14   1.116235e-03   3.488115e-17   292234
  7.404015e-01   1.835054e-14   1.112765e-03   3.395430e-17   294190
  7.442845e-01   1.803034e-14   1.127923e-03   3.298452e-17   300642
  7.481851e-01   1.776216e-14   1.128116e-03   3.230893e-17   303386
  7.520700e-01   1.735615e-14   1.119257e-03   3.146980e-17   304662
  7.559583e-01   1.705005e-14   1.122290e-03   3.085456e-17   309812
  7.598513e-01   1.675383e-14   1.117608e-03   3.017821e-17   311714
  7.637547e-01   1.651225e-14   1.130270e-03   2.934473e-17   318126
  7.676398e-01   1.622976e-14   1.111035e-03   2.891785e-17   315114
  7.715118e-01   1.594100e-14   1.127143e-03   2.817597e-17   322622
  7.753932e-01   1.569167e-14   1.117154e-03   2.775308e-17   322850
  7.792787e-01   1.537546e-14   1.131101e-03   2.681178e-17   329802
  7.831716e-01   1.515162e-14   1.123851e-03   2.647629e-17   331104
  7.870696e-01   1.495135e-14   1.127607e-03   2.586001e-17   336986
  7.909587e-01   1.463676e-14   1.111055e-03   2.536587e-17   335870
  7.948355e-01   1.435157e-14   1.120862e-03   2.464983e-17   341610
  7.987215e-01   1.413074e-14   1.121955e-03   2.418477e-17   344370
  8.026031e-01   1.394765e-14   1.122207e-03   2.387406e-17   347606
  8.064886e-01   1.367821e-14   1.124033e-03   2.314178e-17   351650
  8.103706e-01   1.348503e-14   1.118654e-03   2.271075e-17   353760
  8.142669e-01   1.324652e-14   1.129493e-03   2.210789e-17   360970
  8.181738e-01   1.306120e-14   1.123124e-03   2.177576e-17   362818
  8.220521e-01   1.282745e-14   1.110144e-03   2.130814e-17   362334
  8.259414e-01   1.259312e-14   1.129348e-03   2.076749e-17   371642
  8.298275e-01   1.239975e-14   1.114584e-03   2.060496e-17   368778
  8.337006e-01   1.222648e-14   1.128744e-03   2.002212e-17   376526
  8.375857e-01   1.198689e-14   1.121330e-03   1.961311e-17   377786
  8.414675e-01   1.182755e-14   1.123524e-03   1.923534e-17   382968
  8.453573e-01   1.164605e-14   1.120822e-03   1.877684e-17   386146
  8.492503e-01   1.149860e-14   1.124050e-03   1.842200e-17   390826
  8.531392e-01   1.128352e-14   1.119718e-03   1.810136e-17   392662
  8.570302e-01   1.112130e-14   1.125822e-03   1.768992e-17   398242
  8.609051e-01   1.091845e-14   1.111972e-03   1.738728e-17   396726
  8.647781e-01   1.077168e-14   1.124714e-03   1.698760e-17   404738
  8.686664e-01   1.059890e-14   1.122897e-03   1.665711e-17   407628
  8.725545e-01   1.039701e-14   1.121536e-03   1.629559e-17   411734
  8.764395e-01   1.025047e-14   1.117149e-03   1.596980e-17   414242
  8.803359e-01   1.009269e-14   1.126317e-03   1.563367e-17   421434
  8.842333e-01   9.911581e-15   1.120273e-03   1.532724e-17   421918
  8.881244e-01   9.825056e-15   1.128330e-03   1.512981e-17   427810
  8.920157e-01   9.627546e-15   1.123036e-03   1.470993e-17   429470
  8.958948e-01   9.508207e-15   1.119658e-03   1.453968e-17   432282
  8.997746e-01   9.356499e-15   1.122449e-03   1.420433e-17   437260
  9.036583e-01   9.231099e-15   1.120747e-03   1.396489e-17   440758
  9.075489e-01   9.123025e-15   1.124778e-03   1.368090e-17   446370
  9.114474e-01   8.921714e-15   1.123943e-03   1.335752e-17   450182
  9.153288e-01   8.784766e-15   1.115142e-03   1.319429e-17   449850
  9.192089e-01   8.655526e-15   1.127357e-03   1.283576e-17   457898
  9.230929e-01   8.540725e-15   1.119604e-03   1.267379e-17   458662
  9.269737e-01   8.427050e-15   1.121722e-03   1.245407e-17   464620
  9.308545e-01   8.291925e-15   1.114316e-03   1.224784e-17   466302
  9.347441e-01   8.175231e-15   1.124571e-03   1.191412e-17   474314
  9.386369e-01   8.055754e-15   1.120021e-03   1.172742e-17   475530
  9.425348e-01   7.933870e-15   1.129051e-03   1.145726e-17   483206
  9.464328e-01   7.829387e-15   1.121669e-03   1.132800e-17   483530
  9.503142e-01   7.728222e-15   1.121047e-03   1.111189e-17   487002
  9.541966e-01   7.615981e-15   1.124058e-03   1.088535e-17   491774
  9.580774e-01   7.481098e-15   1.120518e-03   1.070022e-17   495084
  9.619601e-01   7.384789e-15   1.119352e-03   1.049678e-17   499438
  9.658473e-01   7.269984e-15   1.122356e-03   1.031163e-17   504682
  9.697357e-01   7.167114e-15   1.121500e-03   1.012464e-17   507738
  9.736321e-01   7.077637e-15   1.130456e-03   9.969493e-18   515174
  9.775214e-01   6.987803e-15   1.119580e-03   9.795288e-18   514234
  9.813957e-01   6.880043e-15   1.119450e-03   9.633021e-18   519022
  9.852705e-01   6.751001e-15   1.117281e-03   9.358827e-18   522636
  9.891535e-01   6.681476e-15   1.121739e-03   9.221245e-18   529442
  9.930474e-01   6.590611e-15   1.122647e-03   9.069562e-18   534078
  9.969375e-01   6.490283e-15   1.118397e-03   8.910511e-18   536666
  1.000817e+00   6.394824e-15   1.116716e-03   8.765876e-18   539142
  1.004715e+00   6.298777e-15   1.134178e-03   8.589165e-18   550658
  1.008615e+00   6.244289e-15   1.121935e-03   8.498817e-18   548298
  1.012495e+00   6.145959e-15   1.123048e-03   8.314481e-18   553694
  1.016374e+00   6.066657e-15   1.116375e-03   8.192709e-18   556116
  1.020264e+00   5.974070e-15   1.125051e-03   8.008297e-18   564890
  1.024148e+00   5.877241e-15   1.116141e-03   7.876628e-18   563718
  1.028036e+00   5.818680e-15   1.128568e-03   7.718317e-18   574298
  1.031929e+00   5.748638e-15   1.120551e-03   7.648001e-18   573966
  1.035814e+00   5.677615e-15   1.126024e-03   7.524421e-18   580586
  1.039699e+00   5.588947e-15   1.122029e-03   7.391927e-18   582666
  1.043587e+00   5.515331e-15   1.125959e-03   7.238898e-18   590648
  1.047474e+00   5.436545e-15   1.114820e-03   7.139919e-18   590394
  1.051350e+00   5.356932e-15   1.116684e-03   6.981241e-18   596174
  1.055234e+00   5.294551e-15   1.120236e-03   6.862139e-18   601674
  1.059126e+00   5.216830e-15   1.125352e-03   6.744140e-18   607682
  1.063019e+00   5.154736e-15   1.124350e-03   6.655136e-18   611166
  1.066910e+00   5.100290e-15   1.124099e-03   6.545103e-18   615626
  1.070791e+00   5.028429e-15   1.119456e-03   6.444541e-18   617290
  1.074678e+00   4.940907e-15   1.126011e-03   6.288895e-18   626344
  1.078566e+00   4.895782e-15   1.117274e-03   6.245998e-18   626658
  1.082451e+00   4.837339e-15   1.122467e-03   6.128836e-18   634022
  1.086331e+00   4.753115e-15   1.116124e-03   6.006740e-18   634554
  1.090218e+00   4.696964e-15   1.128467e-03   5.880475e-18   645026
  1.094107e+00   4.636328e-15   1.122446e-03   5.808593e-18   645102
  1.097993e+00   4.575206e-15   1.126954e-03   5.706975e-18   653018
  1.101879e+00   4.522354e-15   1.119089e-03   5.622662e-18   654384
  1.105770e+00   4.455824e-15   1.123901e-03   5.522120e-18   663194
  1.109660e+00   4.423165e-15   1.117576e-03   5.471993e-18   663834
  1.113540e+00   4.339008e-15   1.118796e-03   5.361046e-18   669158
  1.117424e+00   4.289522e-15   1.120650e-03   5.271837e-18   674490
  1.121304e+00   4.237827e-15   1.118416e-03   5.198910e-18   677222
  1.125193e+00   4.204568e-15   1.128225e-03   5.144436e-18   686874
  1.129092e+00   4.140226e-15   1.126811e-03   5.034381e-18   690722
  1.132980e+00   4.088595e-15   1.118907e-03   4.987966e-18   692008
  1.136871e+00   4.028406e-15   1.124678e-03   4.859600e-18   701386
  1.140761e+00   3.986151e-15   1.117002e-03   4.818375e-18   700778
  1.144643e+00   3.924712e-15   1.123318e-03   4.701091e-18   708774
  1.148529e+00   3.880670e-15   1.121990e-03   4.654565e-18   711690
  1.152418e+00   3.829939e-15   1.126973e-03   4.558167e-18   719606
  1.156298e+00   3.787331e-15   1.116380e-03   4.508608e-18   717762
  1.160181e+00   3.738882e-15   1.127123e-03   4.402188e-18   730460
  1.164073e+00   3.694696e-15   1.119262e-03   4.359465e-18   731070
  1.167968e+00   3.639680e-15   1.125901e-03   4.271735e-18   741170
  1.171853e+00   3.609524e-15   1.112045e-03   4.252398e-18   737094
  1.175730e+00   3.565135e-15   1.122374e-03   4.182321e-18   747698
  1.179618e+00   3.511227e-15   1.122867e-03   4.106701e-18   751658
  1.183501e+00   3.474296e-15   1.121599e-03   4.054075e-18   755574
  1.187383e+00   3.431748e-15   1.122256e-03   3.982081e-18   761442
  1.191279e+00   3.385467e-15   1.126787e-03   3.901607e-18   770816
  1.195171e+00   3.367077e-15   1.117539e-03   3.896594e-18   769274
  1.199064e+00   3.304687e-15   1.129525e-03   3.789308e-18   782130
  1.202947e+00   3.274665e-15   1.112602e-03   3.753917e-18   775230
  1.206825e+00   3.225430e-15   1.126605e-03   3.674461e-18   789866
  1.210710e+00   3.190644e-15   1.118361e-03   3.640039e-18   787914
  1.214592e+00   3.157564e-15   1.128225e-03   3.575774e-18   799598
  1.218486e+00   3.113830e-15   1.124161e-03   3.522517e-18   802980
  1.222371e+00   3.077577e-15   1.117789e-03   3.478602e-18   805622
  1.226254e+00   3.045771e-15   1.119738e-03   3.437945e-18   812050
  1.230147e+00   3.006320e-15   1.126034e-03   3.367113e-18   820954
  1.234035e+00   2.972921e-15   1.118780e-03   3.324840e-18   820062
  1.237911e+00   2.931185e-15   1.119897e-03   3.266737e-18   826298
  1.241794e+00   2.908655e-15   1.121814e-03   3.240461e-18   833118
  1.245672e+00   2.871106e-15   1.117137e-03   3.189371e-18   834812
  1.249560e+00   2.842872e-15   1.126815e-03   3.124720e-18   847858
  1.253469e+00   2.804614e-15   1.127442e-03   3.076407e-18   854278
  1.257361e+00   2.771804e-15   1.116253e-03   3.048388e-18   850978
  1.261241e+00   2.743724e-15   1.121687e-03   3.010779e-18   859186
  1.265131e+00   2.705952e-15   1.127494e-03   2.957405e-18   867126
  1.269018e+00   2.677516e-15   1.121886e-03   2.922902e-18   868274
  1.272897e+00   2.642838e-15   1.120976e-03   2.883598e-18   873606
  1.276776e+00   2.614782e-15   1.119398e-03   2.839937e-18   879284
  1.280663e+00   2.590643e-15   1.122355e-03   2.801768e-18   887170
  1.284564e+00   2.561177e-15   1.128693e-03   2.755756e-18   897526
  1.288458e+00   2.525352e-15   1.117587e-03   2.716121e-18   894258
  1.292341e+00   2.504097e-15   1.122714e-03   2.676551e-18   903374
  1.296223e+00   2.473220e-15   1.118323e-03   2.641986e-18   904338
  1.300103e+00   2.444770e-15   1.123719e-03   2.598695e-18   913586
  1.303982e+00   2.423465e-15   1.118150e-03   2.586232e-18   915416
  1.307871e+00   2.389527e-15   1.124217e-03   2.530538e-18   928122
  1.311759e+00   2.365035e-15   1.115167e-03   2.504671e-18   926094
  1.315654e+00   2.341928e-15   1.130093e-03   2.456452e-18   942890
  1.319549e+00   2.309596e-15   1.118827e-03   2.428103e-18   937266
  1.323433e+00   2.286370e-15   1.126506e-03   2.398621e-18   948854
  1.327319e+00   2.259057e-15   1.120121e-03   2.366131e-18   948714
  1.331197e+00   2.233395e-15   1.122687e-03   2.337756e-18   956186
  1.335082e+00   2.212603e-15   1.124444e-03   2.298203e-18   964272
  1.338973e+00   2.184245e-15   1.121587e-03   2.267095e-18   969458
  1.342859e+00   2.162160e-15   1.118296e-03   2.237319e-18   972750
  1.346749e+00   2.140067e-15   1.124460e-03   2.204162e-18   982706
  1.350635e+00   2.117444e-15   1.119858e-03   2.183255e-18   982906
  1.354527e+00   2.092431e-15   1.129306e-03   2.139489e-18   996622
  1.358414e+00   2.064692e-15   1.117989e-03   2.119799e-18   992378
  1.362284e+00   2.047065e-15   1.117150e-03   2.085379e-18   999000
  1.366168e+00   2.023327e-15   1.122014e-03   2.056481e-18   1010114
  1.370061e+00   2.004769e-15   1.121750e-03   2.039977e-18   1015722
  1.373948e+00   1.981353e-15   1.119290e-03   2.009461e-18   1018742
  1.377843e+00   1.962597e-15   1.127371e-03   1.976660e-18   1031250
  1.381733e+00   1.936863e-15   1.118461e-03   1.960973e-18   1027226
  1.385615e+00   1.917437e-15   1.126435e-03   1.927300e-18   1039734
  1.389500e+00   1.900710e-15   1.120654e-03   1.907460e-18   1039914
  1.393382e+00   1.881393e-15   1.123683e-03   1.877931e-18   1050272
  1.397267e+00   1.857068e-15   1.117473e-03   1.853160e-18   1052306
  1.401154e+00   1.841881e-15   1.122308e-03   1.831335e-18   1062666
  1.405045e+00   1.814534e-15   1.122401e-03   1.803358e-18   1067262
  1.408935e+00   1.803827e-15   1.123952e-03   1.788327e-18   1073906
  1.412823e+00   1.779244e-15   1.122463e-03   1.762506e-18   1078190
  1.416712e+00   1.762266e-15   1.124033e-03   1.732424e-18   1085634
  1.420592e+00   1.744598e-15   1.117456e-03   1.720130e-18   1085508
  1.424480e+00   1.721968e-15   1.126594e-03   1.683131e-18   1101926
  1.428369e+00   1.706144e-15   1.116061e-03   1.672858e-18   1098322
  1.432252e+00   1.690846e-15   1.121199e-03   1.649951e-18   1109878
  1.436144e+00   1.672623e-15   1.122554e-03   1.629852e-18   1115338
  1.440035e+00   1.653172e-15   1.125793e-03   1.607473e-18   1122586
  1.443924e+00   1.637338e-15   1.123292e-03   1.585602e-18   1125862
  1.447810e+00   1.621512e-15   1.122976e-03   1.569782e-18   1132498
  1.451691e+00   1.603837e-15   1.119415e-03   1.554717e-18   1135444
  1.455573e+00   1.587381e-15   1.122581e-03   1.524475e-18   1145374
  1.459464e+00   1.568471e-15   1.123383e-03   1.503679e-18   1152698
  1.463354e+00   1.554603e-15   1.121349e-03   1.490820e-18   1157046
  1.467236e+00   1.541189e-15   1.119148e-03   1.476363e-18   1160226
  1.471127e+00   1.522821e-15   1.127743e-03   1.447144e-18   1174346
  1.475014e+00   1.509274e-15   1.119897e-03   1.440265e-18   1171462
  1.478897e+00   1.487995e-15   1.124033e-03   1.411370e-18   1183828
  1.482778e+00   1.480351e-15   1.114458e-03   1.405497e-18   1181822
  1.486657e+00   1.462333e-15   1.120779e-03   1.382271e-18   1194930
  1.490547e+00   1.447486e-15   1.122593e-03   1.362423e-18   1202010
  1.494437e+00   1.430345e-15   1.122115e-03   1.348628e-18   1207166
  1.498326e+00   1.418278e-15   1.123291e-03   1.331218e-18   1214106
  1.502209e+00   1.403820e-15   1.118748e-03   1.316768e-18   1215302
  1.506095e+00   1.389574e-15   1.126666e-03   1.296276e-18   1229274
  1.509994e+00   1.379247e-15   1.126873e-03   1.288099e-18   1236164
  1.513882e+00   1.362618e-15   1.118916e-03   1.273720e-18   1235326
  1.517764e+00   1.353141e-15   1.120265e-03   1.260649e-18   1244026
  1.521647e+00   1.335416e-15   1.120382e-03   1.237188e-18   1249154
  1.525536e+00   1.322904e-15   1.126025e-03   1.224437e-18   1260558
  1.529421e+00   1.307555e-15   1.119984e-03   1.206554e-18   1260394
  1.533310e+00   1.300077e-15   1.125848e-03   1.195728e-18   1274758
  1.537193e+00   1.282744e-15   1.115594e-03   1.179035e-18   1270188
  1.541083e+00   1.272781e-15   1.128008e-03   1.162696e-18   1291202
  1.544971e+00   1.261320e-15   1.115149e-03   1.158628e-18   1282654
  1.548850e+00   1.248089e-15   1.122198e-03   1.137844e-18   1298242
  1.552739e+00   1.237783e-15   1.120395e-03   1.125767e-18   1301774
  1.556625e+00   1.223216e-15   1.123165e-03   1.113300e-18   1309770
  1.560512e+00   1.210401e-15   1.123502e-03   1.099532e-18   1315714
  1.564403e+00   1.197152e-15   1.124924e-03   1.082999e-18   1325110
  1.568290e+00   1.188537e-15   1.118940e-03   1.075963e-18   1326012
  1.572174e+00   1.174563e-15   1.122090e-03   1.060815e-18   1336154
  1.576069e+00   1.164007e-15   1.126474e-03   1.046730e-18   1347334
  1.579958e+00   1.152737e-15   1.119782e-03   1.035779e-18   1345354
  1.583833e+00   1.142044e-15   1.119555e-03   1.026555e-18   1350998
  1.587719e+00   1.130124e-15   1.125829e-03   1.012369e-18   1365546
  1.591609e+00   1.122078e-15   1.122088e-03   9.998252e-19   1367474
  1.595497e+00   1.109843e-15   1.123693e-03   9.866336e-19   1377984
  1.599384e+00   1.100321e-15   1.118321e-03   9.819762e-19   1379394
  1.603272e+00   1.092180e-15   1.123056e-03   9.722110e-19   1392230
  1.607160e+00   1.078406e-15   1.118740e-03   9.578608e-19   1392634
  1.611042e+00   1.071000e-15   1.122441e-03   9.492120e-19   1402666
  1.614928e+00   1.060015e-15   1.122269e-03   9.390721e-19   1408502
  1.618814e+00   1.047583e-15   1.122041e-03   9.242290e-19   1415418
  1.622692e+00   1.040889e-15   1.117068e-03   9.202122e-19   1416856
  1.626588e+00   1.031313e-15   1.130843e-03   9.014741e-19   1442002
  1.630485e+00   1.019751e-15   1.117858e-03   8.946003e-19   1431634
  1.634367e+00   1.009620e-15   1.122585e-03   8.831251e-19   1444606
  1.638250e+00   1.002898e-15   1.118765e-03   8.757406e-19   1445890
  1.642138e+00   9.917853e-16   1.126997e-03   8.627710e-19   1462210
  1.646026e+00   9.821233e-16   1.120901e-03   8.548672e-19   1459590
  1.649907e+00   9.722618e-16   1.123856e-03   8.417508e-19   1471226
  1.653797e+00   9.655461e-16   1.123379e-03   8.361482e-19   1480072
  1.657690e+00   9.572697e-16   1.121364e-03   8.283552e-19   1486594
  1.661576e+00   9.478750e-16   1.118520e-03   8.206987e-19   1488882
  1.665461e+00   9.395855e-16   1.123128e-03   8.083206e-19   1500854
  1.669353e+00   9.292702e-16   1.123083e-03   7.974413e-19   1506874
  1.673232e+00   9.240253e-16   1.117624e-03   7.952503e-19   1506094
  1.677111e+00   9.135902e-16   1.122855e-03   7.838077e-19   1519682
  1.680997e+00   9.056679e-16   1.122626e-03   7.758059e-19   1526724
  1.684890e+00   8.958399e-16   1.125240e-03   7.622774e-19   1539038
  1.688782e+00   8.884513e-16   1.119859e-03   7.576391e-19   1539810
  1.692664e+00   8.812825e-16   1.119007e-03   7.509788e-19   1545046
  1.696554e+00   8.740465e-16   1.126236e-03   7.428449e-19   1560538
  1.700441e+00   8.652630e-16   1.120507e-03   7.355374e-19   1557506
  1.704322e+00   8.567143e-16   1.124114e-03   7.258624e-19   1570062
  1.708203e+00   8.498998e-16   1.119253e-03   7.190927e-19   1571290
  1.712089e+00   8.421492e-16   1.124856e-03   7.101166e-19   1588228
  1.715982e+00   8.354594e-16   1.121250e-03   7.050310e-19   1591046
  1.719873e+00   8.283869e-16   1.123715e-03   6.970320e-19   1602474
  1.723761e+00   8.202130e-16   1.118014e-03   6.905902e-19   1601646
  1.727642e+00   8.121646e-16   1.120550e-03   6.826212e-19   1611266
  1.731523e+00   8.051685e-16   1.120678e-03   6.745790e-19   1616634
  1.735410e+00   7.969053e-16   1.126166e-03   6.651114e-19   1631366
  1.739297e+00   7.922078e-16   1.119655e-03   6.613879e-19   1631028
  1.743180e+00   7.872998e-16   1.119854e-03   6.569114e-19   1641446
  1.747073e+00   7.789594e-16   1.124208e-03   6.485914e-19   1654234
  1.750973e+00   7.710376e-16   1.126198e-03   6.397168e-19   1662874
  1.754858e+00   7.649072e-16   1.117471e-03   6.357212e-19   1656686
  1.758736e+00   7.574576e-16   1.122008e-03   6.268095e-19   1670898
  1.762622e+00   7.510302e-16   1.123056e-03   6.206628e-19   1678074
  1.766507e+00   7.448029e-16   1.123311e-03   6.169651e-19   1685198
  1.770393e+00   7.380494e-16   1.122996e-03   6.094101e-19   1694524
  1.774282e+00   7.325520e-16   1.120709e-03   6.020605e-19   1701334
  1.778171e+00   7.259086e-16   1.120908e-03   5.958227e-19   1709386
  1.782064e+00   7.182462e-16   1.123720e-03   5.880194e-19   1719994
  1.785953e+00   7.129363e-16   1.121006e-03   5.846048e-19   1721510
  1.789842e+00   7.064145e-16   1.124974e-03   5.783240e-19   1734978
  1.793722e+00   7.003756e-16   1.116124e-03   5.735100e-19   1728646
  1.797599e+00   6.953747e-16   1.122713e-03   5.671204e-19   1746868
  1.801486e+00   6.889343e-16   1.121127e-03   5.620809e-19   1752922
  1.805380e+00   6.836664e-16   1.125234e-03   5.558650e-19   1767862
  1.809271e+00   6.763591e-16   1.119301e-03   5.514600e-19   1765698
  1.813160e+00   6.723279e-16   1.125035e-03   5.454354e-19   1781270
  1.817049e+00   6.664277e-16   1.121176e-03   5.416621e-19   1780650
  1.820932e+00   6.582084e-16   1.124142e-03   5.329233e-19   1792418
  1.824813e+00   6.547020e-16   1.119388e-03   5.298676e-19   1792790
  1.828696e+00   6.484405e-16   1.123591e-03   5.231695e-19   1809852
  1.832585e+00   6.435858e-16   1.120140e-03   5.186200e-19   1812666
  1.836475e+00   6.394709e-16   1.124777e-03   5.132144e-19   1827614
  1.840367e+00   6.338743e-16   1.121640e-03   5.094921e-19   1829970
  1.844251e+00   6.272436e-16   1.120370e-03   5.039313e-19   1835030
  1.848131e+00   6.225743e-16   1.119790e-03   4.988712e-19   1841410
  1.852017e+00   6.173184e-16   1.124723e-03   4.930063e-19   1856626
  1.855900e+00   6.127416e-16   1.118305e-03   4.916874e-19   1854656
  1.859782e+00   6.072855e-16   1.121720e-03   4.849553e-19   1870698
  1.863671e+00   6.037596e-16   1.120553e-03   4.829999e-19   1876998
  1.867559e+00   5.972026e-16   1.120979e-03   4.762449e-19   1884458
  1.871445e+00   5.930050e-16   1.122381e-03   4.721329e-19   1891730
  1.875338e+00   5.871510e-16   1.127317e-03   4.666010e-19   1907574
  1.879232e+00   5.824162e-16   1.122851e-03   4.625044e-19   1907730
  1.883115e+00   5.787817e-16   1.120697e-03   4.592922e-19   1912154
  1.886997e+00   5.737575e-16   1.121764e-03   4.548738e-19   1923216
  1.890888e+00   5.691622e-16   1.124326e-03   4.494541e-19   1936562
  1.894776e+00   5.645018e-16   1.119734e-03   4.466040e-19   1936862
  1.898663e+00   5.584037e-16   1.122747e-03   4.400167e-19   1950114
  1.902549e+00   5.566895e-16   1.121089e-03   4.392948e-19   1953306
  1.906439e+00   5.509625e-16   1.125982e-03   4.335752e-19   1968806
  1.910327e+00   5.450528e-16   1.121186e-03   4.288883e-19   1968818
  1.914211e+00   5.421520e-16   1.121720e-03   4.257860e-19   1980624
  1.918097e+00   5.374511e-16   1.118800e-03   4.227495e-19   1985034
  1.921980e+00   5.337262e-16   1.120281e-03   4.175430e-19   1995242
  1.925870e+00   5.291435e-16   1.123830e-03   4.137225e-19   2007742
  1.929759e+00   5.239438e-16   1.121495e-03   4.090856e-19   2010538
  1.933641e+00   5.199917e-16   1.121298e-03   4.073027e-19   2017390
  1.937531e+00   5.167359e-16   1.126602e-03   4.032432e-19   2034346
  1.941413e+00   5.114128e-16   1.117450e-03   3.999467e-19   2025498
  1.945299e+00   5.087072e-16   1.127850e-03   3.957870e-19   2055248
  1.949189e+00   5.043081e-16   1.116586e-03   3.937457e-19   2045090
  1.953070e+00   5.015393e-16   1.121603e-03   3.903790e-19   2062074
  1.956959e+00   4.960347e-16   1.122727e-03   3.856790e-19   2070190
  1.960848e+00   4.929335e-16   1.123891e-03   3.820145e-19   2079226
  1.964734e+00   4.895829e-16   1.122069e-03   3.799045e-19   2083990
  1.968623e+00   4.859400e-16   1.124515e-03   3.766039e-19   2097898
  1.972507e+00   4.813501e-16   1.118548e-03   3.731803e-19   2095452
  1.976394e+00   4.776463e-16   1.124843e-03   3.684895e-19   2117390
  1.980286e+00   4.738927e-16   1.119656e-03   3.664447e-19   2117066
  1.984162e+00   4.696731e-16   1.115140e-03   3.629686e-19   2117238
  1.988045e+00   4.669177e-16   1.124414e-03   3.600707e-19   2140026
  1.991938e+00   4.630504e-16   1.125139e-03   3.565504e-19   2147234
  1.995825e+00   4.590182e-16   1.122378e-03   3.534022e-19   2150118
  1.999710e+00   4.563339e-16   1.122400e-03   3.512247e-19   2160386
  2.003596e+00   4.529857e-16   1.121122e-03   3.483640e-19   2168256
  2.007488e+00   4.488726e-16   1.124409e-03   3.440236e-19   2183306
  2.011378e+00   4.467128e-16   1.120925e-03   3.431393e-19   2184642
  2.015262e+00   4.425416e-16   1.120511e-03   3.390908e-19   2192318
  2.019141e+00   4.389806e-16   1.118713e-03   3.362800e-19   2196066
  2.023031e+00   4.355189e-16   1.127541e-03   3.327322e-19   2220890
  2.026922e+00   4.313972e-16   1.121128e-03   3.293113e-19   2215758
  2.030810e+00   4.295212e-16   1.124804e-03   3.279650e-19   2233988
  2.034697e+00   4.266380e-16   1.118045e-03   3.264601e-19   2231670
  2.038579e+00   4.230075e-16   1.119728e-03   3.226551e-19   2244338
  2.042469e+00   4.197268e-16   1.123477e-03   3.189314e-19   2258610
  2.046358e+00   4.158119e-16   1.121050e-03   3.166087e-19   2260718
  2.050240e+00   4.138253e-16   1.120914e-03   3.157173e-19   2268162
  2.054123e+00   4.106689e-16   1.121571e-03   3.123886e-19   2277494
  2.058008e+00   4.074359e-16   1.123134e-03   3.099607e-19   2288796
  2.061901e+00   4.050140e-16   1.126253e-03   3.068683e-19   2305226
  2.065791e+00   4.017688e-16   1.119672e-03   3.044989e-19   2301630
  2.069679e+00   3.987786e-16   1.123731e-03   3.018618e-19   2319770
  2.073565e+00   3.954088e-16   1.118309e-03   3.004955e-19   2315610
  2.077447e+00   3.930290e-16   1.124236e-03   2.978356e-19   2334662
  2.081332e+00   3.902641e-16   1.120785e-03   2.953105e-19   2335722
  2.085219e+00   3.872215e-16   1.124829e-03   2.924799e-19   2354102
  2.089107e+00   3.850220e-16   1.120313e-03   2.908908e-19   2355156
  2.092998e+00   3.812301e-16   1.124614e-03   2.876412e-19   2374250
  2.096888e+00   3.792812e-16   1.120068e-03   2.866061e-19   2373102
  2.100776e+00   3.757054e-16   1.122758e-03   2.838602e-19   2388194
  2.104658e+00   3.728961e-16   1.116928e-03   2.814065e-19   2383470
  2.108539e+00   3.712564e-16   1.123618e-03   2.789357e-19   2404994
  2.112426e+00   3.677108e-16   1.121916e-03   2.774761e-19   2408538
  2.116308e+00   3.654700e-16   1.121742e-03   2.745007e-19   2417744
  2.120198e+00   3.635360e-16   1.124446e-03   2.735088e-19   2434578
  2.124090e+00   3.600718e-16   1.121710e-03   2.709788e-19   2438414
  2.127979e+00   3.579871e-16   1.122410e-03   2.683589e-19   2448066
  2.131867e+00   3.549719e-16   1.122662e-03   2.670626e-19   2456018
  2.135751e+00   3.523790e-16   1.121406e-03   2.643279e-19   2461230
  2.139636e+00   3.502940e-16   1.122653e-03   2.623036e-19   2474330
  2.143519e+00   3.475453e-16   1.119652e-03   2.606674e-19   2476498
  2.147405e+00   3.456702e-16   1.124366e-03   2.590418e-19   2497240
  2.151298e+00   3.430915e-16   1.122529e-03   2.571833e-19   2502930
  2.155185e+00   3.400022e-16   1.120390e-03   2.545711e-19   2508470
  2.159072e+00   3.378405e-16   1.121001e-03   2.531374e-19   2518482
  2.162961e+00   3.359970e-16   1.123829e-03   2.513011e-19   2532074
  2.166844e+00   3.335048e-16   1.118275e-03   2.495208e-19   2526678
  2.170724e+00   3.310190e-16   1.124045e-03   2.477968e-19   2549018
  2.174611e+00   3.293632e-16   1.120040e-03   2.462233e-19   2551704
  2.178497e+00   3.268134e-16   1.122028e-03   2.435245e-19   2566226
  2.182386e+00   3.244271e-16   1.122230e-03   2.424549e-19   2573898
  2.186278e+00   3.228329e-16   1.124844e-03   2.409561e-19   2589182
  2.190164e+00   3.202625e-16   1.119195e-03   2.390604e-19   2584890
  2.194049e+00   3.179763e-16   1.124371e-03   2.364958e-19   2605190
  2.197936e+00   3.152779e-16   1.121682e-03   2.353331e-19   2606418
  2.201821e+00   3.131057e-16   1.123741e-03   2.336147e-19   2621186
  2.205707e+00   3.108516e-16   1.120704e-03   2.314500e-19   2626608
  2.209592e+00   3.092660e-16   1.119995e-03   2.304413e-19   2636714
  2.213479e+00   3.072865e-16   1.121274e-03   2.288639e-19   2647482
  2.217374e+00   3.053901e-16   1.127022e-03   2.268417e-19   2668382
  2.221265e+00   3.030071e-16   1.120175e-03   2.250446e-19   2660418
  2.225149e+00   3.013675e-16   1.122869e-03   2.243844e-19   2676662
  2.229029e+00   2.992979e-16   1.117920e-03   2.232279e-19   2674210
  2.232911e+00   2.964346e-16   1.123157e-03   2.198411e-19   2697076
  2.236800e+00   2.947575e-16   1.121599e-03   2.191665e-19   2703558
  2.240687e+00   2.933376e-16   1.121191e-03   2.176659e-19   2713250
  2.244572e+00   2.911959e-16   1.119243e-03   2.166500e-19   2717718
  2.248464e+00   2.890882e-16   1.127021e-03   2.144745e-19   2743178
  2.252353e+00   2.874271e-16   1.120305e-03   2.137919e-19   2732730
  2.256238e+00   2.849781e-16   1.126187e-03   2.115444e-19   2758022
  2.260125e+00   2.836619e-16   1.119041e-03   2.111614e-19   2751994
  2.264006e+00   2.819411e-16   1.121171e-03   2.099662e-19   2769052
  2.267895e+00   2.797721e-16   1.122842e-03   2.075854e-19   2783062
  2.271785e+00   2.778649e-16   1.121645e-03   2.062415e-19   2789362
  2.275674e+00   2.758984e-16   1.121981e-03   2.051004e-19   2799582
  2.279564e+00   2.737567e-16   1.123236e-03   2.036087e-19   2811170
  2.283450e+00   2.717172e-16   1.121033e-03   2.016308e-19   2812658
  2.287338e+00   2.699064e-16   1.125793e-03   2.003074e-19   2833302
  2.291222e+00   2.681415e-16   1.118388e-03   1.990576e-19   2827420
  2.295104e+00   1.467169e-17   1.121018e-03   5.562097e-20   2846710
  2.298989e+00   1.652396e-18   1.120692e-03   1.140187e-21   2846535
  2.302873e+00   1.535899e-18   1.122997e-03   1.063481e-21   2848496
  2.306761e+00   1.427218e-18   1.122225e-03   9.895471e-22   2841084
  2.310652e+00   1.331740e-18   1.124928e-03   9.232347e-22   2843480
  2.314540e+00   1.248822e-18   1.120270e-03   8.659491e-22   2826624
  2.318424e+00   1.179975e-18   1.123352e-03   8.154224e-22   2828732
  2.322310e+00   1.118408e-18   1.121451e-03   7.720203e-22   2819296
  2.326197e+00   1.062094e-18   1.122811e-03   7.299186e-22   2819548
  2.330081e+00   1.013539e-18   1.118959e-03   6.970817e-22   2805192
  2.333967e+00   9.726277e-19   1.123463e-03   6.665428e-22   2811104
  2.337856e+00   9.337008e-19   1.121717e-03   6.390804e-22   2800672
  2.341743e+00   8.965732e-19   1.122654e-03   6.108984e-22   2798080
  2.345628e+00   8.617420e-19   1.120248e-03   5.867951e-22   2786976
  2.349516e+00   8.307907e-19   1.123594e-03   5.633024e-22   2791016
  2.353406e+00   8.030599e-19   1.121382e-03   5.437392e-22   2779360
  2.357287e+00   7.760644e-19   1.119573e-03   5.244242e-22   2768644
  2.361169e+00   7.505878e-19   1.122534e-03   5.047724e-22   2771192
  2.365058e+00   7.271794e-19   1.121875e-03   4.883285e-22   2765028
  2.368946e+00   7.065575e-19   1.122751e-03   4.735624e-22   2760864
  2.372840e+00   6.877321e-19   1.125689e-03   4.585070e-22   2761616
  2.376724e+00   6.684798e-19   1.118525e-03   4.474817e-22   2737932
  2.380610e+00   6.496203e-19   1.125904e-03   4.308997e-22   2752280
  2.384498e+00   6.324053e-19   1.118464e-03   4.206832e-22   2728764
  2.388382e+00   6.181196e-19   1.123937e-03   4.094424e-22   2736368
  2.392268e+00   6.037170e-19   1.119459e-03   3.997850e-22   2719952
  2.396155e+00   5.890689e-19   1.124236e-03   3.890242e-22   2727120
  2.400042e+00   5.762934e-19   1.118614e-03   3.804541e-22   2708400
  2.403932e+00   5.642636e-19   1.125719e-03   3.712211e-22   2718536
  2.407818e+00   5.522369e-19   1.118504e-03   3.639707e-22   2694300
  2.411707e+00   5.400878e-19   1.126793e-03   3.536213e-22   2709440
  2.415596e+00   5.291415e-19   1.117787e-03   3.476800e-22   2682108
  2.419475e+00   5.181572e-19   1.121308e-03   3.392830e-22   2684912
  2.423360e+00   5.090055e-19   1.121998e-03   3.333891e-22   2678868
  2.427246e+00   5.000475e-19   1.122668e-03   3.266749e-22   2674772
  2.431135e+00   4.888933e-19   1.123033e-03   3.195774e-22   2670120
  2.435021e+00   4.804785e-19   1.120804e-03   3.142179e-22   2659532
  2.438909e+00   4.721069e-19   1.123713e-03   3.079821e-22   2659704
  2.442801e+00   4.640870e-19   1.124617e-03   3.030507e-22   2654348
  2.446687e+00   4.559212e-19   1.121000e-03   2.976839e-22   2640276
  2.450572e+00   4.480192e-19   1.121992e-03   2.921938e-22   2638700
  2.454457e+00   4.411601e-19   1.120074e-03   2.885597e-22   2628244
  2.458344e+00   4.347977e-19   1.124115e-03   2.833517e-22   2630920
  2.462234e+00   4.278085e-19   1.121877e-03   2.795878e-22   2618904
  2.466118e+00   4.207961e-19   1.120448e-03   2.753530e-22   2610932
  2.470005e+00   4.142385e-19   1.121951e-03   2.704448e-22   2608464
  2.473895e+00   4.077977e-19   1.123139e-03   2.665460e-22   2603708
  2.477779e+00   4.016276e-19   1.119694e-03   2.622746e-22   2588012
  2.481660e+00   3.958550e-19   1.122196e-03   2.585964e-22   2588364
  2.485545e+00   3.899702e-19   1.120384e-03   2.549396e-22   2579076
  2.489430e+00   3.852480e-19   1.121132e-03   2.523300e-22   2574152
  2.493314e+00   3.794232e-19   1.121505e-03   2.487787e-22   2566812
  2.497207e+00   3.739833e-19   1.127061e-03   2.447188e-22   2573732
  2.501098e+00   3.688703e-19   1.119524e-03   2.422915e-22   2550568
  2.504983e+00   3.635683e-19   1.123035e-03   2.391249e-22   2552068
  2.508870e+00   3.593308e-19   1.121138e-03   2.369422e-22   2539620
  2.512757e+00   3.544090e-19   1.124635e-03   2.333075e-22   2540936
  2.516646e+00   3.501802e-19   1.121040e-03   2.311538e-22   2528032
  2.520531e+00   3.445181e-19   1.120365e-03   2.275965e-22   2521480
  2.524419e+00   3.412890e-19   1.122347e-03   2.258939e-22   2517980
  2.528309e+00   3.364672e-19   1.123011e-03   2.231456e-22   2511744
  2.532195e+00   3.329256e-19   1.120855e-03   2.214755e-22   2500140
  2.536081e+00   3.282938e-19   1.121926e-03   2.186936e-22   2496980
  2.539968e+00   3.244461e-19   1.121125e-03   2.164665e-22   2486924
  2.543856e+00   3.204996e-19   1.124762e-03   2.139613e-22   2487000
  2.547743e+00   3.162430e-19   1.120210e-03   2.119912e-22   2469840
  2.551626e+00   3.124590e-19   1.122637e-03   2.094354e-22   2469656
  2.555511e+00   3.093575e-19   1.119469e-03   2.083255e-22   2456844
  2.559401e+00   3.055234e-19   1.125965e-03   2.055767e-22   2462876
  2.563290e+00   3.020773e-19   1.120472e-03   2.042476e-22   2442136
  2.567174e+00   2.984325e-19   1.123165e-03   2.019618e-22   2441944
  2.571061e+00   2.951069e-19   1.120769e-03   2.006575e-22   2430508
  2.574945e+00   2.916279e-19   1.121157e-03   1.985935e-22   2424352
  2.578832e+00   2.886676e-19   1.123693e-03   1.967683e-22   2421264
  2.582722e+00   2.852257e-19   1.122895e-03   1.949355e-22   2413064
  2.586608e+00   2.822451e-19   1.120676e-03   1.935929e-22   2401572
  2.590492e+00   2.792396e-19   1.121724e-03   1.922916e-22   2397284
  2.594379e+00   2.761132e-19   1.121499e-03   1.905179e-22   2388336
  2.598268e+00   2.725767e-19   1.124943e-03   1.884232e-22   2387204
  2.602153e+00   2.699977e-19   1.119280e-03   1.876842e-22   2368644
  2.606033e+00   2.671188e-19   1.120613e-03   1.862429e-22   2365400
  2.609918e+00   2.650260e-19   1.121690e-03   1.848076e-22   2360072
  2.613808e+00   2.614999e-19   1.123660e-03   1.831746e-22   2356464
  2.617696e+00   2.591904e-19   1.121214e-03   1.819570e-22   2343240
  2.621583e+00   2.560287e-19   1.122605e-03   1.798428e-22   2340248
  2.625468e+00   2.531676e-19   1.118824e-03   1.787292e-22   2325000
  2.629355e+00   2.508220e-19   1.124959e-03   1.774157e-22   2328632
  2.633245e+00   2.485313e-19   1.121910e-03   1.766615e-22   2313220
  2.637134e+00   2.452663e-19   1.124095e-03   1.745842e-22   2310772
  2.641020e+00   2.431068e-19   1.119781e-03   1.741449e-22   2295420
  2.644905e+00   2.403601e-19   1.122584e-03   1.721162e-22   2293592
  2.648791e+00   2.382605e-19   1.120952e-03   1.715936e-22   2281384
  2.652683e+00   2.357420e-19   1.126704e-03   1.700143e-22   2285776
  2.656570e+00   2.331745e-19   1.117325e-03   1.694381e-22   2259408
  2.660455e+00   2.309161e-19   1.124314e-03   1.680709e-22   2266808
  2.664344e+00   2.287388e-19   1.120389e-03   1.674143e-22   2248836
  2.668227e+00   2.260766e-19   1.123045e-03   1.658877e-22   2245244
  2.672111e+00   2.239449e-19   1.120801e-03   1.648947e-22   2233908
  2.675998e+00   2.217241e-19   1.122974e-03   1.633775e-22   2231660
  2.679886e+00   2.194864e-19   1.120422e-03   1.631553e-22   2218544
  2.683775e+00   2.174528e-19   1.124792e-03   1.616813e-22   2218176
  2.687664e+00   2.153456e-19   1.121286e-03   1.608395e-22   2202900
  2.691550e+00   2.133630e-19   1.121747e-03   1.601533e-22   2197472
  2.695433e+00   2.112596e-19   1.118354e-03   1.591498e-22   2181960
  2.699317e+00   2.091743e-19   1.124130e-03   1.577519e-22   2183696
  2.703207e+00   2.073156e-19   1.123719e-03   1.574808e-22   2173416
  2.707096e+00   2.054826e-19   1.122917e-03   1.566508e-22   2165444
  2.710982e+00   2.028550e-19   1.119761e-03   1.552332e-22   2152688
  2.714867e+00   2.013036e-19   1.121777e-03   1.545632e-22   2147628
  2.718754e+00   1.994109e-19   1.122335e-03   1.539031e-22   2139012
  2.722646e+00   1.974942e-19   1.125226e-03   1.528290e-22   2136008
  2.726525e+00   1.949881e-19   1.114594e-03   1.520898e-22   2108656
  2.730404e+00   1.935910e-19   1.123744e-03   1.508528e-22   2117896
  2.734296e+00   1.920089e-19   1.123450e-03   1.502337e-22   2106260
  2.738185e+00   1.899254e-19   1.123855e-03   1.494378e-22   2099088
  2.742075e+00   1.875879e-19   1.121974e-03   1.485070e-22   2088432
  2.745961e+00   1.857431e-19   1.120471e-03   1.473300e-22   2078432
  2.749845e+00   1.843480e-19   1.120708e-03   1.469221e-22   2069048
  2.753732e+00   1.829060e-19   1.123831e-03   1.465685e-22   2064804
  2.757623e+00   1.808589e-19   1.123568e-03   1.453374e-22   2055644
  2.761510e+00   1.793656e-19   1.120700e-03   1.449645e-22   2043000
  2.765392e+00   1.773097e-19   1.120067e-03   1.436754e-22   2032348
  2.769281e+00   1.761390e-19   1.126495e-03   1.428483e-22   2034064
  2.773172e+00   1.748218e-19   1.122211e-03   1.431619e-22   2017740
  2.777059e+00   1.723708e-19   1.121480e-03   1.413482e-22   2010188
  2.780942e+00   1.709438e-19   1.118751e-03   1.410352e-22   1996556
  2.784826e+00   1.699322e-19   1.122456e-03   1.408552e-22   1992816
  2.788712e+00   1.679419e-19   1.122411e-03   1.398738e-22   1982400
  2.792596e+00   1.665995e-19   1.121262e-03   1.397440e-22   1972256
  2.796480e+00   1.649663e-19   1.121000e-03   1.384932e-22   1964384
  2.800370e+00   1.632526e-19   1.122889e-03   1.377291e-22   1958544
  2.804258e+00   1.625008e-19   1.122489e-03   1.378811e-22   1946988
  2.808149e+00   1.604439e-19   1.124629e-03   1.368028e-22   1942532
  2.812034e+00   1.592022e-19   1.117383e-03   1.364541e-22   1921692
  2.815918e+00   1.575622e-19   1.123808e-03   1.353568e-22   1924004
  2.819806e+00   1.563553e-19   1.120365e-03   1.353423e-22   1907344
  2.823695e+00   1.546713e-19   1.126069e-03   1.343164e-22   1907440
  2.827583e+00   1.534363e-19   1.118720e-03   1.343145e-22   1886136
  2.831464e+00   1.520451e-19   1.121920e-03   1.336796e-22   1883144
  2.835353e+00   1.504253e-19   1.122753e-03   1.322210e-22   1874724
  2.839243e+00   1.497773e-19   1.123826e-03   1.327209e-22   1866068
  2.843130e+00   1.477655e-19   1.121455e-03   1.317845e-22   1852980
  2.847017e+00   1.463843e-19   1.122782e-03   1.312006e-22   1847468
  2.850900e+00   1.454198e-19   1.117935e-03   1.308646e-22   1829636
  2.854785e+00   1.436881e-19   1.123959e-03   1.299561e-22   1829688
  2.858675e+00   1.426109e-19   1.122789e-03   1.298043e-22   1817192
  2.862561e+00   1.416435e-19   1.121150e-03   1.297526e-22   1806312
  2.866446e+00   1.401671e-19   1.120289e-03   1.290429e-22   1795984
  2.870334e+00   1.390786e-19   1.123627e-03   1.286013e-22   1791100
  2.874224e+00   1.381475e-19   1.122050e-03   1.286257e-22   1777648
  2.878111e+00   1.365531e-19   1.123043e-03   1.276864e-22   1769848
  2.881996e+00   1.353901e-19   1.119995e-03   1.273795e-22   1756536
  2.885881e+00   1.342277e-19   1.121386e-03   1.272725e-22   1748960
  2.889768e+00   1.333596e-19   1.123014e-03   1.268581e-22   1739952
  2.893658e+00   1.316324e-19   1.124239e-03   1.259010e-22   1732124
  2.897544e+00   1.306131e-19   1.120323e-03   1.256074e-22   1716852
  2.901430e+00   1.293856e-19   1.122735e-03   1.252573e-22   1712276
  2.905319e+00   1.282842e-19   1.121222e-03   1.249165e-22   1698500
  2.909208e+00   1.273338e-19   1.125604e-03   1.241491e-22   1693932
  2.913093e+00   1.262895e-19   1.119232e-03   1.244637e-22   1675204
  2.916975e+00   1.248734e-19   1.121771e-03   1.237994e-22   1670644
  2.920858e+00   1.240600e-19   1.118515e-03   1.242398e-22   1655532
  2.924748e+00   1.232489e-19   1.126990e-03   1.234172e-22   1656860
  2.928637e+00   1.222837e-19   1.119840e-03   1.237775e-22   1635372
  2.932524e+00   1.206027e-19   1.124773e-03   1.224401e-22   1634324
  2.936410e+00   1.199176e-19   1.117372e-03   1.226954e-22   1613676
  2.940295e+00   1.186722e-19   1.124617e-03   1.219199e-22   1613348
  2.944183e+00   1.178668e-19   1.120803e-03   1.222175e-22   1596236
  2.948069e+00   1.166885e-19   1.123999e-03   1.217050e-22   1591476
  2.951956e+00   1.157415e-19   1.119134e-03   1.217158e-22   1575732
  2.955838e+00   1.143590e-19   1.120429e-03   1.209045e-22   1566236
  2.959725e+00   1.142169e-19   1.124724e-03   1.213432e-22   1560292
  2.963618e+00   1.125715e-19   1.124442e-03   1.206027e-22   1550092
  2.967503e+00   1.118866e-19   1.118750e-03   1.210939e-22   1532628
  2.971386e+00   1.107281e-19   1.121507e-03   1.199624e-22   1527332
  2.975274e+00   1.099951e-19   1.121884e-03   1.204192e-22   1515212
  2.979160e+00   1.092142e-19   1.123567e-03   1.202774e-22   1506444
  2.983048e+00   1.081181e-19   1.122261e-03   1.199121e-22   1495116
  2.986928e+00   1.068723e-19   1.117074e-03   1.197679e-22   1479152
  2.990812e+00   1.059257e-19   1.122982e-03   1.190479e-22   1475512
  2.994707e+00   1.057003e-19   1.126591e-03   1.197664e-22   1467820
  2.998598e+00   1.043411e-19   1.121923e-03   1.188804e-22   1451256
  3.002486e+00   1.033398e-19   1.122725e-03   1.188058e-22   1443212
  3.006369e+00   1.023204e-19   1.117256e-03   1.182491e-22   1425680
  3.010254e+00   1.014059e-19   1.124371e-03   1.185280e-22   1422972
  3.014143e+00   1.011108e-19   1.123023e-03   1.189898e-22   1408632
  3.018032e+00   9.972553e-20   1.123941e-03   1.180162e-22   1400984
  3.021918e+00   9.895119e-20   1.117887e-03   1.183382e-22   1383196
  3.025801e+00   9.797869e-20   1.123197e-03   1.175766e-22   1378120
  3.029692e+00   9.749956e-20   1.124450e-03   1.186144e-22   1367272
  3.033584e+00   9.655311e-20   1.124457e-03   1.182005e-22   1356580
  3.037464e+00   9.534982e-20   1.115974e-03   1.177149e-22   1337028
  3.041343e+00   9.425148e-20   1.120802e-03   1.172898e-22   1332500
  3.045230e+00   9.389371e-20   1.122780e-03   1.175867e-22   1321796
  3.049120e+00   9.291067e-20   1.124838e-03   1.176490e-22   1312716
  3.053007e+00   9.208458e-20   1.119942e-03   1.178822e-22   1296580
  3.056896e+00   9.081434e-20   1.124221e-03   1.165895e-22   1291528
  3.060783e+00   9.016058e-20   1.119071e-03   1.173086e-22   1273128
  3.064669e+00   8.963370e-20   1.125633e-03   1.175764e-22   1268720
  3.068560e+00   8.862352e-20   1.122309e-03   1.169456e-22   1254016
  3.072444e+00   8.746938e-20   1.119894e-03   1.169961e-22   1241296
  3.076322e+00   8.663802e-20   1.116955e-03   1.162334e-22   1226712
  3.080211e+00   8.607952e-20   1.128188e-03   1.166605e-22   1226228
  3.084105e+00   8.561599e-20   1.122621e-03   1.177652e-22   1207768
  3.087992e+00   8.421090e-20   1.122433e-03   1.167958e-22   1198336
  3.091874e+00   8.355593e-20   1.117108e-03   1.169697e-22   1181484
  3.095761e+00   8.233963e-20   1.125421e-03   1.163743e-22   1178012
  3.099653e+00   8.230149e-20   1.123268e-03   1.175321e-22   1162564
  3.103535e+00   8.078837e-20   1.120338e-03   1.168275e-22   1149340
  3.107418e+00   7.989269e-20   1.119954e-03   1.161450e-22   1138848
  3.111303e+00   7.900876e-20   1.120192e-03   1.166389e-22   1126748
  3.115189e+00   7.893752e-20   1.123911e-03   1.177378e-22   1117428
  3.119084e+00   7.767647e-20   1.126323e-03   1.163889e-22   1108112
  3.122973e+00   7.644015e-20   1.119549e-03   1.161766e-22   1090596
  3.126857e+00   7.526998e-20   1.120292e-03   1.155371e-22   1081052
  3.130738e+00   7.507529e-20   1.118514e-03   1.170536e-22   1065716
  3.134626e+00   7.436255e-20   1.127732e-03   1.162210e-22   1061940
  3.138518e+00   7.331029e-20   1.121370e-03   1.168912e-22   1044096
  3.142404e+00   7.163924e-20   1.122139e-03   1.151622e-22   1034864
  3.146289e+00   7.109808e-20   1.117591e-03   1.152572e-22   1018308
  3.150179e+00   7.082272e-20   1.129200e-03   1.165141e-22   1014812
  3.154072e+00   6.948992e-20   1.121981e-03   1.161629e-22   996288
  3.157955e+00   6.811938e-20   1.120847e-03   1.149046e-22   985376
  3.161835e+00   6.730908e-20   1.115880e-03   1.151108e-22   969652
  3.165722e+00   6.669358e-20   1.125987e-03   1.150588e-22   964924
  3.169610e+00   6.600798e-20   1.121515e-03   1.159499e-22   947228
  3.173495e+00   6.413871e-20   1.123457e-03   1.135980e-22   939084
  3.177381e+00   6.303070e-20   1.116472e-03   1.122723e-22   921864
  3.181265e+00   6.218075e-20   1.123502e-03   1.124557e-22   914252
  3.185159e+00   6.197733e-20   1.126304e-03   1.138273e-22   902572
  3.189050e+00   6.028338e-20   1.123145e-03   1.119175e-22   888784
  3.192932e+00   5.859422e-20   1.116224e-03   1.096655e-22   872540
  3.196811e+00   5.758926e-20   1.120157e-03   1.093975e-22   862848
  3.200697e+00   5.741160e-20   1.124093e-03   1.110360e-22   851760
  3.204592e+00   5.566999e-20   1.127172e-03   1.083070e-22   841940
  3.208479e+00   5.423245e-20   1.117661e-03   1.070408e-22   823032
  3.212364e+00   5.293051e-20   1.123934e-03   1.058799e-22   816044
  3.216253e+00   5.196262e-20   1.120364e-03   1.053458e-22   799292
  3.220140e+00   5.073156e-20   1.126784e-03   1.044654e-22   791304
  3.224026e+00   4.906664e-20   1.117490e-03   1.016187e-22   772868
  3.227902e+00   4.742998e-20   1.119936e-03   9.925484e-23   762552
  3.231787e+00   4.635603e-20   1.121745e-03   9.760591e-23   750876
  3.235677e+00   4.503436e-20   1.123999e-03   9.639312e-23   739280
  3.239565e+00   4.322059e-20   1.121784e-03   9.261267e-23   724944
  3.243456e+00   4.146692e-20   1.124267e-03   8.942719e-23   714380
  3.247336e+00   3.985121e-20   1.116046e-03   8.568919e-23   695932
  3.251222e+00   3.825125e-20   1.126879e-03   8.138680e-23   690949
  3.255114e+00   3.673510e-20   1.118914e-03   7.781666e-23   673638
  3.258999e+00   3.533210e-20   1.124434e-03   7.504526e-23   666092
  3.262883e+00   3.454274e-20   1.117312e-03   7.363845e-23   651024
  3.266766e+00   3.326400e-20   1.124054e-03   7.042830e-23   644804
  3.270656e+00   3.229309e-20   1.121035e-03   6.851327e-23   632676
  3.274546e+00   3.123619e-20   1.125434e-03   6.688910e-23   624962
  3.278430e+00   3.014380e-20   1.118496e-03   6.318362e-23   611280
  3.282321e+00   2.949173e-20   1.127391e-03   6.250156e-23   607256
  3.286211e+00   2.870251e-20   1.118374e-03   6.135030e-23   592616
  3.290095e+00   2.786590e-20   1.124430e-03   5.961157e-23   587160
  3.293983e+00   2.694255e-20   1.120749e-03   5.747989e-23   575482
  3.297866e+00   2.623914e-20   1.122505e-03   5.666643e-23   568258
  3.301757e+00   2.560666e-20   1.122731e-03   5.485551e-23   559638
  3.305647e+00   2.489098e-20   1.123210e-03   5.371911e-23   551498
  3.309536e+00   2.426209e-20   1.121790e-03   5.178184e-23   542364
  3.313423e+00   2.342712e-20   1.122328e-03   5.058208e-23   534146
  3.317305e+00   2.299686e-20   1.119988e-03   4.966672e-23   524980
  3.321196e+00   2.221404e-20   1.125222e-03   4.813248e-23   519964
  3.325077e+00   2.158883e-20   1.115886e-03   4.652605e-23   507108
  3.328962e+00   2.103627e-20   1.126905e-03   4.504743e-23   504992
  3.332852e+00   2.056966e-20   1.118656e-03   4.448307e-23   492948
  3.336740e+00   2.001968e-20   1.127360e-03   4.324226e-23   489740
  3.340629e+00   1.950890e-20   1.117346e-03   4.259091e-23   477716
  3.344511e+00   1.889911e-20   1.124864e-03   4.115463e-23   473844
  3.348399e+00   1.856591e-20   1.119228e-03   3.997792e-23   464222
  3.352284e+00   1.787080e-20   1.123815e-03   3.893287e-23   459048
  3.356167e+00   1.769672e-20   1.117888e-03   3.841196e-23   449574
  3.360054e+00   1.703218e-20   1.125019e-03   3.725542e-23   445820
  3.363936e+00   1.675234e-20   1.116211e-03   3.723771e-23   435158
  3.367827e+00   1.635451e-20   1.127850e-03   3.620955e-23   433566
  3.371713e+00   1.586554e-20   1.114763e-03   3.519546e-23   421014
  3.375597e+00   1.548557e-20   1.127754e-03   3.443654e-23   419996
  3.379490e+00   1.513859e-20   1.118287e-03   3.339511e-23   409482
  3.383368e+00   1.455733e-20   1.121665e-03   3.229616e-23   404414
  3.387257e+00   1.445237e-20   1.122567e-03   3.200147e-23   398518
  3.391148e+00   1.386305e-20   1.123750e-03   3.075586e-23   392302
  3.395033e+00   1.373731e-20   1.121765e-03   3.077017e-23   385318
  3.398930e+00   1.327430e-20   1.127631e-03   2.983761e-23   381718
  3.402811e+00   1.290741e-20   1.114511e-03   2.921593e-23   370674
  3.406696e+00   1.273865e-20   1.128673e-03   2.912141e-23   370166
  3.410587e+00   1.246868e-20   1.117032e-03   2.824479e-23   359838
  3.414471e+00   1.206473e-20   1.126612e-03   2.736154e-23   357488
  3.418356e+00   1.190573e-20   1.115416e-03   2.740975e-23   348174
  3.422239e+00   1.145648e-20   1.126138e-03   2.624352e-23   346010
  3.426123e+00   1.132612e-20   1.115666e-03   2.622585e-23   336966
  3.430017e+00   1.093995e-20   1.131496e-03   2.507920e-23   336488
  3.433906e+00   1.076413e-20   1.113178e-03   2.507607e-23   325206
  3.437790e+00   1.046677e-20   1.128394e-03   2.429224e-23   324614
  3.441675e+00   1.021309e-20   1.113950e-03   2.386621e-23   314792
  3.445561e+00   9.931457e-21   1.129033e-03   2.326443e-23   314082
  3.449445e+00   9.710910e-21   1.112843e-03   2.315748e-23   303918
  3.453329e+00   9.552341e-21   1.130230e-03   2.251895e-23   303872
  3.457223e+00   9.330762e-21   1.118237e-03   2.203278e-23   295070
  3.461110e+00   9.054333e-21   1.127117e-03   2.141569e-23   292776
  3.464999e+00   8.875290e-21   1.118155e-03   2.112143e-23   285198
  3.468882e+00   8.614184e-21   1.124173e-03   2.068407e-23   282068
  3.472770e+00   8.450178e-21   1.120642e-03   2.027327e-23   276094
  3.476654e+00   8.206349e-21   1.121770e-03   1.992714e-23   271936
  3.480537e+00   8.040623e-21   1.119604e-03   1.951122e-23   266352
  3.484425e+00   7.879042e-21   1.124273e-03   1.898007e-23   263198
  3.488309e+00   7.759062e-21   1.117087e-03   1.919595e-23   256540
  3.492199e+00   7.548558e-21   1.128018e-03   1.848362e-23   254758
  3.496085e+00   7.358354e-21   1.114575e-03   1.825319e-23   246888
  3.499973e+00   7.206878e-21   1.129431e-03   1.791209e-23   245984
  3.503859e+00   7.013487e-21   1.113747e-03   1.747647e-23   237838
  3.507743e+00   6.832115e-21   1.128624e-03   1.715947e-23   236932
  3.511628e+00   6.723117e-21   1.114686e-03   1.682513e-23   229296
  3.515519e+00   6.540510e-21   1.132107e-03   1.663359e-23   228968
  3.519410e+00   6.438584e-21   1.115334e-03   1.638835e-23   220862
  3.523299e+00   6.250502e-21   1.132320e-03   1.605115e-23   220440
  3.527188e+00   6.176179e-21   1.113877e-03   1.588615e-23   212400
  3.531075e+00   5.967942e-21   1.132596e-03   1.530623e-23   212228
  3.534965e+00   5.902328e-21   1.113928e-03   1.535990e-23   204518
  3.538852e+00   5.722937e-21   1.130227e-03   1.509842e-23   203928
  3.542735e+00   5.620358e-21   1.110921e-03   1.478953e-23   196280
  3.546619e+00   5.432943e-21   1.130361e-03   1.421834e-23   196272
  3.550503e+00   5.404991e-21   1.110008e-03   1.442791e-23   188572
  3.554385e+00   5.213802e-21   1.129045e-03   1.389718e-23   188440
  3.558272e+00   5.154048e-21   1.112527e-03   1.403951e-23   181574
  3.562156e+00   5.007917e-21   1.129325e-03   1.341570e-23   180912
  3.566042e+00   4.962622e-21   1.112617e-03   1.358795e-23   174304
  3.569927e+00   4.790279e-21   1.129933e-03   1.315579e-23   173620
  3.573814e+00   4.786205e-21   1.114477e-03   1.323119e-23   167424
  3.577707e+00   4.599203e-21   1.132693e-03   1.273696e-23   166952
  3.581590e+00   4.553505e-21   1.109406e-03   1.284462e-23   159744
  3.585479e+00   4.423237e-21   1.134885e-03   1.241435e-23   160424
  3.589363e+00   4.392144e-21   1.107308e-03   1.249944e-23   152748
  3.593250e+00   4.249295e-21   1.136784e-03   1.217857e-23   153920
  3.597136e+00   4.180627e-21   1.105473e-03   1.200855e-23   146016
  3.601018e+00   4.064834e-21   1.136208e-03   1.172361e-23   147176
  3.604907e+00   4.019523e-21   1.107710e-03   1.182597e-23   139992
  3.608791e+00   3.939970e-21   1.135264e-03   1.160041e-23   140588
  3.612682e+00   3.892923e-21   1.111007e-03   1.168019e-23   134184
  3.616571e+00   3.748690e-21   1.134121e-03   1.114213e-23   134192
  3.620457e+00   3.728040e-21   1.110077e-03   1.141158e-23   127992
  3.624344e+00   3.643884e-21   1.133946e-03   1.099739e-23   128132
  3.628235e+00   3.582623e-21   1.112933e-03   1.120254e-23   122384
  3.632120e+00   3.475566e-21   1.130787e-03   1.066051e-23   121896
  3.636006e+00   3.452453e-21   1.111987e-03   1.091339e-23   116592
  3.639888e+00   3.371572e-21   1.130031e-03   1.059606e-23   116072
  3.643776e+00   3.334481e-21   1.113281e-03   1.079360e-23   111196
  3.647666e+00   3.217910e-21   1.133982e-03   1.030809e-23   110824
  3.651553e+00   3.227628e-21   1.109351e-03   1.068553e-23   105456
  3.655445e+00   3.118786e-21   1.137911e-03   1.020991e-23   105746
  3.659331e+00   3.091591e-21   1.104570e-03   1.032771e-23   99816
  3.663217e+00   3.029767e-21   1.137630e-03   1.009758e-23   100460
  3.667098e+00   2.982766e-21   1.103186e-03   1.024301e-23   94616
  3.670986e+00   2.942967e-21   1.138482e-03   1.004047e-23   95448
  3.674871e+00   2.890788e-21   1.104767e-03   1.009001e-23   89784
  3.678762e+00   2.803858e-21   1.138753e-03   9.781453e-24   90536
  3.682640e+00   2.818076e-21   1.098833e-03   1.010198e-23   84566
  3.686528e+00   2.732595e-21   1.143171e-03   9.788645e-24   86088
  3.690411e+00   2.698503e-21   1.094501e-03   9.946272e-24   79680
  3.694290e+00   2.660458e-21   1.143460e-03   9.668138e-24   81368
  3.698177e+00   2.639773e-21   1.096007e-03   9.979809e-24   75356
  3.702056e+00   2.552864e-21   1.143156e-03   9.489397e-24   76704
  3.705948e+00   2.557446e-21   1.100016e-03   9.882846e-24   71322
  3.709834e+00   2.479718e-21   1.143672e-03   9.424764e-24   72248
  3.713724e+00   2.490276e-21   1.099908e-03   9.893003e-24   67160
  3.717610e+00   2.419965e-21   1.141543e-03   9.540138e-24   67836
  3.721489e+00   2.382038e-21   1.096984e-03   9.708579e-24   62976
  3.725379e+00   2.343583e-21   1.144398e-03   9.454948e-24   63914
  3.729253e+00   2.325988e-21   1.092761e-03   9.810759e-24   58832
  3.733144e+00   2.283488e-21   1.147084e-03   9.538023e-24   60108
  3.737017e+00   2.284546e-21   1.090205e-03   9.795915e-24   54920
  3.740928e+00   2.243695e-21   1.160099e-03   9.537612e-24   56970
  3.744809e+00   2.246454e-21   1.078913e-03   1.012394e-23   50760
  3.748701e+00   2.170154e-21   1.161348e-03   9.580794e-24   53312
  3.752584e+00   2.175877e-21   1.074836e-03   1.014820e-23   47164
  3.756472e+00   2.122725e-21   1.163802e-03   9.666998e-24   49810
  3.760356e+00   2.128659e-21   1.069365e-03   1.029683e-23   43680
  3.764234e+00   2.085347e-21   1.164818e-03   9.911450e-24   46328
  3.768129e+00   2.048014e-21   1.073902e-03   1.030563e-23   40694
  3.772013e+00   2.035625e-21   1.167140e-03   9.698693e-24   42984
  3.775913e+00   2.013092e-21   1.073587e-03   1.057678e-23   37656
  3.779787e+00   2.002924e-21   1.164236e-03   1.018441e-23   39578
  3.783688e+00   1.980202e-21   1.077878e-03   1.053671e-23   34920
  3.787564e+00   1.952739e-21   1.160065e-03   1.024478e-23   36308
  3.791451e+00   1.970165e-21   1.076316e-03   1.103100e-23   32136
  3.795334e+00   1.923303e-21   1.159401e-03   1.050284e-23   33362
  3.799207e+00   1.933567e-21   1.069739e-03   1.137768e-23   29336
  3.803104e+00   1.875056e-21   1.167435e-03   1.066282e-23   30804
  3.806966e+00   1.882771e-21   1.055228e-03   1.166736e-23   26490
  3.810870e+00   1.820874e-21   1.176653e-03   1.082525e-23   28376
  3.814719e+00   1.843708e-21   1.039734e-03   1.222591e-23   23784
  3.818636e+00   1.836149e-21   1.189627e-03   1.121547e-23   26150
  3.822479e+00   1.829536e-21   1.021588e-03   1.247269e-23   21192
  3.826407e+00   1.801084e-21   1.204804e-03   1.149532e-23   24050
  3.830252e+00   1.783290e-21   1.002280e-03   1.313975e-23   18768
  3.834191e+00   1.773410e-21   1.221518e-03   1.192470e-23   22052
  3.838029e+00   1.779825e-21   9.660660e-04   1.403076e-23   16346
  3.841962e+00   1.746937e-21   1.236558e-03   1.257730e-23   20136
  3.845802e+00   1.763219e-21   9.274195e-04   1.479927e-23   14160
  3.849721e+00   1.737247e-21   1.247069e-03   1.302773e-23   18218
  3.853565e+00   1.731252e-21   8.859468e-04   1.565409e-23   12204
  3.857470e+00   1.713106e-21   1.256334e-03   1.350535e-23   16346
  3.861333e+00   1.764586e-21   8.562781e-04   1.717193e-23   10536
  3.865221e+00   1.679652e-21   1.261091e-03   1.392446e-23   14456
  3.869081e+00   1.720388e-21   8.165112e-04   1.848624e-23   8990
  3.872967e+00   1.701634e-21   1.270385e-03   1.503710e-23   12744
  3.876815e+00   1.655635e-21   7.482517e-04   1.900254e-23   7506
  3.880703e+00   1.701584e-21   1.282849e-03   1.665938e-23   11192
  3.884545e+00   1.675633e-21   6.569471e-04   2.156302e-23   6156
  3.888432e+00   1.655211e-21   1.294599e-03   1.700008e-23   9722
  3.892281e+00   1.687470e-21   5.567157e-04   2.381979e-23   4992
  3.896158e+00   1.674134e-21   1.304505e-03   1.844848e-23   8306
  3.900025e+00   1.644979e-21   4.384033e-04   2.650506e-23   3996
  3.903878e+00   1.692344e-21   1.309274e-03   2.043179e-23   6938
  3.907766e+00   1.775584e-21   3.047624e-04   3.145532e-23   3168
  3.911584e+00   1.663747e-21   1.304853e-03   2.183119e-23   5624
  3.915485e+00   1.602882e-21   2.103226e-04   3.086541e-23   2502
  3.919286e+00   1.623652e-21   1.297747e-03   2.587150e-23   4424
  3.923208e+00   1.744851e-21   2.230451e-04   3.864727e-23   1946
  3.926998e+00   1.622791e-21   1.292790e-03   2.903230e-23   3360
  3.930918e+00   1.734877e-21   1.221617e-04   4.347403e-23   1446
  3.934708e+00   1.603854e-21   1.290208e-03   3.217499e-23   2456
  3.938666e+00   1.679477e-21   2.340394e-04   4.862515e-23   1034
  3.942432e+00   1.705336e-21   1.288305e-03   4.230513e-23   1680
  3.946383e+00   1.505110e-21   5.837572e-05   5.543466e-23   678
  3.950143e+00   1.740605e-21   1.286681e-03   5.793869e-23   1064
  3.954177e+00   1.699781e-21   3.540138e-04   8.698715e-23   410
  3.957868e+00   1.540768e-21   1.284749e-03   6.305800e-23   576
  3.961879e+00   1.500915e-21   1.855368e-05   9.780533e-23   198
  3.965528e+00   1.567323e-21   1.272780e-03   9.506308e-23   248
  3.969917e+00   1.616521e-21   8.019490e-04   2.007587e-22   74
  3.973198e+00   1.302599e-21   1.252635e-03   1.729857e-22   48
  3.977405e+00   3.935279e-21   5.034095e-08   6.091609e-22   6
