# power spectrum of phi
# redshift z=48.322258
# k              Pk             sigma(k)       sigma(Pk)      count
  5.727314e-03   3.098890e-10   8.763345e-04   6.864717e-11   18
  1.001182e-02   5.142356e-10   1.059922e-03   7.326023e-11   62
  1.393445e-02   3.665102e-10   7.332271e-04   4.492985e-11   90
  1.764809e-02   3.520721e-10   1.157232e-03   2.324002e-11   170
  2.151286e-02   2.637367e-10   1.202795e-03   1.649100e-11   246
  2.528669e-02   1.983814e-10   1.146703e-03   1.111234e-11   338
  2.901099e-02   1.801157e-10   9.857564e-04   8.881959e-12   432
  3.284683e-02   1.432643e-10   1.010047e-03   6.510505e-12   578
  3.688195e-02   1.088546e-10   1.177086e-03   3.968057e-12   786
  4.101464e-02   8.409523e-11   1.190994e-03   2.694956e-12   974
  4.488954e-02   7.095741e-11   1.031402e-03   2.244853e-12   1002
  4.870958e-02   6.433857e-11   1.179303e-03   1.702183e-12   1334
  5.263577e-02   5.263622e-11   1.134676e-03   1.432829e-12   1458
  5.631027e-02   4.794957e-11   1.072446e-03   1.183804e-12   1604
  6.010158e-02   4.277278e-11   1.088865e-03   1.030630e-12   1974
  6.404851e-02   3.925842e-11   1.067989e-03   8.353785e-13   2234
  6.795611e-02   3.506827e-11   1.092954e-03   7.222804e-13   2490
  7.198483e-02   3.145647e-11   1.200217e-03   5.910717e-13   3014
  7.595394e-02   2.827275e-11   1.093611e-03   5.143060e-13   3018
  7.977896e-02   2.514293e-11   1.131598e-03   4.315539e-13   3446
  8.359600e-02   2.194393e-11   1.085617e-03   3.684884e-13   3626
  8.742004e-02   1.905445e-11   1.125556e-03   2.975076e-13   4164
  9.130612e-02   1.741220e-11   1.090740e-03   2.673376e-13   4470
  9.521636e-02   1.531653e-11   1.115446e-03   2.233170e-13   4970
  9.915211e-02   1.398750e-11   1.127844e-03   1.884726e-13   5366
  1.030785e-01   1.213791e-11   1.144516e-03   1.550350e-13   5778
  1.069619e-01   1.159371e-11   1.149148e-03   1.470729e-13   6162
  1.108671e-01   1.045558e-11   1.158272e-03   1.321156e-13   6734
  1.146806e-01   9.727316e-12   1.074898e-03   1.165841e-13   6756
  1.184510e-01   9.136054e-12   1.088568e-03   1.018769e-13   7502
  1.223464e-01   8.681946e-12   1.105366e-03   9.617376e-14   8154
  1.262469e-01   8.000423e-12   1.103283e-03   8.714062e-14   8618
  1.301909e-01   7.607245e-12   1.146655e-03   7.909466e-14   9390
  1.341197e-01   7.232694e-12   1.126004e-03   7.367895e-14   9722
  1.380051e-01   6.453822e-12   1.126950e-03   6.430137e-14   10242
  1.419007e-01   5.973353e-12   1.149257e-03   5.604977e-14   11006
  1.457777e-01   5.621229e-12   1.106962e-03   5.342063e-14   11348
  1.496576e-01   5.077273e-12   1.105725e-03   4.552691e-14   12150
  1.535164e-01   4.659365e-12   1.078348e-03   4.286153e-14   12498
  1.574072e-01   4.364718e-12   1.129889e-03   3.715629e-14   13586
  1.613096e-01   3.978517e-12   1.132072e-03   3.402418e-14   14006
  1.652381e-01   3.755468e-12   1.166232e-03   2.985874e-14   15162
  1.691226e-01   3.487379e-12   1.101754e-03   2.852963e-14   14990
  1.729750e-01   3.301659e-12   1.143142e-03   2.590272e-14   16380
  1.768610e-01   3.150826e-12   1.105581e-03   2.431340e-14   16666
  1.807168e-01   3.048921e-12   1.110348e-03   2.329612e-14   17638
  1.845996e-01   2.875366e-12   1.100521e-03   2.151275e-14   18354
  1.884710e-01   2.741418e-12   1.102640e-03   2.002370e-14   19034
  1.923685e-01   2.660368e-12   1.144302e-03   1.857580e-14   20270
  1.963174e-01   2.558654e-12   1.155956e-03   1.745480e-14   21258
  2.002141e-01   2.419615e-12   1.111898e-03   1.644946e-14   21350
  2.040863e-01   2.224988e-12   1.123159e-03   1.502785e-14   22644
  2.079681e-01   2.109444e-12   1.101476e-03   1.395765e-14   23114
  2.118390e-01   2.002691e-12   1.118265e-03   1.298033e-14   24342
  2.157382e-01   1.861398e-12   1.117694e-03   1.169789e-14   25194
  2.196235e-01   1.775386e-12   1.116195e-03   1.122745e-14   25982
  2.234724e-01   1.680189e-12   1.109599e-03   1.033582e-14   26506
  2.273806e-01   1.583110e-12   1.167806e-03   9.472534e-15   28738
  2.312750e-01   1.496496e-12   1.110542e-03   8.952081e-15   28296
  2.351662e-01   1.416439e-12   1.143823e-03   8.064778e-15   30554
  2.390501e-01   1.353425e-12   1.084103e-03   7.804217e-15   30094
  2.428824e-01   1.332457e-12   1.109820e-03   7.471361e-15   31738
  2.467836e-01   1.263395e-12   1.134747e-03   7.017048e-15   33306
  2.506613e-01   1.237918e-12   1.104153e-03   6.722100e-15   33422
  2.545365e-01   1.190887e-12   1.131527e-03   6.384671e-15   35298
  2.584714e-01   1.139193e-12   1.143069e-03   5.971581e-15   36650
  2.623670e-01   1.092518e-12   1.115532e-03   5.669336e-15   36888
  2.662651e-01   1.041463e-12   1.131896e-03   5.244256e-15   38834
  2.701697e-01   9.934866e-13   1.107355e-03   5.047798e-15   39246
  2.740453e-01   9.593698e-13   1.111777e-03   4.796721e-15   40466
  2.778984e-01   9.108870e-13   1.108403e-03   4.443410e-15   41106
  2.817847e-01   8.621588e-13   1.145602e-03   4.136960e-15   43598
  2.856833e-01   8.288486e-13   1.116308e-03   3.993213e-15   43650
  2.895471e-01   7.923998e-13   1.120907e-03   3.711945e-15   45272
  2.934575e-01   7.579615e-13   1.131740e-03   3.502947e-15   46994
  2.973636e-01   7.406684e-13   1.124346e-03   3.356135e-15   47850
  3.012447e-01   7.017856e-13   1.115858e-03   3.186511e-15   48846
  3.051030e-01   6.810213e-13   1.105642e-03   3.068146e-15   49706
  3.089532e-01   6.563143e-13   1.113265e-03   2.906024e-15   51198
  3.128464e-01   6.317806e-13   1.134266e-03   2.736014e-15   53402
  3.167281e-01   6.195022e-13   1.111145e-03   2.732204e-15   53634
  3.206428e-01   5.937924e-13   1.143806e-03   2.480867e-15   56888
  3.245618e-01   5.743952e-13   1.106794e-03   2.424388e-15   56474
  3.284581e-01   5.558472e-13   1.130606e-03   2.291571e-15   58962
  3.323510e-01   5.307325e-13   1.114731e-03   2.183606e-15   59214
  3.362265e-01   5.221387e-13   1.127963e-03   2.101967e-15   61250
  3.400938e-01   5.016808e-13   1.110759e-03   2.021161e-15   61694
  3.439480e-01   4.836978e-13   1.120230e-03   1.925649e-15   63618
  3.478512e-01   4.656400e-13   1.140078e-03   1.803048e-15   66284
  3.517691e-01   4.492212e-13   1.123324e-03   1.735827e-15   67014
  3.556494e-01   4.288628e-13   1.113722e-03   1.650241e-15   67930
  3.595371e-01   4.162282e-13   1.127426e-03   1.571937e-15   70294
  3.634200e-01   4.080791e-13   1.114424e-03   1.528306e-15   70658
  3.672742e-01   3.944132e-13   1.121955e-03   1.480952e-15   72522
  3.711539e-01   3.774570e-13   1.125103e-03   1.386859e-15   74550
  3.750359e-01   3.673217e-13   1.112832e-03   1.336047e-15   75674
  3.789191e-01   3.586482e-13   1.116846e-03   1.286353e-15   77708
  3.828461e-01   3.458381e-13   1.136191e-03   1.208500e-15   80622
  3.867545e-01   3.357342e-13   1.112810e-03   1.195537e-15   80330
  3.906423e-01   3.264717e-13   1.128269e-03   1.143897e-15   82974
  3.945313e-01   3.157284e-13   1.118618e-03   1.097565e-15   83666
  3.984084e-01   3.080130e-13   1.126394e-03   1.052439e-15   85746
  4.022765e-01   2.959615e-13   1.118427e-03   1.004527e-15   86702
  4.061542e-01   2.885030e-13   1.126154e-03   9.556628e-16   89556
  4.100569e-01   2.794768e-13   1.118519e-03   9.272261e-16   91038
  4.139484e-01   2.743304e-13   1.117921e-03   9.035951e-16   92522
  4.178268e-01   2.642374e-13   1.119569e-03   8.676864e-16   94034
  4.217415e-01   2.561652e-13   1.145339e-03   8.205965e-16   97758
  4.256173e-01   2.504789e-13   1.103600e-03   8.130989e-16   95770
  4.294627e-01   2.421255e-13   1.123790e-03   7.742497e-16   99646
  4.333400e-01   2.369411e-13   1.115333e-03   7.481123e-16   100980
  4.372362e-01   2.293119e-13   1.127284e-03   7.160486e-16   104258
  4.411386e-01   2.217536e-13   1.114910e-03   6.894998e-16   104998
  4.450377e-01   2.166825e-13   1.124073e-03   6.623885e-16   107866
  4.489311e-01   2.118721e-13   1.113184e-03   6.450899e-16   108154
  4.528161e-01   2.071384e-13   1.135370e-03   6.206040e-16   111622
  4.567076e-01   2.014504e-13   1.122976e-03   6.033272e-16   112146
  4.605727e-01   1.974548e-13   1.119518e-03   5.843766e-16   114014
  4.644440e-01   1.902164e-13   1.115906e-03   5.602717e-16   116220
  4.683319e-01   1.861312e-13   1.119789e-03   5.363818e-16   118682
  4.722291e-01   1.813555e-13   1.126606e-03   5.244257e-16   121118
  4.761348e-01   1.756543e-13   1.124808e-03   5.041245e-16   122994
  4.800157e-01   1.705819e-13   1.114862e-03   4.875645e-16   123574
  4.838959e-01   1.681413e-13   1.131276e-03   4.737856e-16   126922
  4.877763e-01   1.631466e-13   1.124735e-03   4.579500e-16   127906
  4.916481e-01   1.583929e-13   1.121767e-03   4.393945e-16   130432
  4.955333e-01   1.551107e-13   1.114812e-03   4.251182e-16   132642
  4.994186e-01   1.515125e-13   1.110800e-03   4.126476e-16   134534
  5.033164e-01   1.481526e-13   1.124671e-03   4.002308e-16   137778
  5.072392e-01   1.443514e-13   1.135312e-03   3.857356e-16   140786
  5.111285e-01   1.406231e-13   1.110620e-03   3.761145e-16   139590
  5.149976e-01   1.374327e-13   1.125619e-03   3.646809e-16   143546
  5.188865e-01   1.342976e-13   1.125142e-03   3.528340e-16   145338
  5.227635e-01   1.315525e-13   1.120484e-03   3.429677e-16   147272
  5.266520e-01   1.274201e-13   1.122335e-03   3.311794e-16   150330
  5.305485e-01   1.242931e-13   1.118234e-03   3.175884e-16   152318
  5.344262e-01   1.219105e-13   1.111066e-03   3.115637e-16   153202
  5.383243e-01   1.182396e-13   1.138693e-03   2.975851e-16   158626
  5.422165e-01   1.162429e-13   1.116855e-03   2.945045e-16   157350
  5.460935e-01   1.128061e-13   1.131200e-03   2.829919e-16   161906
  5.499589e-01   1.114911e-13   1.105071e-03   2.811384e-16   160872
  5.538418e-01   1.088076e-13   1.133375e-03   2.672162e-16   167858
  5.577463e-01   1.070224e-13   1.114977e-03   2.625176e-16   167514
  5.616201e-01   1.035509e-13   1.113803e-03   2.503763e-16   169862
  5.655108e-01   1.012644e-13   1.124453e-03   2.453480e-16   173602
  5.694083e-01   9.958102e-14   1.123533e-03   2.359853e-16   175258
  5.732959e-01   9.696707e-14   1.127164e-03   2.317408e-16   177654
  5.771897e-01   9.500280e-14   1.130949e-03   2.225573e-16   180698
  5.810773e-01   9.268846e-14   1.119005e-03   2.178859e-16   181968
  5.849616e-01   9.144483e-14   1.118541e-03   2.127007e-16   184850
  5.888448e-01   8.940054e-14   1.119144e-03   2.075106e-16   187034
  5.927421e-01   8.725595e-14   1.129966e-03   2.003011e-16   191238
  5.966308e-01   8.567770e-14   1.116348e-03   1.963301e-16   191042
  6.005065e-01   8.372697e-14   1.126286e-03   1.897003e-16   195102
  6.043812e-01   8.189145e-14   1.117515e-03   1.854444e-16   195786
  6.082630e-01   8.003603e-14   1.131649e-03   1.773111e-16   201164
  6.121481e-01   7.888864e-14   1.112645e-03   1.774870e-16   201070
  6.160242e-01   7.659201e-14   1.118305e-03   1.687049e-16   205234
  6.199111e-01   7.562658e-14   1.116352e-03   1.666925e-16   207342
  6.237987e-01   7.368607e-14   1.121735e-03   1.603765e-16   210602
  6.276909e-01   7.227311e-14   1.124203e-03   1.574475e-16   213130
  6.315953e-01   7.083588e-14   1.133190e-03   1.523052e-16   217318
  6.354807e-01   6.942564e-14   1.113546e-03   1.493407e-16   216306
  6.393491e-01   6.780615e-14   1.119403e-03   1.450140e-16   220652
  6.432430e-01   6.680154e-14   1.124854e-03   1.419552e-16   224502
  6.471454e-01   6.568583e-14   1.125081e-03   1.387568e-16   227186
  6.510345e-01   6.390577e-14   1.118193e-03   1.339483e-16   228398
  6.549165e-01   6.278063e-14   1.122259e-03   1.306345e-16   231642
  6.587972e-01   6.153697e-14   1.122763e-03   1.277971e-16   233946
  6.626908e-01   6.075810e-14   1.132956e-03   1.251765e-16   238694
  6.665707e-01   5.951394e-14   1.114640e-03   1.220904e-16   238068
  6.704525e-01   5.848000e-14   1.124042e-03   1.187209e-16   244190
  6.743498e-01   5.687057e-14   1.116752e-03   1.154097e-16   245362
  6.782313e-01   5.628507e-14   1.120102e-03   1.133177e-16   248362
  6.821206e-01   5.504377e-14   1.124509e-03   1.097359e-16   251966
  6.860099e-01   5.431609e-14   1.120649e-03   1.079668e-16   254034
  6.898855e-01   5.317883e-14   1.117172e-03   1.061629e-16   255818
  6.937781e-01   5.174741e-14   1.132899e-03   1.018720e-16   262254
  6.976722e-01   5.141548e-14   1.116974e-03   1.009028e-16   261980
  7.015718e-01   5.021090e-14   1.129534e-03   9.758521e-17   268566
  7.054538e-01   4.941108e-14   1.104857e-03   9.615847e-17   265538
  7.093286e-01   4.859267e-14   1.128000e-03   9.315190e-17   273330
  7.132165e-01   4.742354e-14   1.121481e-03   9.139711e-17   273718
  7.171069e-01   4.651264e-14   1.132652e-03   8.860938e-17   279658
  7.209986e-01   4.613840e-14   1.120025e-03   8.778269e-17   279670
  7.248700e-01   4.512139e-14   1.119062e-03   8.552827e-17   282964
  7.287608e-01   4.419455e-14   1.126489e-03   8.341476e-17   288362
  7.326540e-01   4.346891e-14   1.118613e-03   8.149223e-17   289686
  7.365333e-01   4.286261e-14   1.116235e-03   8.000263e-17   292234
  7.404015e-01   4.195413e-14   1.112765e-03   7.796283e-17   294190
  7.442845e-01   4.122393e-14   1.127923e-03   7.570878e-17   300642
  7.481851e-01   4.063806e-14   1.128116e-03   7.427703e-17   303386
  7.520700e-01   3.971449e-14   1.119257e-03   7.236238e-17   304662
  7.559583e-01   3.903800e-14   1.122290e-03   7.102571e-17   309812
  7.598513e-01   3.837430e-14   1.117608e-03   6.943637e-17   311714
  7.637547e-01   3.782830e-14   1.130270e-03   6.753750e-17   318126
  7.676398e-01   3.718953e-14   1.111035e-03   6.658657e-17   315114
  7.715118e-01   3.654434e-14   1.127143e-03   6.492700e-17   322622
  7.753932e-01   3.599070e-14   1.117154e-03   6.397404e-17   322850
  7.792787e-01   3.527287e-14   1.131101e-03   6.185626e-17   329802
  7.831716e-01   3.477438e-14   1.123851e-03   6.111399e-17   331104
  7.870696e-01   3.431632e-14   1.127607e-03   5.967283e-17   336986
  7.909587e-01   3.362218e-14   1.111055e-03   5.856400e-17   335870
  7.948355e-01   3.296535e-14   1.120862e-03   5.693095e-17   341610
  7.987215e-01   3.246985e-14   1.121955e-03   5.588348e-17   344370
  8.026031e-01   3.206325e-14   1.122207e-03   5.522912e-17   347606
  8.064886e-01   3.146549e-14   1.124033e-03   5.357163e-17   351650
  8.103706e-01   3.102302e-14   1.118654e-03   5.255436e-17   353760
  8.142669e-01   3.048609e-14   1.129493e-03   5.121240e-17   360970
  8.181738e-01   3.007432e-14   1.123124e-03   5.045890e-17   362818
  8.220521e-01   2.955501e-14   1.110144e-03   4.941045e-17   362334
  8.259414e-01   2.902173e-14   1.129348e-03   4.818731e-17   371642
  8.298275e-01   2.859402e-14   1.114584e-03   4.787378e-17   368778
  8.337006e-01   2.818551e-14   1.128744e-03   4.646118e-17   376526
  8.375857e-01   2.764902e-14   1.121330e-03   4.555493e-17   377786
  8.414675e-01   2.729587e-14   1.123524e-03   4.470929e-17   382968
  8.453573e-01   2.688974e-14   1.120822e-03   4.364730e-17   386146
  8.492503e-01   2.656151e-14   1.124050e-03   4.286377e-17   390826
  8.531392e-01   2.607421e-14   1.119718e-03   4.213932e-17   392662
  8.570302e-01   2.570649e-14   1.125822e-03   4.121358e-17   398242
  8.609051e-01   2.525118e-14   1.111972e-03   4.053615e-17   396726
  8.647781e-01   2.491383e-14   1.124714e-03   3.960965e-17   404738
  8.686664e-01   2.453075e-14   1.122897e-03   3.885234e-17   407628
  8.725545e-01   2.406922e-14   1.121536e-03   3.803277e-17   411734
  8.764395e-01   2.374555e-14   1.117149e-03   3.730336e-17   414242
  8.803359e-01   2.338492e-14   1.126317e-03   3.653862e-17   421434
  8.842333e-01   2.297204e-14   1.120273e-03   3.582041e-17   421918
  8.881244e-01   2.278387e-14   1.128330e-03   3.538496e-17   427810
  8.920157e-01   2.232755e-14   1.123036e-03   3.442353e-17   429470
  8.958948e-01   2.205945e-14   1.119658e-03   3.402996e-17   432282
  8.997746e-01   2.172430e-14   1.122449e-03   3.329261e-17   437260
  9.036583e-01   2.144207e-14   1.120747e-03   3.274601e-17   440758
  9.075489e-01   2.120375e-14   1.124778e-03   3.211340e-17   446370
  9.114474e-01   2.073703e-14   1.123943e-03   3.136698e-17   450182
  9.153288e-01   2.043327e-14   1.115142e-03   3.100075e-17   449850
  9.192089e-01   2.013405e-14   1.127357e-03   3.015221e-17   457898
  9.230929e-01   1.987630e-14   1.119604e-03   2.978611e-17   458662
  9.269737e-01   1.962535e-14   1.121722e-03   2.933958e-17   464620
  9.308545e-01   1.932222e-14   1.114316e-03   2.884928e-17   466302
  9.347441e-01   1.905313e-14   1.124571e-03   2.805467e-17   474314
  9.386369e-01   1.878400e-14   1.120021e-03   2.765255e-17   475530
  9.425348e-01   1.850263e-14   1.129051e-03   2.701261e-17   483206
  9.464328e-01   1.826984e-14   1.121669e-03   2.674168e-17   483530
  9.503142e-01   1.804263e-14   1.121047e-03   2.623540e-17   487002
  9.541966e-01   1.777847e-14   1.124058e-03   2.569613e-17   491774
  9.580774e-01   1.748103e-14   1.120518e-03   2.530193e-17   495084
  9.619601e-01   1.726726e-14   1.119352e-03   2.482521e-17   499438
  9.658473e-01   1.700560e-14   1.122356e-03   2.443377e-17   504682
  9.697357e-01   1.677431e-14   1.121500e-03   2.400245e-17   507738
  9.736321e-01   1.656565e-14   1.130456e-03   2.363136e-17   515174
  9.775214e-01   1.636378e-14   1.119580e-03   2.322170e-17   514234
  9.813957e-01   1.612082e-14   1.119450e-03   2.286707e-17   519022
  9.852705e-01   1.582451e-14   1.117281e-03   2.222832e-17   522636
  9.891535e-01   1.567216e-14   1.121739e-03   2.192677e-17   529442
  9.930474e-01   1.546348e-14   1.122647e-03   2.156531e-17   534078
  9.969375e-01   1.523241e-14   1.118397e-03   2.119142e-17   536666
  1.000817e+00   1.501976e-14   1.116716e-03   2.087338e-17   539142
  1.004715e+00   1.479683e-14   1.134178e-03   2.047592e-17   550658
  1.008615e+00   1.467451e-14   1.121935e-03   2.026315e-17   548298
  1.012495e+00   1.444972e-14   1.123048e-03   1.982489e-17   553694
  1.016374e+00   1.427945e-14   1.116375e-03   1.958213e-17   556116
  1.020264e+00   1.406182e-14   1.125051e-03   1.913608e-17   564890
  1.024148e+00   1.384502e-14   1.116141e-03   1.884374e-17   563718
  1.028036e+00   1.370994e-14   1.128568e-03   1.848369e-17   574298
  1.031929e+00   1.354991e-14   1.120551e-03   1.830492e-17   573966
  1.035814e+00   1.338794e-14   1.126024e-03   1.803405e-17   580586
  1.039699e+00   1.318653e-14   1.122029e-03   1.772992e-17   582666
  1.043587e+00   1.302508e-14   1.125959e-03   1.740120e-17   590648
  1.047474e+00   1.284876e-14   1.114820e-03   1.717096e-17   590394
  1.051350e+00   1.265970e-14   1.116684e-03   1.678445e-17   596174
  1.055234e+00   1.251443e-14   1.120236e-03   1.649448e-17   601674
  1.059126e+00   1.233662e-14   1.125352e-03   1.622042e-17   607682
  1.063019e+00   1.220272e-14   1.124350e-03   1.603888e-17   611166
  1.066910e+00   1.207600e-14   1.124099e-03   1.579008e-17   615626
  1.070791e+00   1.191200e-14   1.119456e-03   1.554774e-17   617290
  1.074678e+00   1.170758e-14   1.126011e-03   1.516175e-17   626344
  1.078566e+00   1.161186e-14   1.117274e-03   1.509151e-17   626658
  1.082451e+00   1.147778e-14   1.122467e-03   1.482909e-17   634022
  1.086331e+00   1.128454e-14   1.116124e-03   1.454323e-17   634554
  1.090218e+00   1.115404e-14   1.128467e-03   1.423147e-17   645026
  1.094107e+00   1.101424e-14   1.122446e-03   1.407581e-17   645102
  1.097993e+00   1.087367e-14   1.126954e-03   1.384463e-17   653018
  1.101879e+00   1.075944e-14   1.119089e-03   1.365527e-17   654384
  1.105770e+00   1.060444e-14   1.123901e-03   1.341727e-17   663194
  1.109660e+00   1.053273e-14   1.117576e-03   1.330355e-17   663834
  1.113540e+00   1.034027e-14   1.118796e-03   1.305693e-17   669158
  1.117424e+00   1.022887e-14   1.120650e-03   1.285499e-17   674490
  1.121304e+00   1.010593e-14   1.118416e-03   1.267751e-17   677222
  1.125193e+00   1.003301e-14   1.128225e-03   1.255811e-17   686874
  1.129092e+00   9.881027e-15   1.126811e-03   1.228277e-17   690722
  1.132980e+00   9.770383e-15   1.118907e-03   1.219741e-17   692008
  1.136871e+00   9.632514e-15   1.124678e-03   1.190235e-17   701386
  1.140761e+00   9.531153e-15   1.117002e-03   1.179688e-17   700778
  1.144643e+00   9.388851e-15   1.123318e-03   1.151964e-17   708774
  1.148529e+00   9.290965e-15   1.121990e-03   1.140935e-17   711690
  1.152418e+00   9.174168e-15   1.126973e-03   1.118597e-17   719606
  1.156298e+00   9.073841e-15   1.116380e-03   1.106890e-17   717762
  1.160181e+00   8.964109e-15   1.127123e-03   1.082734e-17   730460
  1.164073e+00   8.867008e-15   1.119262e-03   1.073732e-17   731070
  1.167968e+00   8.738515e-15   1.125901e-03   1.052608e-17   741170
  1.171853e+00   8.670786e-15   1.112045e-03   1.048375e-17   737094
  1.175730e+00   8.566223e-15   1.122374e-03   1.031011e-17   747698
  1.179618e+00   8.443841e-15   1.122867e-03   1.013884e-17   751658
  1.183501e+00   8.357017e-15   1.121599e-03   1.001857e-17   755574
  1.187383e+00   8.259672e-15   1.122256e-03   9.843828e-18   761442
  1.191279e+00   8.155688e-15   1.126787e-03   9.666744e-18   770816
  1.195171e+00   8.115945e-15   1.117539e-03   9.661724e-18   769274
  1.199064e+00   7.969563e-15   1.129525e-03   9.404607e-18   782130
  1.202947e+00   7.900604e-15   1.112602e-03   9.320927e-18   775230
  1.206825e+00   7.787530e-15   1.126605e-03   9.123796e-18   789866
  1.210710e+00   7.705603e-15   1.118361e-03   9.048841e-18   787914
  1.214592e+00   7.630116e-15   1.128225e-03   8.895686e-18   799598
  1.218486e+00   7.531250e-15   1.124161e-03   8.783508e-18   802980
  1.222371e+00   7.448814e-15   1.117789e-03   8.684385e-18   805622
  1.226254e+00   7.378084e-15   1.119738e-03   8.588429e-18   812050
  1.230147e+00   7.282581e-15   1.126034e-03   8.406169e-18   820954
  1.234035e+00   7.206885e-15   1.118780e-03   8.321276e-18   820062
  1.237911e+00   7.108300e-15   1.119897e-03   8.177425e-18   826298
  1.241794e+00   7.059907e-15   1.121814e-03   8.125636e-18   833118
  1.245672e+00   6.971295e-15   1.117137e-03   8.004851e-18   834812
  1.249560e+00   6.907233e-15   1.126815e-03   7.840915e-18   847858
  1.253469e+00   6.820233e-15   1.127442e-03   7.739572e-18   854278
  1.257361e+00   6.743384e-15   1.116253e-03   7.674915e-18   850978
  1.261241e+00   6.681076e-15   1.121687e-03   7.592275e-18   859186
  1.265131e+00   6.592529e-15   1.127494e-03   7.465021e-18   867126
  1.269018e+00   6.523336e-15   1.121886e-03   7.371912e-18   868274
  1.272897e+00   6.445258e-15   1.120976e-03   7.288641e-18   873606
  1.276776e+00   6.381893e-15   1.119398e-03   7.179707e-18   879284
  1.280663e+00   6.327335e-15   1.122355e-03   7.096805e-18   887170
  1.284564e+00   6.258348e-15   1.128693e-03   6.980569e-18   897526
  1.288458e+00   6.176500e-15   1.117587e-03   6.895840e-18   894258
  1.292341e+00   6.126255e-15   1.122714e-03   6.793587e-18   903374
  1.296223e+00   6.053385e-15   1.118323e-03   6.709752e-18   904338
  1.300103e+00   5.987745e-15   1.123719e-03   6.614547e-18   913586
  1.303982e+00   5.941023e-15   1.118150e-03   6.590528e-18   915416
  1.307871e+00   5.861252e-15   1.124217e-03   6.455141e-18   928122
  1.311759e+00   5.806884e-15   1.115167e-03   6.398334e-18   926094
  1.315654e+00   5.750045e-15   1.130093e-03   6.273052e-18   942890
  1.319549e+00   5.672648e-15   1.118827e-03   6.206989e-18   937266
  1.323433e+00   5.623469e-15   1.126506e-03   6.146602e-18   948854
  1.327319e+00   5.557862e-15   1.120121e-03   6.065213e-18   948714
  1.331197e+00   5.497572e-15   1.122687e-03   6.003307e-18   956186
  1.335082e+00   5.450337e-15   1.124444e-03   5.900731e-18   964272
  1.338973e+00   5.385136e-15   1.121587e-03   5.833118e-18   969458
  1.342859e+00   5.333812e-15   1.118296e-03   5.758131e-18   972750
  1.346749e+00   5.282404e-15   1.124460e-03   5.681817e-18   982706
  1.350635e+00   5.231287e-15   1.119858e-03   5.642010e-18   982906
  1.354527e+00   5.173091e-15   1.129306e-03   5.532425e-18   996622
  1.358414e+00   5.105549e-15   1.117989e-03   5.480136e-18   992378
  1.362284e+00   5.065898e-15   1.117150e-03   5.399175e-18   999000
  1.366168e+00   5.012137e-15   1.122014e-03   5.331006e-18   1010114
  1.370061e+00   4.970420e-15   1.121750e-03   5.299799e-18   1015722
  1.373948e+00   4.914137e-15   1.119290e-03   5.224840e-18   1018742
  1.377843e+00   4.870377e-15   1.127371e-03   5.140535e-18   1031250
  1.381733e+00   4.810583e-15   1.118461e-03   5.114590e-18   1027226
  1.385615e+00   4.763244e-15   1.126435e-03   5.026417e-18   1039734
  1.389500e+00   4.725162e-15   1.120654e-03   4.976767e-18   1039914
  1.393382e+00   4.681849e-15   1.123683e-03   4.909241e-18   1050272
  1.397267e+00   4.625724e-15   1.117473e-03   4.851915e-18   1052306
  1.401154e+00   4.589536e-15   1.122308e-03   4.796929e-18   1062666
  1.405045e+00   4.524394e-15   1.122401e-03   4.732022e-18   1067262
  1.408935e+00   4.500856e-15   1.123952e-03   4.700358e-18   1073906
  1.412823e+00   4.441302e-15   1.122463e-03   4.628714e-18   1078190
  1.416712e+00   4.402075e-15   1.124033e-03   4.561402e-18   1085634
  1.420592e+00   4.361752e-15   1.117456e-03   4.534464e-18   1085508
  1.424480e+00   4.308048e-15   1.126594e-03   4.442537e-18   1101926
  1.428369e+00   4.274315e-15   1.116061e-03   4.423562e-18   1098322
  1.432252e+00   4.237884e-15   1.121199e-03   4.367583e-18   1109878
  1.436144e+00   4.193085e-15   1.122554e-03   4.315309e-18   1115338
  1.440035e+00   4.147837e-15   1.125793e-03   4.260685e-18   1122586
  1.443924e+00   4.111850e-15   1.123292e-03   4.211527e-18   1125862
  1.447810e+00   4.073120e-15   1.122976e-03   4.173292e-18   1132498
  1.451691e+00   4.033682e-15   1.119415e-03   4.140902e-18   1135444
  1.455573e+00   3.994751e-15   1.122581e-03   4.065478e-18   1145374
  1.459464e+00   3.950132e-15   1.123383e-03   4.013054e-18   1152698
  1.463354e+00   3.918572e-15   1.121349e-03   3.985856e-18   1157046
  1.467236e+00   3.887844e-15   1.119148e-03   3.954462e-18   1160226
  1.471127e+00   3.841445e-15   1.127743e-03   3.876986e-18   1174346
  1.475014e+00   3.809551e-15   1.119897e-03   3.860708e-18   1171462
  1.478897e+00   3.759781e-15   1.124033e-03   3.788990e-18   1183828
  1.482778e+00   3.744668e-15   1.114458e-03   3.783625e-18   1181822
  1.486657e+00   3.703160e-15   1.120779e-03   3.726953e-18   1194930
  1.490547e+00   3.665686e-15   1.122593e-03   3.673105e-18   1202010
  1.494437e+00   3.625868e-15   1.122115e-03   3.642968e-18   1207166
  1.498326e+00   3.597066e-15   1.123291e-03   3.596649e-18   1214106
  1.502209e+00   3.562789e-15   1.118748e-03   3.562577e-18   1215302
  1.506095e+00   3.530040e-15   1.126666e-03   3.515135e-18   1229274
  1.509994e+00   3.506454e-15   1.126873e-03   3.499029e-18   1236164
  1.513882e+00   3.467562e-15   1.118916e-03   3.461889e-18   1235326
  1.517764e+00   3.447068e-15   1.120265e-03   3.436644e-18   1244026
  1.521647e+00   3.401069e-15   1.120382e-03   3.366988e-18   1249154
  1.525536e+00   3.373823e-15   1.126025e-03   3.340647e-18   1260558
  1.529421e+00   3.335255e-15   1.119984e-03   3.293451e-18   1260394
  1.533310e+00   3.319903e-15   1.125848e-03   3.271511e-18   1274758
  1.537193e+00   3.278870e-15   1.115594e-03   3.231113e-18   1270188
  1.541083e+00   3.255589e-15   1.128008e-03   3.190363e-18   1291202
  1.544971e+00   3.229142e-15   1.115149e-03   3.183132e-18   1282654
  1.548850e+00   3.197127e-15   1.122198e-03   3.130125e-18   1298242
  1.552739e+00   3.174095e-15   1.120395e-03   3.104128e-18   1301774
  1.556625e+00   3.137732e-15   1.123165e-03   3.071610e-18   1309770
  1.560512e+00   3.106631e-15   1.123502e-03   3.038102e-18   1315714
  1.564403e+00   3.075519e-15   1.124924e-03   2.996801e-18   1325110
  1.568290e+00   3.058047e-15   1.118940e-03   2.983056e-18   1326012
  1.572174e+00   3.023194e-15   1.122090e-03   2.943976e-18   1336154
  1.576069e+00   2.998137e-15   1.126474e-03   2.910426e-18   1347334
  1.579958e+00   2.971735e-15   1.119782e-03   2.881996e-18   1345354
  1.583833e+00   2.946493e-15   1.119555e-03   2.860885e-18   1350998
  1.587719e+00   2.917376e-15   1.125829e-03   2.824908e-18   1365546
  1.591609e+00   2.898450e-15   1.122088e-03   2.790796e-18   1367474
  1.595497e+00   2.869702e-15   1.123693e-03   2.758893e-18   1377984
  1.599384e+00   2.848654e-15   1.118321e-03   2.754520e-18   1379394
  1.603272e+00   2.830574e-15   1.123056e-03   2.732587e-18   1392230
  1.607160e+00   2.796409e-15   1.118740e-03   2.692276e-18   1392634
  1.611042e+00   2.778901e-15   1.122441e-03   2.673664e-18   1402666
  1.614928e+00   2.752972e-15   1.122269e-03   2.649732e-18   1408502
  1.618814e+00   2.721701e-15   1.122041e-03   2.610060e-18   1415418
  1.622692e+00   2.707315e-15   1.117068e-03   2.600276e-18   1416856
  1.626588e+00   2.685421e-15   1.130843e-03   2.552551e-18   1442002
  1.630485e+00   2.657521e-15   1.117858e-03   2.536603e-18   1431634
  1.634367e+00   2.632815e-15   1.122585e-03   2.511221e-18   1444606
  1.638250e+00   2.616021e-15   1.118765e-03   2.488064e-18   1445890
  1.642138e+00   2.589041e-15   1.126997e-03   2.454292e-18   1462210
  1.646026e+00   2.566593e-15   1.120901e-03   2.438450e-18   1459590
  1.649907e+00   2.542328e-15   1.123856e-03   2.402039e-18   1471226
  1.653797e+00   2.529448e-15   1.123379e-03   2.393792e-18   1480072
  1.657690e+00   2.509512e-15   1.121364e-03   2.376219e-18   1486594
  1.661576e+00   2.488263e-15   1.118520e-03   2.360857e-18   1488882
  1.665461e+00   2.466792e-15   1.123128e-03   2.325854e-18   1500854
  1.669353e+00   2.440060e-15   1.123083e-03   2.290501e-18   1506874
  1.673232e+00   2.430026e-15   1.117624e-03   2.293533e-18   1506094
  1.677111e+00   2.404877e-15   1.122855e-03   2.265526e-18   1519682
  1.680997e+00   2.384624e-15   1.122626e-03   2.241201e-18   1526724
  1.684890e+00   2.362126e-15   1.125240e-03   2.206978e-18   1539038
  1.688782e+00   2.343958e-15   1.119859e-03   2.196471e-18   1539810
  1.692664e+00   2.327607e-15   1.119007e-03   2.181448e-18   1545046
  1.696554e+00   2.310167e-15   1.126236e-03   2.162486e-18   1560538
  1.700441e+00   2.288840e-15   1.120507e-03   2.144724e-18   1557506
  1.704322e+00   2.267008e-15   1.124114e-03   2.117645e-18   1570062
  1.708203e+00   2.251616e-15   1.119253e-03   2.100511e-18   1571290
  1.712089e+00   2.233649e-15   1.124856e-03   2.078958e-18   1588228
  1.715982e+00   2.218538e-15   1.121250e-03   2.071545e-18   1591046
  1.719873e+00   2.201044e-15   1.123715e-03   2.049206e-18   1602474
  1.723761e+00   2.181435e-15   1.118014e-03   2.034037e-18   1601646
  1.727642e+00   2.162290e-15   1.120550e-03   2.013909e-18   1611266
  1.731523e+00   2.143988e-15   1.120678e-03   1.989391e-18   1616634
  1.735410e+00   2.123852e-15   1.126166e-03   1.965758e-18   1631366
  1.739297e+00   2.113353e-15   1.119655e-03   1.955805e-18   1631028
  1.743180e+00   2.104485e-15   1.119854e-03   1.953603e-18   1641446
  1.747073e+00   2.083261e-15   1.124208e-03   1.928420e-18   1654234
  1.750973e+00   2.063618e-15   1.126198e-03   1.905353e-18   1662874
  1.754858e+00   2.048437e-15   1.117471e-03   1.893965e-18   1656686
  1.758736e+00   2.029732e-15   1.122008e-03   1.868573e-18   1670898
  1.762622e+00   2.014665e-15   1.123056e-03   1.854022e-18   1678074
  1.766507e+00   1.999620e-15   1.123311e-03   1.848577e-18   1685198
  1.770393e+00   1.984820e-15   1.122996e-03   1.829497e-18   1694524
  1.774282e+00   1.971932e-15   1.120709e-03   1.810346e-18   1701334
  1.778171e+00   1.955819e-15   1.120908e-03   1.792327e-18   1709386
  1.782064e+00   1.934178e-15   1.123720e-03   1.770108e-18   1719994
  1.785953e+00   1.923559e-15   1.121006e-03   1.764867e-18   1721510
  1.789842e+00   1.907649e-15   1.124974e-03   1.750175e-18   1734978
  1.793722e+00   1.892041e-15   1.116124e-03   1.736334e-18   1728646
  1.797599e+00   1.880580e-15   1.122713e-03   1.720378e-18   1746868
  1.801486e+00   1.866021e-15   1.121127e-03   1.710769e-18   1752922
  1.805380e+00   1.853262e-15   1.125234e-03   1.693211e-18   1767862
  1.809271e+00   1.835423e-15   1.119301e-03   1.683391e-18   1765698
  1.813160e+00   1.825955e-15   1.125035e-03   1.668188e-18   1781270
  1.817049e+00   1.811560e-15   1.121176e-03   1.657469e-18   1780650
  1.820932e+00   1.790083e-15   1.124142e-03   1.633131e-18   1792418
  1.824813e+00   1.782791e-15   1.119388e-03   1.626500e-18   1792790
  1.828696e+00   1.768130e-15   1.123591e-03   1.610667e-18   1809852
  1.832585e+00   1.756098e-15   1.120140e-03   1.596802e-18   1812666
  1.836475e+00   1.746341e-15   1.124777e-03   1.583695e-18   1827614
  1.840367e+00   1.732585e-15   1.121640e-03   1.574921e-18   1829970
  1.844251e+00   1.716121e-15   1.120370e-03   1.560203e-18   1835030
  1.848131e+00   1.704841e-15   1.119790e-03   1.546606e-18   1841410
  1.852017e+00   1.691335e-15   1.124723e-03   1.528276e-18   1856626
  1.855900e+00   1.681501e-15   1.118305e-03   1.530543e-18   1854656
  1.859782e+00   1.668296e-15   1.121720e-03   1.512106e-18   1870698
  1.863671e+00   1.661284e-15   1.120553e-03   1.511592e-18   1876998
  1.867559e+00   1.643470e-15   1.120979e-03   1.489946e-18   1884458
  1.871445e+00   1.633199e-15   1.122381e-03   1.478641e-18   1891730
  1.875338e+00   1.618230e-15   1.127317e-03   1.463264e-18   1907574
  1.879232e+00   1.606996e-15   1.122851e-03   1.453949e-18   1907730
  1.883115e+00   1.598156e-15   1.120697e-03   1.445755e-18   1912154
  1.886997e+00   1.586828e-15   1.121764e-03   1.435285e-18   1923216
  1.890888e+00   1.575314e-15   1.124326e-03   1.418936e-18   1936562
  1.894776e+00   1.564062e-15   1.119734e-03   1.413194e-18   1936862
  1.898663e+00   1.548818e-15   1.122747e-03   1.395227e-18   1950114
  1.902549e+00   1.546003e-15   1.121089e-03   1.397567e-18   1953306
  1.906439e+00   1.531224e-15   1.125982e-03   1.380223e-18   1968806
  1.910327e+00   1.515689e-15   1.121186e-03   1.366182e-18   1968818
  1.914211e+00   1.509583e-15   1.121720e-03   1.359939e-18   1980624
  1.918097e+00   1.498790e-15   1.118800e-03   1.353434e-18   1985034
  1.921980e+00   1.488822e-15   1.120281e-03   1.336670e-18   1995242
  1.925870e+00   1.477771e-15   1.123830e-03   1.327901e-18   2007742
  1.929759e+00   1.464243e-15   1.121495e-03   1.313984e-18   2010538
  1.933641e+00   1.455403e-15   1.121298e-03   1.311573e-18   2017390
  1.937531e+00   1.447761e-15   1.126602e-03   1.302036e-18   2034346
  1.941413e+00   1.433275e-15   1.117450e-03   1.291739e-18   2025498
  1.945299e+00   1.428320e-15   1.127850e-03   1.283103e-18   2055248
  1.949189e+00   1.417665e-15   1.116586e-03   1.278000e-18   2045090
  1.953070e+00   1.411572e-15   1.121603e-03   1.271090e-18   2062074
  1.956959e+00   1.396503e-15   1.122727e-03   1.255544e-18   2070190
  1.960848e+00   1.389097e-15   1.123891e-03   1.245816e-18   2079226
  1.964734e+00   1.381928e-15   1.122069e-03   1.242036e-18   2083990
  1.968623e+00   1.372574e-15   1.124515e-03   1.233414e-18   2097898
  1.972507e+00   1.360964e-15   1.118548e-03   1.223805e-18   2095452
  1.976394e+00   1.352995e-15   1.124843e-03   1.212505e-18   2117390
  1.980286e+00   1.343058e-15   1.119656e-03   1.206404e-18   2117066
  1.984162e+00   1.331917e-15   1.115140e-03   1.195373e-18   2117238
  1.988045e+00   1.326483e-15   1.124414e-03   1.190631e-18   2140026
  1.991938e+00   1.315891e-15   1.125139e-03   1.179982e-18   2147234
  1.995825e+00   1.305641e-15   1.122378e-03   1.170056e-18   2150118
  1.999710e+00   1.299456e-15   1.122400e-03   1.166207e-18   2160386
  2.003596e+00   1.292499e-15   1.121122e-03   1.160517e-18   2168256
  2.007488e+00   1.281844e-15   1.124409e-03   1.147115e-18   2183306
  2.011378e+00   1.277329e-15   1.120925e-03   1.147163e-18   2184642
  2.015262e+00   1.265516e-15   1.120511e-03   1.133005e-18   2192318
  2.019141e+00   1.257404e-15   1.118713e-03   1.126807e-18   2196066
  2.023031e+00   1.248301e-15   1.127541e-03   1.116933e-18   2220890
  2.026922e+00   1.236844e-15   1.121128e-03   1.105761e-18   2215758
  2.030810e+00   1.234180e-15   1.124804e-03   1.105844e-18   2233988
  2.034697e+00   1.228206e-15   1.118045e-03   1.104310e-18   2231670
  2.038579e+00   1.218491e-15   1.119728e-03   1.091223e-18   2244338
  2.042469e+00   1.209427e-15   1.123477e-03   1.078837e-18   2258610
  2.046358e+00   1.199902e-15   1.121050e-03   1.074588e-18   2260718
  2.050240e+00   1.195468e-15   1.120914e-03   1.073550e-18   2268162
  2.054123e+00   1.187691e-15   1.121571e-03   1.063489e-18   2277494
  2.058008e+00   1.179683e-15   1.123134e-03   1.058076e-18   2288796
  2.061901e+00   1.174288e-15   1.126253e-03   1.050309e-18   2305226
  2.065791e+00   1.166157e-15   1.119672e-03   1.043413e-18   2301630
  2.069679e+00   1.158458e-15   1.123731e-03   1.034965e-18   2319770
  2.073565e+00   1.149611e-15   1.118309e-03   1.033067e-18   2315610
  2.077447e+00   1.144515e-15   1.124236e-03   1.026143e-18   2334662
  2.081332e+00   1.137150e-15   1.120785e-03   1.018627e-18   2335722
  2.085219e+00   1.129242e-15   1.124829e-03   1.009965e-18   2354102
  2.089107e+00   1.124937e-15   1.120313e-03   1.007683e-18   2355156
  2.092998e+00   1.115540e-15   1.124614e-03   9.989492e-19   2374250
  2.096888e+00   1.110667e-15   1.120068e-03   9.966386e-19   2373102
  2.100776e+00   1.101480e-15   1.122758e-03   9.895386e-19   2388194
  2.104658e+00   1.093910e-15   1.116928e-03   9.807912e-19   2383470
  2.108539e+00   1.090087e-15   1.123618e-03   9.742693e-19   2404994
  2.112426e+00   1.081283e-15   1.121916e-03   9.717531e-19   2408538
  2.116308e+00   1.075488e-15   1.121742e-03   9.619446e-19   2417744
  2.120198e+00   1.072316e-15   1.124446e-03   9.627659e-19   2434578
  2.124090e+00   1.062695e-15   1.121710e-03   9.542189e-19   2438414
  2.127979e+00   1.057540e-15   1.122410e-03   9.466206e-19   2448066
  2.131867e+00   1.049741e-15   1.122662e-03   9.445656e-19   2456018
  2.135751e+00   1.042741e-15   1.121406e-03   9.347414e-19   2461230
  2.139636e+00   1.037819e-15   1.122653e-03   9.292315e-19   2474330
  2.143519e+00   1.030899e-15   1.119652e-03   9.257332e-19   2476498
  2.147405e+00   1.027336e-15   1.124366e-03   9.230337e-19   2497240
  2.151298e+00   1.020670e-15   1.122529e-03   9.174522e-19   2502930
  2.155185e+00   1.012422e-15   1.120390e-03   9.091891e-19   2508470
  2.159072e+00   1.007289e-15   1.121001e-03   9.059297e-19   2518482
  2.162961e+00   1.002804e-15   1.123829e-03   9.013853e-19   2532074
  2.166844e+00   9.962239e-16   1.118275e-03   8.957850e-19   2526678
  2.170724e+00   9.899706e-16   1.124045e-03   8.919639e-19   2549018
  2.174611e+00   9.867267e-16   1.120040e-03   8.878859e-19   2551704
  2.178497e+00   9.800082e-16   1.122028e-03   8.801757e-19   2566226
  2.182386e+00   9.740469e-16   1.122230e-03   8.777925e-19   2573898
  2.186278e+00   9.703862e-16   1.124844e-03   8.742126e-19   2589182
  2.190164e+00   9.634479e-16   1.119195e-03   8.681258e-19   2584890
  2.194049e+00   9.573759e-16   1.124371e-03   8.595972e-19   2605190
  2.197936e+00   9.500381e-16   1.121682e-03   8.564383e-19   2606418
  2.201821e+00   9.448428e-16   1.123741e-03   8.523536e-19   2621186
  2.205707e+00   9.395970e-16   1.120704e-03   8.466998e-19   2626608
  2.209592e+00   9.360619e-16   1.119995e-03   8.454333e-19   2636714
  2.213479e+00   9.310944e-16   1.121274e-03   8.410466e-19   2647482
  2.217374e+00   9.258283e-16   1.127022e-03   8.339120e-19   2668382
  2.221265e+00   9.195056e-16   1.120175e-03   8.284400e-19   2660418
  2.225149e+00   9.157856e-16   1.122869e-03   8.289641e-19   2676662
  2.229029e+00   9.107152e-16   1.117920e-03   8.257665e-19   2674210
  2.232911e+00   9.023299e-16   1.123157e-03   8.131767e-19   2697076
  2.236800e+00   8.990860e-16   1.121599e-03   8.139374e-19   2703558
  2.240687e+00   8.953627e-16   1.121191e-03   8.086851e-19   2713250
  2.244572e+00   8.900355e-16   1.119243e-03   8.069509e-19   2717718
  2.248464e+00   8.843309e-16   1.127021e-03   8.004571e-19   2743178
  2.252353e+00   8.798574e-16   1.120305e-03   7.989127e-19   2732730
  2.256238e+00   8.733362e-16   1.126187e-03   7.925356e-19   2758022
  2.260125e+00   8.704622e-16   1.119041e-03   7.924838e-19   2751994
  2.264006e+00   8.664367e-16   1.121171e-03   7.904377e-19   2769052
  2.267895e+00   8.603621e-16   1.122842e-03   7.826407e-19   2783062
  2.271785e+00   8.553649e-16   1.121645e-03   7.779057e-19   2789362
  2.275674e+00   8.496333e-16   1.121981e-03   7.749036e-19   2799582
  2.279564e+00   8.439756e-16   1.123236e-03   7.713565e-19   2811170
  2.283450e+00   8.375399e-16   1.121033e-03   7.646396e-19   2812658
  2.287338e+00   8.324534e-16   1.125793e-03   7.609639e-19   2833302
  2.291222e+00   8.277562e-16   1.118388e-03   7.566023e-19   2827420
  2.295104e+00   5.370463e-17   1.121018e-03   1.988726e-19   2846710
  2.298989e+00   1.317777e-17   1.120692e-03   8.734298e-21   2846535
  2.302873e+00   1.230358e-17   1.122997e-03   8.173420e-21   2848496
  2.306761e+00   1.148015e-17   1.122225e-03   7.634629e-21   2841084
  2.310652e+00   1.074579e-17   1.124928e-03   7.141326e-21   2843480
  2.314540e+00   1.010755e-17   1.120270e-03   6.721249e-21   2826624
  2.318424e+00   9.572068e-18   1.123352e-03   6.342300e-21   2828732
  2.322310e+00   9.094228e-18   1.121451e-03   6.018889e-21   2819296
  2.326197e+00   8.655787e-18   1.122811e-03   5.706604e-21   2819548
  2.330081e+00   8.275082e-18   1.118959e-03   5.461587e-21   2805192
  2.333967e+00   7.951599e-18   1.123463e-03   5.229113e-21   2811104
  2.337856e+00   7.646458e-18   1.121717e-03   5.026111e-21   2800672
  2.341743e+00   7.354513e-18   1.122654e-03   4.814652e-21   2798080
  2.345628e+00   7.079257e-18   1.120248e-03   4.634499e-21   2786976
  2.349516e+00   6.833558e-18   1.123594e-03   4.457627e-21   2791016
  2.353406e+00   6.614322e-18   1.121382e-03   4.311349e-21   2779360
  2.357287e+00   6.399948e-18   1.119573e-03   4.165902e-21   2768644
  2.361169e+00   6.196969e-18   1.122534e-03   4.018843e-21   2771192
  2.365058e+00   6.011932e-18   1.121875e-03   3.896293e-21   2765028
  2.368946e+00   5.844898e-18   1.122751e-03   3.782943e-21   2760864
  2.372840e+00   5.695482e-18   1.125689e-03   3.670662e-21   2761616
  2.376724e+00   5.540726e-18   1.118525e-03   3.587792e-21   2737932
  2.380610e+00   5.389014e-18   1.125904e-03   3.461498e-21   2752280
  2.384498e+00   5.251742e-18   1.118464e-03   3.386121e-21   2728764
  2.388382e+00   5.134292e-18   1.123937e-03   3.298996e-21   2736368
  2.392268e+00   5.017134e-18   1.119459e-03   3.225239e-21   2719952
  2.396155e+00   4.898810e-18   1.124236e-03   3.143439e-21   2727120
  2.400042e+00   4.795124e-18   1.118614e-03   3.080533e-21   2708400
  2.403932e+00   4.697001e-18   1.125719e-03   3.008902e-21   2718536
  2.407818e+00   4.599900e-18   1.118504e-03   2.954499e-21   2694300
  2.411707e+00   4.500243e-18   1.126793e-03   2.874519e-21   2709440
  2.415596e+00   4.412240e-18   1.117787e-03   2.830202e-21   2682108
  2.419475e+00   4.321346e-18   1.121308e-03   2.766409e-21   2684912
  2.423360e+00   4.246381e-18   1.121998e-03   2.720989e-21   2678868
  2.427246e+00   4.172680e-18   1.122668e-03   2.669332e-21   2674772
  2.431135e+00   4.080110e-18   1.123033e-03   2.614173e-21   2670120
  2.435021e+00   4.011117e-18   1.120804e-03   2.573487e-21   2659532
  2.438909e+00   3.940860e-18   1.123713e-03   2.524226e-21   2659704
  2.442801e+00   3.874818e-18   1.124617e-03   2.485635e-21   2654348
  2.446687e+00   3.806910e-18   1.121000e-03   2.444612e-21   2640276
  2.450572e+00   3.742156e-18   1.121992e-03   2.402723e-21   2638700
  2.454457e+00   3.684737e-18   1.120074e-03   2.374445e-21   2628244
  2.458344e+00   3.630722e-18   1.124115e-03   2.332993e-21   2630920
  2.462234e+00   3.572859e-18   1.121877e-03   2.304629e-21   2618904
  2.466118e+00   3.514854e-18   1.120448e-03   2.271984e-21   2610932
  2.470005e+00   3.460065e-18   1.121951e-03   2.232578e-21   2608464
  2.473895e+00   3.405312e-18   1.123139e-03   2.201414e-21   2603708
  2.477779e+00   3.353583e-18   1.119694e-03   2.167383e-21   2588012
  2.481660e+00   3.305039e-18   1.122196e-03   2.138730e-21   2588364
  2.485545e+00   3.255739e-18   1.120384e-03   2.109626e-21   2579076
  2.489430e+00   3.215869e-18   1.121132e-03   2.089898e-21   2574152
  2.493314e+00   3.166636e-18   1.121505e-03   2.060587e-21   2566812
  2.497207e+00   3.121177e-18   1.127061e-03   2.028916e-21   2573732
  2.501098e+00   3.078416e-18   1.119524e-03   2.009557e-21   2550568
  2.504983e+00   3.033709e-18   1.123035e-03   1.984300e-21   2552068
  2.508870e+00   2.997218e-18   1.121138e-03   1.966348e-21   2539620
  2.512757e+00   2.955232e-18   1.124635e-03   1.936558e-21   2540936
  2.516646e+00   2.919644e-18   1.121040e-03   1.919311e-21   2528032
  2.520531e+00   2.871778e-18   1.120365e-03   1.890697e-21   2521480
  2.524419e+00   2.843983e-18   1.122347e-03   1.876833e-21   2517980
  2.528309e+00   2.802662e-18   1.123011e-03   1.854463e-21   2511744
  2.532195e+00   2.773079e-18   1.120855e-03   1.840814e-21   2500140
  2.536081e+00   2.733411e-18   1.121926e-03   1.818286e-21   2496980
  2.539968e+00   2.700887e-18   1.121125e-03   1.799628e-21   2486924
  2.543856e+00   2.666534e-18   1.124762e-03   1.778983e-21   2487000
  2.547743e+00   2.631030e-18   1.120210e-03   1.763073e-21   2469840
  2.551626e+00   2.598183e-18   1.122637e-03   1.741804e-21   2469656
  2.555511e+00   2.571718e-18   1.119469e-03   1.732642e-21   2456844
  2.559401e+00   2.538981e-18   1.125965e-03   1.709255e-21   2462876
  2.563290e+00   2.509282e-18   1.120472e-03   1.698085e-21   2442136
  2.567174e+00   2.478415e-18   1.123165e-03   1.679147e-21   2441944
  2.571061e+00   2.450547e-18   1.120769e-03   1.668548e-21   2430508
  2.574945e+00   2.420281e-18   1.121157e-03   1.650859e-21   2424352
  2.578832e+00   2.394610e-18   1.123693e-03   1.635336e-21   2421264
  2.582722e+00   2.365006e-18   1.122895e-03   1.619779e-21   2413064
  2.586608e+00   2.339793e-18   1.120676e-03   1.608157e-21   2401572
  2.590492e+00   2.313525e-18   1.121724e-03   1.597143e-21   2397284
  2.594379e+00   2.287106e-18   1.121499e-03   1.582288e-21   2388336
  2.598268e+00   2.257142e-18   1.124943e-03   1.564971e-21   2387204
  2.602153e+00   2.235226e-18   1.119280e-03   1.558524e-21   2368644
  2.606033e+00   2.210039e-18   1.120613e-03   1.545528e-21   2365400
  2.609918e+00   2.192215e-18   1.121690e-03   1.533416e-21   2360072
  2.613808e+00   2.161861e-18   1.123660e-03   1.519658e-21   2356464
  2.617696e+00   2.142089e-18   1.121214e-03   1.508786e-21   2343240
  2.621583e+00   2.114997e-18   1.122605e-03   1.490812e-21   2340248
  2.625468e+00   2.090766e-18   1.118824e-03   1.481659e-21   2325000
  2.629355e+00   2.070313e-18   1.124959e-03   1.470050e-21   2328632
  2.633245e+00   2.050386e-18   1.121910e-03   1.462486e-21   2313220
  2.637134e+00   2.023102e-18   1.124095e-03   1.445668e-21   2310772
  2.641020e+00   2.004593e-18   1.119781e-03   1.441102e-21   2295420
  2.644905e+00   1.980831e-18   1.122584e-03   1.423364e-21   2293592
  2.648791e+00   1.962516e-18   1.120952e-03   1.418649e-21   2281384
  2.652683e+00   1.941052e-18   1.126704e-03   1.404813e-21   2285776
  2.656570e+00   1.919428e-18   1.117325e-03   1.399880e-21   2259408
  2.660455e+00   1.899605e-18   1.124314e-03   1.387812e-21   2266808
  2.664344e+00   1.881050e-18   1.120389e-03   1.381721e-21   2248836
  2.668227e+00   1.858799e-18   1.123045e-03   1.368670e-21   2245244
  2.672111e+00   1.840292e-18   1.120801e-03   1.359823e-21   2233908
  2.675998e+00   1.821475e-18   1.122974e-03   1.347125e-21   2231660
  2.679886e+00   1.801827e-18   1.120422e-03   1.344156e-21   2218544
  2.683775e+00   1.784764e-18   1.124792e-03   1.331343e-21   2218176
  2.687664e+00   1.766568e-18   1.121286e-03   1.323833e-21   2202900
  2.691550e+00   1.749636e-18   1.121747e-03   1.317149e-21   2197472
  2.695433e+00   1.731595e-18   1.118354e-03   1.308789e-21   2181960
  2.699317e+00   1.713619e-18   1.124130e-03   1.296471e-21   2183696
  2.703207e+00   1.697631e-18   1.123719e-03   1.293227e-21   2173416
  2.707096e+00   1.682279e-18   1.122917e-03   1.286401e-21   2165444
  2.710982e+00   1.660054e-18   1.119761e-03   1.274009e-21   2152688
  2.714867e+00   1.646524e-18   1.121777e-03   1.267447e-21   2147628
  2.718754e+00   1.630327e-18   1.122335e-03   1.261416e-21   2139012
  2.722646e+00   1.614325e-18   1.125226e-03   1.252401e-21   2136008
  2.726525e+00   1.593004e-18   1.114594e-03   1.245604e-21   2108656
  2.730404e+00   1.580953e-18   1.123744e-03   1.234983e-21   2117896
  2.734296e+00   1.567511e-18   1.123450e-03   1.229137e-21   2106260
  2.738185e+00   1.549677e-18   1.123855e-03   1.222148e-21   2099088
  2.742075e+00   1.530064e-18   1.121974e-03   1.213660e-21   2088432
  2.745961e+00   1.514104e-18   1.120471e-03   1.203198e-21   2078432
  2.749845e+00   1.502581e-18   1.120708e-03   1.199647e-21   2069048
  2.753732e+00   1.489741e-18   1.123831e-03   1.195503e-21   2064804
  2.757623e+00   1.472668e-18   1.123568e-03   1.185106e-21   2055644
  2.761510e+00   1.459837e-18   1.120700e-03   1.181443e-21   2043000
  2.765392e+00   1.442500e-18   1.120067e-03   1.169899e-21   2032348
  2.769281e+00   1.432473e-18   1.126495e-03   1.163091e-21   2034064
  2.773172e+00   1.421203e-18   1.122211e-03   1.164743e-21   2017740
  2.777059e+00   1.400797e-18   1.121480e-03   1.149403e-21   2010188
  2.780942e+00   1.388556e-18   1.118751e-03   1.146308e-21   1996556
  2.784826e+00   1.380024e-18   1.122456e-03   1.144388e-21   1992816
  2.788712e+00   1.363041e-18   1.122411e-03   1.135649e-21   1982400
  2.792596e+00   1.351733e-18   1.121262e-03   1.134260e-21   1972256
  2.796480e+00   1.337843e-18   1.121000e-03   1.123466e-21   1964384
  2.800370e+00   1.323580e-18   1.122889e-03   1.116953e-21   1958544
  2.804258e+00   1.316832e-18   1.122489e-03   1.117018e-21   1946988
  2.808149e+00   1.299387e-18   1.124629e-03   1.107297e-21   1942532
  2.812034e+00   1.288973e-18   1.117383e-03   1.104002e-21   1921692
  2.815918e+00   1.275315e-18   1.123808e-03   1.094740e-21   1924004
  2.819806e+00   1.264963e-18   1.120365e-03   1.093646e-21   1907344
  2.823695e+00   1.250714e-18   1.126069e-03   1.085302e-21   1907440
  2.827583e+00   1.240352e-18   1.118720e-03   1.084601e-21   1886136
  2.831464e+00   1.228820e-18   1.121920e-03   1.079138e-21   1883144
  2.835353e+00   1.215242e-18   1.122753e-03   1.066817e-21   1874724
  2.839243e+00   1.209187e-18   1.123826e-03   1.069897e-21   1866068
  2.843130e+00   1.192557e-18   1.121455e-03   1.061886e-21   1852980
  2.847017e+00   1.181014e-18   1.122782e-03   1.056444e-21   1847468
  2.850900e+00   1.173055e-18   1.117935e-03   1.053314e-21   1829636
  2.854785e+00   1.158418e-18   1.123959e-03   1.045394e-21   1829688
  2.858675e+00   1.149100e-18   1.122789e-03   1.043414e-21   1817192
  2.862561e+00   1.140987e-18   1.121150e-03   1.042597e-21   1806312
  2.866446e+00   1.128885e-18   1.120289e-03   1.036692e-21   1795984
  2.870334e+00   1.119569e-18   1.123627e-03   1.032668e-21   1791100
  2.874224e+00   1.111458e-18   1.122050e-03   1.031625e-21   1777648
  2.878111e+00   1.098524e-18   1.123043e-03   1.023654e-21   1769848
  2.881996e+00   1.088632e-18   1.119995e-03   1.020985e-21   1756536
  2.885881e+00   1.078734e-18   1.121386e-03   1.019278e-21   1748960
  2.889768e+00   1.071609e-18   1.123014e-03   1.015627e-21   1739952
  2.893658e+00   1.057405e-18   1.124239e-03   1.007922e-21   1732124
  2.897544e+00   1.048634e-18   1.120323e-03   1.004912e-21   1716852
  2.901430e+00   1.038326e-18   1.122735e-03   1.001247e-21   1712276
  2.905319e+00   1.029102e-18   1.121222e-03   9.980133e-22   1698500
  2.909208e+00   1.021235e-18   1.125604e-03   9.915054e-22   1693932
  2.913093e+00   1.012480e-18   1.119232e-03   9.931693e-22   1675204
  2.916975e+00   1.000636e-18   1.121771e-03   9.872485e-22   1670644
  2.920858e+00   9.939013e-19   1.118515e-03   9.906793e-22   1655532
  2.924748e+00   9.867420e-19   1.126990e-03   9.831595e-22   1656860
  2.928637e+00   9.788819e-19   1.119840e-03   9.858650e-22   1635372
  2.932524e+00   9.649773e-19   1.124773e-03   9.747592e-22   1634324
  2.936410e+00   9.594892e-19   1.117372e-03   9.763903e-22   1613676
  2.940295e+00   9.488850e-19   1.124617e-03   9.691835e-22   1613348
  2.944183e+00   9.422155e-19   1.120803e-03   9.715206e-22   1596236
  2.948069e+00   9.324969e-19   1.123999e-03   9.666212e-22   1591476
  2.951956e+00   9.243963e-19   1.119134e-03   9.663099e-22   1575732
  2.955838e+00   9.131953e-19   1.120429e-03   9.594061e-22   1566236
  2.959725e+00   9.116298e-19   1.124724e-03   9.624043e-22   1560292
  2.963618e+00   8.983683e-19   1.124442e-03   9.564658e-22   1550092
  2.967503e+00   8.924180e-19   1.118750e-03   9.595435e-22   1532628
  2.971386e+00   8.830445e-19   1.121507e-03   9.504930e-22   1527332
  2.975274e+00   8.766390e-19   1.121884e-03   9.528767e-22   1515212
  2.979160e+00   8.700808e-19   1.123567e-03   9.517327e-22   1506444
  2.983048e+00   8.613621e-19   1.122261e-03   9.487341e-22   1495116
  2.986928e+00   8.512216e-19   1.117074e-03   9.468673e-22   1479152
  2.990812e+00   8.432473e-19   1.122982e-03   9.408926e-22   1475512
  2.994707e+00   8.412210e-19   1.126591e-03   9.461559e-22   1467820
  2.998598e+00   8.301081e-19   1.121923e-03   9.389849e-22   1451256
  3.002486e+00   8.220226e-19   1.122725e-03   9.376757e-22   1443212
  3.006369e+00   8.135864e-19   1.117256e-03   9.330865e-22   1425680
  3.010254e+00   8.060454e-19   1.124371e-03   9.346438e-22   1422972
  3.014143e+00   8.032439e-19   1.123023e-03   9.374581e-22   1408632
  3.018032e+00   7.922493e-19   1.123941e-03   9.299013e-22   1400984
  3.021918e+00   7.858784e-19   1.117887e-03   9.322776e-22   1383196
  3.025801e+00   7.778395e-19   1.123197e-03   9.256845e-22   1378120
  3.029692e+00   7.738629e-19   1.124450e-03   9.337489e-22   1367272
  3.033584e+00   7.658761e-19   1.124457e-03   9.295412e-22   1356580
  3.037464e+00   7.564290e-19   1.115974e-03   9.260459e-22   1337028
  3.041343e+00   7.475763e-19   1.120802e-03   9.221966e-22   1332500
  3.045230e+00   7.441503e-19   1.122780e-03   9.236007e-22   1321796
  3.049120e+00   7.363280e-19   1.124838e-03   9.239825e-22   1312716
  3.053007e+00   7.295667e-19   1.119942e-03   9.253314e-22   1296580
  3.056896e+00   7.195270e-19   1.124221e-03   9.151881e-22   1291528
  3.060783e+00   7.139922e-19   1.119071e-03   9.200581e-22   1273128
  3.064669e+00   7.094841e-19   1.125633e-03   9.214617e-22   1268720
  3.068560e+00   7.015520e-19   1.122309e-03   9.166578e-22   1254016
  3.072444e+00   6.920585e-19   1.119894e-03   9.164889e-22   1241296
  3.076322e+00   6.856267e-19   1.116955e-03   9.109990e-22   1226712
  3.080211e+00   6.807915e-19   1.128188e-03   9.131201e-22   1226228
  3.084105e+00   6.770055e-19   1.122621e-03   9.216925e-22   1207768
  3.087992e+00   6.657076e-19   1.122433e-03   9.135382e-22   1198336
  3.091874e+00   6.607122e-19   1.117108e-03   9.154166e-22   1181484
  3.095761e+00   6.508808e-19   1.125421e-03   9.103755e-22   1178012
  3.099653e+00   6.502852e-19   1.123268e-03   9.188855e-22   1162564
  3.103535e+00   6.381505e-19   1.120338e-03   9.129272e-22   1149340
  3.107418e+00   6.310543e-19   1.119954e-03   9.076995e-22   1138848
  3.111303e+00   6.238783e-19   1.120192e-03   9.110404e-22   1126748
  3.115189e+00   6.231367e-19   1.123911e-03   9.193320e-22   1117428
  3.119084e+00   6.131632e-19   1.126323e-03   9.085799e-22   1108112
  3.122973e+00   6.034078e-19   1.119549e-03   9.066575e-22   1090596
  3.126857e+00   5.941781e-19   1.120292e-03   9.019909e-22   1081052
  3.130738e+00   5.923823e-19   1.118514e-03   9.127898e-22   1065716
  3.134626e+00   5.866782e-19   1.127732e-03   9.060926e-22   1061940
  3.138518e+00   5.783560e-19   1.121370e-03   9.116759e-22   1044096
  3.142404e+00   5.654263e-19   1.122139e-03   8.991266e-22   1034864
  3.146289e+00   5.608808e-19   1.117591e-03   8.983408e-22   1018308
  3.150179e+00   5.585060e-19   1.129200e-03   9.079405e-22   1014812
  3.154072e+00   5.480816e-19   1.121981e-03   9.052452e-22   996288
  3.157955e+00   5.372680e-19   1.120847e-03   8.950798e-22   985376
  3.161835e+00   5.308824e-19   1.115880e-03   8.968911e-22   969652
  3.165722e+00   5.257086e-19   1.125987e-03   8.948877e-22   964924
  3.169610e+00   5.204789e-19   1.121515e-03   9.025857e-22   947228
  3.173495e+00   5.059427e-19   1.123457e-03   8.844393e-22   939084
  3.177381e+00   4.974043e-19   1.116472e-03   8.756409e-22   921864
  3.181265e+00   4.904664e-19   1.123502e-03   8.754917e-22   914252
  3.185159e+00   4.888205e-19   1.126304e-03   8.858949e-22   902572
  3.189050e+00   4.756907e-19   1.123145e-03   8.716111e-22   888784
  3.192932e+00   4.622855e-19   1.116224e-03   8.535702e-22   872540
  3.196811e+00   4.543454e-19   1.120157e-03   8.508894e-22   862848
  3.200697e+00   4.528707e-19   1.124093e-03   8.630745e-22   851760
  3.204592e+00   4.393586e-19   1.127172e-03   8.426214e-22   841940
  3.208479e+00   4.282360e-19   1.117661e-03   8.331585e-22   823032
  3.212364e+00   4.180628e-19   1.123934e-03   8.238380e-22   816044
  3.216253e+00   4.103105e-19   1.120364e-03   8.196746e-22   799292
  3.220140e+00   4.009300e-19   1.126784e-03   8.132777e-22   791304
  3.224026e+00   3.878056e-19   1.117490e-03   7.912436e-22   772868
  3.227902e+00   3.750930e-19   1.119936e-03   7.726362e-22   762552
  3.231787e+00   3.666543e-19   1.121745e-03   7.595052e-22   750876
  3.235677e+00   3.565042e-19   1.123999e-03   7.511164e-22   739280
  3.239565e+00   3.421877e-19   1.121784e-03   7.205090e-22   724944
  3.243456e+00   3.285598e-19   1.124267e-03   6.966785e-22   714380
  3.247336e+00   3.160653e-19   1.116046e-03   6.677975e-22   695932
  3.251222e+00   3.035628e-19   1.126879e-03   6.342389e-22   690949
  3.255114e+00   2.918813e-19   1.118914e-03   6.074099e-22   673638
  3.258999e+00   2.809821e-19   1.124434e-03   5.863413e-22   666092
  3.262883e+00   2.747276e-19   1.117312e-03   5.756531e-22   651024
  3.266766e+00   2.648182e-19   1.124054e-03   5.505325e-22   644804
  3.270656e+00   2.572756e-19   1.121035e-03   5.359619e-22   632676
  3.274546e+00   2.489477e-19   1.125434e-03   5.238662e-22   624962
  3.278430e+00   2.403512e-19   1.118496e-03   4.945318e-22   611280
  3.282321e+00   2.353128e-19   1.127391e-03   4.893770e-22   607256
  3.286211e+00   2.291384e-19   1.118374e-03   4.806576e-22   592616
  3.290095e+00   2.226298e-19   1.124430e-03   4.671335e-22   587160
  3.293983e+00   2.154827e-19   1.120749e-03   4.506293e-22   575482
  3.297866e+00   2.098786e-19   1.122505e-03   4.444318e-22   568258
  3.301757e+00   2.049907e-19   1.122731e-03   4.300413e-22   559638
  3.305647e+00   1.994679e-19   1.123210e-03   4.220709e-22   551498
  3.309536e+00   1.945478e-19   1.121790e-03   4.071364e-22   542364
  3.313423e+00   1.879529e-19   1.122328e-03   3.977798e-22   534146
  3.317305e+00   1.846252e-19   1.119988e-03   3.904085e-22   524980
  3.321196e+00   1.785881e-19   1.125222e-03   3.786054e-22   519964
  3.325077e+00   1.736103e-19   1.115886e-03   3.664671e-22   507108
  3.328962e+00   1.692805e-19   1.126905e-03   3.548829e-22   504992
  3.332852e+00   1.656634e-19   1.118656e-03   3.503920e-22   492948
  3.336740e+00   1.613250e-19   1.127360e-03   3.411156e-22   489740
  3.340629e+00   1.573326e-19   1.117346e-03   3.361927e-22   477716
  3.344511e+00   1.526106e-19   1.124864e-03   3.250110e-22   473844
  3.348399e+00   1.500021e-19   1.119228e-03   3.158889e-22   464222
  3.352284e+00   1.445764e-19   1.123815e-03   3.080725e-22   459048
  3.356167e+00   1.432329e-19   1.117888e-03   3.039234e-22   449574
  3.360054e+00   1.380603e-19   1.125019e-03   2.953368e-22   445820
  3.363936e+00   1.358770e-19   1.116211e-03   2.951338e-22   435158
  3.367827e+00   1.326444e-19   1.127850e-03   2.870605e-22   433566
  3.371713e+00   1.289181e-19   1.114763e-03   2.792392e-22   421014
  3.375597e+00   1.259030e-19   1.127754e-03   2.731368e-22   419996
  3.379490e+00   1.231885e-19   1.118287e-03   2.650986e-22   409482
  3.383368e+00   1.186554e-19   1.121665e-03   2.567506e-22   404414
  3.387257e+00   1.178495e-19   1.122567e-03   2.549859e-22   398518
  3.391148e+00   1.132845e-19   1.123750e-03   2.453568e-22   392302
  3.395033e+00   1.122199e-19   1.121765e-03   2.451198e-22   385318
  3.398930e+00   1.086679e-19   1.127631e-03   2.382504e-22   381718
  3.402811e+00   1.058197e-19   1.114511e-03   2.336477e-22   370674
  3.406696e+00   1.044308e-19   1.128673e-03   2.327473e-22   370166
  3.410587e+00   1.024210e-19   1.117032e-03   2.261725e-22   359838
  3.414471e+00   9.918782e-20   1.126612e-03   2.191891e-22   357488
  3.418356e+00   9.792298e-20   1.115416e-03   2.196435e-22   348174
  3.422239e+00   9.445552e-20   1.126138e-03   2.109465e-22   346010
  3.426123e+00   9.341895e-20   1.115666e-03   2.107533e-22   336966
  3.430017e+00   9.043614e-20   1.131496e-03   2.017532e-22   336488
  3.433906e+00   8.909065e-20   1.113178e-03   2.021019e-22   325206
  3.437790e+00   8.674678e-20   1.128394e-03   1.960190e-22   324614
  3.441675e+00   8.472906e-20   1.113950e-03   1.927195e-22   314792
  3.445561e+00   8.252551e-20   1.129033e-03   1.879800e-22   314082
  3.449445e+00   8.079513e-20   1.112843e-03   1.876343e-22   303918
  3.453329e+00   7.962701e-20   1.130230e-03   1.827884e-22   303872
  3.457223e+00   7.787824e-20   1.118237e-03   1.789654e-22   295070
  3.461110e+00   7.568368e-20   1.127117e-03   1.741126e-22   292776
  3.464999e+00   7.436268e-20   1.118155e-03   1.722258e-22   285198
  3.468882e+00   7.230522e-20   1.124173e-03   1.690342e-22   282068
  3.472770e+00   7.099412e-20   1.120642e-03   1.659803e-22   276094
  3.476654e+00   6.906311e-20   1.121770e-03   1.631152e-22   271936
  3.480537e+00   6.776196e-20   1.119604e-03   1.600635e-22   266352
  3.484425e+00   6.656892e-20   1.124273e-03   1.559504e-22   263198
  3.488309e+00   6.561823e-20   1.117087e-03   1.578066e-22   256540
  3.492199e+00   6.399701e-20   1.128018e-03   1.523756e-22   254758
  3.496085e+00   6.245837e-20   1.114575e-03   1.507036e-22   246888
  3.499973e+00   6.129719e-20   1.129431e-03   1.480605e-22   245984
  3.503859e+00   5.981240e-20   1.113747e-03   1.448919e-22   237838
  3.507743e+00   5.835508e-20   1.128624e-03   1.424032e-22   236932
  3.511628e+00   5.751467e-20   1.114686e-03   1.399127e-22   229296
  3.515519e+00   5.608873e-20   1.132107e-03   1.386133e-22   228968
  3.519410e+00   5.533792e-20   1.115334e-03   1.370225e-22   220862
  3.523299e+00   5.384947e-20   1.132320e-03   1.343807e-22   220440
  3.527188e+00   5.326813e-20   1.113877e-03   1.331492e-22   212400
  3.531075e+00   5.158843e-20   1.132596e-03   1.286588e-22   212228
  3.534965e+00   5.112654e-20   1.113928e-03   1.293945e-22   204518
  3.538852e+00   4.972574e-20   1.130227e-03   1.274482e-22   203928
  3.542735e+00   4.891973e-20   1.110921e-03   1.253453e-22   196280
  3.546619e+00   4.746514e-20   1.130361e-03   1.207701e-22   196272
  3.550503e+00   4.730176e-20   1.110008e-03   1.230072e-22   188572
  3.554385e+00   4.577098e-20   1.129045e-03   1.188137e-22   188440
  3.558272e+00   4.532627e-20   1.112527e-03   1.202042e-22   181574
  3.562156e+00   4.418699e-20   1.129325e-03   1.153135e-22   180912
  3.566042e+00   4.385596e-20   1.112617e-03   1.170465e-22   174304
  3.569927e+00   4.244686e-20   1.129933e-03   1.134644e-22   173620
  3.573814e+00   4.249011e-20   1.114477e-03   1.144725e-22   167424
  3.577707e+00   4.098429e-20   1.132693e-03   1.103971e-22   166952
  3.581590e+00   4.064873e-20   1.109406e-03   1.116752e-22   159744
  3.585479e+00   3.965601e-20   1.134885e-03   1.085204e-22   160424
  3.589363e+00   3.940739e-20   1.107308e-03   1.094409e-22   152748
  3.593250e+00   3.827905e-20   1.136784e-03   1.068528e-22   153920
  3.597136e+00   3.774607e-20   1.105473e-03   1.060166e-22   146016
  3.601018e+00   3.687256e-20   1.136208e-03   1.038843e-22   147176
  3.604907e+00   3.651770e-20   1.107710e-03   1.050105e-22   139992
  3.608791e+00   3.590383e-20   1.135264e-03   1.030397e-22   140588
  3.612682e+00   3.559618e-20   1.111007e-03   1.044921e-22   134184
  3.616571e+00   3.438497e-20   1.134121e-03   9.989848e-23   134192
  3.620457e+00   3.427010e-20   1.110077e-03   1.024866e-22   127992
  3.624344e+00   3.360857e-20   1.133946e-03   9.937406e-23   128132
  3.628235e+00   3.311056e-20   1.112933e-03   1.011848e-22   122384
  3.632120e+00   3.228810e-20   1.130787e-03   9.709462e-23   121896
  3.636006e+00   3.210138e-20   1.111987e-03   9.944126e-23   116592
  3.639888e+00   3.153088e-20   1.130031e-03   9.734811e-23   116072
  3.643776e+00   3.119371e-20   1.113281e-03   9.897714e-23   111196
  3.647666e+00   3.031526e-20   1.133982e-03   9.521748e-23   110824
  3.651553e+00   3.038492e-20   1.109351e-03   9.877703e-23   105456
  3.655445e+00   2.955123e-20   1.137911e-03   9.493548e-23   105746
  3.659331e+00   2.935067e-20   1.104570e-03   9.630420e-23   99816
  3.663217e+00   2.887806e-20   1.137630e-03   9.476802e-23   100460
  3.667098e+00   2.847139e-20   1.103186e-03   9.594799e-23   94616
  3.670986e+00   2.821823e-20   1.138482e-03   9.447772e-23   95448
  3.674871e+00   2.780857e-20   1.104767e-03   9.567766e-23   89784
  3.678762e+00   2.709975e-20   1.138753e-03   9.325751e-23   90536
  3.682640e+00   2.730171e-20   1.098833e-03   9.631236e-23   84566
  3.686528e+00   2.657754e-20   1.143171e-03   9.397075e-23   86088
  3.690411e+00   2.634257e-20   1.094501e-03   9.605770e-23   79680
  3.694290e+00   2.603478e-20   1.143460e-03   9.349376e-23   81368
  3.698177e+00   2.594943e-20   1.096007e-03   9.704629e-23   75356
  3.702056e+00   2.518366e-20   1.143156e-03   9.248126e-23   76704
  3.705948e+00   2.527638e-20   1.100016e-03   9.665335e-23   71322
  3.709834e+00   2.459854e-20   1.143672e-03   9.240238e-23   72248
  3.713724e+00   2.479393e-20   1.099908e-03   9.764156e-23   67160
  3.717610e+00   2.417489e-20   1.141543e-03   9.422219e-23   67836
  3.721489e+00   2.387258e-20   1.096984e-03   9.625299e-23   62976
  3.725379e+00   2.361785e-20   1.144398e-03   9.417135e-23   63914
  3.729253e+00   2.343360e-20   1.092761e-03   9.787311e-23   58832
  3.733144e+00   2.314672e-20   1.147084e-03   9.582405e-23   60108
  3.737017e+00   2.316438e-20   1.090205e-03   9.849426e-23   54920
  3.740928e+00   2.287468e-20   1.160099e-03   9.670188e-23   56970
  3.744809e+00   2.298292e-20   1.078913e-03   1.029719e-22   50760
  3.748701e+00   2.228963e-20   1.161348e-03   9.788768e-23   53312
  3.752584e+00   2.239339e-20   1.074836e-03   1.038484e-22   47164
  3.756472e+00   2.197058e-20   1.163802e-03   9.960379e-23   49810
  3.760356e+00   2.203757e-20   1.069365e-03   1.059222e-22   43680
  3.764234e+00   2.169505e-20   1.164818e-03   1.027800e-22   46328
  3.768129e+00   2.136317e-20   1.073902e-03   1.067829e-22   40694
  3.772013e+00   2.133896e-20   1.167140e-03   1.015470e-22   42984
  3.775913e+00   2.111366e-20   1.073587e-03   1.107604e-22   37656
  3.779787e+00   2.114073e-20   1.164236e-03   1.067633e-22   39578
  3.783688e+00   2.090013e-20   1.077878e-03   1.106890e-22   34920
  3.787564e+00   2.072215e-20   1.160065e-03   1.085268e-22   36308
  3.791451e+00   2.088570e-20   1.076316e-03   1.164487e-22   32136
  3.795334e+00   2.053533e-20   1.159401e-03   1.116698e-22   33362
  3.799207e+00   2.066606e-20   1.069739e-03   1.213787e-22   29336
  3.803104e+00   2.015002e-20   1.167435e-03   1.143364e-22   30804
  3.806966e+00   2.020482e-20   1.055228e-03   1.250404e-22   26490
  3.810870e+00   1.964261e-20   1.176653e-03   1.161948e-22   28376
  3.814719e+00   1.986511e-20   1.039734e-03   1.315648e-22   23784
  3.818636e+00   1.992469e-20   1.189627e-03   1.215478e-22   26150
  3.822479e+00   1.986194e-20   1.021588e-03   1.352518e-22   21192
  3.826407e+00   1.965324e-20   1.204804e-03   1.253386e-22   24050
  3.830252e+00   1.945462e-20   1.002280e-03   1.439573e-22   18768
  3.834191e+00   1.946273e-20   1.221518e-03   1.307825e-22   22052
  3.838029e+00   1.949403e-20   9.660660e-04   1.530535e-22   16346
  3.841962e+00   1.925029e-20   1.236558e-03   1.384000e-22   20136
  3.845802e+00   1.947502e-20   9.274195e-04   1.633329e-22   14160
  3.849721e+00   1.918441e-20   1.247069e-03   1.433358e-22   18218
  3.853565e+00   1.909939e-20   8.859468e-04   1.721815e-22   12204
  3.857470e+00   1.904143e-20   1.256334e-03   1.506366e-22   16346
  3.861333e+00   1.957808e-20   8.562781e-04   1.901883e-22   10536
  3.865221e+00   1.867125e-20   1.261091e-03   1.549337e-22   14456
  3.869081e+00   1.918190e-20   8.165112e-04   2.058423e-22   8990
  3.872967e+00   1.902999e-20   1.270385e-03   1.679888e-22   12744
  3.876815e+00   1.856649e-20   7.482517e-04   2.128964e-22   7506
  3.880703e+00   1.914355e-20   1.282849e-03   1.879253e-22   11192
  3.884545e+00   1.876379e-20   6.569471e-04   2.416091e-22   6156
  3.888432e+00   1.865190e-20   1.294599e-03   1.917907e-22   9722
  3.892281e+00   1.895670e-20   5.567157e-04   2.672762e-22   4992
  3.896158e+00   1.889384e-20   1.304505e-03   2.078667e-22   8306
  3.900025e+00   1.863466e-20   4.384033e-04   3.006788e-22   3996
  3.903878e+00   1.915384e-20   1.309274e-03   2.314886e-22   6938
  3.907766e+00   2.014216e-20   3.047624e-04   3.586728e-22   3168
  3.911584e+00   1.883010e-20   1.304853e-03   2.475057e-22   5624
  3.915485e+00   1.819340e-20   2.103226e-04   3.480228e-22   2502
  3.919286e+00   1.840468e-20   1.297747e-03   2.942084e-22   4424
  3.923208e+00   1.981411e-20   2.230451e-04   4.391529e-22   1946
  3.926998e+00   1.844623e-20   1.292790e-03   3.306328e-22   3360
  3.930918e+00   1.986110e-20   1.221617e-04   4.969651e-22   1446
  3.934708e+00   1.836598e-20   1.290208e-03   3.725420e-22   2456
  3.938666e+00   1.918601e-20   2.340394e-04   5.577971e-22   1034
  3.942432e+00   1.951496e-20   1.288305e-03   4.853546e-22   1680
  3.946383e+00   1.706963e-20   5.837572e-05   6.201903e-22   678
  3.950143e+00   1.985164e-20   1.286681e-03   6.593940e-22   1064
  3.954177e+00   1.938861e-20   3.540138e-04   9.969008e-22   410
  3.957868e+00   1.749746e-20   1.284749e-03   7.100940e-22   576
  3.961879e+00   1.709645e-20   1.855368e-05   1.151888e-21   198
  3.965528e+00   1.805190e-20   1.272780e-03   1.106041e-21   248
  3.969917e+00   1.864066e-20   8.019490e-04   2.202347e-21   74
  3.973198e+00   1.510867e-20   1.252635e-03   2.061803e-21   48
  3.977405e+00   4.536972e-20   5.034095e-08   8.972277e-21   6
