# power spectrum of zeta (dimensionless)
# redshift z=48.322258
# k              Pk             sigma(k)       sigma(Pk)      count
  5.011399e-03   3.040079e-21   7.667927e-04   5.826640e-22   18
  1.037418e-02   8.080552e-20   1.725047e-03   9.346154e-21   128
  1.616528e-02   3.593312e-19   1.646572e-03   2.029235e-20   314
  2.269071e-02   8.624659e-19   1.954354e-03   3.341712e-20   728
  2.897169e-02   1.653594e-18   1.717946e-03   5.552858e-20   1016
  3.518826e-02   2.299175e-18   1.880676e-03   5.670135e-20   1682
  4.169479e-02   3.448479e-18   1.831736e-03   7.267012e-20   2300
  4.790974e-02   4.374225e-18   1.770731e-03   8.219779e-20   2906
  5.429022e-02   5.880089e-18   1.892687e-03   9.697052e-20   4040
  6.068098e-02   7.542689e-18   1.775551e-03   1.139240e-19   4712
  6.698900e-02   9.609682e-18   1.857705e-03   1.235721e-19   6002
  7.346135e-02   1.134613e-17   1.857594e-03   1.347950e-19   7256
  7.977379e-02   1.344433e-17   1.772571e-03   1.517365e-19   8120
  8.609019e-02   1.474043e-17   1.864951e-03   1.478743e-19   9950
  9.253636e-02   1.623223e-17   1.853578e-03   1.500590e-19   11384
  9.885187e-02   1.727443e-17   1.809244e-03   1.552258e-19   12666
  1.052712e-01   1.899238e-17   1.889168e-03   1.522676e-19   15104
  1.117654e-01   2.093049e-17   1.850532e-03   1.642885e-19   16616
  1.180754e-01   2.374542e-17   1.799489e-03   1.782713e-19   18026
  1.244216e-01   2.601698e-17   1.853405e-03   1.782895e-19   20696
  1.308065e-01   2.820526e-17   1.827918e-03   1.897661e-19   22436
  1.371558e-01   3.094961e-17   1.845873e-03   1.977166e-19   24962
  1.435394e-01   3.241045e-17   1.831283e-03   1.944679e-19   27176
  1.499133e-01   3.341749e-17   1.847268e-03   1.944717e-19   29810
  1.562775e-01   3.475883e-17   1.828450e-03   1.963647e-19   32120
  1.626776e-01   3.595718e-17   1.865216e-03   1.915503e-19   35432
  1.690383e-01   3.828027e-17   1.814577e-03   1.986847e-19   37238
  1.754019e-01   4.044689e-17   1.856016e-03   1.996298e-19   41072
  1.817869e-01   4.250458e-17   1.834293e-03   2.059858e-19   43472
  1.881565e-01   4.546175e-17   1.848176e-03   2.102131e-19   47042
  1.945298e-01   4.847814e-17   1.829223e-03   2.196149e-19   49712
  2.008693e-01   5.021205e-17   1.840592e-03   2.197435e-19   53226
  2.072637e-01   5.084674e-17   1.853753e-03   2.117464e-19   57320
  2.136558e-01   5.265857e-17   1.831629e-03   2.158028e-19   60092
  2.200056e-01   5.418144e-17   1.839426e-03   2.148831e-19   63914
  2.263950e-01   5.533183e-17   1.849752e-03   2.110756e-19   68192
  2.327751e-01   5.717711e-17   1.833934e-03   2.143942e-19   71336
  2.391397e-01   5.893982e-17   1.845607e-03   2.141013e-19   75818
  2.455297e-01   6.108296e-17   1.844019e-03   2.167824e-19   79880
  2.518964e-01   6.363809e-17   1.834462e-03   2.195791e-19   83642
  2.582661e-01   6.611971e-17   1.840779e-03   2.219589e-19   88316
  2.646730e-01   6.774020e-17   1.859422e-03   2.222464e-19   93488
  2.710484e-01   6.918063e-17   1.827184e-03   2.226106e-19   96458
  2.773871e-01   7.063756e-17   1.829038e-03   2.250020e-19   101264
  2.837816e-01   7.177526e-17   1.862873e-03   2.181993e-19   107696
  2.901819e-01   7.268063e-17   1.837217e-03   2.180522e-19   111170
  2.965233e-01   7.530323e-17   1.822285e-03   2.214567e-19   115232
  3.028941e-01   7.675270e-17   1.855375e-03   2.195647e-19   122310
  3.093019e-01   7.841777e-17   1.843350e-03   2.201884e-19   126944
  3.156739e-01   8.076412e-17   1.828600e-03   2.231151e-19   131192
  3.220432e-01   8.260585e-17   1.844535e-03   2.239976e-19   137618
  3.284234e-01   8.429080e-17   1.836674e-03   2.230956e-19   142448
  3.347979e-01   8.528177e-17   1.844704e-03   2.207728e-19   148520
  3.411627e-01   8.695179e-17   1.831436e-03   2.238146e-19   153254
  3.475446e-01   8.860490e-17   1.852010e-03   2.218041e-19   160760
  3.539284e-01   8.883152e-17   1.835751e-03   2.170457e-19   165290
  3.603019e-01   9.103891e-17   1.840148e-03   2.199554e-19   171992
  3.666828e-01   9.254720e-17   1.840217e-03   2.203622e-19   177800
  3.730569e-01   9.440088e-17   1.843032e-03   2.206851e-19   184322
  3.794439e-01   9.590192e-17   1.841595e-03   2.205107e-19   190832
  3.858239e-01   9.725696e-17   1.839260e-03   2.209220e-19   196772
  3.921872e-01   9.922710e-17   1.836453e-03   2.209198e-19   202970
  3.985536e-01   1.009022e-16   1.839266e-03   2.203561e-19   210056
  4.049173e-01   1.023196e-16   1.832832e-03   2.200810e-19   216210
  4.112896e-01   1.035322e-16   1.841640e-03   2.182046e-19   224168
  4.176700e-01   1.041384e-16   1.840761e-03   2.178398e-19   230792
  4.240565e-01   1.062594e-16   1.846256e-03   2.179739e-19   238778
  4.304312e-01   1.067698e-16   1.831772e-03   2.159259e-19   243956
  4.367939e-01   1.088801e-16   1.845141e-03   2.165623e-19   252680
  4.431746e-01   1.100759e-16   1.842020e-03   2.161452e-19   260066
  4.495713e-01   1.115792e-16   1.849294e-03   2.152458e-19   268712
  4.559494e-01   1.133292e-16   1.834336e-03   2.164503e-19   274034
  4.623270e-01   1.135645e-16   1.847366e-03   2.135196e-19   283904
  4.687088e-01   1.151516e-16   1.837425e-03   2.135310e-19   290048
  4.750707e-01   1.160607e-16   1.836659e-03   2.135952e-19   297950
  4.814434e-01   1.176230e-16   1.842026e-03   2.137960e-19   306968
  4.878269e-01   1.197045e-16   1.843240e-03   2.136992e-19   315320
  4.942006e-01   1.197211e-16   1.835899e-03   2.107876e-19   322346
  5.005701e-01   1.213227e-16   1.842589e-03   2.102747e-19   331664
  5.069538e-01   1.222526e-16   1.844896e-03   2.090261e-19   340818
  5.133346e-01   1.243571e-16   1.837322e-03   2.107602e-19   348164
  5.197083e-01   1.251987e-16   1.843548e-03   2.093822e-19   357584
  5.260929e-01   1.262576e-16   1.846059e-03   2.079008e-19   367106
  5.324635e-01   1.274338e-16   1.832285e-03   2.080452e-19   373376
  5.388350e-01   1.282463e-16   1.848023e-03   2.060440e-19   385376
  5.452233e-01   1.296999e-16   1.842356e-03   2.066760e-19   393650
  5.516038e-01   1.303574e-16   1.840588e-03   2.052046e-19   402704
  5.579656e-01   1.314692e-16   1.830970e-03   2.055062e-19   409910
  5.643320e-01   1.329512e-16   1.843407e-03   2.054422e-19   422024
  5.707212e-01   1.335523e-16   1.846526e-03   2.026740e-19   432176
  5.771022e-01   1.349830e-16   1.837404e-03   2.040158e-19   440066
  5.834769e-01   1.362896e-16   1.841263e-03   2.027021e-19   450680
  5.898365e-01   1.369914e-16   1.831084e-03   2.025905e-19   457856
  5.962115e-01   1.385667e-16   1.848347e-03   2.007843e-19   472538
  6.026013e-01   1.397707e-16   1.839689e-03   2.020892e-19   480140
  6.089752e-01   1.402270e-16   1.841279e-03   2.005785e-19   490842
  6.153517e-01   1.415692e-16   1.838382e-03   2.001877e-19   500744
  6.217295e-01   1.423773e-16   1.842392e-03   1.991090e-19   511856
  6.281145e-01   1.433845e-16   1.844734e-03   1.984340e-19   523202
  6.344991e-01   1.443546e-16   1.840396e-03   1.982722e-19   532688
  6.408638e-01   1.454096e-16   1.834541e-03   1.988970e-19   541520
  6.472341e-01   1.462498e-16   1.842653e-03   1.968449e-19   555110
  6.536136e-01   1.473500e-16   1.839126e-03   1.958378e-19   564944
  6.599884e-01   1.476046e-16   1.839832e-03   1.950329e-19   576434
  6.663740e-01   1.487328e-16   1.844405e-03   1.940869e-19   588848
  6.727501e-01   1.498923e-16   1.838623e-03   1.941862e-19   597704
  6.791236e-01   1.504911e-16   1.842386e-03   1.928069e-19   610946
  6.855006e-01   1.517378e-16   1.837794e-03   1.927785e-19   620852
  6.918722e-01   1.523772e-16   1.841901e-03   1.919471e-19   633530
  6.982524e-01   1.530756e-16   1.841844e-03   1.909831e-19   645704
  7.046316e-01   1.539867e-16   1.840565e-03   1.907560e-19   656744
  7.110074e-01   1.551645e-16   1.841941e-03   1.896205e-19   669162
  7.173906e-01   1.560832e-16   1.843286e-03   1.889234e-19   681992
  7.237681e-01   1.565563e-16   1.838959e-03   1.887996e-19   692360
  7.301485e-01   1.572929e-16   1.844364e-03   1.875970e-19   707006
  7.365206e-01   1.581080e-16   1.834135e-03   1.872407e-19   714944
  7.428835e-01   1.595233e-16   1.841775e-03   1.866457e-19   730346
  7.492606e-01   1.599859e-16   1.838962e-03   1.861358e-19   742616
  7.556415e-01   1.608725e-16   1.843530e-03   1.849051e-19   756536
  7.620128e-01   1.611794e-16   1.836595e-03   1.844488e-19   766418
  7.683917e-01   1.618819e-16   1.845753e-03   1.829318e-19   783392
  7.747614e-01   1.627645e-16   1.833632e-03   1.836583e-19   790412
  7.811334e-01   1.635159e-16   1.848120e-03   1.817318e-19   810314
  7.875277e-01   1.643911e-16   1.843702e-03   1.813271e-19   821960
  7.938987e-01   1.653305e-16   1.834976e-03   1.811308e-19   831266
  8.002712e-01   1.652873e-16   1.843706e-03   1.796445e-19   848960
  8.066557e-01   1.661481e-16   1.842629e-03   1.792885e-19   861488
  8.130204e-01   1.668627e-16   1.833334e-03   1.793680e-19   871194
  8.193985e-01   1.675322e-16   1.847247e-03   1.773307e-19   891788
  8.257796e-01   1.683305e-16   1.838008e-03   1.775363e-19   900416
  8.321422e-01   1.693408e-16   1.836250e-03   1.769345e-19   914306
  8.385264e-01   1.694438e-16   1.847988e-03   1.754658e-19   933992
  8.449011e-01   1.699817e-16   1.834294e-03   1.754401e-19   940826
  8.512701e-01   1.710535e-16   1.842364e-03   1.753523e-19   960224
  8.576621e-01   1.714236e-16   1.846556e-03   1.735948e-19   976316
  8.640381e-01   1.716695e-16   1.835724e-03   1.726739e-19   985010
  8.704114e-01   1.725426e-16   1.843336e-03   1.723808e-19   1004024
  8.767898e-01   1.725576e-16   1.839706e-03   1.718130e-19   1016288
  8.831639e-01   1.739335e-16   1.840690e-03   1.712309e-19   1032290
  8.895470e-01   1.742108e-16   1.843156e-03   1.703261e-19   1048640
  8.959130e-01   1.743514e-16   1.831919e-03   1.697111e-19   1057250
  9.022937e-01   1.756894e-16   1.849588e-03   1.689357e-19   1083140
  9.086870e-01   1.762137e-16   1.840763e-03   1.690448e-19   1092248
  9.150555e-01   1.762168e-16   1.837510e-03   1.677640e-19   1105914
  9.214310e-01   1.766975e-16   1.841822e-03   1.664667e-19   1124744
  9.278120e-01   1.774627e-16   1.841202e-03   1.665187e-19   1139120
  9.341841e-01   1.781152e-16   1.838536e-03   1.655911e-19   1153490
  9.405650e-01   1.782783e-16   1.844187e-03   1.647984e-19   1172936
  9.469357e-01   1.790621e-16   1.834491e-03   1.649749e-19   1182158
  9.533110e-01   1.791438e-16   1.846126e-03   1.626291e-19   1206392
  9.596894e-01   1.794856e-16   1.835525e-03   1.626818e-19   1215224
  9.660641e-01   1.800687e-16   1.844936e-03   1.616262e-19   1237874
  9.724505e-01   1.807567e-16   1.841050e-03   1.616410e-19   1251800
  9.788233e-01   1.807479e-16   1.838619e-03   1.605718e-19   1265792
  9.851993e-01   1.819429e-16   1.843109e-03   1.607689e-19   1286306
  9.915793e-01   1.819288e-16   1.838809e-03   1.599969e-19   1299764
  9.979438e-01   1.825253e-16   1.836769e-03   1.591405e-19   1314554
  1.004319e+00   1.824572e-16   1.843595e-03   1.579149e-19   1337288
  1.010703e+00   1.830737e-16   1.840912e-03   1.573042e-19   1351304
  1.017077e+00   1.833109e-16   1.841769e-03   1.560222e-19   1369026
  1.023461e+00   1.836429e-16   1.843478e-03   1.558111e-19   1388456
  1.029842e+00   1.843014e-16   1.840406e-03   1.560774e-19   1402700
  1.036211e+00   1.844847e-16   1.837802e-03   1.551158e-19   1418282
  1.042587e+00   1.849716e-16   1.843596e-03   1.542005e-19   1440272
  1.048964e+00   1.853013e-16   1.838705e-03   1.537366e-19   1454114
  1.055341e+00   1.853729e-16   1.842603e-03   1.525543e-19   1475480
  1.061720e+00   1.860650e-16   1.840520e-03   1.522834e-19   1490936
  1.068091e+00   1.859179e-16   1.838519e-03   1.514228e-19   1507826
  1.074472e+00   1.864860e-16   1.844275e-03   1.511526e-19   1530764
  1.080850e+00   1.864955e-16   1.839052e-03   1.499272e-19   1543424
  1.087222e+00   1.872743e-16   1.841688e-03   1.497387e-19   1564946
  1.093594e+00   1.874953e-16   1.835875e-03   1.489919e-19   1578536
  1.099970e+00   1.876731e-16   1.845670e-03   1.479932e-19   1604882
  1.106358e+00   1.879845e-16   1.842454e-03   1.476538e-19   1621304
  1.112736e+00   1.879661e-16   1.839545e-03   1.473380e-19   1637024
  1.119103e+00   1.884836e-16   1.837794e-03   1.468523e-19   1654134
  1.125480e+00   1.886709e-16   1.844256e-03   1.457639e-19   1679168
  1.131864e+00   1.889551e-16   1.841903e-03   1.450357e-19   1695944
  1.138235e+00   1.893555e-16   1.836568e-03   1.447461e-19   1710602
  1.144612e+00   1.895804e-16   1.844777e-03   1.440431e-19   1737056
  1.150994e+00   1.897757e-16   1.840390e-03   1.434347e-19   1752602
  1.157370e+00   1.896644e-16   1.839227e-03   1.425841e-19   1772024
  1.163752e+00   1.900114e-16   1.844090e-03   1.420395e-19   1795364
  1.170126e+00   1.901596e-16   1.836467e-03   1.416162e-19   1807634
  1.176490e+00   1.904666e-16   1.836183e-03   1.408984e-19   1827608
  1.182859e+00   1.905103e-16   1.840789e-03   1.400473e-19   1850984
  1.189240e+00   1.905295e-16   1.844107e-03   1.390399e-19   1874618
  1.195619e+00   1.908427e-16   1.838445e-03   1.388794e-19   1889504
  1.202001e+00   1.910889e-16   1.845373e-03   1.381031e-19   1916870
  1.208383e+00   1.909699e-16   1.838254e-03   1.375249e-19   1929728
  1.214760e+00   1.916026e-16   1.843674e-03   1.370512e-19   1955408
  1.221131e+00   1.914931e-16   1.834427e-03   1.363697e-19   1966842
  1.227503e+00   1.915230e-16   1.843005e-03   1.355908e-19   1996640
  1.233886e+00   1.918369e-16   1.842690e-03   1.354241e-19   2016392
  1.240265e+00   1.920050e-16   1.839730e-03   1.344029e-19   2034722
  1.246641e+00   1.916821e-16   1.840813e-03   1.336459e-19   2056460
  1.253014e+00   1.920264e-16   1.838931e-03   1.333621e-19   2075186
  1.259388e+00   1.921044e-16   1.840566e-03   1.327655e-19   2099096
  1.265761e+00   1.923967e-16   1.837910e-03   1.323065e-19   2116832
  1.272138e+00   1.922052e-16   1.844119e-03   1.312099e-19   2145146
  1.278526e+00   1.921155e-16   1.844128e-03   1.305041e-19   2166776
  1.284904e+00   1.924830e-16   1.838822e-03   1.302208e-19   2181848
  1.291273e+00   1.925685e-16   1.838785e-03   1.298472e-19   2203766
  1.297646e+00   1.924864e-16   1.840619e-03   1.287972e-19   2227664
  1.304025e+00   1.925933e-16   1.842381e-03   1.284034e-19   2252138
  1.310403e+00   1.923686e-16   1.839825e-03   1.277487e-19   2271152
  1.316777e+00   1.926586e-16   1.840536e-03   1.271310e-19   2293256
  1.323154e+00   1.927608e-16   1.842085e-03   1.269319e-19   2318130
  1.329536e+00   1.929727e-16   1.841956e-03   1.262699e-19   2340824
  1.335910e+00   1.926628e-16   1.838342e-03   1.255954e-19   2357990
  1.342292e+00   1.927583e-16   1.846396e-03   1.246742e-19   2391176
  1.348671e+00   1.929299e-16   1.837209e-03   1.243935e-19   2401808
  1.355040e+00   1.930508e-16   1.840258e-03   1.238338e-19   2428442
  1.361418e+00   1.928290e-16   1.842645e-03   1.230264e-19   2454752
  1.367798e+00   1.925217e-16   1.841270e-03   1.224188e-19   2475872
  1.374172e+00   1.925607e-16   1.838763e-03   1.219477e-19   2495822
  1.380543e+00   1.925260e-16   1.839940e-03   1.212159e-19   2520248
  1.386922e+00   1.923848e-16   1.844043e-03   1.206737e-19   2549186
  1.393299e+00   1.926274e-16   1.837661e-03   1.201826e-19   2564768
  1.399672e+00   1.927560e-16   1.841284e-03   1.198802e-19   2592968
  1.406054e+00   1.923933e-16   1.843378e-03   1.191117e-19   2619818
  1.412431e+00   1.926911e-16   1.838027e-03   1.188751e-19   2636384
  1.418803e+00   1.922669e-16   1.840293e-03   1.180101e-19   2662220
  1.425180e+00   1.923966e-16   1.842524e-03   1.173560e-19   2689770
  1.431560e+00   1.923428e-16   1.840994e-03   1.167962e-19   2712296
  1.437933e+00   1.921179e-16   1.838431e-03   1.162465e-19   2732618
  1.444312e+00   1.919350e-16   1.843932e-03   1.153458e-19   2765264
  1.450695e+00   1.922490e-16   1.840894e-03   1.151736e-19   2784824
  1.457066e+00   1.919081e-16   1.837138e-03   1.144835e-19   2804162
  1.463445e+00   1.920814e-16   1.844971e-03   1.139298e-19   2840612
  1.469825e+00   1.918983e-16   1.839130e-03   1.136304e-19   2855576
  1.476198e+00   1.914564e-16   1.840533e-03   1.127505e-19   2883458
  1.482571e+00   1.916770e-16   1.838217e-03   1.125238e-19   2904128
  1.488946e+00   1.915527e-16   1.843378e-03   1.118464e-19   2937026
  1.495325e+00   1.914018e-16   1.839218e-03   1.112874e-19   2956976
  1.501703e+00   1.911475e-16   1.841967e-03   1.105853e-19   2986472
  1.508082e+00   1.912591e-16   1.840166e-03   1.102438e-19   3008918
  1.514460e+00   1.908154e-16   1.841773e-03   1.094865e-19   3036752
  1.520836e+00   1.909804e-16   1.839884e-03   1.091890e-19   3058376
  1.527209e+00   1.909465e-16   1.839616e-03   1.087172e-19   3084210
  1.533583e+00   1.906163e-16   1.840948e-03   1.079951e-19   3111848
  1.539960e+00   1.904990e-16   1.841348e-03   1.074749e-19   3138890
  1.546339e+00   1.903117e-16   1.840626e-03   1.071262e-19   3164516
  1.552719e+00   1.901499e-16   1.842638e-03   1.063372e-19   3192656
  1.559097e+00   1.898612e-16   1.840555e-03   1.058230e-19   3215618
  1.565473e+00   1.897904e-16   1.840732e-03   1.054210e-19   3242888
  1.571846e+00   1.896783e-16   1.839114e-03   1.048602e-19   3265448
  1.578224e+00   1.894582e-16   1.843575e-03   1.043238e-19   3300842
  1.584604e+00   1.890961e-16   1.839884e-03   1.038100e-19   3321008
  1.590977e+00   1.888731e-16   1.839336e-03   1.033161e-19   3346406
  1.597352e+00   1.887066e-16   1.841596e-03   1.026568e-19   3377984
  1.603728e+00   1.885577e-16   1.839551e-03   1.021277e-19   3400352
  1.610103e+00   1.886691e-16   1.841321e-03   1.018414e-19   3431450
  1.616483e+00   1.881449e-16   1.841519e-03   1.010885e-19   3458768
  1.622859e+00   1.879517e-16   1.841183e-03   1.007007e-19   3484088
  1.629231e+00   1.880400e-16   1.838425e-03   1.004163e-19   3508218
  1.635610e+00   1.876946e-16   1.843946e-03   9.976934e-20   3545924
  1.641992e+00   1.873102e-16   1.841053e-03   9.925760e-20   3567530
  1.648369e+00   1.872111e-16   1.840183e-03   9.874362e-20   3595040
  1.654744e+00   1.871095e-16   1.840167e-03   9.844542e-20   3621176
  1.661115e+00   1.866337e-16   1.839521e-03   9.765556e-20   3647738
  1.667490e+00   1.864937e-16   1.841438e-03   9.714452e-20   3680480
  1.673870e+00   1.861415e-16   1.842082e-03   9.669602e-20   3709712
  1.680248e+00   1.859759e-16   1.840008e-03   9.626747e-20   3734702
  1.686623e+00   1.855788e-16   1.840362e-03   9.562976e-20   3762776
  1.692996e+00   1.853243e-16   1.839854e-03   9.531925e-20   3790514
  1.699371e+00   1.850826e-16   1.839908e-03   9.469333e-20   3820352
  1.705752e+00   1.848465e-16   1.844068e-03   9.414981e-20   3856016
  1.712131e+00   1.846754e-16   1.839690e-03   9.394724e-20   3876818
  1.718506e+00   1.845139e-16   1.839874e-03   9.334137e-20   3906332
  1.724882e+00   1.841831e-16   1.841963e-03   9.283117e-20   3938216
  1.731260e+00   1.836299e-16   1.840685e-03   9.222008e-20   3966354
  1.737636e+00   1.833559e-16   1.839695e-03   9.175488e-20   3993536
  1.744011e+00   1.830950e-16   1.840344e-03   9.140394e-20   4024034
  1.750392e+00   1.830528e-16   1.843071e-03   9.086634e-20   4060208
  1.756773e+00   1.823790e-16   1.840812e-03   9.026716e-20   4083632
  1.763145e+00   1.825234e-16   1.837811e-03   9.015464e-20   4107062
  1.769521e+00   1.818899e-16   1.842771e-03   8.929414e-20   4148072
  1.775893e+00   1.816385e-16   1.836707e-03   8.906697e-20   4163456
  1.782267e+00   1.812993e-16   1.842476e-03   8.836348e-20   4207994
  1.788652e+00   1.809440e-16   1.843367e-03   8.793815e-20   4239152
  1.795029e+00   1.807823e-16   1.839132e-03   8.767347e-20   4259426
  1.801407e+00   1.803858e-16   1.842524e-03   8.703413e-20   4299488
  1.807788e+00   1.801949e-16   1.840660e-03   8.664073e-20   4323692
  1.814162e+00   1.796832e-16   1.840093e-03   8.621830e-20   4353242
  1.820541e+00   1.796049e-16   1.841694e-03   8.572748e-20   4388792
  1.826915e+00   1.792232e-16   1.838387e-03   8.535152e-20   4409912
  1.833288e+00   1.787371e-16   1.841592e-03   8.481531e-20   4449282
  1.839667e+00   1.781994e-16   1.840784e-03   8.429926e-20   4478504
  1.846041e+00   1.781671e-16   1.839106e-03   8.390741e-20   4505882
  1.852417e+00   1.778689e-16   1.841020e-03   8.344280e-20   4542044
  1.858793e+00   1.773633e-16   1.840344e-03   8.304131e-20   4569608
  1.865169e+00   1.770711e-16   1.841195e-03   8.255522e-20   4604426
  1.871550e+00   1.767349e-16   1.842311e-03   8.201962e-20   4638896
  1.877925e+00   1.763907e-16   1.838827e-03   8.171107e-20   4660088
  1.884299e+00   1.758640e-16   1.841797e-03   8.122495e-20   4701290
  1.890678e+00   1.755222e-16   1.840619e-03   8.081584e-20   4729292
  1.897054e+00   1.753577e-16   1.841565e-03   8.040883e-20   4762706
  1.903435e+00   1.749857e-16   1.842610e-03   7.987911e-20   4799336
  1.909810e+00   1.745984e-16   1.837970e-03   7.956697e-20   4818680
  1.916185e+00   1.743534e-16   1.842882e-03   7.908627e-20   4863962
  1.922563e+00   1.738456e-16   1.839027e-03   7.874962e-20   4886216
  1.928938e+00   1.732304e-16   1.841692e-03   7.811399e-20   4925360
  1.935312e+00   1.729769e-16   1.838487e-03   7.771376e-20   4950198
  1.941682e+00   1.728618e-16   1.839228e-03   7.748993e-20   4983776
  1.948062e+00   1.725424e-16   1.844717e-03   7.690798e-20   5032058
  1.954444e+00   1.717109e-16   1.839748e-03   7.645787e-20   5052296
  1.960816e+00   1.716248e-16   1.839118e-03   7.617690e-20   5081048
  1.967192e+00   1.711769e-16   1.843475e-03   7.566638e-20   5127146
  1.973574e+00   1.707491e-16   1.841069e-03   7.524670e-20   5155376
  1.979948e+00   1.704801e-16   1.838766e-03   7.492755e-20   5181068
  1.986324e+00   1.700113e-16   1.842536e-03   7.444348e-20   5225906
  1.992703e+00   1.694273e-16   1.840301e-03   7.404048e-20   5253224
  1.999075e+00   1.691122e-16   1.838471e-03   7.359096e-20   5281154
  2.005453e+00   1.688090e-16   1.843666e-03   7.304107e-20   5330336
  2.011834e+00   1.683154e-16   1.840278e-03   7.277494e-20   5354120
  2.018204e+00   1.680240e-16   1.837177e-03   7.241130e-20   5380154
  2.024582e+00   1.677255e-16   1.844004e-03   7.195638e-20   5433740
  2.030964e+00   1.672232e-16   1.841066e-03   7.160471e-20   5458202
  2.037337e+00   1.667599e-16   1.838473e-03   7.127276e-20   5486424
  2.043713e+00   1.664194e-16   1.842073e-03   7.077470e-20   5530640
  2.050092e+00   1.659237e-16   1.840865e-03   7.045495e-20   5561162
  2.056472e+00   1.655419e-16   1.842354e-03   6.995739e-20   5601512
  2.062848e+00   1.651251e-16   1.838550e-03   6.970143e-20   5623244
  2.069220e+00   1.646362e-16   1.840849e-03   6.918030e-20   5665346
  2.075598e+00   1.641795e-16   1.841113e-03   6.871001e-20   5702384
  2.081975e+00   1.639643e-16   1.840298e-03   6.849369e-20   5734706
  2.088353e+00   1.634420e-16   1.841301e-03   6.801154e-20   5773184
  2.094733e+00   1.631698e-16   1.841946e-03   6.764962e-20   5809568
  2.101105e+00   1.625706e-16   1.837552e-03   6.739366e-20   5831090
  2.107479e+00   1.621260e-16   1.842206e-03   6.694687e-20   5881964
  2.113859e+00   1.618735e-16   1.841213e-03   6.665851e-20   5913416
  2.120238e+00   1.611878e-16   1.841923e-03   6.607951e-20   5952290
  2.126616e+00   1.609333e-16   1.839865e-03   6.582913e-20   5981144
  2.132988e+00   1.604379e-16   1.839742e-03   6.549025e-20   6015290
  2.139364e+00   1.599279e-16   1.841927e-03   6.499389e-20   6059664
  2.145743e+00   1.595910e-16   1.840799e-03   6.466592e-20   6092336
  2.152122e+00   1.591987e-16   1.842086e-03   6.431062e-20   6132806
  2.158501e+00   1.586916e-16   1.841321e-03   6.395514e-20   6166832
  2.164873e+00   1.583037e-16   1.837443e-03   6.367573e-20   6189272
  2.171243e+00   1.577817e-16   1.841004e-03   6.325260e-20   6238154
  2.177621e+00   1.573595e-16   1.841080e-03   6.279008e-20   6275288
  2.184000e+00   1.569761e-16   1.842241e-03   6.248298e-20   6316322
  2.190379e+00   1.565852e-16   1.840641e-03   6.216904e-20   6348488
  2.196756e+00   1.558363e-16   1.841212e-03   6.171350e-20   6385868
  2.203134e+00   1.556629e-16   1.841850e-03   6.140646e-20   6425378
  2.209510e+00   1.550960e-16   1.839408e-03   6.101196e-20   6455360
  2.215886e+00   1.547086e-16   1.841392e-03   6.070220e-20   6498176
  2.222261e+00   1.542119e-16   1.840198e-03   6.038239e-20   6531674
  2.228637e+00   1.538905e-16   1.841209e-03   6.012783e-20   6573368
  2.235015e+00   1.532545e-16   1.841417e-03   5.961434e-20   6611246
  2.241392e+00   1.528527e-16   1.840803e-03   5.929238e-20   6647424
  2.247770e+00   1.523834e-16   1.841365e-03   5.896135e-20   6687488
  2.254147e+00   1.520366e-16   1.839919e-03   5.872494e-20   6721250
  2.260520e+00   1.514936e-16   1.839077e-03   5.831929e-20   6755816
  2.266897e+00   1.510418e-16   1.842933e-03   5.791253e-20   6806504
  2.273276e+00   1.505579e-16   1.840584e-03   5.766295e-20   6837506
  2.279651e+00   1.502535e-16   1.839474e-03   5.739846e-20   6871556
  2.286030e+00   1.496046e-16   1.843489e-03   5.687478e-20   6924938
  2.292407e+00   1.491689e-16   1.838210e-03   5.656569e-20   6945320
  2.298778e+00   1.486302e-16   1.839118e-03   5.625028e-20   6986072
  2.305158e+00   1.482727e-16   1.844888e-03   5.590155e-20   7046642
  2.311538e+00   1.479167e-16   1.838415e-03   5.572398e-20   7061168
  2.317910e+00   1.472443e-16   1.840538e-03   5.528760e-20   7108064
  2.324288e+00   1.468883e-16   1.841488e-03   5.497494e-20   7151822
  2.330666e+00   1.464713e-16   1.840837e-03   5.469520e-20   7187600
  2.337045e+00   1.459142e-16   1.841819e-03   5.430033e-20   7231418
  2.343420e+00   1.454585e-16   1.838266e-03   5.402020e-20   7257912
  2.349793e+00   1.449645e-16   1.841246e-03   5.362199e-20   7307840
  2.356171e+00   1.445279e-16   1.840707e-03   5.336572e-20   7346618
  2.362545e+00   1.441008e-16   1.838315e-03   5.312187e-20   7376552
  2.368920e+00   1.435630e-16   1.842635e-03   5.275748e-20   7431740
  2.375299e+00   1.431864e-16   1.840580e-03   5.241864e-20   7464458
  2.381675e+00   1.426533e-16   1.840724e-03   5.211584e-20   7505672
  2.388054e+00   1.422281e-16   1.841875e-03   5.180462e-20   7550906
  2.394430e+00   1.418619e-16   1.839274e-03   5.156500e-20   7580720
  2.400808e+00   1.413340e-16   1.843124e-03   5.118106e-20   7635944
  2.407183e+00   1.408131e-16   1.837385e-03   5.095183e-20   7653254
  2.413557e+00   1.404363e-16   1.842500e-03   5.062705e-20   7714712
  2.419937e+00   1.399881e-16   1.841714e-03   5.029917e-20   7751840
  2.426315e+00   1.394114e-16   1.840093e-03   4.999293e-20   7788170
  2.432690e+00   1.389820e-16   1.840288e-03   4.970446e-20   7828544
  2.439067e+00   1.384727e-16   1.841589e-03   4.940341e-20   7874474
  2.445442e+00   1.380428e-16   1.838917e-03   4.917000e-20   7906032
  2.451817e+00   1.374731e-16   1.841643e-03   4.877966e-20   7957580
  2.458195e+00   1.371455e-16   1.840967e-03   4.856369e-20   7995962
  2.464573e+00   1.367651e-16   1.841319e-03   4.824487e-20   8038976
  2.470951e+00   1.361675e-16   1.841937e-03   4.795361e-20   8082320
  2.477329e+00   1.357468e-16   1.840784e-03   4.772569e-20   8120450
  2.483701e+00   1.352277e-16   1.838200e-03   4.741972e-20   8150312
  2.490075e+00   1.346681e-16   1.842025e-03   4.704530e-20   8210450
  2.496455e+00   1.342329e-16   1.840554e-03   4.680530e-20   8246732
  2.502832e+00   1.338068e-16   1.841458e-03   4.647978e-20   8290256
  2.509210e+00   1.333621e-16   1.841232e-03   4.626287e-20   8333306
  2.515587e+00   1.327893e-16   1.840510e-03   4.589542e-20   8372312
  2.521962e+00   1.323921e-16   1.840644e-03   4.569510e-20   8413472
  2.528337e+00   1.320815e-16   1.840038e-03   4.544685e-20   8455634
  2.534714e+00   1.314229e-16   1.841410e-03   4.512207e-20   8503736
  2.541090e+00   1.311524e-16   1.840703e-03   4.494009e-20   8542814
  2.547468e+00   1.304904e-16   1.841283e-03   4.455318e-20   8589960
  2.553847e+00   1.299340e-16   1.841675e-03   4.429459e-20   8633912
  2.560223e+00   1.295427e-16   1.839336e-03   4.406375e-20   8666690
  2.566599e+00   1.289771e-16   1.842209e-03   4.369899e-20   8722544
  2.572977e+00   1.285738e-16   1.840585e-03   4.349699e-20   8758112
  2.579352e+00   1.280284e-16   1.839548e-03   4.320294e-20   8798750
  2.585728e+00   1.277346e-16   1.841277e-03   4.301632e-20   8848808
  2.592104e+00   1.272023e-16   1.840251e-03   4.274135e-20   8889170
  2.598481e+00   1.267020e-16   1.840227e-03   4.243598e-20   8934608
  2.604856e+00   1.263517e-16   1.839643e-03   4.222389e-20   8971640
  2.611232e+00   1.259256e-16   1.842388e-03   4.193549e-20   9029954
  2.617612e+00   1.253866e-16   1.840920e-03   4.168034e-20   9067856
  2.623987e+00   1.249492e-16   1.839672e-03   4.145108e-20   9104444
  2.630367e+00   1.243677e-16   1.843923e-03   4.111281e-20   9171242
  2.636745e+00   1.239742e-16   1.838017e-03   4.099408e-20   9185528
  2.643114e+00   1.235212e-16   1.839022e-03   4.073599e-20   9235394
  2.649494e+00   1.229962e-16   1.844050e-03   4.039898e-20   9305688
  2.655872e+00   1.225372e-16   1.838662e-03   4.019063e-20   9321824
  2.662249e+00   1.221339e-16   1.843226e-03   3.989508e-20   9392090
  2.668628e+00   1.216064e-16   1.839001e-03   3.971896e-20   9414332
  2.675000e+00   1.211969e-16   1.840415e-03   3.945392e-20   9465410
  2.681380e+00   1.207149e-16   1.842364e-03   3.913939e-20   9523760
  2.687758e+00   1.201620e-16   1.839771e-03   3.895516e-20   9553832
  2.694133e+00   1.198047e-16   1.840855e-03   3.865368e-20   9604298
  2.700510e+00   1.192696e-16   1.840893e-03   3.845426e-20   9651176
  2.706885e+00   1.187967e-16   1.839603e-03   3.820393e-20   9687704
  2.713262e+00   1.184109e-16   1.842393e-03   3.796915e-20   9748574
  2.719643e+00   1.180581e-16   1.842290e-03   3.778122e-20   9794624
  2.726015e+00   1.173666e-16   1.836766e-03   3.755316e-20   9811370
  2.732389e+00   1.170867e-16   1.842921e-03   3.729543e-20   9891320
  2.738770e+00   1.165447e-16   1.841218e-03   3.707246e-20   9926024
  2.745146e+00   1.161462e-16   1.840208e-03   3.683712e-20   9967586
  2.751522e+00   1.157976e-16   1.840755e-03   3.662486e-20   10018116
  2.757897e+00   1.151372e-16   1.840456e-03   3.635564e-20   10060280
  2.764274e+00   1.146392e-16   1.841667e-03   3.611187e-20   10115450
  2.770654e+00   1.142450e-16   1.841837e-03   3.591320e-20   10164368
  2.777028e+00   1.137954e-16   1.838094e-03   3.569683e-20   10188314
  2.783404e+00   1.133165e-16   1.843290e-03   3.542531e-20   10265168
  2.789784e+00   1.129994e-16   1.840160e-03   3.531790e-20   10294448
  2.796159e+00   1.124155e-16   1.840640e-03   3.502368e-20   10343918
  2.802537e+00   1.120100e-16   1.841730e-03   3.480549e-20   10397600
  2.808913e+00   1.116212e-16   1.840311e-03   3.463114e-20   10435328
  2.815285e+00   1.111249e-16   1.838957e-03   3.438670e-20   10476698
  2.821661e+00   1.106178e-16   1.842237e-03   3.413155e-20   10543184
  2.828039e+00   1.102160e-16   1.839935e-03   3.395587e-20   10577834
  2.834417e+00   1.096866e-16   1.842252e-03   3.371074e-20   10641560
  2.840795e+00   1.093346e-16   1.839115e-03   3.355080e-20   10668452
  2.847169e+00   1.088899e-16   1.841467e-03   3.332059e-20   10729634
  2.853544e+00   1.083470e-16   1.839115e-03   3.310168e-20   10766520
  2.859920e+00   1.079809e-16   1.841423e-03   3.289064e-20   10825856
  2.866300e+00   1.075329e-16   1.842253e-03   3.268456e-20   10880090
  2.872679e+00   1.070200e-16   1.840348e-03   3.243925e-20   10918088
  2.879054e+00   1.066748e-16   1.840274e-03   3.228327e-20   10964474
  2.885431e+00   1.061924e-16   1.841464e-03   3.207092e-20   11021180
  2.891809e+00   1.057518e-16   1.840637e-03   3.185962e-20   11064248
  2.898185e+00   1.053198e-16   1.840651e-03   3.168171e-20   11114234
  2.904565e+00   1.048708e-16   1.842174e-03   3.144666e-20   11172872
  2.910943e+00   1.044261e-16   1.840078e-03   3.129398e-20   11206880
  2.917314e+00   1.039289e-16   1.838484e-03   3.107847e-20   11248130
  2.923689e+00   1.036842e-16   1.841523e-03   3.090892e-20   11316140
  2.930066e+00   1.030736e-16   1.840085e-03   3.068973e-20   11355554
  2.936443e+00   1.026639e-16   1.841835e-03   3.047218e-20   11417840
  2.942822e+00   1.022279e-16   1.840319e-03   3.029413e-20   11456528
  2.949199e+00   1.018238e-16   1.841526e-03   3.011736e-20   11512874
  2.955576e+00   1.014210e-16   1.840486e-03   2.992715e-20   11557272
  2.961950e+00   1.009422e-16   1.839582e-03   2.972858e-20   11600360
  2.968326e+00   1.005894e-16   1.841593e-03   2.958009e-20   11663678
  2.974703e+00   1.000903e-16   1.840371e-03   2.934738e-20   11705552
  2.981079e+00   9.971015e-17   1.840912e-03   2.916738e-20   11758658
  2.987457e+00   9.925864e-17   1.841605e-03   2.896062e-20   11815208
  2.993836e+00   9.882812e-17   1.841556e-03   2.878794e-20   11864000
  3.000212e+00   9.844659e-17   1.839938e-03   2.863059e-20   11904962
  3.006589e+00   9.798072e-17   1.840973e-03   2.842851e-20   11963696
  3.012966e+00   9.748714e-17   1.840866e-03   2.826022e-20   12011132
  3.019341e+00   9.709985e-17   1.840389e-03   2.805024e-20   12059450
  3.025718e+00   9.672884e-17   1.841438e-03   2.788331e-20   12118280
  3.032095e+00   9.633618e-17   1.840188e-03   2.772167e-20   12160562
  3.038470e+00   9.584080e-17   1.840247e-03   2.752601e-20   12212768
  3.044846e+00   9.543820e-17   1.841220e-03   2.736162e-20   12269504
  3.051223e+00   9.506123e-17   1.840948e-03   2.720155e-20   12319370
  3.057600e+00   9.454133e-17   1.840852e-03   2.698151e-20   12370140
  3.063975e+00   9.427879e-17   1.840437e-03   2.686742e-20   12417752
  3.070352e+00   9.376073e-17   1.841133e-03   2.665458e-20   12476882
  3.076731e+00   9.337702e-17   1.841502e-03   2.649493e-20   12530816
  3.083108e+00   9.306816e-17   1.840958e-03   2.635246e-20   12577658
  3.089485e+00   9.254943e-17   1.840591e-03   2.615084e-20   12629288
  3.095862e+00   9.211080e-17   1.841067e-03   2.596255e-20   12683828
  3.102237e+00   9.176736e-17   1.839537e-03   2.584367e-20   12725354
  3.108612e+00   9.136510e-17   1.841269e-03   2.566215e-20   12790616
  3.114989e+00   9.099328e-17   1.840010e-03   2.550879e-20   12833768
  3.121365e+00   9.055216e-17   1.841117e-03   2.532441e-20   12894194
  3.127743e+00   9.011578e-17   1.841676e-03   2.516076e-20   12950240
  3.134122e+00   8.972068e-17   1.840849e-03   2.499621e-20   12998714
  3.140498e+00   8.936188e-17   1.840244e-03   2.486702e-20   13048100
  3.146876e+00   8.891291e-17   1.841732e-03   2.467056e-20   13109120
  3.153254e+00   8.853859e-17   1.841032e-03   2.453157e-20   13158506
  3.159627e+00   8.816516e-17   1.838302e-03   2.438466e-20   13193040
  3.166002e+00   8.781008e-17   1.841969e-03   2.424356e-20   13271072
  3.172380e+00   8.736533e-17   1.840294e-03   2.406501e-20   13314242
  3.178754e+00   8.698877e-17   1.839703e-03   2.392886e-20   13363808
  3.185133e+00   8.661123e-17   1.842485e-03   2.374123e-20   13436822
  3.191512e+00   8.621695e-17   1.840487e-03   2.361787e-20   13476080
  3.197887e+00   8.579474e-17   1.840204e-03   2.345691e-20   13527296
  3.204264e+00   8.542444e-17   1.841161e-03   2.331074e-20   13589498
  3.210638e+00   8.499749e-17   1.838626e-03   2.316646e-20   13623704
  3.217016e+00   8.459739e-17   1.844054e-03   2.296969e-20   13717280
  3.223396e+00   8.420907e-17   1.839294e-03   2.284589e-20   13737914
  3.229770e+00   8.388433e-17   1.840743e-03   2.270198e-20   13801772
  3.236147e+00   8.344192e-17   1.841678e-03   2.254629e-20   13864298
  3.242524e+00   8.317516e-17   1.839451e-03   2.243033e-20   13904216
  3.248899e+00   8.277046e-17   1.840700e-03   2.227715e-20   13966064
  3.255276e+00   8.234399e-17   1.841492e-03   2.211113e-20   14027042
  3.261651e+00   8.193384e-17   1.838676e-03   2.198540e-20   14061048
  3.268027e+00   8.155220e-17   1.842396e-03   2.181781e-20   14143820
  3.274405e+00   8.122165e-17   1.840137e-03   2.169814e-20   14182442
  3.280782e+00   8.087055e-17   1.841285e-03   2.155132e-20   14245568
  3.287160e+00   8.054553e-17   1.841226e-03   2.143808e-20   14301338
  3.293537e+00   8.012953e-17   1.840394e-03   2.129812e-20   14350064
  3.299913e+00   7.977032e-17   1.841485e-03   2.115009e-20   14412488
  3.306292e+00   7.937991e-17   1.841397e-03   2.101170e-20   14470250
  3.312668e+00   7.904392e-17   1.839514e-03   2.090400e-20   14509484
  3.319039e+00   7.861791e-17   1.839618e-03   2.075262e-20   14564474
  3.325416e+00   7.824246e-17   1.842538e-03   2.057816e-20   14646632
  3.331795e+00   7.794633e-17   1.839978e-03   2.048947e-20   14681792
  3.338171e+00   7.756597e-17   1.841401e-03   2.034998e-20   14749946
  3.344548e+00   7.724172e-17   1.840482e-03   2.022519e-20   14799968
  3.350923e+00   7.685842e-17   1.839748e-03   2.009189e-20   14848808
  3.357300e+00   7.647972e-17   1.842276e-03   1.994850e-20   14925638
  3.363678e+00   7.613507e-17   1.840046e-03   1.983298e-20   14963016
  3.370053e+00   7.578144e-17   1.841263e-03   1.969950e-20   15031106
  3.376432e+00   7.542536e-17   1.841574e-03   1.956717e-20   15092384
  3.382808e+00   7.505416e-17   1.839899e-03   1.945294e-20   15132248
  3.389183e+00   7.469602e-17   1.841248e-03   1.931574e-20   15202322
  3.395560e+00   7.434118e-17   1.839985e-03   1.919801e-20   15250832
  3.401936e+00   7.404203e-17   1.841279e-03   1.907582e-20   15315692
  3.408315e+00   7.368988e-17   1.842099e-03   1.894562e-20   15382346
  3.414692e+00   7.331937e-17   1.839166e-03   1.882103e-20   15416024
  3.421065e+00   7.292364e-17   1.840590e-03   1.869288e-20   15483602
  3.427446e+00   7.265349e-17   1.843566e-03   1.857405e-20   15568424
  3.433825e+00   7.231667e-17   1.839187e-03   1.848121e-20   15589280
  3.440198e+00   7.195727e-17   1.839744e-03   1.834963e-20   15652502
  3.446575e+00   7.164627e-17   1.841959e-03   1.822926e-20   15728960
  3.452954e+00   7.127289e-17   1.840551e-03   1.810325e-20   15773168
  3.459328e+00   7.093249e-17   1.839940e-03   1.800243e-20   15828290
  3.465704e+00   7.060448e-17   1.840910e-03   1.787005e-20   15893184
  3.472081e+00   7.025382e-17   1.841157e-03   1.776657e-20   15954194
  3.478457e+00   6.991197e-17   1.839872e-03   1.764005e-20   16006016
  3.484831e+00   6.953706e-17   1.839639e-03   1.752572e-20   16058684
  3.491208e+00   6.924366e-17   1.842456e-03   1.740407e-20   16141898
  3.497590e+00   6.887469e-17   1.841864e-03   1.727089e-20   16197872
  3.503966e+00   6.859103e-17   1.839313e-03   1.720037e-20   16231640
  3.510341e+00   6.826631e-17   1.841313e-03   1.708161e-20   16310090
  3.516721e+00   6.792046e-17   1.841945e-03   1.694408e-20   16375136
  3.523097e+00   6.757376e-17   1.839457e-03   1.686042e-20   16412522
  3.529473e+00   6.727619e-17   1.841163e-03   1.674575e-20   16488308
  3.535850e+00   6.700050e-17   1.840616e-03   1.664715e-20   16539968
  3.542225e+00   6.662987e-17   1.839938e-03   1.654527e-20   16595714
  3.548602e+00   6.627293e-17   1.841625e-03   1.641113e-20   16671224
  3.554979e+00   6.596208e-17   1.840210e-03   1.630073e-20   16714064
  3.561354e+00   6.566565e-17   1.840955e-03   1.620311e-20   16783202
  3.567731e+00   6.535385e-17   1.840815e-03   1.610485e-20   16842504
  3.574108e+00   6.502534e-17   1.841084e-03   1.598741e-20   16904894
  3.580486e+00   6.470055e-17   1.841127e-03   1.588275e-20   16968656
  3.586865e+00   6.437057e-17   1.841521e-03   1.578100e-20   17030288
  3.593238e+00   6.406673e-17   1.838444e-03   1.569204e-20   17061482
  3.599615e+00   6.374340e-17   1.842988e-03   1.557899e-20   17164976
  3.605993e+00   6.346365e-17   1.840068e-03   1.549619e-20   17197184
  3.612368e+00   6.312853e-17   1.840756e-03   1.537865e-20   17267102
  3.618746e+00   6.280424e-17   1.841072e-03   1.526649e-20   17329928
  3.625121e+00   6.251777e-17   1.839901e-03   1.519110e-20   17378906
  3.631497e+00   6.222213e-17   1.841182e-03   1.508848e-20   17454776
  3.637873e+00   6.188984e-17   1.839972e-03   1.498343e-20   17501720
  3.644249e+00   6.161962e-17   1.842109e-03   1.488766e-20   17584826
  3.650631e+00   6.128574e-17   1.841819e-03   1.478867e-20   17646008
  3.657008e+00   6.093832e-17   1.840059e-03   1.468161e-20   17686412
  3.663381e+00   6.066883e-17   1.840228e-03   1.459995e-20   17751266
  3.669756e+00   6.035477e-17   1.840035e-03   1.449165e-20   17812848
  3.676130e+00   6.004529e-17   1.840074e-03   1.439781e-20   17874866
  3.682507e+00   5.975615e-17   1.841337e-03   1.430233e-20   17951720
  3.688886e+00   5.941145e-17   1.841134e-03   1.420651e-20   18009344
  3.695262e+00   5.913525e-17   1.840349e-03   1.411094e-20   18064730
  3.701640e+00   5.884634e-17   1.841339e-03   1.402271e-20   18137372
  3.708017e+00   5.849088e-17   1.840603e-03   1.391557e-20   18189632
  3.714392e+00   5.820184e-17   1.840457e-03   1.383427e-20   18254330
  3.720770e+00   5.788969e-17   1.841473e-03   1.373105e-20   18325808
  3.727148e+00   5.756265e-17   1.840737e-03   1.364306e-20   18379610
  3.733524e+00   5.724973e-17   1.840702e-03   1.354136e-20   18445760
  3.739901e+00   5.692043e-17   1.840479e-03   1.344900e-20   18504440
  3.746277e+00   5.657971e-17   1.840875e-03   1.335247e-20   18572198
  3.752657e+00   5.618561e-17   1.841895e-03   1.323121e-20   18647480
  3.759032e+00   5.577486e-17   1.838946e-03   1.313393e-20   18678152
  3.765406e+00   3.309935e-17   1.841061e-03   1.176152e-20   18764186
  3.771782e+00   9.574939e-19   1.840849e-03   2.828051e-22   18794103
  3.778158e+00   8.427803e-19   1.840297e-03   2.509707e-22   18760748
  3.784533e+00   7.498759e-19   1.840231e-03   2.237995e-22   18727940
  3.790912e+00   6.754462e-19   1.842073e-03   2.010692e-22   18712436
  3.797287e+00   6.167349e-19   1.838840e-03   1.833971e-22   18646616
  3.803663e+00   5.695953e-19   1.842455e-03   1.688723e-22   18651296
  3.810042e+00   5.299321e-19   1.840334e-03   1.568138e-22   18596096
  3.816418e+00   4.952201e-19   1.841121e-03   1.459016e-22   18571364
  3.822794e+00   4.648177e-19   1.839859e-03   1.366929e-22   18527096
  3.829170e+00   4.375977e-19   1.840846e-03   1.279371e-22   18501368
  3.835548e+00   4.139219e-19   1.841771e-03   1.204970e-22   18475040
  3.841927e+00   3.931382e-19   1.841481e-03   1.140438e-22   18439436
  3.848301e+00   3.743046e-19   1.838521e-03   1.082764e-22   18375752
  3.854674e+00   3.582842e-19   1.840584e-03   1.032028e-22   18361484
  3.861052e+00   3.430726e-19   1.842393e-03   9.832412e-23   18344504
  3.867430e+00   3.298708e-19   1.839817e-03   9.425268e-23   18284708
  3.873806e+00   3.175234e-19   1.841259e-03   9.033684e-23   18264048
  3.880183e+00   3.060512e-19   1.840629e-03   8.683362e-23   18220964
  3.886557e+00   2.956468e-19   1.839363e-03   8.357091e-23   18173528
  3.892935e+00   2.859327e-19   1.843046e-03   8.036032e-23   18173780
  3.899316e+00   2.770712e-19   1.841138e-03   7.771177e-23   18116660
  3.905693e+00   2.685125e-19   1.840842e-03   7.497432e-23   18078740
  3.912066e+00   2.609710e-19   1.838693e-03   7.267750e-23   18023108
  3.918439e+00   2.540051e-19   1.840734e-03   7.041197e-23   18005600
  3.924818e+00   2.471628e-19   1.842344e-03   6.827488e-23   17984552
  3.931198e+00   2.409174e-19   1.841062e-03   6.634258e-23   17934860
  3.937574e+00   2.351810e-19   1.840562e-03   6.457020e-23   17891468
  3.943950e+00   2.294405e-19   1.840945e-03   6.280541e-23   17857712
  3.950326e+00   2.241790e-19   1.840137e-03   6.117026e-23   17813108
  3.956702e+00   2.192458e-19   1.841074e-03   5.965796e-23   17784788
  3.963079e+00   2.146222e-19   1.840240e-03   5.824675e-23   17737268
  3.969455e+00   2.100944e-19   1.841773e-03   5.685322e-23   17713268
  3.975833e+00   2.058591e-19   1.840239e-03   5.555997e-23   17661912
  3.982208e+00   2.019917e-19   1.840290e-03   5.435351e-23   17622668
  3.988586e+00   1.980205e-19   1.842133e-03   5.314450e-23   17600552
  3.994964e+00   1.944053e-19   1.839951e-03   5.207575e-23   17542580
  4.001340e+00   1.909084e-19   1.840772e-03   5.102260e-23   17509112
  4.007717e+00   1.876693e-19   1.841501e-03   5.001287e-23   17475116
  4.014093e+00   1.845996e-19   1.839606e-03   4.913320e-23   17419964
  4.020469e+00   1.814713e-19   1.841433e-03   4.812717e-23   17397056
  4.026846e+00   1.785707e-19   1.840314e-03   4.725542e-23   17345336
  4.033223e+00   1.757204e-19   1.840964e-03   4.645911e-23   17310476
  4.039596e+00   1.730094e-19   1.838459e-03   4.564923e-23   17246360
  4.045972e+00   1.705128e-19   1.842582e-03   4.488931e-23   17244284
  4.052354e+00   1.680108e-19   1.842150e-03   4.416009e-23   17198240
  4.058731e+00   1.656838e-19   1.839271e-03   4.345945e-23   17130932
  4.065106e+00   1.634813e-19   1.841562e-03   4.280939e-23   17110040
  4.071484e+00   1.611573e-19   1.840722e-03   4.212609e-23   17058488
  4.077857e+00   1.589639e-19   1.839135e-03   4.153508e-23   17003664
  4.084233e+00   1.568858e-19   1.841446e-03   4.091891e-23   16983908
  4.090612e+00   1.549101e-19   1.841420e-03   4.034044e-23   16939220
  4.096989e+00   1.529748e-19   1.840515e-03   3.978885e-23   16888904
  4.103367e+00   1.510883e-19   1.841500e-03   3.927669e-23   16854920
  4.109743e+00   1.492520e-19   1.839861e-03   3.877962e-23   16795136
  4.116117e+00   1.475335e-19   1.840184e-03   3.830892e-23   16755860
  4.122495e+00   1.457891e-19   1.841913e-03   3.779723e-23   16729064
  4.128872e+00   1.442299e-19   1.840126e-03   3.738880e-23   16668260
  4.135248e+00   1.426154e-19   1.841092e-03   3.692788e-23   16631456
  4.141626e+00   1.410879e-19   1.841230e-03   3.651661e-23   16588208
  4.148001e+00   1.393319e-19   1.839635e-03   3.607046e-23   16531052
  4.154379e+00   1.379386e-19   1.842867e-03   3.566577e-23   16514456
  4.160755e+00   1.365119e-19   1.838861e-03   3.532519e-23   16432880
  4.167131e+00   1.350701e-19   1.842344e-03   3.493372e-23   16421120
  4.173510e+00   1.338445e-19   1.840051e-03   3.464200e-23   16354148
  4.179885e+00   1.324290e-19   1.841003e-03   3.423981e-23   16316184
  4.186264e+00   1.310487e-19   1.842179e-03   3.390206e-23   16283360
  4.192641e+00   1.298328e-19   1.839085e-03   3.362353e-23   16208756
  4.199016e+00   1.285837e-19   1.841765e-03   3.329635e-23   16184372
  4.205394e+00   1.274164e-19   1.840922e-03   3.300640e-23   16131116
  4.211767e+00   1.261965e-19   1.839273e-03   3.270813e-23   16070864
  4.218143e+00   1.250531e-19   1.841935e-03   3.242011e-23   16047596
  4.224522e+00   1.239538e-19   1.841132e-03   3.215083e-23   15993464
  4.230898e+00   1.227482e-19   1.839789e-03   3.186882e-23   15936116
  4.237274e+00   1.216955e-19   1.841227e-03   3.164021e-23   15899564
  4.243650e+00   1.205680e-19   1.840412e-03   3.138060e-23   15843188
  4.250027e+00   1.195539e-19   1.841430e-03   3.112652e-23   15806012
  4.256404e+00   1.185705e-19   1.840029e-03   3.093389e-23   15746972
  4.262780e+00   1.174913e-19   1.841029e-03   3.066051e-23   15706280
  4.269158e+00   1.165942e-19   1.841316e-03   3.045050e-23   15660560
  4.275534e+00   1.155765e-19   1.839976e-03   3.024465e-23   15601664
  4.281910e+00   1.146453e-19   1.840520e-03   3.003304e-23   15555936
  4.288286e+00   1.136218e-19   1.841154e-03   2.979814e-23   15511664
  4.294665e+00   1.127817e-19   1.841118e-03   2.964857e-23   15463688
  4.301042e+00   1.118203e-19   1.840371e-03   2.945615e-23   15406784
  4.307419e+00   1.109899e-19   1.841443e-03   2.927661e-23   15364076
  4.313795e+00   1.100463e-19   1.839853e-03   2.908384e-23   15302144
  4.320171e+00   1.091336e-19   1.841222e-03   2.888435e-23   15264716
  4.326549e+00   1.083135e-19   1.841061e-03   2.872483e-23   15212204
  4.332926e+00   1.075324e-19   1.840328e-03   2.858019e-23   15154664
  4.339301e+00   1.066054e-19   1.840391e-03   2.839504e-23   15104684
  4.345675e+00   1.058789e-19   1.839587e-03   2.825321e-23   15046256
  4.352051e+00   1.050886e-19   1.841370e-03   2.810544e-23   15009272
  4.358428e+00   1.042400e-19   1.840387e-03   2.793526e-23   14951624
  4.364807e+00   1.034370e-19   1.842302e-03   2.779578e-23   14915300
  4.371187e+00   1.026853e-19   1.840481e-03   2.763916e-23   14847140
  4.377560e+00   1.020018e-19   1.839457e-03   2.754649e-23   14786624
  4.383935e+00   1.012020e-19   1.840794e-03   2.739675e-23   14745252
  4.390313e+00   1.004943e-19   1.841504e-03   2.727851e-23   14697932
  4.396692e+00   9.977002e-20   1.841471e-03   2.714399e-23   14644448
  4.403070e+00   9.900591e-20   1.840856e-03   2.700793e-23   14586896
  4.409445e+00   9.828965e-20   1.839917e-03   2.689575e-23   14525000
  4.415820e+00   9.758607e-20   1.841355e-03   2.676962e-23   14482088
  4.422197e+00   9.687578e-20   1.840486e-03   2.665957e-23   14423696
  4.428574e+00   9.624395e-20   1.840927e-03   2.655465e-23   14373848
  4.434951e+00   9.547464e-20   1.841026e-03   2.641820e-23   14319188
  4.441328e+00   9.487196e-20   1.840720e-03   2.633672e-23   14262248
  4.447704e+00   9.413481e-20   1.840293e-03   2.619469e-23   14204780
  4.454079e+00   9.352535e-20   1.840780e-03   2.609103e-23   14153240
  4.460456e+00   9.288126e-20   1.840870e-03   2.602481e-23   14099048
  4.466833e+00   9.216804e-20   1.841305e-03   2.588480e-23   14048288
  4.473210e+00   9.159081e-20   1.840220e-03   2.581456e-23   13983860
  4.479586e+00   9.099059e-20   1.841413e-03   2.573118e-23   13935800
  4.485962e+00   9.030460e-20   1.839813e-03   2.564062e-23   13868784
  4.492338e+00   8.967164e-20   1.841245e-03   2.552846e-23   13824536
  4.498718e+00   8.913259e-20   1.842226e-03   2.544212e-23   13774364
  4.505095e+00   8.850979e-20   1.840286e-03   2.538110e-23   13702856
  4.511470e+00   8.783514e-20   1.840225e-03   2.525122e-23   13646648
  4.517844e+00   8.729750e-20   1.840082e-03   2.519695e-23   13588364
  4.524220e+00   8.672892e-20   1.841200e-03   2.512605e-23   13539920
  4.530597e+00   8.608020e-20   1.840383e-03   2.503098e-23   13478432
  4.536974e+00   8.552389e-20   1.840898e-03   2.495271e-23   13424264
  4.543353e+00   8.494979e-20   1.841656e-03   2.486918e-23   13370000
  4.549730e+00   8.438106e-20   1.840597e-03   2.477046e-23   13304432
  4.556105e+00   8.380827e-20   1.839697e-03   2.471690e-23   13241228
  4.562479e+00   8.326483e-20   1.840265e-03   2.465945e-23   13186508
  4.568858e+00   8.266690e-20   1.842616e-03   2.457040e-23   13144544
  4.575236e+00   8.214568e-20   1.839577e-03   2.452182e-23   13065032
  4.581610e+00   8.157296e-20   1.840140e-03   2.444867e-23   13008512
  4.587987e+00   8.104233e-20   1.841456e-03   2.436143e-23   12957360
  4.594365e+00   8.055113e-20   1.841180e-03   2.430409e-23   12897728
  4.600740e+00   8.005129e-20   1.838906e-03   2.429132e-23   12822884
  4.607118e+00   7.946449e-20   1.843186e-03   2.416192e-23   12790772
  4.613497e+00   7.891353e-20   1.839965e-03   2.411850e-23   12707960
  4.619871e+00   7.840763e-20   1.840055e-03   2.406348e-23   12650024
  4.626249e+00   7.785461e-20   1.841592e-03   2.399796e-23   12599360
  4.632627e+00   7.737185e-20   1.841060e-03   2.396701e-23   12533984
  4.639003e+00   7.695212e-20   1.840024e-03   2.394149e-23   12467036
  4.645379e+00   7.636042e-20   1.841105e-03   2.385032e-23   12412124
  4.651756e+00   7.598297e-20   1.840677e-03   2.383700e-23   12345776
  4.658131e+00   7.542608e-20   1.840856e-03   2.374809e-23   12286760
  4.664508e+00   7.486829e-20   1.840642e-03   2.368075e-23   12225452
  4.670885e+00   7.444878e-20   1.840694e-03   2.365092e-23   12162584
  4.677263e+00   7.394131e-20   1.841648e-03   2.359012e-23   12105824
  4.683640e+00   7.337719e-20   1.840444e-03   2.354444e-23   12036248
  4.690015e+00   7.292478e-20   1.840000e-03   2.350118e-23   11969736
  4.696391e+00   7.253235e-20   1.841517e-03   2.348768e-23   11916224
  4.702769e+00   7.209156e-20   1.840685e-03   2.344368e-23   11849312
  4.709145e+00   7.154480e-20   1.840274e-03   2.339183e-23   11783300
  4.715522e+00   7.114563e-20   1.841310e-03   2.335150e-23   11724800
  4.721898e+00   7.061095e-20   1.840639e-03   2.329918e-23   11657372
  4.728275e+00   7.010507e-20   1.840697e-03   2.322514e-23   11595320
  4.734652e+00   6.971295e-20   1.840360e-03   2.323209e-23   11527928
  4.741029e+00   6.926520e-20   1.841428e-03   2.320038e-23   11469008
  4.747404e+00   6.879930e-20   1.839492e-03   2.316731e-23   11392904
  4.753780e+00   6.835299e-20   1.841657e-03   2.309908e-23   11340476
  4.760155e+00   6.794337e-20   1.839780e-03   2.309881e-23   11263520
  4.766534e+00   6.745467e-20   1.842729e-03   2.302294e-23   11218472
  4.772911e+00   6.702350e-20   1.838731e-03   2.301061e-23   11129336
  4.779288e+00   6.666347e-20   1.842467e-03   2.299484e-23   11083964
  4.785665e+00   6.615870e-20   1.839931e-03   2.295849e-23   11001992
  4.792039e+00   6.576121e-20   1.840072e-03   2.293954e-23   10938228
  4.798414e+00   6.528830e-20   1.840560e-03   2.290203e-23   10874336
  4.804792e+00   6.488979e-20   1.841863e-03   2.285944e-23   10814828
  4.811169e+00   6.448243e-20   1.839739e-03   2.287486e-23   10736984
  4.817544e+00   6.403886e-20   1.840541e-03   2.283461e-23   10673948
  4.823923e+00   6.370440e-20   1.842721e-03   2.282952e-23   10617704
  4.830301e+00   6.319552e-20   1.840081e-03   2.279161e-23   10536416
  4.836675e+00   6.277399e-20   1.839468e-03   2.279689e-23   10466324
  4.843052e+00   6.236693e-20   1.842362e-03   2.273739e-23   10412984
  4.849431e+00   6.198312e-20   1.840724e-03   2.273974e-23   10334840
  4.855806e+00   6.156711e-20   1.840268e-03   2.271230e-23   10265528
  4.862183e+00   6.126623e-20   1.840956e-03   2.273948e-23   10200692
  4.868561e+00   6.082176e-20   1.841614e-03   2.268504e-23   10135292
  4.874938e+00   6.031967e-20   1.839941e-03   2.265871e-23   10058816
  4.881314e+00   5.997490e-20   1.840525e-03   2.265998e-23   9991772
  4.887691e+00   5.962718e-20   1.841575e-03   2.269103e-23   9925880
  4.894065e+00   5.914560e-20   1.838924e-03   2.264276e-23   9843288
  4.900441e+00   5.879773e-20   1.842306e-03   2.262033e-23   9792968
  4.906821e+00   5.843844e-20   1.840795e-03   2.265238e-23   9713612
  4.913196e+00   5.803227e-20   1.840365e-03   2.264496e-23   9640628
  4.919573e+00   5.763045e-20   1.840900e-03   2.264200e-23   9574256
  4.925949e+00   5.720768e-20   1.840276e-03   2.264062e-23   9499064
  4.932325e+00   5.687800e-20   1.841227e-03   2.263041e-23   9432296
  4.938702e+00   5.645319e-20   1.841040e-03   2.262219e-23   9362204
  4.945079e+00   5.602933e-20   1.840104e-03   2.260339e-23   9286052
  4.951457e+00   5.567240e-20   1.842090e-03   2.262015e-23   9222320
  4.957835e+00   5.535204e-20   1.841090e-03   2.265751e-23   9145976
  4.964211e+00   5.492088e-20   1.839895e-03   2.262814e-23   9070268
  4.970586e+00   5.453134e-20   1.840297e-03   2.262480e-23   8999720
  4.976964e+00   5.422075e-20   1.841617e-03   2.267839e-23   8932664
  4.983339e+00   5.380203e-20   1.838848e-03   2.265651e-23   8847344
  4.989712e+00   5.342662e-20   1.840809e-03   2.270388e-23   8782688
  4.996090e+00   5.309849e-20   1.841883e-03   2.270198e-23   8713440
  5.002468e+00   5.264953e-20   1.841131e-03   2.266776e-23   8638616
  5.008845e+00   5.225160e-20   1.839945e-03   2.266855e-23   8560856
  5.015220e+00   5.195541e-20   1.840402e-03   2.271257e-23   8487620
  5.021598e+00   5.157395e-20   1.842484e-03   2.272510e-23   8422796
  5.027976e+00   5.114026e-20   1.839559e-03   2.274119e-23   8336348
  5.034350e+00   5.082637e-20   1.840420e-03   2.279712e-23   8265176
  5.040727e+00   5.039901e-20   1.841761e-03   2.275803e-23   8196176
  5.047104e+00   5.000743e-20   1.839932e-03   2.279827e-23   8114636
  5.053478e+00   4.957674e-20   1.839889e-03   2.276344e-23   8038724
  5.059856e+00   4.926913e-20   1.842986e-03   2.279872e-23   7975460
  5.066235e+00   4.889190e-20   1.840210e-03   2.280682e-23   7889792
  5.072611e+00   4.841456e-20   1.840188e-03   2.278465e-23   7815728
  5.078987e+00   4.814648e-20   1.840544e-03   2.285304e-23   7739288
  5.085364e+00   4.767050e-20   1.841840e-03   2.282310e-23   7667432
  5.091741e+00   4.727061e-20   1.839798e-03   2.284864e-23   7583684
  5.098113e+00   4.693299e-20   1.839459e-03   2.287496e-23   7505172
  5.104490e+00   4.648771e-20   1.842916e-03   2.285745e-23   7442636
  5.110871e+00   4.610340e-20   1.841224e-03   2.290658e-23   7360676
  5.117246e+00   4.564679e-20   1.838532e-03   2.287510e-23   7272728
  5.123622e+00   4.531775e-20   1.842521e-03   2.289705e-23   7209140
  5.130001e+00   4.485706e-20   1.840984e-03   2.286384e-23   7125632
  5.136377e+00   4.445938e-20   1.840289e-03   2.291661e-23   7046924
  5.142753e+00   4.401191e-20   1.840046e-03   2.285871e-23   6966968
  5.149129e+00   4.365740e-20   1.841514e-03   2.294777e-23   6893408
  5.155505e+00   4.320108e-20   1.840118e-03   2.296565e-23   6811004
  5.161881e+00   4.275493e-20   1.840529e-03   2.289691e-23   6732944
  5.168258e+00   4.237659e-20   1.841885e-03   2.296314e-23   6658628
  5.174637e+00   4.184239e-20   1.841220e-03   2.288088e-23   6578804
  5.181014e+00   4.139583e-20   1.839505e-03   2.290093e-23   6493628
  5.187389e+00   4.098278e-20   1.841020e-03   2.288792e-23   6417476
  5.193767e+00   4.052782e-20   1.842303e-03   2.283498e-23   6341156
  5.200142e+00   4.000617e-20   1.838905e-03   2.282052e-23   6251676
  5.206515e+00   3.947253e-20   1.840100e-03   2.268878e-23   6176072
  5.212894e+00   3.915518e-20   1.842591e-03   2.281394e-23   6103028
  5.219273e+00   3.851112e-20   1.840028e-03   2.267725e-23   6015356
  5.225646e+00   3.789223e-20   1.838527e-03   2.253544e-23   5928908
  5.232022e+00   3.759509e-20   1.843529e-03   2.261037e-23   5861504
  5.238402e+00   3.691299e-20   1.840564e-03   2.244881e-23   5772440
  5.244776e+00   3.628092e-20   1.839302e-03   2.224280e-23   5688596
  5.251152e+00   3.594083e-20   1.841421e-03   2.235121e-23   5611412
  5.257531e+00   3.524378e-20   1.842425e-03   2.212874e-23   5532224
  5.263907e+00   3.456978e-20   1.838741e-03   2.187234e-23   5440748
  5.270281e+00   3.405385e-20   1.841068e-03   2.180158e-23   5364572
  5.276660e+00   3.341800e-20   1.842167e-03   2.158847e-23   5285204
  5.283039e+00   3.272805e-20   1.840147e-03   2.135663e-23   5197796
  5.289414e+00   3.210958e-20   1.840074e-03   2.113248e-23   5113244
  5.295789e+00   3.150319e-20   1.841509e-03   2.095751e-23   5032664
  5.302162e+00   3.073904e-20   1.838866e-03   2.055825e-23   4943484
  5.308538e+00   3.003073e-20   1.842083e-03   2.019367e-23   4869920
  5.314919e+00   2.924425e-20   1.840875e-03   1.981821e-23   4782608
  5.321298e+00   2.850049e-20   1.842000e-03   1.932578e-23   4700756
  5.327675e+00   2.771410e-20   1.839332e-03   1.882557e-23   4608920
  5.334047e+00   2.689425e-20   1.840509e-03   1.826339e-23   4528829
  5.340423e+00   2.621595e-20   1.840790e-03   1.783925e-23   4453172
  5.346801e+00   2.554147e-20   1.841398e-03   1.737673e-23   4381652
  5.353179e+00   2.494180e-20   1.840856e-03   1.702831e-23   4309628
  5.359558e+00   2.434292e-20   1.841542e-03   1.662723e-23   4242188
  5.365934e+00   2.378982e-20   1.840185e-03   1.627714e-23   4171796
  5.372309e+00   2.328211e-20   1.840332e-03   1.596228e-23   4107506
  5.378687e+00   2.278307e-20   1.841030e-03   1.565986e-23   4045694
  5.385067e+00   2.231199e-20   1.841878e-03   1.538022e-23   3984530
  5.391443e+00   2.183198e-20   1.839184e-03   1.512446e-23   3916622
  5.397815e+00   2.140044e-20   1.840413e-03   1.484957e-23   3858626
  5.404188e+00   2.096046e-20   1.839752e-03   1.457249e-23   3798918
  5.410566e+00   2.053998e-20   1.842453e-03   1.434962e-23   3747464
  5.416947e+00   2.014926e-20   1.840720e-03   1.410005e-23   3687278
  5.423327e+00   1.969260e-20   1.841755e-03   1.381332e-23   3632618
  5.429702e+00   1.930023e-20   1.839341e-03   1.358419e-23   3571766
  5.436076e+00   1.893256e-20   1.841405e-03   1.342731e-23   3521264
  5.442452e+00   1.855200e-20   1.840602e-03   1.318151e-23   3466964
  5.448828e+00   1.824794e-20   1.840149e-03   1.303474e-23   3414320
  5.455204e+00   1.783180e-20   1.840343e-03   1.270735e-23   3362948
  5.461581e+00   1.750491e-20   1.841385e-03   1.253200e-23   3313130
  5.467960e+00   1.717855e-20   1.841559e-03   1.237474e-23   3262766
  5.474335e+00   1.684554e-20   1.839552e-03   1.217540e-23   3210122
  5.480711e+00   1.652750e-20   1.841068e-03   1.198142e-23   3164282
  5.487089e+00   1.625180e-20   1.840871e-03   1.181924e-23   3115358
  5.493467e+00   1.589834e-20   1.841892e-03   1.159932e-23   3068642
  5.499842e+00   1.560797e-20   1.839367e-03   1.142293e-23   3017270
  5.506214e+00   1.531981e-20   1.840421e-03   1.125293e-23   2973396
  5.512592e+00   1.504142e-20   1.841795e-03   1.109940e-23   2930882
  5.518975e+00   1.475586e-20   1.842009e-03   1.094760e-23   2886296
  5.525354e+00   1.444508e-20   1.840110e-03   1.075813e-23   2838068
  5.531729e+00   1.420477e-20   1.840402e-03   1.061801e-23   2793680
  5.538103e+00   1.395175e-20   1.841057e-03   1.050939e-23   2750948
  5.544478e+00   1.368564e-20   1.840332e-03   1.030277e-23   2707712
  5.550852e+00   1.343120e-20   1.839444e-03   1.014969e-23   2665124
  5.557230e+00   1.320664e-20   1.841751e-03   1.005426e-23   2626712
  5.563610e+00   1.296529e-20   1.840829e-03   9.918089e-24   2583542
  5.569988e+00   1.274562e-20   1.841328e-03   9.774983e-24   2543108
  5.576363e+00   1.250280e-20   1.839426e-03   9.622284e-24   2500538
  5.582739e+00   1.225417e-20   1.841521e-03   9.482238e-24   2464052
  5.589119e+00   1.206659e-20   1.841364e-03   9.402381e-24   2424194
  5.595493e+00   1.181099e-20   1.839158e-03   9.220275e-24   2381732
  5.601866e+00   1.163235e-20   1.841683e-03   9.109558e-24   2346386
  5.608241e+00   1.141583e-20   1.839649e-03   9.027713e-24   2306598
  5.614618e+00   1.122903e-20   1.842029e-03   8.879337e-24   2273186
  5.621000e+00   1.104642e-20   1.840989e-03   8.823339e-24   2235188
  5.627378e+00   1.085798e-20   1.839949e-03   8.678523e-24   2196638
  5.633754e+00   1.066547e-20   1.841588e-03   8.565626e-24   2161706
  5.640129e+00   1.047814e-20   1.840261e-03   8.455507e-24   2124422
  5.646501e+00   1.026769e-20   1.838999e-03   8.322234e-24   2088578
  5.652879e+00   1.010711e-20   1.842650e-03   8.236218e-24   2058512
  5.659259e+00   9.947710e-21   1.839498e-03   8.151564e-24   2020202
  5.665635e+00   9.767398e-21   1.841528e-03   8.033417e-24   1987670
  5.672010e+00   9.619696e-21   1.840033e-03   7.956863e-24   1952114
  5.678381e+00   9.434687e-21   1.839290e-03   7.863583e-24   1918694
  5.684760e+00   9.268710e-21   1.843391e-03   7.764651e-24   1890932
  5.691143e+00   9.130704e-21   1.840482e-03   7.689013e-24   1855382
  5.697520e+00   8.982335e-21   1.841151e-03   7.601318e-24   1823276
  5.703897e+00   8.832727e-21   1.841467e-03   7.523765e-24   1791446
  5.710267e+00   8.690562e-21   1.837484e-03   7.432947e-24   1756566
  5.716642e+00   8.544958e-21   1.843486e-03   7.361732e-24   1732292
  5.723026e+00   8.418544e-21   1.841021e-03   7.281850e-24   1699718
  5.729405e+00   8.292326e-21   1.840666e-03   7.223710e-24   1668524
  5.735782e+00   8.149143e-21   1.841307e-03   7.139657e-24   1638656
  5.742152e+00   8.012491e-21   1.837941e-03   7.061951e-24   1606154
  5.748524e+00   7.881298e-21   1.841528e-03   6.994268e-24   1580984
  5.754907e+00   7.765794e-21   1.842158e-03   6.922548e-24   1553372
  5.761287e+00   7.635393e-21   1.839903e-03   6.866305e-24   1522502
  5.767663e+00   7.511207e-21   1.841211e-03   6.786737e-24   1494788
  5.774035e+00   7.409157e-21   1.839049e-03   6.767926e-24   1464992
  5.780407e+00   7.283435e-21   1.840885e-03   6.667680e-24   1439564
  5.786788e+00   7.178637e-21   1.842803e-03   6.614488e-24   1414766
  5.793173e+00   7.063088e-21   1.841316e-03   6.572731e-24   1386620
  5.799549e+00   6.960135e-21   1.839295e-03   6.511930e-24   1358024
  5.805920e+00   6.857453e-21   1.840494e-03   6.475587e-24   1332236
  5.812287e+00   6.772987e-21   1.837583e-03   6.446603e-24   1304568
  5.818666e+00   6.661483e-21   1.844995e-03   6.351713e-24   1285316
  5.825053e+00   6.550064e-21   1.840679e-03   6.318651e-24   1257272
  5.831429e+00   6.474589e-21   1.839591e-03   6.279817e-24   1231028
  5.837804e+00   6.380074e-21   1.841474e-03   6.242942e-24   1207136
  5.844175e+00   6.288792e-21   1.839197e-03   6.203667e-24   1181180
  5.850547e+00   6.183845e-21   1.841135e-03   6.121102e-24   1159352
  5.856931e+00   6.114351e-21   1.842986e-03   6.126786e-24   1137476
  5.863312e+00   6.014841e-21   1.839166e-03   6.080198e-24   1111280
  5.869686e+00   5.953897e-21   1.840689e-03   6.052044e-24   1088468
  5.876057e+00   5.874795e-21   1.840140e-03   6.026794e-24   1065008
  5.882427e+00   5.785156e-21   1.839713e-03   5.973000e-24   1042934
  5.888808e+00   5.705314e-21   1.843186e-03   5.936974e-24   1023488
  5.895195e+00   5.633754e-21   1.841961e-03   5.933456e-24   1000700
  5.901573e+00   5.561566e-21   1.839831e-03   5.921528e-24   977264
  5.907943e+00   5.500779e-21   1.839220e-03   5.896801e-24   955052
  5.914306e+00   5.432550e-21   1.837596e-03   5.881905e-24   933546
  5.920685e+00   5.351783e-21   1.845011e-03   5.828278e-24   917348
  5.927075e+00   5.291032e-21   1.841622e-03   5.844306e-24   895328
  5.933456e+00   5.225571e-21   1.840197e-03   5.803590e-24   873878
  5.939831e+00   5.162823e-21   1.841204e-03   5.805935e-24   853664
  5.946198e+00   5.102236e-21   1.838301e-03   5.808526e-24   832604
  5.952570e+00   5.045389e-21   1.841647e-03   5.768783e-24   815546
  5.958955e+00   4.970531e-21   1.841795e-03   5.761592e-24   797012
  5.965336e+00   4.919669e-21   1.838979e-03   5.763508e-24   776576
  5.971714e+00   4.867311e-21   1.842719e-03   5.768299e-24   758726
  5.978085e+00   4.814055e-21   1.838577e-03   5.757457e-24   738296
  5.984452e+00   4.753436e-21   1.839422e-03   5.738035e-24   721172
  5.990833e+00   4.716971e-21   1.842852e-03   5.773179e-24   705434
  5.997222e+00   4.661628e-21   1.841204e-03   5.774920e-24   687092
  6.003603e+00   4.599931e-21   1.841572e-03   5.749083e-24   669098
  6.009974e+00   4.561466e-21   1.839142e-03   5.772556e-24   650516
  6.016332e+00   4.522686e-21   1.836042e-03   5.810259e-24   632898
  6.022707e+00   4.481012e-21   1.844938e-03   5.824474e-24   620228
  6.029100e+00   4.423914e-21   1.842281e-03   5.823156e-24   603206
  6.035485e+00   4.388484e-21   1.841847e-03   5.803545e-24   586328
  6.041859e+00   4.353076e-21   1.840113e-03   5.863287e-24   569222
  6.048217e+00   4.311092e-21   1.835706e-03   5.892999e-24   552266
  6.054584e+00   4.269819e-21   1.843023e-03   5.914125e-24   539996
  6.060976e+00   4.224249e-21   1.843843e-03   5.899801e-24   525722
  6.067365e+00   4.192918e-21   1.839929e-03   5.939304e-24   509372
  6.073742e+00   4.151893e-21   1.840974e-03   5.982554e-24   494282
  6.080105e+00   4.129491e-21   1.836470e-03   6.045959e-24   478340
  6.086466e+00   4.099182e-21   1.839100e-03   6.077351e-24   465554
  6.092852e+00   4.070666e-21   1.844310e-03   6.097613e-24   453734
  6.099249e+00   4.020599e-21   1.841644e-03   6.131408e-24   439184
  6.105633e+00   3.975758e-21   1.841774e-03   6.165007e-24   424910
  6.112001e+00   3.967913e-21   1.839131e-03   6.233646e-24   410366
  6.118344e+00   3.952481e-21   1.830585e-03   6.310447e-24   395856
  6.124716e+00   3.896450e-21   1.849093e-03   6.276862e-24   387998
  6.131124e+00   3.892291e-21   1.844381e-03   6.396762e-24   374642
  6.137516e+00   3.859366e-21   1.841320e-03   6.501377e-24   361118
  6.143885e+00   3.842960e-21   1.838483e-03   6.538618e-24   347792
  6.150233e+00   3.802462e-21   1.833537e-03   6.655133e-24   335054
  6.156598e+00   3.779248e-21   1.843369e-03   6.629674e-24   326162
  6.163003e+00   3.765098e-21   1.845744e-03   6.744374e-24   315686
  6.169403e+00   3.749159e-21   1.839717e-03   6.827005e-24   302960
  6.175780e+00   3.735032e-21   1.841146e-03   6.967123e-24   291278
  6.182130e+00   3.713853e-21   1.834474e-03   7.081125e-24   278966
  6.188475e+00   3.697072e-21   1.838848e-03   7.154824e-24   269786
  6.194867e+00   3.660604e-21   1.848548e-03   7.179749e-24   261710
  6.201275e+00   3.627201e-21   1.841196e-03   7.282855e-24   250472
  6.207659e+00   3.634852e-21   1.840781e-03   7.439972e-24   239846
  6.214020e+00   3.625528e-21   1.837833e-03   7.554225e-24   229250
  6.220353e+00   3.603631e-21   1.827068e-03   7.687520e-24   218958
  6.226735e+00   3.587732e-21   1.853573e-03   7.771880e-24   213722
  6.233163e+00   3.573851e-21   1.842328e-03   7.937904e-24   203414
  6.239564e+00   3.557843e-21   1.844048e-03   8.055365e-24   193940
  6.245924e+00   3.543443e-21   1.836439e-03   8.237391e-24   183650
  6.252241e+00   3.557844e-21   1.829855e-03   8.493591e-24   174638
  6.258588e+00   3.515602e-21   1.843490e-03   8.554654e-24   168842
  6.265008e+00   3.489145e-21   1.847266e-03   8.680139e-24   161846
  6.271432e+00   3.508334e-21   1.841236e-03   8.963583e-24   153146
  6.277822e+00   3.485942e-21   1.840929e-03   9.165181e-24   144686
  6.284170e+00   3.491560e-21   1.837187e-03   9.426885e-24   136418
  6.290480e+00   3.498822e-21   1.823629e-03   9.805234e-24   128822
  6.296862e+00   3.475451e-21   1.856474e-03   9.819234e-24   124862
  6.303298e+00   3.468261e-21   1.842665e-03   1.017049e-23   117026
  6.309688e+00   3.431208e-21   1.840290e-03   1.035443e-23   109718
  6.316033e+00   3.431837e-21   1.835815e-03   1.070364e-23   102650
  6.322320e+00   3.460448e-21   1.808328e-03   1.123206e-23   95622
  6.328720e+00   3.421842e-21   1.871202e-03   1.114520e-23   93650
  6.335227e+00   3.425405e-21   1.849919e-03   1.158924e-23   86606
  6.341628e+00   3.446287e-21   1.828395e-03   1.223866e-23   79190
  6.347934e+00   3.441555e-21   1.839124e-03   1.262719e-23   73490
  6.354177e+00   3.432914e-21   1.810164e-03   1.320367e-23   67598
  6.360508e+00   3.410779e-21   1.844910e-03   1.346361e-23   65186
  6.367032e+00   3.440271e-21   1.858136e-03   1.401538e-23   61262
  6.373583e+00   3.404810e-21   1.851117e-03   1.451564e-23   55874
  6.379989e+00   3.426854e-21   1.823042e-03   1.543662e-23   49430
  6.386147e+00   3.424890e-21   1.803004e-03   1.627570e-23   43934
  6.392260e+00   3.410438e-21   1.790240e-03   1.693855e-23   41138
  6.398716e+00   3.398590e-21   1.870028e-03   1.676143e-23   40070
  6.405371e+00   3.415685e-21   1.854153e-03   1.796999e-23   35882
  6.411962e+00   3.427347e-21   1.842631e-03   1.925505e-23   31622
  6.418335e+00   3.406362e-21   1.817857e-03   2.087036e-23   26750
  6.424088e+00   3.430660e-21   1.593646e-03   2.363022e-23   21330
  6.430239e+00   3.472712e-21   1.860256e-03   2.271046e-23   23246
  6.436984e+00   3.431222e-21   1.855054e-03   2.409482e-23   20186
  6.443727e+00   3.435721e-21   1.848147e-03   2.662603e-23   17312
  6.450423e+00   3.402765e-21   1.830133e-03   2.831272e-23   14474
  6.456645e+00   3.470253e-21   1.688402e-03   3.421335e-23   10478
  6.462180e+00   3.443417e-21   1.692603e-03   3.563898e-23   9062
  6.468497e+00   3.477067e-21   1.842997e-03   3.692775e-23   8762
  6.475254e+00   3.491784e-21   1.841892e-03   4.112568e-23   6926
  6.482011e+00   3.457529e-21   1.840835e-03   4.720737e-23   5306
  6.488766e+00   3.467551e-21   1.839476e-03   5.533247e-23   3902
  6.494511e+00   3.561432e-21   1.128860e-03   8.244417e-23   1928
  6.500007e+00   3.330059e-21   1.834590e-03   7.453873e-23   2042
  6.506728e+00   3.504149e-21   1.826889e-03   9.283130e-23   1214
  6.513396e+00   3.343899e-21   1.806609e-03   1.395342e-22   602
  6.519909e+00   3.357954e-21   1.730042e-03   2.143649e-22   206
  6.525711e+00   3.586941e-21   9.814069e-04   6.661793e-22   24
