# power spectrum of delta_kessence
# redshift z=9.836500
# k              Pk             sigma(k)       sigma(Pk)      count
  5.011399e-03   7.279077e-10   7.667927e-04   1.386315e-10   18
  1.037418e-02   1.750037e-08   1.725047e-03   2.009288e-09   128
  1.616528e-02   7.568054e-08   1.646572e-03   4.265373e-09   314
  2.269071e-02   1.795145e-07   1.954354e-03   6.950338e-09   728
  2.897169e-02   3.420733e-07   1.717946e-03   1.148619e-08   1016
  3.518826e-02   4.739537e-07   1.880676e-03   1.169250e-08   1682
  4.169479e-02   7.093667e-07   1.831736e-03   1.493430e-08   2300
  4.790974e-02   9.001296e-07   1.770731e-03   1.691202e-08   2906
  5.429022e-02   1.209986e-06   1.892687e-03   1.994173e-08   4040
  6.068098e-02   1.555759e-06   1.775551e-03   2.348494e-08   4712
  6.698900e-02   1.981088e-06   1.857705e-03   2.549974e-08   6002
  7.346135e-02   2.338127e-06   1.857594e-03   2.779169e-08   7256
  7.977379e-02   2.767420e-06   1.772571e-03   3.125662e-08   8120
  8.609019e-02   3.026153e-06   1.864951e-03   3.035744e-08   9950
  9.253636e-02   3.325388e-06   1.853578e-03   3.074805e-08   11384
  9.885187e-02   3.533333e-06   1.809244e-03   3.176313e-08   12666
  1.052712e-01   3.884213e-06   1.889168e-03   3.115381e-08   15104
  1.117654e-01   4.279873e-06   1.850532e-03   3.360788e-08   16616
  1.180754e-01   4.858009e-06   1.799489e-03   3.646410e-08   18026
  1.244216e-01   5.323595e-06   1.853405e-03   3.648451e-08   20696
  1.308065e-01   5.770455e-06   1.827918e-03   3.882801e-08   22436
  1.371558e-01   6.322728e-06   1.845873e-03   4.034451e-08   24962
  1.435394e-01   6.612981e-06   1.831283e-03   3.965569e-08   27176
  1.499133e-01   6.804272e-06   1.847268e-03   3.959403e-08   29810
  1.562775e-01   7.064996e-06   1.828450e-03   3.989072e-08   32120
  1.626776e-01   7.303131e-06   1.865216e-03   3.891109e-08   35432
  1.690383e-01   7.760634e-06   1.814577e-03   4.022802e-08   37238
  1.754019e-01   8.195615e-06   1.856016e-03   4.047112e-08   41072
  1.817869e-01   8.610985e-06   1.834293e-03   4.173277e-08   43472
  1.881565e-01   9.207308e-06   1.848176e-03   4.257194e-08   47042
  1.945298e-01   9.797461e-06   1.829223e-03   4.444315e-08   49712
  2.008693e-01   1.014993e-05   1.840592e-03   4.437204e-08   53226
  2.072637e-01   1.024952e-05   1.853753e-03   4.269726e-08   57320
  2.136558e-01   1.059393e-05   1.831629e-03   4.340671e-08   60092
  2.200056e-01   1.088214e-05   1.839426e-03   4.316751e-08   63914
  2.263950e-01   1.109529e-05   1.849752e-03   4.230866e-08   68192
  2.327751e-01   1.144409e-05   1.833934e-03   4.289151e-08   71336
  2.391397e-01   1.178836e-05   1.845607e-03   4.282151e-08   75818
  2.455297e-01   1.220801e-05   1.844019e-03   4.336024e-08   79880
  2.518964e-01   1.269051e-05   1.834462e-03   4.379307e-08   83642
  2.582661e-01   1.318127e-05   1.840779e-03   4.429693e-08   88316
  2.646730e-01   1.347514e-05   1.859422e-03   4.422273e-08   93488
  2.710484e-01   1.373123e-05   1.827184e-03   4.423966e-08   96458
  2.773871e-01   1.398599e-05   1.829038e-03   4.450847e-08   101264
  2.837816e-01   1.417583e-05   1.862873e-03   4.312576e-08   107696
  2.901819e-01   1.434556e-05   1.837217e-03   4.307715e-08   111170
  2.965233e-01   1.481925e-05   1.822285e-03   4.364594e-08   115232
  3.028941e-01   1.508687e-05   1.855375e-03   4.313726e-08   122310
  3.093019e-01   1.537840e-05   1.843350e-03   4.319759e-08   126944
  3.156739e-01   1.580595e-05   1.828600e-03   4.368762e-08   131192
  3.220432e-01   1.612335e-05   1.844535e-03   4.372086e-08   137618
  3.284234e-01   1.644098e-05   1.836674e-03   4.350219e-08   142448
  3.347979e-01   1.658431e-05   1.844704e-03   4.294957e-08   148520
  3.411627e-01   1.685249e-05   1.831436e-03   4.337729e-08   153254
  3.475446e-01   1.714342e-05   1.852010e-03   4.287373e-08   160760
  3.539284e-01   1.715915e-05   1.835751e-03   4.194403e-08   165290
  3.603019e-01   1.755909e-05   1.840148e-03   4.241586e-08   171992
  3.666828e-01   1.779405e-05   1.840217e-03   4.239964e-08   177800
  3.730569e-01   1.810104e-05   1.843032e-03   4.225901e-08   184322
  3.794439e-01   1.834855e-05   1.841595e-03   4.216941e-08   190832
  3.858239e-01   1.855977e-05   1.839260e-03   4.215572e-08   196772
  3.921872e-01   1.891043e-05   1.836453e-03   4.209470e-08   202970
  3.985536e-01   1.916123e-05   1.839266e-03   4.190250e-08   210056
  4.049173e-01   1.938634e-05   1.832832e-03   4.174782e-08   216210
  4.112896e-01   1.953983e-05   1.841640e-03   4.119579e-08   224168
  4.176700e-01   1.959983e-05   1.840761e-03   4.100127e-08   230792
  4.240565e-01   1.996536e-05   1.846256e-03   4.097325e-08   238778
  4.304312e-01   1.999913e-05   1.831772e-03   4.044271e-08   243956
  4.367939e-01   2.033073e-05   1.845141e-03   4.045467e-08   252680
  4.431746e-01   2.052601e-05   1.842020e-03   4.034681e-08   260066
  4.495713e-01   2.073489e-05   1.849294e-03   4.001447e-08   268712
  4.559494e-01   2.097318e-05   1.834336e-03   4.004794e-08   274034
  4.623270e-01   2.097617e-05   1.847366e-03   3.942811e-08   283904
  4.687088e-01   2.119525e-05   1.837425e-03   3.934969e-08   290048
  4.750707e-01   2.129376e-05   1.836659e-03   3.919161e-08   297950
  4.814434e-01   2.152366e-05   1.842026e-03   3.912529e-08   306968
  4.878269e-01   2.184116e-05   1.843240e-03   3.901263e-08   315320
  4.942006e-01   2.176937e-05   1.835899e-03   3.836117e-08   322346
  5.005701e-01   2.199226e-05   1.842589e-03   3.812319e-08   331664
  5.069538e-01   2.208798e-05   1.844896e-03   3.778040e-08   340818
  5.133346e-01   2.239174e-05   1.837322e-03   3.795678e-08   348164
  5.197083e-01   2.248170e-05   1.843548e-03   3.760194e-08   357584
  5.260929e-01   2.261515e-05   1.846059e-03   3.725058e-08   367106
  5.324635e-01   2.269131e-05   1.832285e-03   3.702957e-08   373376
  5.388350e-01   2.277548e-05   1.848023e-03   3.661381e-08   385376
  5.452233e-01   2.295554e-05   1.842356e-03   3.653249e-08   393650
  5.516038e-01   2.299332e-05   1.840588e-03   3.621812e-08   402704
  5.579656e-01   2.309664e-05   1.830970e-03   3.606691e-08   409910
  5.643320e-01   2.328361e-05   1.843407e-03   3.595104e-08   422024
  5.707212e-01   2.329923e-05   1.846526e-03   3.538787e-08   432176
  5.771022e-01   2.344622e-05   1.837404e-03   3.542842e-08   440066
  5.834769e-01   2.355896e-05   1.841263e-03   3.508390e-08   450680
  5.898365e-01   2.363410e-05   1.831084e-03   3.493246e-08   457856
  5.962115e-01   2.378815e-05   1.848347e-03   3.451808e-08   472538
  6.026013e-01   2.392620e-05   1.839689e-03   3.454990e-08   480140
  6.089752e-01   2.390001e-05   1.841279e-03   3.419515e-08   490842
  6.153517e-01   2.405030e-05   1.838382e-03   3.400870e-08   500744
  6.217295e-01   2.406220e-05   1.842392e-03   3.361875e-08   511856
  6.281145e-01   2.416608e-05   1.844734e-03   3.343508e-08   523202
  6.344991e-01   2.424113e-05   1.840396e-03   3.332517e-08   532688
  6.408638e-01   2.430652e-05   1.834541e-03   3.317821e-08   541520
  6.472341e-01   2.435764e-05   1.842653e-03   3.278846e-08   555110
  6.536136e-01   2.440044e-05   1.839126e-03   3.238472e-08   564944
  6.599884e-01   2.435282e-05   1.839832e-03   3.219398e-08   576434
  6.663740e-01   2.443785e-05   1.844405e-03   3.188938e-08   588848
  6.727501e-01   2.450348e-05   1.838623e-03   3.173809e-08   597704
  6.791236e-01   2.455605e-05   1.842386e-03   3.151780e-08   610946
  6.855006e-01   2.462270e-05   1.837794e-03   3.127075e-08   620852
  6.918722e-01   2.459934e-05   1.841901e-03   3.101659e-08   633530
  6.982524e-01   2.460940e-05   1.841844e-03   3.069480e-08   645704
  7.046316e-01   2.466452e-05   1.840565e-03   3.052449e-08   656744
  7.110074e-01   2.472921e-05   1.841941e-03   3.027024e-08   669162
  7.173906e-01   2.476776e-05   1.843286e-03   2.997280e-08   681992
  7.237681e-01   2.472360e-05   1.838959e-03   2.983398e-08   692360
  7.301485e-01   2.473893e-05   1.844364e-03   2.948891e-08   707006
  7.365206e-01   2.473716e-05   1.834135e-03   2.925765e-08   714944
  7.428835e-01   2.485735e-05   1.841775e-03   2.909850e-08   730346
  7.492606e-01   2.482081e-05   1.838962e-03   2.889507e-08   742616
  7.556415e-01   2.481368e-05   1.843530e-03   2.854460e-08   756536
  7.620128e-01   2.476224e-05   1.836595e-03   2.834489e-08   766418
  7.683917e-01   2.473810e-05   1.845753e-03   2.793391e-08   783392
  7.747614e-01   2.477277e-05   1.833632e-03   2.791694e-08   790412
  7.811334e-01   2.474566e-05   1.848120e-03   2.749000e-08   810314
  7.875277e-01   2.475847e-05   1.843702e-03   2.733305e-08   821960
  7.938987e-01   2.478404e-05   1.834976e-03   2.717757e-08   831266
  8.002712e-01   2.464358e-05   1.843706e-03   2.680020e-08   848960
  8.066557e-01   2.465420e-05   1.842629e-03   2.663448e-08   861488
  8.130204e-01   2.464559e-05   1.833334e-03   2.652998e-08   871194
  8.193985e-01   2.459288e-05   1.847247e-03   2.603040e-08   891788
  8.257796e-01   2.455937e-05   1.838008e-03   2.590971e-08   900416
  8.321422e-01   2.459431e-05   1.836250e-03   2.570700e-08   914306
  8.385264e-01   2.451868e-05   1.847988e-03   2.539514e-08   933992
  8.449011e-01   2.446243e-05   1.834294e-03   2.526092e-08   940826
  8.512701e-01   2.448120e-05   1.842364e-03   2.507617e-08   960224
  8.576621e-01   2.439883e-05   1.846556e-03   2.473781e-08   976316
  8.640381e-01   2.434114e-05   1.835724e-03   2.453792e-08   985010
  8.704114e-01   2.430601e-05   1.843336e-03   2.429988e-08   1004024
  8.767898e-01   2.419834e-05   1.839706e-03   2.413336e-08   1016288
  8.831639e-01   2.423654e-05   1.840690e-03   2.389283e-08   1032290
  8.895470e-01   2.413436e-05   1.843156e-03   2.362571e-08   1048640
  8.959130e-01   2.403322e-05   1.831919e-03   2.337767e-08   1057250
  9.022937e-01   2.407163e-05   1.849588e-03   2.314521e-08   1083140
  9.086870e-01   2.400687e-05   1.840763e-03   2.308017e-08   1092248
  9.150555e-01   2.389032e-05   1.837510e-03   2.278138e-08   1105914
  9.214310e-01   2.381012e-05   1.841822e-03   2.247761e-08   1124744
  9.278120e-01   2.380042e-05   1.841202e-03   2.235173e-08   1139120
  9.341841e-01   2.373523e-05   1.838536e-03   2.211401e-08   1153490
  9.405650e-01   2.364851e-05   1.844187e-03   2.191012e-08   1172936
  9.469357e-01   2.359783e-05   1.834491e-03   2.179344e-08   1182158
  9.533110e-01   2.348561e-05   1.846126e-03   2.137340e-08   1206392
  9.596894e-01   2.336019e-05   1.835525e-03   2.119224e-08   1215224
  9.660641e-01   2.333178e-05   1.844936e-03   2.097986e-08   1237874
  9.724505e-01   2.326459e-05   1.841050e-03   2.084160e-08   1251800
  9.788233e-01   2.311911e-05   1.838619e-03   2.060507e-08   1265792
  9.851993e-01   2.313031e-05   1.843109e-03   2.048533e-08   1286306
  9.915793e-01   2.300055e-05   1.838809e-03   2.024401e-08   1299764
  9.979438e-01   2.293358e-05   1.836769e-03   2.004987e-08   1314554
  1.004319e+00   2.281952e-05   1.843595e-03   1.977427e-08   1337288
  1.010703e+00   2.275792e-05   1.840912e-03   1.959990e-08   1351304
  1.017077e+00   2.263678e-05   1.841769e-03   1.933880e-08   1369026
  1.023461e+00   2.255855e-05   1.843478e-03   1.919897e-08   1388456
  1.029842e+00   2.248427e-05   1.840406e-03   1.908009e-08   1402700
  1.036211e+00   2.237966e-05   1.837802e-03   1.886472e-08   1418282
  1.042587e+00   2.230514e-05   1.843596e-03   1.864515e-08   1440272
  1.048964e+00   2.219839e-05   1.838705e-03   1.845155e-08   1454114
  1.055341e+00   2.208023e-05   1.842603e-03   1.821321e-08   1475480
  1.061720e+00   2.202814e-05   1.840520e-03   1.805866e-08   1490936
  1.068091e+00   2.185772e-05   1.838519e-03   1.784788e-08   1507826
  1.074472e+00   2.182405e-05   1.844275e-03   1.772570e-08   1530764
  1.080850e+00   2.163891e-05   1.839052e-03   1.745505e-08   1543424
  1.087222e+00   2.160204e-05   1.841688e-03   1.733454e-08   1564946
  1.093594e+00   2.150173e-05   1.835875e-03   1.713509e-08   1578536
  1.099970e+00   2.137657e-05   1.845670e-03   1.692322e-08   1604882
  1.106358e+00   2.125938e-05   1.842454e-03   1.675201e-08   1621304
  1.112736e+00   2.114072e-05   1.839545e-03   1.662420e-08   1637024
  1.119103e+00   2.109125e-05   1.837794e-03   1.645566e-08   1654134
  1.125480e+00   2.096570e-05   1.844256e-03   1.624114e-08   1679168
  1.131864e+00   2.082851e-05   1.841903e-03   1.603546e-08   1695944
  1.138235e+00   2.072840e-05   1.836568e-03   1.591064e-08   1710602
  1.144612e+00   2.063552e-05   1.844777e-03   1.571530e-08   1737056
  1.150994e+00   2.053317e-05   1.840390e-03   1.557438e-08   1752602
  1.157370e+00   2.036978e-05   1.839227e-03   1.536170e-08   1772024
  1.163752e+00   2.028359e-05   1.844090e-03   1.521206e-08   1795364
  1.170126e+00   2.015399e-05   1.836467e-03   1.506132e-08   1807634
  1.176490e+00   2.004683e-05   1.836183e-03   1.488547e-08   1827608
  1.182859e+00   1.994573e-05   1.840789e-03   1.474446e-08   1850984
  1.189240e+00   1.981496e-05   1.844107e-03   1.452815e-08   1874618
  1.195619e+00   1.971034e-05   1.838445e-03   1.439999e-08   1889504
  1.202001e+00   1.959696e-05   1.845373e-03   1.422481e-08   1916870
  1.208383e+00   1.943291e-05   1.838254e-03   1.406217e-08   1929728
  1.214760e+00   1.937727e-05   1.843674e-03   1.392278e-08   1955408
  1.221131e+00   1.922661e-05   1.834427e-03   1.375704e-08   1966842
  1.227503e+00   1.908764e-05   1.843005e-03   1.357857e-08   1996640
  1.233886e+00   1.897980e-05   1.842690e-03   1.345390e-08   2016392
  1.240265e+00   1.888821e-05   1.839730e-03   1.330193e-08   2034722
  1.246641e+00   1.874008e-05   1.840813e-03   1.313986e-08   2056460
  1.253014e+00   1.862958e-05   1.838931e-03   1.302512e-08   2075186
  1.259388e+00   1.850559e-05   1.840566e-03   1.286989e-08   2099096
  1.265761e+00   1.839676e-05   1.837910e-03   1.273342e-08   2116832
  1.272138e+00   1.827189e-05   1.844119e-03   1.255806e-08   2145146
  1.278526e+00   1.814089e-05   1.844128e-03   1.239693e-08   2166776
  1.284904e+00   1.802293e-05   1.838822e-03   1.228606e-08   2181848
  1.291273e+00   1.791759e-05   1.838785e-03   1.215891e-08   2203766
  1.297646e+00   1.779680e-05   1.840619e-03   1.200772e-08   2227664
  1.304025e+00   1.765679e-05   1.842381e-03   1.185481e-08   2252138
  1.310403e+00   1.753816e-05   1.839825e-03   1.173417e-08   2271152
  1.316777e+00   1.743831e-05   1.840536e-03   1.158733e-08   2293256
  1.323154e+00   1.730262e-05   1.842085e-03   1.146183e-08   2318130
  1.329536e+00   1.721108e-05   1.841956e-03   1.134652e-08   2340824
  1.335910e+00   1.707120e-05   1.838342e-03   1.120730e-08   2357990
  1.342292e+00   1.694843e-05   1.846396e-03   1.105590e-08   2391176
  1.348671e+00   1.684348e-05   1.837209e-03   1.095877e-08   2401808
  1.355040e+00   1.673363e-05   1.840258e-03   1.082708e-08   2428442
  1.361418e+00   1.658129e-05   1.842645e-03   1.067223e-08   2454752
  1.367798e+00   1.644581e-05   1.841270e-03   1.055747e-08   2475872
  1.374172e+00   1.633486e-05   1.838763e-03   1.044342e-08   2495822
  1.380543e+00   1.621686e-05   1.839940e-03   1.032851e-08   2520248
  1.386922e+00   1.608098e-05   1.844043e-03   1.018695e-08   2549186
  1.393299e+00   1.599470e-05   1.837661e-03   1.007533e-08   2564768
  1.399672e+00   1.587289e-05   1.841284e-03   9.970932e-09   2592968
  1.406054e+00   1.573689e-05   1.843378e-03   9.847824e-09   2619818
  1.412431e+00   1.563325e-05   1.838027e-03   9.741209e-09   2636384
  1.418803e+00   1.550105e-05   1.840293e-03   9.621530e-09   2662220
  1.425180e+00   1.539202e-05   1.842524e-03   9.492770e-09   2689770
  1.431560e+00   1.526069e-05   1.840994e-03   9.376497e-09   2712296
  1.437933e+00   1.514580e-05   1.838431e-03   9.267350e-09   2732618
  1.444312e+00   1.502463e-05   1.843932e-03   9.135741e-09   2765264
  1.450695e+00   1.491979e-05   1.840894e-03   9.055449e-09   2784824
  1.457066e+00   1.479914e-05   1.837138e-03   8.947365e-09   2804162
  1.463445e+00   1.469401e-05   1.844971e-03   8.829735e-09   2840612
  1.469825e+00   1.458918e-05   1.839130e-03   8.743605e-09   2855576
  1.476198e+00   1.444635e-05   1.840533e-03   8.621273e-09   2883458
  1.482571e+00   1.433376e-05   1.838217e-03   8.527207e-09   2904128
  1.488946e+00   1.423095e-05   1.843378e-03   8.419808e-09   2937026
  1.495325e+00   1.410963e-05   1.839218e-03   8.310612e-09   2956976
  1.501703e+00   1.398659e-05   1.841967e-03   8.212719e-09   2986472
  1.508082e+00   1.389368e-05   1.840166e-03   8.133296e-09   3008918
  1.514460e+00   1.376668e-05   1.841773e-03   8.030578e-09   3036752
  1.520836e+00   1.365976e-05   1.839884e-03   7.930174e-09   3058376
  1.527209e+00   1.357064e-05   1.839616e-03   7.859120e-09   3084210
  1.533583e+00   1.342976e-05   1.840948e-03   7.735610e-09   3111848
  1.539960e+00   1.331897e-05   1.841348e-03   7.646234e-09   3138890
  1.546339e+00   1.322855e-05   1.840626e-03   7.571658e-09   3164516
  1.552719e+00   1.311015e-05   1.842638e-03   7.464881e-09   3192656
  1.559097e+00   1.299785e-05   1.840555e-03   7.373364e-09   3215618
  1.565473e+00   1.288450e-05   1.840732e-03   7.290272e-09   3242888
  1.571846e+00   1.277334e-05   1.839114e-03   7.200858e-09   3265448
  1.578224e+00   1.268395e-05   1.843575e-03   7.117495e-09   3300842
  1.584604e+00   1.256248e-05   1.839884e-03   7.031748e-09   3321008
  1.590977e+00   1.243855e-05   1.839336e-03   6.939240e-09   3346406
  1.597352e+00   1.234753e-05   1.841596e-03   6.859383e-09   3377984
  1.603728e+00   1.222180e-05   1.839551e-03   6.767170e-09   3400352
  1.610103e+00   1.215776e-05   1.841321e-03   6.705252e-09   3431450
  1.616483e+00   1.202491e-05   1.841519e-03   6.609264e-09   3458768
  1.622859e+00   1.193282e-05   1.841183e-03   6.537660e-09   3484088
  1.629231e+00   1.184300e-05   1.838425e-03   6.466792e-09   3508218
  1.635610e+00   1.172175e-05   1.843946e-03   6.371017e-09   3545924
  1.641992e+00   1.162703e-05   1.841053e-03   6.307321e-09   3567530
  1.648369e+00   1.153165e-05   1.840183e-03   6.231722e-09   3595040
  1.654744e+00   1.142384e-05   1.840167e-03   6.153445e-09   3621176
  1.661115e+00   1.132577e-05   1.839521e-03   6.073617e-09   3647738
  1.667490e+00   1.122407e-05   1.841438e-03   5.994144e-09   3680480
  1.673870e+00   1.112418e-05   1.842082e-03   5.927491e-09   3709712
  1.680248e+00   1.102651e-05   1.840008e-03   5.859003e-09   3734702
  1.686623e+00   1.093626e-05   1.840362e-03   5.785926e-09   3762776
  1.692996e+00   1.083188e-05   1.839854e-03   5.721350e-09   3790514
  1.699371e+00   1.071972e-05   1.839908e-03   5.627091e-09   3820352
  1.705752e+00   1.063851e-05   1.844068e-03   5.576779e-09   3856016
  1.712131e+00   1.054976e-05   1.839690e-03   5.517739e-09   3876818
  1.718506e+00   1.045065e-05   1.839874e-03   5.450319e-09   3906332
  1.724882e+00   1.035613e-05   1.841963e-03   5.378344e-09   3938216
  1.731260e+00   1.026370e-05   1.840685e-03   5.312193e-09   3966354
  1.737636e+00   1.014786e-05   1.839695e-03   5.243477e-09   3993536
  1.744011e+00   1.007202e-05   1.840344e-03   5.188462e-09   4024034
  1.750392e+00   9.983091e-06   1.843071e-03   5.120486e-09   4060208
  1.756773e+00   9.888482e-06   1.840812e-03   5.061215e-09   4083632
  1.763145e+00   9.808606e-06   1.837811e-03   5.003783e-09   4107062
  1.769521e+00   9.705053e-06   1.842771e-03   4.924738e-09   4148072
  1.775893e+00   9.619774e-06   1.836707e-03   4.879586e-09   4163456
  1.782267e+00   9.536256e-06   1.842476e-03   4.819235e-09   4207994
  1.788652e+00   9.438802e-06   1.843367e-03   4.755471e-09   4239152
  1.795029e+00   9.368181e-06   1.839132e-03   4.713016e-09   4259426
  1.801407e+00   9.284911e-06   1.842524e-03   4.649258e-09   4299488
  1.807788e+00   9.187977e-06   1.840660e-03   4.587034e-09   4323692
  1.814162e+00   9.094219e-06   1.840093e-03   4.535803e-09   4353242
  1.820541e+00   9.030513e-06   1.841694e-03   4.481606e-09   4388792
  1.826915e+00   8.929460e-06   1.838387e-03   4.430170e-09   4409912
  1.833288e+00   8.851688e-06   1.841592e-03   4.373763e-09   4449282
  1.839667e+00   8.775031e-06   1.840784e-03   4.328137e-09   4478504
  1.846041e+00   8.694264e-06   1.839106e-03   4.273646e-09   4505882
  1.852417e+00   8.615998e-06   1.841020e-03   4.221905e-09   4542044
  1.858793e+00   8.525262e-06   1.840344e-03   4.163482e-09   4569608
  1.865169e+00   8.442982e-06   1.841195e-03   4.113477e-09   4604426
  1.871550e+00   8.376249e-06   1.842311e-03   4.069455e-09   4638896
  1.877925e+00   8.296031e-06   1.838827e-03   4.021389e-09   4660088
  1.884299e+00   8.217239e-06   1.841797e-03   3.971854e-09   4701290
  1.890678e+00   8.133095e-06   1.840619e-03   3.924191e-09   4729292
  1.897054e+00   8.071992e-06   1.841565e-03   3.886141e-09   4762706
  1.903435e+00   7.987151e-06   1.842610e-03   3.833542e-09   4799336
  1.909810e+00   7.913297e-06   1.837970e-03   3.787914e-09   4818680
  1.916185e+00   7.836806e-06   1.842882e-03   3.734749e-09   4863962
  1.922563e+00   7.768079e-06   1.839027e-03   3.704285e-09   4886216
  1.928938e+00   7.686718e-06   1.841692e-03   3.651775e-09   4925360
  1.935312e+00   7.619611e-06   1.838487e-03   3.610536e-09   4950198
  1.941682e+00   7.551614e-06   1.839228e-03   3.570845e-09   4983776
  1.948062e+00   7.477594e-06   1.844717e-03   3.521133e-09   5032058
  1.954444e+00   7.401862e-06   1.839748e-03   3.480599e-09   5052296
  1.960816e+00   7.327318e-06   1.839118e-03   3.439647e-09   5081048
  1.967192e+00   7.274680e-06   1.843475e-03   3.404216e-09   5127146
  1.973574e+00   7.198553e-06   1.841069e-03   3.366854e-09   5155376
  1.979948e+00   7.134777e-06   1.838766e-03   3.327662e-09   5181068
  1.986324e+00   7.067359e-06   1.842536e-03   3.290023e-09   5225906
  1.992703e+00   6.994631e-06   1.840301e-03   3.248880e-09   5253224
  1.999075e+00   6.933532e-06   1.838471e-03   3.207364e-09   5281154
  2.005453e+00   6.863735e-06   1.843666e-03   3.165888e-09   5330336
  2.011834e+00   6.803735e-06   1.840278e-03   3.139977e-09   5354120
  2.018204e+00   6.747025e-06   1.837177e-03   3.105424e-09   5380154
  2.024582e+00   6.682726e-06   1.844004e-03   3.064820e-09   5433740
  2.030964e+00   6.612870e-06   1.841066e-03   3.029991e-09   5458202
  2.037337e+00   6.549768e-06   1.838473e-03   2.995867e-09   5486424
  2.043713e+00   6.491775e-06   1.842073e-03   2.957911e-09   5530640
  2.050092e+00   6.419026e-06   1.840865e-03   2.920896e-09   5561162
  2.056472e+00   6.371694e-06   1.842354e-03   2.892782e-09   5601512
  2.062848e+00   6.308782e-06   1.838550e-03   2.865482e-09   5623244
  2.069220e+00   6.249964e-06   1.840849e-03   2.827244e-09   5665346
  2.075598e+00   6.186360e-06   1.841113e-03   2.794313e-09   5702384
  2.081975e+00   6.129580e-06   1.840298e-03   2.759391e-09   5734706
  2.088353e+00   6.072663e-06   1.841301e-03   2.730652e-09   5773184
  2.094733e+00   6.015411e-06   1.841946e-03   2.699124e-09   5809568
  2.101105e+00   5.957240e-06   1.837552e-03   2.673512e-09   5831090
  2.107479e+00   5.903158e-06   1.842206e-03   2.638312e-09   5881964
  2.113859e+00   5.841935e-06   1.841213e-03   2.611588e-09   5913416
  2.120238e+00   5.786736e-06   1.841923e-03   2.576697e-09   5952290
  2.126616e+00   5.736943e-06   1.839865e-03   2.550267e-09   5981144
  2.132988e+00   5.680664e-06   1.839742e-03   2.521976e-09   6015290
  2.139364e+00   5.629969e-06   1.841927e-03   2.492969e-09   6059664
  2.145743e+00   5.576942e-06   1.840799e-03   2.469122e-09   6092336
  2.152122e+00   5.526207e-06   1.842086e-03   2.439313e-09   6132806
  2.158501e+00   5.472721e-06   1.841321e-03   2.412534e-09   6166832
  2.164873e+00   5.417203e-06   1.837443e-03   2.388020e-09   6189272
  2.171243e+00   5.372635e-06   1.841004e-03   2.360815e-09   6238154
  2.177621e+00   5.318214e-06   1.841080e-03   2.331502e-09   6275288
  2.184000e+00   5.265072e-06   1.842241e-03   2.302712e-09   6316322
  2.190379e+00   5.225918e-06   1.840641e-03   2.285887e-09   6348488
  2.196756e+00   5.172716e-06   1.841212e-03   2.258290e-09   6385868
  2.203134e+00   5.127286e-06   1.841850e-03   2.234444e-09   6425378
  2.209510e+00   5.072426e-06   1.839408e-03   2.208702e-09   6455360
  2.215886e+00   5.022571e-06   1.841392e-03   2.183495e-09   6498176
  2.222261e+00   4.984361e-06   1.840198e-03   2.165598e-09   6531674
  2.228637e+00   4.934544e-06   1.841209e-03   2.137814e-09   6573368
  2.235015e+00   4.883819e-06   1.841417e-03   2.108941e-09   6611246
  2.241392e+00   4.840113e-06   1.840803e-03   2.096016e-09   6647424
  2.247770e+00   4.795511e-06   1.841365e-03   2.066809e-09   6687488
  2.254147e+00   4.751064e-06   1.839919e-03   2.046074e-09   6721250
  2.260520e+00   4.712782e-06   1.839077e-03   2.029678e-09   6755816
  2.266897e+00   4.664079e-06   1.842933e-03   2.001930e-09   6806504
  2.273276e+00   4.618183e-06   1.840584e-03   1.982228e-09   6837506
  2.279651e+00   4.579132e-06   1.839474e-03   1.960504e-09   6871556
  2.286030e+00   4.532171e-06   1.843489e-03   1.938623e-09   6924938
  2.292407e+00   4.494082e-06   1.838210e-03   1.922074e-09   6945320
  2.298778e+00   4.454659e-06   1.839118e-03   1.900724e-09   6986072
  2.305158e+00   4.415671e-06   1.844888e-03   1.878071e-09   7046642
  2.311538e+00   4.375411e-06   1.838415e-03   1.863096e-09   7061168
  2.317910e+00   4.326971e-06   1.840538e-03   1.839102e-09   7108064
  2.324288e+00   4.290502e-06   1.841488e-03   1.819436e-09   7151822
  2.330666e+00   4.252469e-06   1.840837e-03   1.802321e-09   7187600
  2.337045e+00   4.213479e-06   1.841819e-03   1.782494e-09   7231418
  2.343420e+00   4.179336e-06   1.838266e-03   1.772340e-09   7257912
  2.349793e+00   4.132734e-06   1.841246e-03   1.746072e-09   7307840
  2.356171e+00   4.099869e-06   1.840707e-03   1.728360e-09   7346618
  2.362545e+00   4.060717e-06   1.838315e-03   1.712801e-09   7376552
  2.368920e+00   4.022456e-06   1.842635e-03   1.693706e-09   7431740
  2.375299e+00   3.993144e-06   1.840580e-03   1.679667e-09   7464458
  2.381675e+00   3.951614e-06   1.840724e-03   1.661384e-09   7505672
  2.388054e+00   3.915090e-06   1.841875e-03   1.644467e-09   7550906
  2.394430e+00   3.885158e-06   1.839274e-03   1.631720e-09   7580720
  2.400808e+00   3.840395e-06   1.843124e-03   1.608818e-09   7635944
  2.407183e+00   3.808930e-06   1.837385e-03   1.593816e-09   7653254
  2.413557e+00   3.775906e-06   1.842500e-03   1.578432e-09   7714712
  2.419937e+00   3.744002e-06   1.841714e-03   1.562579e-09   7751840
  2.426315e+00   3.707949e-06   1.840093e-03   1.547383e-09   7788170
  2.432690e+00   3.681452e-06   1.840288e-03   1.536993e-09   7828544
  2.439067e+00   3.640961e-06   1.841589e-03   1.515295e-09   7874474
  2.445442e+00   3.613177e-06   1.838917e-03   1.504072e-09   7906032
  2.451817e+00   3.577646e-06   1.841643e-03   1.487427e-09   7957580
  2.458195e+00   3.547935e-06   1.840967e-03   1.473882e-09   7995962
  2.464573e+00   3.516530e-06   1.841319e-03   1.459065e-09   8038976
  2.470951e+00   3.481477e-06   1.841937e-03   1.443323e-09   8082320
  2.477329e+00   3.453057e-06   1.840784e-03   1.431989e-09   8120450
  2.483701e+00   3.421555e-06   1.838200e-03   1.419548e-09   8150312
  2.490075e+00   3.388719e-06   1.842025e-03   1.399344e-09   8210450
  2.496455e+00   3.360044e-06   1.840554e-03   1.387205e-09   8246732
  2.502832e+00   3.334588e-06   1.841458e-03   1.378065e-09   8290256
  2.509210e+00   3.304399e-06   1.841232e-03   1.364666e-09   8333306
  2.515587e+00   3.270589e-06   1.840510e-03   1.346892e-09   8372312
  2.521962e+00   3.240489e-06   1.840644e-03   1.335263e-09   8413472
  2.528337e+00   3.218518e-06   1.840038e-03   1.327194e-09   8455634
  2.534714e+00   3.187008e-06   1.841410e-03   1.310927e-09   8503736
  2.541090e+00   3.157567e-06   1.840703e-03   1.298493e-09   8542814
  2.547468e+00   3.134401e-06   1.841283e-03   1.289497e-09   8589960
  2.553847e+00   3.105811e-06   1.841675e-03   1.274617e-09   8633912
  2.560223e+00   3.078921e-06   1.839336e-03   1.262971e-09   8666690
  2.566599e+00   3.051720e-06   1.842209e-03   1.250580e-09   8722544
  2.572977e+00   3.023468e-06   1.840585e-03   1.239779e-09   8758112
  2.579352e+00   2.999599e-06   1.839548e-03   1.230859e-09   8798750
  2.585728e+00   2.971594e-06   1.841277e-03   1.216160e-09   8848808
  2.592104e+00   2.946072e-06   1.840251e-03   1.206610e-09   8889170
  2.598481e+00   2.922853e-06   1.840227e-03   1.195201e-09   8934608
  2.604856e+00   2.898735e-06   1.839643e-03   1.185736e-09   8971640
  2.611232e+00   2.872004e-06   1.842388e-03   1.174529e-09   9029954
  2.617612e+00   2.847629e-06   1.840920e-03   1.162595e-09   9067856
  2.623987e+00   2.824168e-06   1.839672e-03   1.153233e-09   9104444
  2.630367e+00   2.798290e-06   1.843923e-03   1.142597e-09   9171242
  2.636745e+00   2.778641e-06   1.838017e-03   1.135943e-09   9185528
  2.643114e+00   2.751038e-06   1.839022e-03   1.122735e-09   9235394
  2.649494e+00   2.728109e-06   1.844050e-03   1.112118e-09   9305688
  2.655872e+00   2.703183e-06   1.838662e-03   1.102090e-09   9321824
  2.662249e+00   2.684985e-06   1.843226e-03   1.093082e-09   9392090
  2.668628e+00   2.660617e-06   1.839001e-03   1.084794e-09   9414332
  2.675000e+00   2.638751e-06   1.840415e-03   1.074804e-09   9465410
  2.681380e+00   2.618240e-06   1.842364e-03   1.063957e-09   9523760
  2.687758e+00   2.591713e-06   1.839771e-03   1.054161e-09   9553832
  2.694133e+00   2.569932e-06   1.840855e-03   1.044474e-09   9604298
  2.700510e+00   2.552428e-06   1.840893e-03   1.037504e-09   9651176
  2.706885e+00   2.529880e-06   1.839603e-03   1.028629e-09   9687704
  2.713262e+00   2.509556e-06   1.842393e-03   1.019708e-09   9748574
  2.719643e+00   2.487003e-06   1.842290e-03   1.008812e-09   9794624
  2.726015e+00   2.467296e-06   1.836766e-03   1.003484e-09   9811370
  2.732389e+00   2.450165e-06   1.842921e-03   9.936335e-10   9891320
  2.738770e+00   2.427620e-06   1.841218e-03   9.843704e-10   9926024
  2.745146e+00   2.409163e-06   1.840208e-03   9.775111e-10   9967586
  2.751522e+00   2.389697e-06   1.840755e-03   9.695349e-10   10018116
  2.757897e+00   2.367362e-06   1.840456e-03   9.601959e-10   10060280
  2.764274e+00   2.347531e-06   1.841667e-03   9.523428e-10   10115450
  2.770654e+00   2.328712e-06   1.841837e-03   9.431554e-10   10164368
  2.777028e+00   2.309614e-06   1.838094e-03   9.377306e-10   10188314
  2.783404e+00   2.293558e-06   1.843290e-03   9.293814e-10   10265168
  2.789784e+00   2.275825e-06   1.840160e-03   9.228146e-10   10294448
  2.796159e+00   2.255840e-06   1.840640e-03   9.153117e-10   10343918
  2.802537e+00   2.238690e-06   1.841730e-03   9.064352e-10   10397600
  2.808913e+00   2.219991e-06   1.840311e-03   9.003112e-10   10435328
  2.815285e+00   2.203800e-06   1.838957e-03   8.944695e-10   10476698
  2.821661e+00   2.184726e-06   1.842237e-03   8.840558e-10   10543184
  2.828039e+00   2.163717e-06   1.839935e-03   8.770215e-10   10577834
  2.834417e+00   2.152208e-06   1.842252e-03   8.713972e-10   10641560
  2.840795e+00   2.133004e-06   1.839115e-03   8.645675e-10   10668452
  2.847169e+00   2.114451e-06   1.841467e-03   8.571546e-10   10729634
  2.853544e+00   2.101775e-06   1.839115e-03   8.530640e-10   10766520
  2.859920e+00   2.080949e-06   1.841423e-03   8.428369e-10   10825856
  2.866300e+00   2.068707e-06   1.842253e-03   8.381871e-10   10880090
  2.872679e+00   2.051414e-06   1.840348e-03   8.326652e-10   10918088
  2.879054e+00   2.033354e-06   1.840274e-03   8.240429e-10   10964474
  2.885431e+00   2.018878e-06   1.841464e-03   8.178251e-10   11021180
  2.891809e+00   2.001703e-06   1.840637e-03   8.107657e-10   11064248
  2.898185e+00   1.984728e-06   1.840651e-03   8.040748e-10   11114234
  2.904565e+00   1.971965e-06   1.842174e-03   7.994662e-10   11172872
  2.910943e+00   1.953043e-06   1.840078e-03   7.893655e-10   11206880
  2.917314e+00   1.943839e-06   1.838484e-03   7.878521e-10   11248130
  2.923689e+00   1.926563e-06   1.841523e-03   7.819994e-10   11316140
  2.930066e+00   1.912365e-06   1.840085e-03   7.763601e-10   11355554
  2.936443e+00   1.897032e-06   1.841835e-03   7.684871e-10   11417840
  2.942822e+00   1.883588e-06   1.840319e-03   7.655966e-10   11456528
  2.949199e+00   1.867490e-06   1.841526e-03   7.576562e-10   11512874
  2.955576e+00   1.854922e-06   1.840486e-03   7.525316e-10   11557272
  2.961950e+00   1.837798e-06   1.839582e-03   7.455052e-10   11600360
  2.968326e+00   1.828086e-06   1.841593e-03   7.428962e-10   11663678
  2.974703e+00   1.810623e-06   1.840371e-03   7.350209e-10   11705552
  2.981079e+00   1.797780e-06   1.840912e-03   7.295947e-10   11758658
  2.987457e+00   1.786250e-06   1.841605e-03   7.256226e-10   11815208
  2.993836e+00   1.770334e-06   1.841556e-03   7.189139e-10   11864000
  3.000212e+00   1.759254e-06   1.839938e-03   7.150832e-10   11904962
  3.006589e+00   1.745154e-06   1.840973e-03   7.102093e-10   11963696
  3.012966e+00   1.730606e-06   1.840866e-03   7.026538e-10   12011132
  3.019341e+00   1.720039e-06   1.840389e-03   7.002939e-10   12059450
  3.025718e+00   1.706012e-06   1.841438e-03   6.927467e-10   12118280
  3.032095e+00   1.691781e-06   1.840188e-03   6.892418e-10   12160562
  3.038470e+00   1.682016e-06   1.840247e-03   6.858407e-10   12212768
  3.044846e+00   1.669743e-06   1.841220e-03   6.804212e-10   12269504
  3.051223e+00   1.657214e-06   1.840948e-03   6.755980e-10   12319370
  3.057600e+00   1.645601e-06   1.840852e-03   6.709323e-10   12370140
  3.063975e+00   1.633107e-06   1.840437e-03   6.658031e-10   12417752
  3.070352e+00   1.621926e-06   1.841133e-03   6.604757e-10   12476882
  3.076731e+00   1.609511e-06   1.841502e-03   6.560529e-10   12530816
  3.083108e+00   1.597702e-06   1.840958e-03   6.523750e-10   12577658
  3.089485e+00   1.586689e-06   1.840591e-03   6.485194e-10   12629288
  3.095862e+00   1.574997e-06   1.841067e-03   6.431910e-10   12683828
  3.102237e+00   1.562626e-06   1.839537e-03   6.392845e-10   12725354
  3.108612e+00   1.552577e-06   1.841269e-03   6.353401e-10   12790616
  3.114989e+00   1.540079e-06   1.840010e-03   6.295151e-10   12833768
  3.121365e+00   1.531474e-06   1.841117e-03   6.274593e-10   12894194
  3.127743e+00   1.520857e-06   1.841676e-03   6.228204e-10   12950240
  3.134122e+00   1.506646e-06   1.840849e-03   6.178553e-10   12998714
  3.140498e+00   1.498374e-06   1.840244e-03   6.150072e-10   13048100
  3.146876e+00   1.487598e-06   1.841732e-03   6.104685e-10   13109120
  3.153254e+00   1.478397e-06   1.841032e-03   6.068465e-10   13158506
  3.159627e+00   1.466730e-06   1.838302e-03   6.026118e-10   13193040
  3.166002e+00   1.454995e-06   1.841969e-03   5.971927e-10   13271072
  3.172380e+00   1.446656e-06   1.840294e-03   5.951915e-10   13314242
  3.178754e+00   1.437179e-06   1.839703e-03   5.923260e-10   13363808
  3.185133e+00   1.426047e-06   1.842485e-03   5.862778e-10   13436822
  3.191512e+00   1.417438e-06   1.840487e-03   5.844690e-10   13476080
  3.197887e+00   1.405488e-06   1.840204e-03   5.793668e-10   13527296
  3.204264e+00   1.397895e-06   1.841161e-03   5.764481e-10   13589498
  3.210638e+00   1.386912e-06   1.838626e-03   5.721657e-10   13623704
  3.217016e+00   1.376176e-06   1.844054e-03   5.672401e-10   13717280
  3.223396e+00   1.369591e-06   1.839294e-03   5.668180e-10   13737914
  3.229770e+00   1.359389e-06   1.840743e-03   5.626728e-10   13801772
  3.236147e+00   1.349959e-06   1.841678e-03   5.581578e-10   13864298
  3.242524e+00   1.341686e-06   1.839451e-03   5.556804e-10   13904216
  3.248899e+00   1.331953e-06   1.840700e-03   5.521239e-10   13966064
  3.255276e+00   1.323859e-06   1.841492e-03   5.496062e-10   14027042
  3.261651e+00   1.314584e-06   1.838676e-03   5.461252e-10   14061048
  3.268027e+00   1.304871e-06   1.842396e-03   5.420668e-10   14143820
  3.274405e+00   1.298333e-06   1.840137e-03   5.404430e-10   14182442
  3.280782e+00   1.287275e-06   1.841285e-03   5.354784e-10   14245568
  3.287160e+00   1.278713e-06   1.841226e-03   5.320993e-10   14301338
  3.293537e+00   1.271196e-06   1.840394e-03   5.304584e-10   14350064
  3.299913e+00   1.261704e-06   1.841485e-03   5.265626e-10   14412488
  3.306292e+00   1.253865e-06   1.841397e-03   5.231587e-10   14470250
  3.312668e+00   1.244919e-06   1.839514e-03   5.205361e-10   14509484
  3.319039e+00   1.236072e-06   1.839618e-03   5.166787e-10   14564474
  3.325416e+00   1.230684e-06   1.842538e-03   5.151081e-10   14646632
  3.331795e+00   1.220945e-06   1.839978e-03   5.115730e-10   14681792
  3.338171e+00   1.212993e-06   1.841401e-03   5.091137e-10   14749946
  3.344548e+00   1.205619e-06   1.840482e-03   5.058688e-10   14799968
  3.350923e+00   1.196548e-06   1.839748e-03   5.028688e-10   14848808
  3.357300e+00   1.189723e-06   1.842276e-03   4.999667e-10   14925638
  3.363678e+00   1.181722e-06   1.840046e-03   4.981774e-10   14963016
  3.370053e+00   1.173379e-06   1.841263e-03   4.949171e-10   15031106
  3.376432e+00   1.166104e-06   1.841574e-03   4.923263e-10   15092384
  3.382808e+00   1.157600e-06   1.839899e-03   4.894102e-10   15132248
  3.389183e+00   1.151201e-06   1.841248e-03   4.864239e-10   15202322
  3.395560e+00   1.143769e-06   1.839985e-03   4.844559e-10   15250832
  3.401936e+00   1.135624e-06   1.841279e-03   4.815396e-10   15315692
  3.408315e+00   1.129754e-06   1.842099e-03   4.805332e-10   15382346
  3.414692e+00   1.121208e-06   1.839166e-03   4.769029e-10   15416024
  3.421065e+00   1.114026e-06   1.840590e-03   4.746161e-10   15483602
  3.427446e+00   1.109214e-06   1.843566e-03   4.725146e-10   15568424
  3.433825e+00   1.100615e-06   1.839187e-03   4.704256e-10   15589280
  3.440198e+00   1.093327e-06   1.839744e-03   4.675060e-10   15652502
  3.446575e+00   1.086729e-06   1.841959e-03   4.652114e-10   15728960
  3.452954e+00   1.078136e-06   1.840551e-03   4.616726e-10   15773168
  3.459328e+00   1.072410e-06   1.839940e-03   4.604816e-10   15828290
  3.465704e+00   1.065496e-06   1.840910e-03   4.582396e-10   15893184
  3.472081e+00   1.056885e-06   1.841157e-03   4.544805e-10   15954194
  3.478457e+00   1.051139e-06   1.839872e-03   4.539635e-10   16006016
  3.484831e+00   1.044029e-06   1.839639e-03   4.505957e-10   16058684
  3.491208e+00   1.036237e-06   1.842456e-03   4.477032e-10   16141898
  3.497590e+00   1.030394e-06   1.841864e-03   4.465334e-10   16197872
  3.503966e+00   1.021992e-06   1.839313e-03   4.434952e-10   16231640
  3.510341e+00   1.017166e-06   1.841313e-03   4.424381e-10   16310090
  3.516721e+00   1.011959e-06   1.841945e-03   4.413347e-10   16375136
  3.523097e+00   1.001971e-06   1.839457e-03   4.367406e-10   16412522
  3.529473e+00   9.965590e-07   1.841163e-03   4.353861e-10   16488308
  3.535850e+00   9.902155e-07   1.840616e-03   4.340272e-10   16539968
  3.542225e+00   9.843289e-07   1.839938e-03   4.325785e-10   16595714
  3.548602e+00   9.776788e-07   1.841625e-03   4.302520e-10   16671224
  3.554979e+00   9.692485e-07   1.840210e-03   4.265630e-10   16714064
  3.561354e+00   9.639659e-07   1.840955e-03   4.255793e-10   16783202
  3.567731e+00   9.575910e-07   1.840815e-03   4.237284e-10   16842504
  3.574108e+00   9.491500e-07   1.841084e-03   4.208990e-10   16904894
  3.580486e+00   9.446152e-07   1.841127e-03   4.199951e-10   16968656
  3.586865e+00   9.364190e-07   1.841521e-03   4.166280e-10   17030288
  3.593238e+00   9.305895e-07   1.838444e-03   4.157865e-10   17061482
  3.599615e+00   9.239345e-07   1.842988e-03   4.133420e-10   17164976
  3.605993e+00   9.165398e-07   1.840068e-03   4.112076e-10   17197184
  3.612368e+00   9.118659e-07   1.840756e-03   4.106099e-10   17267102
  3.618746e+00   9.033143e-07   1.841072e-03   4.078781e-10   17329928
  3.625121e+00   8.958419e-07   1.839901e-03   4.054304e-10   17378906
  3.631497e+00   8.909239e-07   1.841182e-03   4.045776e-10   17454776
  3.637873e+00   8.824982e-07   1.839972e-03   4.019851e-10   17501720
  3.644249e+00   8.763639e-07   1.842109e-03   4.001423e-10   17584826
  3.650631e+00   8.709811e-07   1.841819e-03   3.995312e-10   17646008
  3.657008e+00   8.605989e-07   1.840059e-03   3.954173e-10   17686412
  3.663381e+00   8.559709e-07   1.840228e-03   3.947353e-10   17751266
  3.669756e+00   8.490829e-07   1.840035e-03   3.930369e-10   17812848
  3.676130e+00   8.403122e-07   1.840074e-03   3.902846e-10   17874866
  3.682507e+00   8.357817e-07   1.841337e-03   3.898630e-10   17951720
  3.688886e+00   8.262873e-07   1.841134e-03   3.864177e-10   18009344
  3.695262e+00   8.191319e-07   1.840349e-03   3.845121e-10   18064730
  3.701640e+00   8.125728e-07   1.841339e-03   3.831470e-10   18137372
  3.708017e+00   8.035921e-07   1.840603e-03   3.804639e-10   18189632
  3.714392e+00   7.978792e-07   1.840457e-03   3.798104e-10   18254330
  3.720770e+00   7.893597e-07   1.841473e-03   3.771013e-10   18325808
  3.727148e+00   7.802227e-07   1.840737e-03   3.745953e-10   18379610
  3.733524e+00   7.743462e-07   1.840702e-03   3.741466e-10   18445760
  3.739901e+00   7.644849e-07   1.840479e-03   3.705608e-10   18504440
  3.746277e+00   7.574772e-07   1.840875e-03   3.701520e-10   18572198
  3.752657e+00   7.498784e-07   1.841895e-03   3.680932e-10   18647480
  3.759032e+00   7.393542e-07   1.838946e-03   3.647793e-10   18678152
  3.765406e+00   7.291893e-07   1.841061e-03   3.603361e-10   18764186
  3.771782e+00   7.043801e-07   1.840849e-03   3.454960e-10   18794103
  3.778158e+00   6.753351e-07   1.840297e-03   3.280479e-10   18760748
  3.784533e+00   6.470776e-07   1.840231e-03   3.110742e-10   18727940
  3.790912e+00   6.200719e-07   1.842073e-03   2.947254e-10   18712436
  3.797287e+00   5.953180e-07   1.838840e-03   2.802813e-10   18646616
  3.803663e+00   5.703628e-07   1.842455e-03   2.652243e-10   18651296
  3.810042e+00   5.478688e-07   1.840334e-03   2.521288e-10   18596096
  3.816418e+00   5.261827e-07   1.841121e-03   2.397008e-10   18571364
  3.822794e+00   5.064088e-07   1.839859e-03   2.283403e-10   18527096
  3.829170e+00   4.871343e-07   1.840846e-03   2.173792e-10   18501368
  3.835548e+00   4.689572e-07   1.841771e-03   2.066980e-10   18475040
  3.841927e+00   4.518000e-07   1.841481e-03   1.976555e-10   18439436
  3.848301e+00   4.357161e-07   1.838521e-03   1.890367e-10   18375752
  3.854674e+00   4.206210e-07   1.840584e-03   1.805441e-10   18361484
  3.861052e+00   4.052534e-07   1.842393e-03   1.723180e-10   18344504
  3.867430e+00   3.916445e-07   1.839817e-03   1.651945e-10   18284708
  3.873806e+00   3.788383e-07   1.841259e-03   1.583490e-10   18264048
  3.880183e+00   3.658769e-07   1.840629e-03   1.515944e-10   18220964
  3.886557e+00   3.538576e-07   1.839363e-03   1.453886e-10   18173528
  3.892935e+00   3.429150e-07   1.843046e-03   1.396201e-10   18173780
  3.899316e+00   3.321032e-07   1.841138e-03   1.344715e-10   18116660
  3.905693e+00   3.217100e-07   1.840842e-03   1.289324e-10   18078740
  3.912066e+00   3.118813e-07   1.838693e-03   1.242056e-10   18023108
  3.918439e+00   3.023416e-07   1.840734e-03   1.194878e-10   18005600
  3.924818e+00   2.931992e-07   1.842344e-03   1.148776e-10   17984552
  3.931198e+00   2.848445e-07   1.841062e-03   1.109444e-10   17934860
  3.937574e+00   2.764948e-07   1.840562e-03   1.068842e-10   17891468
  3.943950e+00   2.687039e-07   1.840945e-03   1.032421e-10   17857712
  3.950326e+00   2.609876e-07   1.840137e-03   9.949384e-11   17813108
  3.956702e+00   2.539684e-07   1.841074e-03   9.616125e-11   17784788
  3.963079e+00   2.469510e-07   1.840240e-03   9.302731e-11   17737268
  3.969455e+00   2.402560e-07   1.841773e-03   8.983606e-11   17713268
  3.975833e+00   2.338767e-07   1.840239e-03   8.703149e-11   17661912
  3.982208e+00   2.278843e-07   1.840290e-03   8.433803e-11   17622668
  3.988586e+00   2.219493e-07   1.842133e-03   8.149825e-11   17600552
  3.994964e+00   2.162430e-07   1.839951e-03   7.908170e-11   17542580
  4.001340e+00   2.106443e-07   1.840772e-03   7.659101e-11   17509112
  4.007717e+00   2.054049e-07   1.841501e-03   7.416708e-11   17475116
  4.014093e+00   2.003999e-07   1.839606e-03   7.194702e-11   17419964
  4.020469e+00   1.955075e-07   1.841433e-03   6.989302e-11   17397056
  4.026846e+00   1.907105e-07   1.840314e-03   6.781916e-11   17345336
  4.033223e+00   1.862184e-07   1.840964e-03   6.576796e-11   17310476
  4.039596e+00   1.818825e-07   1.838459e-03   6.407274e-11   17246360
  4.045972e+00   1.775826e-07   1.842582e-03   6.217438e-11   17244284
  4.052354e+00   1.735790e-07   1.842150e-03   6.048658e-11   17198240
  4.058731e+00   1.695730e-07   1.839271e-03   5.882257e-11   17130932
  4.065106e+00   1.658346e-07   1.841562e-03   5.729806e-11   17110040
  4.071484e+00   1.620537e-07   1.840722e-03   5.575813e-11   17058488
  4.077857e+00   1.584499e-07   1.839135e-03   5.424882e-11   17003664
  4.084233e+00   1.550948e-07   1.841446e-03   5.289245e-11   16983908
  4.090612e+00   1.517249e-07   1.841420e-03   5.152925e-11   16939220
  4.096989e+00   1.484903e-07   1.840515e-03   5.023308e-11   16888904
  4.103367e+00   1.453405e-07   1.841500e-03   4.899362e-11   16854920
  4.109743e+00   1.423288e-07   1.839861e-03   4.777313e-11   16795136
  4.116117e+00   1.394049e-07   1.840184e-03   4.662433e-11   16755860
  4.122495e+00   1.365552e-07   1.841913e-03   4.551945e-11   16729064
  4.128872e+00   1.338120e-07   1.840126e-03   4.444319e-11   16668260
  4.135248e+00   1.310435e-07   1.841092e-03   4.335315e-11   16631456
  4.141626e+00   1.285324e-07   1.841230e-03   4.241927e-11   16588208
  4.148001e+00   1.259950e-07   1.839635e-03   4.147511e-11   16531052
  4.154379e+00   1.235923e-07   1.842867e-03   4.053118e-11   16514456
  4.160755e+00   1.211429e-07   1.838861e-03   3.966878e-11   16432880
  4.167131e+00   1.189318e-07   1.842344e-03   3.878012e-11   16421120
  4.173510e+00   1.166270e-07   1.840051e-03   3.795991e-11   16354148
  4.179885e+00   1.144454e-07   1.841003e-03   3.713137e-11   16316184
  4.186264e+00   1.123779e-07   1.842179e-03   3.634846e-11   16283360
  4.192641e+00   1.102562e-07   1.839085e-03   3.559845e-11   16208756
  4.199016e+00   1.081611e-07   1.841765e-03   3.481803e-11   16184372
  4.205394e+00   1.062846e-07   1.840922e-03   3.414448e-11   16131116
  4.211767e+00   1.043817e-07   1.839273e-03   3.346493e-11   16070864
  4.218143e+00   1.024760e-07   1.841935e-03   3.278262e-11   16047596
  4.224522e+00   1.006517e-07   1.841132e-03   3.212288e-11   15993464
  4.230898e+00   9.908952e-08   1.839789e-03   3.159321e-11   15936116
  4.237274e+00   9.727668e-08   1.841227e-03   3.093282e-11   15899564
  4.243650e+00   9.558530e-08   1.840412e-03   3.033843e-11   15843188
  4.250027e+00   9.401695e-08   1.841430e-03   2.983072e-11   15806012
  4.256404e+00   9.246924e-08   1.840029e-03   2.928714e-11   15746972
  4.262780e+00   9.086777e-08   1.841029e-03   2.870698e-11   15706280
  4.269158e+00   8.942103e-08   1.841316e-03   2.825377e-11   15660560
  4.275534e+00   8.793561e-08   1.839976e-03   2.773479e-11   15601664
  4.281910e+00   8.654429e-08   1.840520e-03   2.729236e-11   15555936
  4.288286e+00   8.510472e-08   1.841154e-03   2.676794e-11   15511664
  4.294665e+00   8.375995e-08   1.841118e-03   2.633411e-11   15463688
  4.301042e+00   8.238894e-08   1.840371e-03   2.589308e-11   15406784
  4.307419e+00   8.112580e-08   1.841443e-03   2.544385e-11   15364076
  4.313795e+00   7.985324e-08   1.839853e-03   2.507675e-11   15302144
  4.320171e+00   7.860021e-08   1.841222e-03   2.463087e-11   15264716
  4.326549e+00   7.739889e-08   1.841061e-03   2.424587e-11   15212204
  4.332926e+00   7.626315e-08   1.840328e-03   2.386011e-11   15154664
  4.339301e+00   7.514015e-08   1.840391e-03   2.350483e-11   15104684
  4.345675e+00   7.403863e-08   1.839587e-03   2.317854e-11   15046256
  4.352051e+00   7.286991e-08   1.841370e-03   2.277871e-11   15009272
  4.358428e+00   7.182741e-08   1.840387e-03   2.246080e-11   14951624
  4.364807e+00   7.078119e-08   1.842302e-03   2.210647e-11   14915300
  4.371187e+00   6.974933e-08   1.840481e-03   2.179219e-11   14847140
  4.377560e+00   6.877192e-08   1.839457e-03   2.149970e-11   14786624
  4.383935e+00   6.778540e-08   1.840794e-03   2.118807e-11   14745252
  4.390313e+00   6.678149e-08   1.841504e-03   2.086475e-11   14697932
  4.396692e+00   6.589018e-08   1.841471e-03   2.059861e-11   14644448
  4.403070e+00   6.495927e-08   1.840856e-03   2.034236e-11   14586896
  4.409445e+00   6.408654e-08   1.839917e-03   2.004989e-11   14525000
  4.415820e+00   6.321441e-08   1.841355e-03   1.978001e-11   14482088
  4.422197e+00   6.229488e-08   1.840486e-03   1.952027e-11   14423696
  4.428574e+00   6.153861e-08   1.840927e-03   1.928787e-11   14373848
  4.434951e+00   6.059626e-08   1.841026e-03   1.900901e-11   14319188
  4.441328e+00   5.982804e-08   1.840720e-03   1.877910e-11   14262248
  4.447704e+00   5.904202e-08   1.840293e-03   1.856318e-11   14204780
  4.454079e+00   5.826613e-08   1.840780e-03   1.834115e-11   14153240
  4.460456e+00   5.752909e-08   1.840870e-03   1.809753e-11   14099048
  4.466833e+00   5.677677e-08   1.841305e-03   1.788640e-11   14048288
  4.473210e+00   5.607369e-08   1.840220e-03   1.770915e-11   13983860
  4.479586e+00   5.541684e-08   1.841413e-03   1.751037e-11   13935800
  4.485962e+00   5.467609e-08   1.839813e-03   1.731440e-11   13868784
  4.492338e+00   5.397721e-08   1.841245e-03   1.710187e-11   13824536
  4.498718e+00   5.330922e-08   1.842226e-03   1.691540e-11   13774364
  4.505095e+00   5.264703e-08   1.840286e-03   1.673429e-11   13702856
  4.511470e+00   5.202718e-08   1.840225e-03   1.656731e-11   13646648
  4.517844e+00   5.140904e-08   1.840082e-03   1.640557e-11   13588364
  4.524220e+00   5.074090e-08   1.841200e-03   1.622973e-11   13539920
  4.530597e+00   5.014019e-08   1.840383e-03   1.604932e-11   13478432
  4.536974e+00   4.956942e-08   1.840898e-03   1.589795e-11   13424264
  4.543353e+00   4.897642e-08   1.841656e-03   1.573873e-11   13370000
  4.549730e+00   4.841581e-08   1.840597e-03   1.560093e-11   13304432
  4.556105e+00   4.784238e-08   1.839697e-03   1.544344e-11   13241228
  4.562479e+00   4.731471e-08   1.840265e-03   1.530383e-11   13186508
  4.568858e+00   4.673165e-08   1.842616e-03   1.513638e-11   13144544
  4.575236e+00   4.617540e-08   1.839577e-03   1.501984e-11   13065032
  4.581610e+00   4.570154e-08   1.840140e-03   1.489765e-11   13008512
  4.587987e+00   4.517124e-08   1.841456e-03   1.475701e-11   12957360
  4.594365e+00   4.469359e-08   1.841180e-03   1.463380e-11   12897728
  4.600740e+00   4.419692e-08   1.838906e-03   1.451924e-11   12822884
  4.607118e+00   4.370167e-08   1.843186e-03   1.437462e-11   12790772
  4.613497e+00   4.321677e-08   1.839965e-03   1.426018e-11   12707960
  4.619871e+00   4.275440e-08   1.840055e-03   1.415334e-11   12650024
  4.626249e+00   4.229482e-08   1.841592e-03   1.404195e-11   12599360
  4.632627e+00   4.188336e-08   1.841060e-03   1.395522e-11   12533984
  4.639003e+00   4.143323e-08   1.840024e-03   1.385631e-11   12467036
  4.645379e+00   4.100461e-08   1.841105e-03   1.374124e-11   12412124
  4.651756e+00   4.058853e-08   1.840677e-03   1.365401e-11   12345776
  4.658131e+00   4.013875e-08   1.840856e-03   1.354315e-11   12286760
  4.664508e+00   3.972237e-08   1.840642e-03   1.344283e-11   12225452
  4.670885e+00   3.930576e-08   1.840694e-03   1.335013e-11   12162584
  4.677263e+00   3.896715e-08   1.841648e-03   1.327678e-11   12105824
  4.683640e+00   3.853600e-08   1.840444e-03   1.316831e-11   12036248
  4.690015e+00   3.813328e-08   1.840000e-03   1.308973e-11   11969736
  4.696391e+00   3.780360e-08   1.841517e-03   1.301831e-11   11916224
  4.702769e+00   3.739785e-08   1.840685e-03   1.293684e-11   11849312
  4.709145e+00   3.705210e-08   1.840274e-03   1.286536e-11   11783300
  4.715522e+00   3.670973e-08   1.841310e-03   1.278809e-11   11724800
  4.721898e+00   3.637637e-08   1.840639e-03   1.272412e-11   11657372
  4.728275e+00   3.596762e-08   1.840697e-03   1.262538e-11   11595320
  4.734652e+00   3.563812e-08   1.840360e-03   1.256006e-11   11527928
  4.741029e+00   3.529380e-08   1.841428e-03   1.249693e-11   11469008
  4.747404e+00   3.497124e-08   1.839492e-03   1.244463e-11   11392904
  4.753780e+00   3.466780e-08   1.841657e-03   1.237810e-11   11340476
  4.760155e+00   3.433881e-08   1.839780e-03   1.233166e-11   11263520
  4.766534e+00   3.403020e-08   1.842729e-03   1.226364e-11   11218472
  4.772911e+00   3.370414e-08   1.838731e-03   1.221151e-11   11129336
  4.779288e+00   3.340743e-08   1.842467e-03   1.215696e-11   11083964
  4.785665e+00   3.310916e-08   1.839931e-03   1.210657e-11   11001992
  4.792039e+00   3.282253e-08   1.840072e-03   1.205803e-11   10938228
  4.798414e+00   3.249867e-08   1.840560e-03   1.198923e-11   10874336
  4.804792e+00   3.222651e-08   1.841863e-03   1.193499e-11   10814828
  4.811169e+00   3.194618e-08   1.839739e-03   1.190087e-11   10736984
  4.817544e+00   3.167785e-08   1.840541e-03   1.187097e-11   10673948
  4.823923e+00   3.140762e-08   1.842721e-03   1.182030e-11   10617704
  4.830301e+00   3.112483e-08   1.840081e-03   1.176719e-11   10536416
  4.836675e+00   3.081795e-08   1.839468e-03   1.172746e-11   10466324
  4.843052e+00   3.059593e-08   1.842362e-03   1.169576e-11   10412984
  4.849431e+00   3.033623e-08   1.840724e-03   1.167000e-11   10334840
  4.855806e+00   3.009230e-08   1.840268e-03   1.163800e-11   10265528
  4.862183e+00   2.981625e-08   1.840956e-03   1.158628e-11   10200692
  4.868561e+00   2.954833e-08   1.841614e-03   1.154656e-11   10135292
  4.874938e+00   2.931706e-08   1.839941e-03   1.153469e-11   10058816
  4.881314e+00   2.906425e-08   1.840525e-03   1.149592e-11   9991772
  4.887691e+00   2.885316e-08   1.841575e-03   1.146346e-11   9925880
  4.894065e+00   2.858251e-08   1.838924e-03   1.144189e-11   9843288
  4.900441e+00   2.838580e-08   1.842306e-03   1.140908e-11   9792968
  4.906821e+00   2.815577e-08   1.840795e-03   1.139996e-11   9713612
  4.913196e+00   2.790370e-08   1.840365e-03   1.136109e-11   9640628
  4.919573e+00   2.769894e-08   1.840900e-03   1.134948e-11   9574256
  4.925949e+00   2.747072e-08   1.840276e-03   1.133006e-11   9499064
  4.932325e+00   2.724800e-08   1.841227e-03   1.130522e-11   9432296
  4.938702e+00   2.698539e-08   1.841040e-03   1.126565e-11   9362204
  4.945079e+00   2.679489e-08   1.840104e-03   1.126318e-11   9286052
  4.951457e+00   2.658280e-08   1.842090e-03   1.122910e-11   9222320
  4.957835e+00   2.637931e-08   1.841090e-03   1.124057e-11   9145976
  4.964211e+00   2.614797e-08   1.839895e-03   1.120681e-11   9070268
  4.970586e+00   2.594224e-08   1.840297e-03   1.119137e-11   8999720
  4.976964e+00   2.574424e-08   1.841617e-03   1.118484e-11   8932664
  4.983339e+00   2.553154e-08   1.838848e-03   1.117081e-11   8847344
  4.989712e+00   2.531708e-08   1.840809e-03   1.113435e-11   8782688
  4.996090e+00   2.513435e-08   1.841883e-03   1.115102e-11   8713440
  5.002468e+00   2.490162e-08   1.841131e-03   1.112866e-11   8638616
  5.008845e+00   2.471563e-08   1.839945e-03   1.112903e-11   8560856
  5.015220e+00   2.452778e-08   1.840402e-03   1.111029e-11   8487620
  5.021598e+00   2.435852e-08   1.842484e-03   1.111279e-11   8422796
  5.027976e+00   2.414345e-08   1.839559e-03   1.112474e-11   8336348
  5.034350e+00   2.392849e-08   1.840420e-03   1.108005e-11   8265176
  5.040727e+00   2.375304e-08   1.841761e-03   1.110014e-11   8196176
  5.047104e+00   2.354336e-08   1.839932e-03   1.107364e-11   8114636
  5.053478e+00   2.334378e-08   1.839889e-03   1.107415e-11   8038724
  5.059856e+00   2.318537e-08   1.842986e-03   1.107399e-11   7975460
  5.066235e+00   2.300108e-08   1.840210e-03   1.107643e-11   7889792
  5.072611e+00   2.277514e-08   1.840188e-03   1.106319e-11   7815728
  5.078987e+00   2.260369e-08   1.840544e-03   1.107068e-11   7739288
  5.085364e+00   2.241845e-08   1.841840e-03   1.108793e-11   7667432
  5.091741e+00   2.220291e-08   1.839798e-03   1.105836e-11   7583684
  5.098113e+00   2.200556e-08   1.839459e-03   1.106754e-11   7505172
  5.104490e+00   2.184012e-08   1.842916e-03   1.106220e-11   7442636
  5.110871e+00   2.160341e-08   1.841224e-03   1.103099e-11   7360676
  5.117246e+00   2.140942e-08   1.838532e-03   1.104096e-11   7272728
  5.123622e+00   2.127231e-08   1.842521e-03   1.106424e-11   7209140
  5.130001e+00   2.106439e-08   1.840984e-03   1.104777e-11   7125632
  5.136377e+00   2.083099e-08   1.840289e-03   1.102572e-11   7046924
  5.142753e+00   2.065297e-08   1.840046e-03   1.103137e-11   6966968
  5.149129e+00   2.045536e-08   1.841514e-03   1.099437e-11   6893408
  5.155505e+00   2.024375e-08   1.840118e-03   1.099801e-11   6811004
  5.161881e+00   2.002053e-08   1.840529e-03   1.098202e-11   6732944
  5.168258e+00   1.986586e-08   1.841885e-03   1.099456e-11   6658628
  5.174637e+00   1.964870e-08   1.841220e-03   1.098904e-11   6578804
  5.181014e+00   1.939456e-08   1.839505e-03   1.092840e-11   6493628
  5.187389e+00   1.925308e-08   1.841020e-03   1.096120e-11   6417476
  5.193767e+00   1.903630e-08   1.842303e-03   1.092681e-11   6341156
  5.200142e+00   1.876279e-08   1.838905e-03   1.090058e-11   6251676
  5.206515e+00   1.852101e-08   1.840100e-03   1.085929e-11   6176072
  5.212894e+00   1.837254e-08   1.842591e-03   1.085453e-11   6103028
  5.219273e+00   1.807663e-08   1.840028e-03   1.077489e-11   6015356
  5.225646e+00   1.784302e-08   1.838527e-03   1.075294e-11   5928908
  5.232022e+00   1.768125e-08   1.843529e-03   1.076390e-11   5861504
  5.238402e+00   1.737313e-08   1.840564e-03   1.066500e-11   5772440
  5.244776e+00   1.711789e-08   1.839302e-03   1.060163e-11   5688596
  5.251152e+00   1.691612e-08   1.841421e-03   1.059138e-11   5611412
  5.257531e+00   1.663330e-08   1.842425e-03   1.048316e-11   5532224
  5.263907e+00   1.634432e-08   1.838741e-03   1.038544e-11   5440748
  5.270281e+00   1.608270e-08   1.841068e-03   1.030682e-11   5364572
  5.276660e+00   1.581588e-08   1.842167e-03   1.019710e-11   5285204
  5.283039e+00   1.544674e-08   1.840147e-03   1.002965e-11   5197796
  5.289414e+00   1.517953e-08   1.840074e-03   9.939515e-12   5113244
  5.295789e+00   1.495265e-08   1.841509e-03   9.886455e-12   5032664
  5.302162e+00   1.457462e-08   1.838866e-03   9.633894e-12   4943484
  5.308538e+00   1.424087e-08   1.842083e-03   9.444866e-12   4869920
  5.314919e+00   1.391254e-08   1.840875e-03   9.240333e-12   4782608
  5.321298e+00   1.356684e-08   1.842000e-03   9.000566e-12   4700756
  5.327675e+00   1.317375e-08   1.839332e-03   8.714387e-12   4608920
  5.334047e+00   1.283977e-08   1.840509e-03   8.427834e-12   4528829
  5.340423e+00   1.252376e-08   1.840790e-03   8.191147e-12   4453172
  5.346801e+00   1.224967e-08   1.841398e-03   8.002348e-12   4381652
  5.353179e+00   1.199326e-08   1.840856e-03   7.787286e-12   4309628
  5.359558e+00   1.174456e-08   1.841542e-03   7.618964e-12   4242188
  5.365934e+00   1.153479e-08   1.840185e-03   7.470819e-12   4171796
  5.372309e+00   1.130606e-08   1.840332e-03   7.305722e-12   4107506
  5.378687e+00   1.109238e-08   1.841030e-03   7.182676e-12   4045694
  5.385067e+00   1.090837e-08   1.841878e-03   7.048630e-12   3984530
  5.391443e+00   1.072503e-08   1.839184e-03   6.933144e-12   3916622
  5.397815e+00   1.053424e-08   1.840413e-03   6.803488e-12   3858626
  5.404188e+00   1.038278e-08   1.839752e-03   6.710826e-12   3798918
  5.410566e+00   1.019663e-08   1.842453e-03   6.590901e-12   3747464
  5.416947e+00   1.003521e-08   1.840720e-03   6.502537e-12   3687278
  5.423327e+00   9.893330e-09   1.841755e-03   6.410957e-12   3632618
  5.429702e+00   9.743550e-09   1.839341e-03   6.326574e-12   3571766
  5.436076e+00   9.593089e-09   1.841405e-03   6.221192e-12   3521264
  5.442452e+00   9.448578e-09   1.840602e-03   6.144740e-12   3466964
  5.448828e+00   9.326575e-09   1.840149e-03   6.096201e-12   3414320
  5.455204e+00   9.197579e-09   1.840343e-03   6.010026e-12   3362948
  5.461581e+00   9.069796e-09   1.841385e-03   5.933778e-12   3313130
  5.467960e+00   8.954431e-09   1.841559e-03   5.866710e-12   3262766
  5.474335e+00   8.828532e-09   1.839552e-03   5.789011e-12   3210122
  5.480711e+00   8.703467e-09   1.841068e-03   5.735826e-12   3164282
  5.487089e+00   8.594425e-09   1.840871e-03   5.669357e-12   3115358
  5.493467e+00   8.491969e-09   1.841892e-03   5.610916e-12   3068642
  5.499842e+00   8.385725e-09   1.839367e-03   5.558967e-12   3017270
  5.506214e+00   8.297731e-09   1.840421e-03   5.519141e-12   2973396
  5.512592e+00   8.189352e-09   1.841795e-03   5.453776e-12   2930882
  5.518975e+00   8.083347e-09   1.842009e-03   5.404276e-12   2886296
  5.525354e+00   7.991310e-09   1.840110e-03   5.356407e-12   2838068
  5.531729e+00   7.910358e-09   1.840402e-03   5.330072e-12   2793680
  5.538103e+00   7.817744e-09   1.841057e-03   5.284809e-12   2750948
  5.544478e+00   7.727297e-09   1.840332e-03   5.243707e-12   2707712
  5.550852e+00   7.649497e-09   1.839444e-03   5.200254e-12   2665124
  5.557230e+00   7.576819e-09   1.841751e-03   5.179663e-12   2626712
  5.563610e+00   7.509607e-09   1.840829e-03   5.166787e-12   2583542
  5.569988e+00   7.426308e-09   1.841328e-03   5.112401e-12   2543108
  5.576363e+00   7.350432e-09   1.839426e-03   5.088740e-12   2500538
  5.582739e+00   7.267132e-09   1.841521e-03   5.061277e-12   2464052
  5.589119e+00   7.196786e-09   1.841364e-03   5.023226e-12   2424194
  5.595493e+00   7.124735e-09   1.839158e-03   4.992036e-12   2381732
  5.601866e+00   7.069695e-09   1.841683e-03   4.990827e-12   2346386
  5.608241e+00   7.027705e-09   1.839649e-03   4.989825e-12   2306598
  5.614618e+00   6.951517e-09   1.842029e-03   4.943220e-12   2273186
  5.621000e+00   6.868532e-09   1.840989e-03   4.926879e-12   2235188
  5.627378e+00   6.817800e-09   1.839949e-03   4.913386e-12   2196638
  5.633754e+00   6.754489e-09   1.841588e-03   4.888483e-12   2161706
  5.640129e+00   6.708323e-09   1.840261e-03   4.886393e-12   2124422
  5.646501e+00   6.636445e-09   1.838999e-03   4.862458e-12   2088578
  5.652879e+00   6.594681e-09   1.842650e-03   4.864371e-12   2058512
  5.659259e+00   6.552956e-09   1.839498e-03   4.875066e-12   2020202
  5.665635e+00   6.493367e-09   1.841528e-03   4.839247e-12   1987670
  5.672010e+00   6.453596e-09   1.840033e-03   4.850116e-12   1952114
  5.678381e+00   6.392357e-09   1.839290e-03   4.831328e-12   1918694
  5.684760e+00   6.360230e-09   1.843391e-03   4.828707e-12   1890932
  5.691143e+00   6.312980e-09   1.840482e-03   4.839311e-12   1855382
  5.697520e+00   6.273463e-09   1.841151e-03   4.841790e-12   1823276
  5.703897e+00   6.233117e-09   1.841467e-03   4.837962e-12   1791446
  5.710267e+00   6.173835e-09   1.837484e-03   4.835309e-12   1756566
  5.716642e+00   6.135234e-09   1.843486e-03   4.832453e-12   1732292
  5.723026e+00   6.101980e-09   1.841021e-03   4.838496e-12   1699718
  5.729405e+00   6.060034e-09   1.840666e-03   4.835612e-12   1668524
  5.735782e+00   6.032004e-09   1.841307e-03   4.874336e-12   1638656
  5.742152e+00   5.985052e-09   1.837941e-03   4.864244e-12   1606154
  5.748524e+00   5.950029e-09   1.841528e-03   4.877715e-12   1580984
  5.754907e+00   5.919810e-09   1.842158e-03   4.882896e-12   1553372
  5.761287e+00   5.887103e-09   1.839903e-03   4.885849e-12   1522502
  5.767663e+00   5.867644e-09   1.841211e-03   4.917744e-12   1494788
  5.774035e+00   5.815148e-09   1.839049e-03   4.912116e-12   1464992
  5.780407e+00   5.802050e-09   1.840885e-03   4.935598e-12   1439564
  5.786788e+00   5.778308e-09   1.842803e-03   4.959843e-12   1414766
  5.793173e+00   5.739591e-09   1.841316e-03   4.959923e-12   1386620
  5.799549e+00   5.714734e-09   1.839295e-03   5.006707e-12   1358024
  5.805920e+00   5.693785e-09   1.840494e-03   5.030308e-12   1332236
  5.812287e+00   5.670346e-09   1.837583e-03   5.054907e-12   1304568
  5.818666e+00   5.629343e-09   1.844995e-03   5.044620e-12   1285316
  5.825053e+00   5.615100e-09   1.840679e-03   5.085653e-12   1257272
  5.831429e+00   5.588226e-09   1.839591e-03   5.123115e-12   1231028
  5.837804e+00   5.585042e-09   1.841474e-03   5.154458e-12   1207136
  5.844175e+00   5.539419e-09   1.839197e-03   5.156070e-12   1181180
  5.850547e+00   5.526523e-09   1.841135e-03   5.195148e-12   1159352
  5.856931e+00   5.505328e-09   1.842986e-03   5.221243e-12   1137476
  5.863312e+00   5.493074e-09   1.839166e-03   5.282373e-12   1111280
  5.869686e+00   5.464924e-09   1.840689e-03   5.313305e-12   1088468
  5.876057e+00   5.453506e-09   1.840140e-03   5.342592e-12   1065008
  5.882427e+00   5.434110e-09   1.839713e-03   5.375531e-12   1042934
  5.888808e+00   5.422315e-09   1.843186e-03   5.405140e-12   1023488
  5.895195e+00   5.401487e-09   1.841961e-03   5.445913e-12   1000700
  5.901573e+00   5.377801e-09   1.839831e-03   5.481151e-12   977264
  5.907943e+00   5.366452e-09   1.839220e-03   5.528861e-12   955052
  5.914306e+00   5.343536e-09   1.837596e-03   5.575466e-12   933546
  5.920685e+00   5.344308e-09   1.845011e-03   5.617030e-12   917348
  5.927075e+00   5.321156e-09   1.841622e-03   5.662254e-12   895328
  5.933456e+00   5.307893e-09   1.840197e-03   5.731075e-12   873878
  5.939831e+00   5.293216e-09   1.841204e-03   5.758108e-12   853664
  5.946198e+00   5.289743e-09   1.838301e-03   5.817124e-12   832604
  5.952570e+00   5.270402e-09   1.841647e-03   5.860348e-12   815546
  5.958955e+00   5.270715e-09   1.841795e-03   5.926937e-12   797012
  5.965336e+00   5.245536e-09   1.838979e-03   5.976709e-12   776576
  5.971714e+00   5.231083e-09   1.842719e-03   6.052082e-12   758726
  5.978085e+00   5.239233e-09   1.838577e-03   6.122621e-12   738296
  5.984452e+00   5.240260e-09   1.839422e-03   6.191556e-12   721172
  5.990833e+00   5.210773e-09   1.842852e-03   6.232865e-12   705434
  5.997222e+00   5.205805e-09   1.841204e-03   6.293864e-12   687092
  6.003603e+00   5.210803e-09   1.841572e-03   6.396166e-12   669098
  6.009974e+00   5.203522e-09   1.839142e-03   6.467369e-12   650516
  6.016332e+00   5.183608e-09   1.836042e-03   6.534387e-12   632898
  6.022707e+00   5.188050e-09   1.844938e-03   6.613452e-12   620228
  6.029100e+00   5.167447e-09   1.842281e-03   6.692948e-12   603206
  6.035485e+00   5.159800e-09   1.841847e-03   6.752034e-12   586328
  6.041859e+00   5.157065e-09   1.840113e-03   6.851942e-12   569222
  6.048217e+00   5.192545e-09   1.835706e-03   7.004283e-12   552266
  6.054584e+00   5.144576e-09   1.843023e-03   7.011689e-12   539996
  6.060976e+00   5.148086e-09   1.843843e-03   7.104014e-12   525722
  6.067365e+00   5.133393e-09   1.839929e-03   7.214481e-12   509372
  6.073742e+00   5.137327e-09   1.840974e-03   7.309324e-12   494282
  6.080105e+00   5.155780e-09   1.836470e-03   7.446567e-12   478340
  6.086466e+00   5.148988e-09   1.839100e-03   7.538709e-12   465554
  6.092852e+00   5.134429e-09   1.844310e-03   7.632003e-12   453734
  6.099249e+00   5.145950e-09   1.841644e-03   7.775815e-12   439184
  6.105633e+00   5.144284e-09   1.841774e-03   7.915044e-12   424910
  6.112001e+00   5.122637e-09   1.839131e-03   8.030806e-12   410366
  6.118344e+00   5.128810e-09   1.830585e-03   8.187869e-12   395856
  6.124716e+00   5.121765e-09   1.849093e-03   8.223529e-12   387998
  6.131124e+00   5.143600e-09   1.844381e-03   8.391667e-12   374642
  6.137516e+00   5.126318e-09   1.841320e-03   8.481882e-12   361118
  6.143885e+00   5.132789e-09   1.838483e-03   8.723621e-12   347792
  6.150233e+00   5.145306e-09   1.833537e-03   8.883234e-12   335054
  6.156598e+00   5.154225e-09   1.843369e-03   8.967506e-12   326162
  6.163003e+00   5.127340e-09   1.845744e-03   9.152855e-12   315686
  6.169403e+00   5.125485e-09   1.839717e-03   9.333853e-12   302960
  6.175780e+00   5.128366e-09   1.841146e-03   9.484383e-12   291278
  6.182130e+00   5.143699e-09   1.834474e-03   9.723740e-12   278966
  6.188475e+00   5.144297e-09   1.838848e-03   9.894275e-12   269786
  6.194867e+00   5.160573e-09   1.848548e-03   1.015895e-11   261710
  6.201275e+00   5.142087e-09   1.841196e-03   1.029736e-11   250472
  6.207659e+00   5.141164e-09   1.840781e-03   1.052033e-11   239846
  6.214020e+00   5.172317e-09   1.837833e-03   1.079397e-11   229250
  6.220353e+00   5.171951e-09   1.827068e-03   1.105263e-11   218958
  6.226735e+00   5.161645e-09   1.853573e-03   1.110873e-11   213722
  6.233163e+00   5.148258e-09   1.842328e-03   1.143914e-11   203414
  6.239564e+00   5.176792e-09   1.844048e-03   1.171896e-11   193940
  6.245924e+00   5.187235e-09   1.836439e-03   1.207971e-11   183650
  6.252241e+00   5.187011e-09   1.829855e-03   1.236652e-11   174638
  6.258588e+00   5.204360e-09   1.843490e-03   1.268783e-11   168842
  6.265008e+00   5.190560e-09   1.847266e-03   1.292179e-11   161846
  6.271432e+00   5.219581e-09   1.841236e-03   1.332024e-11   153146
  6.277822e+00   5.211926e-09   1.840929e-03   1.373651e-11   144686
  6.284170e+00   5.236160e-09   1.837187e-03   1.424669e-11   136418
  6.290480e+00   5.233811e-09   1.823629e-03   1.466792e-11   128822
  6.296862e+00   5.265059e-09   1.856474e-03   1.489129e-11   124862
  6.303298e+00   5.234623e-09   1.842665e-03   1.537599e-11   117026
  6.309688e+00   5.244217e-09   1.840290e-03   1.582247e-11   109718
  6.316033e+00   5.265541e-09   1.835815e-03   1.649403e-11   102650
  6.322320e+00   5.255605e-09   1.808328e-03   1.693758e-11   95622
  6.328720e+00   5.308243e-09   1.871202e-03   1.727920e-11   93650
  6.335227e+00   5.313599e-09   1.849919e-03   1.804845e-11   86606
  6.341628e+00   5.304451e-09   1.828395e-03   1.886402e-11   79190
  6.347934e+00   5.322358e-09   1.839124e-03   1.966429e-11   73490
  6.354177e+00   5.310245e-09   1.810164e-03   2.047660e-11   67598
  6.360508e+00   5.356833e-09   1.844910e-03   2.096861e-11   65186
  6.367032e+00   5.363339e-09   1.858136e-03   2.171147e-11   61262
  6.373583e+00   5.309128e-09   1.851117e-03   2.244657e-11   55874
  6.379989e+00   5.360064e-09   1.823042e-03   2.418820e-11   49430
  6.386147e+00   5.399268e-09   1.803004e-03   2.559797e-11   43934
  6.392260e+00   5.457212e-09   1.790240e-03   2.689176e-11   41138
  6.398716e+00   5.351263e-09   1.870028e-03   2.644426e-11   40070
  6.405371e+00   5.350301e-09   1.854153e-03   2.835022e-11   35882
  6.411962e+00   5.391494e-09   1.842631e-03   3.018777e-11   31622
  6.418335e+00   5.430014e-09   1.817857e-03   3.367538e-11   26750
  6.424088e+00   5.380963e-09   1.593646e-03   3.693596e-11   21330
  6.430239e+00   5.485305e-09   1.860256e-03   3.664653e-11   23246
  6.436984e+00   5.416863e-09   1.855054e-03   3.795386e-11   20186
  6.443727e+00   5.380332e-09   1.848147e-03   4.042391e-11   17312
  6.450423e+00   5.596094e-09   1.830133e-03   4.706489e-11   14474
  6.456645e+00   5.705701e-09   1.688402e-03   5.429202e-11   10478
  6.462180e+00   5.449757e-09   1.692603e-03   5.611403e-11   9062
  6.468497e+00   5.636970e-09   1.842997e-03   5.974111e-11   8762
  6.475254e+00   5.478864e-09   1.841892e-03   6.529424e-11   6926
  6.482011e+00   5.534655e-09   1.840835e-03   7.665953e-11   5306
  6.488766e+00   5.645955e-09   1.839476e-03   8.745543e-11   3902
  6.494511e+00   5.872452e-09   1.128860e-03   1.331528e-10   1928
  6.500007e+00   5.589536e-09   1.834590e-03   1.203220e-10   2042
  6.506728e+00   5.332900e-09   1.826889e-03   1.406827e-10   1214
  6.513396e+00   5.954202e-09   1.806609e-03   2.112442e-10   602
  6.519909e+00   5.467811e-09   1.730042e-03   4.183392e-10   206
  6.525711e+00   7.005725e-09   9.814069e-04   1.467798e-09   24
