# power spectrum of phi
# redshift z=99.597220
# k              Pk             sigma(k)       sigma(Pk)      count
  5.011399e-03   3.393826e-10   7.667927e-04   7.522700e-11   18
  1.037418e-02   4.846186e-10   1.725047e-03   4.950829e-11   128
  1.616528e-02   3.958507e-10   1.646572e-03   2.103032e-11   314
  2.269071e-02   2.460476e-10   1.954354e-03   8.967413e-12   728
  2.897169e-02   1.824563e-10   1.717946e-03   6.286899e-12   1016
  3.518826e-02   1.170582e-10   1.880676e-03   2.910641e-12   1682
  4.169479e-02   8.785456e-11   1.831736e-03   1.813101e-12   2300
  4.790974e-02   6.415831e-11   1.770731e-03   1.204527e-12   2906
  5.429022e-02   5.250102e-11   1.892687e-03   8.635669e-13   4040
  6.068098e-02   4.340176e-11   1.775551e-03   6.546989e-13   4712
  6.698900e-02   3.730999e-11   1.857705e-03   4.812409e-13   6002
  7.346135e-02   3.054736e-11   1.857594e-03   3.658629e-13   7256
  7.977379e-02   2.590396e-11   1.772571e-03   2.921953e-13   8120
  8.609019e-02   2.092519e-11   1.864951e-03   2.111419e-13   9950
  9.253636e-02   1.721956e-11   1.853578e-03   1.590947e-13   11384
  9.885187e-02   1.407665e-11   1.809244e-03   1.273466e-13   12666
  1.052712e-01   1.202125e-11   1.889168e-03   9.617075e-14   15104
  1.117654e-01   1.044607e-11   1.850532e-03   8.200017e-14   16616
  1.180754e-01   9.536715e-12   1.799489e-03   7.168653e-14   18026
  1.244216e-01   8.475436e-12   1.853405e-03   5.799393e-14   20696
  1.308065e-01   7.540920e-12   1.827918e-03   5.087976e-14   22436
  1.371558e-01   6.846854e-12   1.845873e-03   4.389250e-14   24962
  1.435394e-01   5.974327e-12   1.831283e-03   3.595907e-14   27176
  1.499133e-01   5.172413e-12   1.847268e-03   3.014135e-14   29810
  1.562775e-01   4.549608e-12   1.828450e-03   2.567417e-14   32120
  1.626776e-01   4.007990e-12   1.865216e-03   2.135486e-14   35432
  1.690383e-01   3.659186e-12   1.814577e-03   1.897405e-14   37238
  1.754019e-01   3.341289e-12   1.856016e-03   1.647990e-14   41072
  1.817869e-01   3.046963e-12   1.834293e-03   1.476197e-14   43472
  1.881565e-01   2.844531e-12   1.848176e-03   1.316077e-14   47042
  1.945298e-01   2.657182e-12   1.829223e-03   1.205527e-14   49712
  2.008693e-01   2.421960e-12   1.840592e-03   1.060892e-14   53226
  2.072637e-01   2.163938e-12   1.853753e-03   9.018014e-15   57320
  2.136558e-01   1.984486e-12   1.831629e-03   8.139061e-15   60092
  2.200056e-01   1.815783e-12   1.839426e-03   7.208636e-15   63914
  2.263950e-01   1.653965e-12   1.849752e-03   6.318400e-15   68192
  2.327751e-01   1.530179e-12   1.833934e-03   5.742622e-15   71336
  2.391397e-01   1.416873e-12   1.845607e-03   5.149416e-15   75818
  2.455297e-01   1.323080e-12   1.844019e-03   4.695342e-15   79880
  2.518964e-01   1.245595e-12   1.834462e-03   4.300215e-15   83642
  2.582661e-01   1.171917e-12   1.840779e-03   3.934337e-15   88316
  2.646730e-01   1.089341e-12   1.859422e-03   3.574195e-15   93488
  2.710484e-01   1.012082e-12   1.827184e-03   3.258722e-15   96458
  2.773871e-01   9.423254e-13   1.829038e-03   3.001822e-15   101264
  2.837816e-01   8.743788e-13   1.862873e-03   2.658052e-15   107696
  2.901819e-01   8.103946e-13   1.837217e-03   2.432574e-15   111170
  2.965233e-01   7.705485e-13   1.822285e-03   2.266701e-15   115232
  3.028941e-01   7.220836e-13   1.855375e-03   2.067073e-15   122310
  3.093019e-01   6.791430e-13   1.843350e-03   1.907853e-15   126944
  3.156739e-01   6.450553e-13   1.828600e-03   1.781527e-15   131192
  3.220432e-01   6.098449e-13   1.844535e-03   1.653600e-15   137618
  3.284234e-01   5.757754e-13   1.836674e-03   1.523812e-15   142448
  3.347979e-01   5.399377e-13   1.844704e-03   1.398084e-15   148520
  3.411627e-01   5.109084e-13   1.831436e-03   1.315823e-15   153254
  3.475446e-01   4.837074e-13   1.852010e-03   1.211042e-15   160760
  3.539284e-01   4.512403e-13   1.835751e-03   1.102729e-15   165290
  3.603019e-01   4.309269e-13   1.840148e-03   1.040966e-15   171992
  3.666828e-01   4.088064e-13   1.840217e-03   9.736254e-16   177800
  3.730569e-01   3.895925e-13   1.843032e-03   9.107242e-16   184322
  3.794439e-01   3.701824e-13   1.841595e-03   8.514051e-16   190832
  3.858239e-01   3.515581e-13   1.839260e-03   7.988032e-16   196772
  3.921872e-01   3.362939e-13   1.836453e-03   7.486716e-16   202970
  3.985536e-01   3.209663e-13   1.839266e-03   7.009117e-16   210056
  4.049173e-01   3.058125e-13   1.832832e-03   6.579521e-16   216210
  4.112896e-01   2.909319e-13   1.841640e-03   6.131953e-16   224168
  4.176700e-01   2.754452e-13   1.840761e-03   5.763619e-16   230792
  4.240565e-01   2.647709e-13   1.846256e-03   5.432148e-16   238778
  4.304312e-01   2.508976e-13   1.831772e-03   5.075005e-16   243956
  4.367939e-01   2.415352e-13   1.845141e-03   4.804923e-16   252680
  4.431746e-01   2.307116e-13   1.842020e-03   4.531641e-16   260066
  4.495713e-01   2.210834e-13   1.849294e-03   4.265969e-16   268712
  4.559494e-01   2.124826e-13   1.834336e-03   4.059175e-16   274034
  4.623270e-01   2.016518e-13   1.847366e-03   3.791978e-16   283904
  4.687088e-01   1.937848e-13   1.837425e-03   3.594576e-16   290048
  4.750707e-01   1.852651e-13   1.836659e-03   3.409978e-16   297950
  4.814434e-01   1.782252e-13   1.842026e-03   3.240564e-16   306968
  4.878269e-01   1.722714e-13   1.843240e-03   3.076098e-16   315320
  4.942006e-01   1.637730e-13   1.835899e-03   2.883632e-16   322346
  5.005701e-01   1.578798e-13   1.842589e-03   2.736579e-16   331664
  5.069538e-01   1.514184e-13   1.844896e-03   2.589205e-16   340818
  5.133346e-01   1.466974e-13   1.837322e-03   2.486492e-16   348164
  5.197083e-01   1.407499e-13   1.843548e-03   2.353957e-16   357584
  5.260929e-01   1.353578e-13   1.846059e-03   2.229042e-16   367106
  5.324635e-01   1.303652e-13   1.832285e-03   2.128236e-16   373376
  5.388350e-01   1.252762e-13   1.848023e-03   2.013116e-16   385376
  5.452233e-01   1.210231e-13   1.842356e-03   1.928817e-16   393650
  5.516038e-01   1.162581e-13   1.840588e-03   1.830531e-16   402704
  5.579656e-01   1.121484e-13   1.830970e-03   1.753178e-16   409910
  5.643320e-01   1.085285e-13   1.843407e-03   1.677184e-16   422024
  5.707212e-01   1.043667e-13   1.846526e-03   1.584100e-16   432176
  5.771022e-01   1.010335e-13   1.837404e-03   1.527056e-16   440066
  5.834769e-01   9.776798e-14   1.841263e-03   1.454332e-16   450680
  5.898365e-01   9.424225e-14   1.831084e-03   1.394024e-16   457856
  5.962115e-01   9.145287e-14   1.848347e-03   1.325382e-16   472538
  6.026013e-01   8.853206e-14   1.839689e-03   1.280360e-16   480140
  6.089752e-01   8.527983e-14   1.841279e-03   1.219919e-16   490842
  6.153517e-01   8.271000e-14   1.838382e-03   1.169645e-16   500744
  6.217295e-01   7.994070e-14   1.842392e-03   1.118007e-16   511856
  6.281145e-01   7.740339e-14   1.844734e-03   1.071345e-16   523202
  6.344991e-01   7.496398e-14   1.840396e-03   1.029837e-16   532688
  6.408638e-01   7.266373e-14   1.834541e-03   9.939581e-17   541520
  6.472341e-01   7.036672e-14   1.842653e-03   9.472661e-17   555110
  6.536136e-01   6.827369e-14   1.839126e-03   9.075229e-17   564944
  6.599884e-01   6.589721e-14   1.839832e-03   8.708996e-17   576434
  6.663740e-01   6.399830e-14   1.844405e-03   8.352516e-17   588848
  6.727501e-01   6.218562e-14   1.838623e-03   8.056689e-17   597704
  6.791236e-01   6.023133e-14   1.842386e-03   7.718398e-17   610946
  6.855006e-01   5.859529e-14   1.837794e-03   7.445290e-17   620852
  6.918722e-01   5.679997e-14   1.841901e-03   7.156564e-17   633530
  6.982524e-01   5.509765e-14   1.841844e-03   6.874458e-17   645704
  7.046316e-01   5.354173e-14   1.840565e-03   6.635295e-17   656744
  7.110074e-01   5.212923e-14   1.841941e-03   6.371844e-17   669162
  7.173906e-01   5.068970e-14   1.843286e-03   6.136836e-17   681992
  7.237681e-01   4.916074e-14   1.838959e-03   5.929680e-17   692360
  7.301485e-01   4.777501e-14   1.844364e-03   5.698840e-17   707006
  7.365206e-01   4.646572e-14   1.834135e-03   5.503362e-17   714944
  7.428835e-01   4.537982e-14   1.841775e-03   5.310294e-17   730346
  7.492606e-01   4.406397e-14   1.838962e-03   5.127893e-17   742616
  7.556415e-01   4.290703e-14   1.843530e-03   4.932535e-17   756536
  7.620128e-01   4.165064e-14   1.836595e-03   4.767362e-17   766418
  7.683917e-01   4.053692e-14   1.845753e-03   4.581559e-17   783392
  7.747614e-01   3.950532e-14   1.833632e-03   4.457883e-17   790412
  7.811334e-01   3.848244e-14   1.848120e-03   4.277293e-17   810314
  7.875277e-01   3.752147e-14   1.843702e-03   4.139613e-17   821960
  7.938987e-01   3.660937e-14   1.834976e-03   4.011894e-17   831266
  8.002712e-01   3.551912e-14   1.843706e-03   3.861634e-17   848960
  8.066557e-01   3.465463e-14   1.842629e-03   3.739962e-17   861488
  8.130204e-01   3.379568e-14   1.833334e-03   3.633965e-17   871194
  8.193985e-01   3.295340e-14   1.847247e-03   3.488586e-17   891788
  8.257796e-01   3.215950e-14   1.838008e-03   3.392323e-17   900416
  8.321422e-01   3.144214e-14   1.836250e-03   3.285695e-17   914306
  8.385264e-01   3.057691e-14   1.847988e-03   3.166779e-17   933992
  8.449011e-01   2.981939e-14   1.834294e-03   3.078566e-17   940826
  8.512701e-01   2.918122e-14   1.842364e-03   2.992007e-17   960224
  8.576621e-01   2.844187e-14   1.846556e-03   2.880830e-17   976316
  8.640381e-01   2.770918e-14   1.835724e-03   2.787731e-17   985010
  8.704114e-01   2.709975e-14   1.843336e-03   2.707825e-17   1004024
  8.767898e-01   2.637958e-14   1.839706e-03   2.627245e-17   1016288
  8.831639e-01   2.588776e-14   1.840690e-03   2.548890e-17   1032290
  8.895470e-01   2.524794e-14   1.843156e-03   2.469572e-17   1048640
  8.959130e-01   2.461088e-14   1.831919e-03   2.396223e-17   1057250
  9.022937e-01   2.415941e-14   1.849588e-03   2.323525e-17   1083140
  9.086870e-01   2.360838e-14   1.840763e-03   2.265642e-17   1092248
  9.150555e-01   2.301325e-14   1.837510e-03   2.192078e-17   1105914
  9.214310e-01   2.249120e-14   1.841822e-03   2.119260e-17   1124744
  9.278120e-01   2.202357e-14   1.841202e-03   2.067060e-17   1139120
  9.341841e-01   2.155836e-14   1.838536e-03   2.005030e-17   1153490
  9.405650e-01   2.104625e-14   1.844187e-03   1.945963e-17   1172936
  9.469357e-01   2.062159e-14   1.834491e-03   1.900520e-17   1182158
  9.533110e-01   2.013281e-14   1.846126e-03   1.828201e-17   1206392
  9.596894e-01   1.968500e-14   1.835525e-03   1.784879e-17   1215224
  9.660641e-01   1.927934e-14   1.844936e-03   1.731080e-17   1237874
  9.724505e-01   1.889528e-14   1.841050e-03   1.690374e-17   1251800
  9.788233e-01   1.844973e-14   1.838619e-03   1.639822e-17   1265792
  9.851993e-01   1.814075e-14   1.843109e-03   1.603755e-17   1286306
  9.915793e-01   1.771880e-14   1.838809e-03   1.559017e-17   1299764
  9.979438e-01   1.736946e-14   1.836769e-03   1.515233e-17   1314554
  1.004319e+00   1.696826e-14   1.843595e-03   1.468903e-17   1337288
  1.010703e+00   1.664047e-14   1.840912e-03   1.430306e-17   1351304
  1.017077e+00   1.628854e-14   1.841769e-03   1.387137e-17   1369026
  1.023461e+00   1.595466e-14   1.843478e-03   1.354255e-17   1388456
  1.029842e+00   1.565789e-14   1.840406e-03   1.326515e-17   1402700
  1.036211e+00   1.533019e-14   1.837802e-03   1.289580e-17   1418282
  1.042587e+00   1.503655e-14   1.843596e-03   1.254135e-17   1440272
  1.048964e+00   1.473858e-14   1.838705e-03   1.223515e-17   1454114
  1.055341e+00   1.442825e-14   1.842603e-03   1.187824e-17   1475480
  1.061720e+00   1.417275e-14   1.840520e-03   1.160342e-17   1490936
  1.068091e+00   1.386299e-14   1.838519e-03   1.129722e-17   1507826
  1.074472e+00   1.361447e-14   1.844275e-03   1.104004e-17   1530764
  1.080850e+00   1.333008e-14   1.839052e-03   1.072221e-17   1543424
  1.087222e+00   1.311021e-14   1.841688e-03   1.049035e-17   1564946
  1.093594e+00   1.285547e-14   1.835875e-03   1.022051e-17   1578536
  1.099970e+00   1.260538e-14   1.845670e-03   9.947029e-18   1604882
  1.106358e+00   1.237108e-14   1.842454e-03   9.724081e-18   1621304
  1.112736e+00   1.212122e-14   1.839545e-03   9.507267e-18   1637024
  1.119103e+00   1.191194e-14   1.837794e-03   9.285781e-18   1654134
  1.125480e+00   1.168847e-14   1.844256e-03   9.036018e-18   1679168
  1.131864e+00   1.147420e-14   1.841903e-03   8.811228e-18   1695944
  1.138235e+00   1.127511e-14   1.836568e-03   8.623844e-18   1710602
  1.144612e+00   1.106878e-14   1.844777e-03   8.415626e-18   1737056
  1.150994e+00   1.086655e-14   1.840390e-03   8.217567e-18   1752602
  1.157370e+00   1.065275e-14   1.839227e-03   8.013961e-18   1772024
  1.163752e+00   1.046943e-14   1.844090e-03   7.832247e-18   1795364
  1.170126e+00   1.027939e-14   1.836467e-03   7.660032e-18   1807634
  1.176490e+00   1.010409e-14   1.836183e-03   7.479270e-18   1827608
  1.182859e+00   9.919610e-15   1.840789e-03   7.298921e-18   1850984
  1.189240e+00   9.737095e-15   1.844107e-03   7.110816e-18   1874618
  1.195619e+00   9.573736e-15   1.838445e-03   6.971352e-18   1889504
  1.202001e+00   9.411113e-15   1.845373e-03   6.807140e-18   1916870
  1.208383e+00   9.235719e-15   1.838254e-03   6.657334e-18   1929728
  1.214760e+00   9.099442e-15   1.843674e-03   6.514752e-18   1955408
  1.221131e+00   8.932488e-15   1.834427e-03   6.366015e-18   1966842
  1.227503e+00   8.775470e-15   1.843005e-03   6.218349e-18   1996640
  1.233886e+00   8.634760e-15   1.842690e-03   6.101097e-18   2016392
  1.240265e+00   8.492149e-15   1.839730e-03   5.949947e-18   2034722
  1.246641e+00   8.330709e-15   1.840813e-03   5.813914e-18   2056460
  1.253014e+00   8.201720e-15   1.838931e-03   5.701943e-18   2075186
  1.259388e+00   8.065120e-15   1.840566e-03   5.579179e-18   2099096
  1.265761e+00   7.939590e-15   1.837910e-03   5.465104e-18   2116832
  1.272138e+00   7.797959e-15   1.844119e-03   5.329357e-18   2145146
  1.278526e+00   7.663606e-15   1.844128e-03   5.211392e-18   2166776
  1.284904e+00   7.549892e-15   1.838822e-03   5.114100e-18   2181848
  1.291273e+00   7.428469e-15   1.838785e-03   5.013903e-18   2203766
  1.297646e+00   7.303431e-15   1.840619e-03   4.893072e-18   2227664
  1.304025e+00   7.187761e-15   1.842381e-03   4.797218e-18   2252138
  1.310403e+00   7.063053e-15   1.839825e-03   4.695774e-18   2271152
  1.316777e+00   6.959524e-15   1.840536e-03   4.597902e-18   2293256
  1.323154e+00   6.852178e-15   1.842085e-03   4.518344e-18   2318130
  1.329536e+00   6.750234e-15   1.841956e-03   4.422547e-18   2340824
  1.335910e+00   6.632497e-15   1.838342e-03   4.328493e-18   2357990
  1.342292e+00   6.531692e-15   1.846396e-03   4.230107e-18   2391176
  1.348671e+00   6.434910e-15   1.837209e-03   4.153736e-18   2401808
  1.355040e+00   6.339513e-15   1.840258e-03   4.071975e-18   2428442
  1.361418e+00   6.234514e-15   1.842645e-03   3.983016e-18   2454752
  1.367798e+00   6.128672e-15   1.841270e-03   3.902530e-18   2475872
  1.374172e+00   6.037700e-15   1.838763e-03   3.829222e-18   2495822
  1.380543e+00   5.945081e-15   1.839940e-03   3.748584e-18   2520248
  1.386922e+00   5.851263e-15   1.844043e-03   3.675424e-18   2549186
  1.393299e+00   5.771526e-15   1.837661e-03   3.605774e-18   2564768
  1.399672e+00   5.689633e-15   1.841284e-03   3.544036e-18   2592968
  1.406054e+00   5.595150e-15   1.843378e-03   3.469480e-18   2619818
  1.412431e+00   5.522344e-15   1.838027e-03   3.412961e-18   2636384
  1.418803e+00   5.429499e-15   1.840293e-03   3.337833e-18   2662220
  1.425180e+00   5.355178e-15   1.842524e-03   3.271852e-18   2689770
  1.431560e+00   5.275929e-15   1.840994e-03   3.208582e-18   2712296
  1.437933e+00   5.194700e-15   1.838431e-03   3.148325e-18   2732618
  1.444312e+00   5.116460e-15   1.843932e-03   3.079801e-18   2765264
  1.450695e+00   5.052715e-15   1.840894e-03   3.032640e-18   2784824
  1.457066e+00   4.973513e-15   1.837138e-03   2.972207e-18   2804162
  1.463445e+00   4.908235e-15   1.844971e-03   2.916121e-18   2840612
  1.469825e+00   4.836136e-15   1.839130e-03   2.868911e-18   2855576
  1.476198e+00   4.758622e-15   1.840533e-03   2.806837e-18   2883458
  1.482571e+00   4.699207e-15   1.838217e-03   2.763689e-18   2904128
  1.488946e+00   4.632215e-15   1.843378e-03   2.710163e-18   2937026
  1.495325e+00   4.566725e-15   1.839218e-03   2.660016e-18   2956976
  1.501703e+00   4.499568e-15   1.841967e-03   2.608776e-18   2986472
  1.508082e+00   4.442273e-15   1.840166e-03   2.565847e-18   3008918
  1.514460e+00   4.373231e-15   1.841773e-03   2.514635e-18   3036752
  1.520836e+00   4.319839e-15   1.839884e-03   2.474581e-18   3058376
  1.527209e+00   4.263012e-15   1.839616e-03   2.432615e-18   3084210
  1.533583e+00   4.200317e-15   1.840948e-03   2.385099e-18   3111848
  1.539960e+00   4.143212e-15   1.841348e-03   2.342330e-18   3138890
  1.546339e+00   4.087177e-15   1.840626e-03   2.306247e-18   3164516
  1.552719e+00   4.031170e-15   1.842638e-03   2.259204e-18   3192656
  1.559097e+00   3.974133e-15   1.840555e-03   2.219563e-18   3215618
  1.565473e+00   3.922913e-15   1.840732e-03   2.184221e-18   3242888
  1.571846e+00   3.871534e-15   1.839114e-03   2.145342e-18   3265448
  1.578224e+00   3.819450e-15   1.843575e-03   2.108374e-18   3300842
  1.584604e+00   3.765352e-15   1.839884e-03   2.072624e-18   3321008
  1.590977e+00   3.714620e-15   1.839336e-03   2.037171e-18   3346406
  1.597352e+00   3.666424e-15   1.841596e-03   1.999486e-18   3377984
  1.603728e+00   3.618941e-15   1.839551e-03   1.965009e-18   3400352
  1.610103e+00   3.577867e-15   1.841321e-03   1.936210e-18   3431450
  1.616483e+00   3.525295e-15   1.841519e-03   1.898993e-18   3458768
  1.622859e+00   3.479858e-15   1.841183e-03   1.869601e-18   3484088
  1.629231e+00   3.440833e-15   1.838425e-03   1.842893e-18   3508218
  1.635610e+00   3.393842e-15   1.843946e-03   1.808958e-18   3545924
  1.641992e+00   3.347247e-15   1.841053e-03   1.778791e-18   3567530
  1.648369e+00   3.307030e-15   1.840183e-03   1.749394e-18   3595040
  1.654744e+00   3.267114e-15   1.840167e-03   1.723802e-18   3621176
  1.661115e+00   3.221891e-15   1.839521e-03   1.690791e-18   3647738
  1.667490e+00   3.182960e-15   1.841438e-03   1.663188e-18   3680480
  1.673870e+00   3.140780e-15   1.842082e-03   1.636497e-18   3709712
  1.680248e+00   3.102645e-15   1.840008e-03   1.610742e-18   3734702
  1.686623e+00   3.061593e-15   1.840362e-03   1.582491e-18   3762776
  1.692996e+00   3.023626e-15   1.839854e-03   1.560038e-18   3790514
  1.699371e+00   2.986517e-15   1.839908e-03   1.532944e-18   3820352
  1.705752e+00   2.949575e-15   1.844068e-03   1.507427e-18   3856016
  1.712131e+00   2.915083e-15   1.839690e-03   1.487858e-18   3876818
  1.718506e+00   2.881434e-15   1.839874e-03   1.462959e-18   3906332
  1.724882e+00   2.844727e-15   1.841963e-03   1.438897e-18   3938216
  1.731260e+00   2.806276e-15   1.840685e-03   1.414155e-18   3966354
  1.737636e+00   2.772132e-15   1.839695e-03   1.392172e-18   3993536
  1.744011e+00   2.738962e-15   1.840344e-03   1.372345e-18   4024034
  1.750392e+00   2.709688e-15   1.843071e-03   1.350082e-18   4060208
  1.756773e+00   2.671922e-15   1.840812e-03   1.327741e-18   4083632
  1.763145e+00   2.645865e-15   1.837811e-03   1.311668e-18   4107062
  1.769521e+00   2.609759e-15   1.842771e-03   1.286026e-18   4148072
  1.775893e+00   2.579169e-15   1.836707e-03   1.269641e-18   4163456
  1.782267e+00   2.548896e-15   1.842476e-03   1.247494e-18   4207994
  1.788652e+00   2.517663e-15   1.843367e-03   1.228281e-18   4239152
  1.795029e+00   2.490344e-15   1.839132e-03   1.212818e-18   4259426
  1.801407e+00   2.460408e-15   1.842524e-03   1.192256e-18   4299488
  1.807788e+00   2.432944e-15   1.840660e-03   1.174625e-18   4323692
  1.814162e+00   2.402089e-15   1.840093e-03   1.157545e-18   4353242
  1.820541e+00   2.377892e-15   1.841694e-03   1.140034e-18   4388792
  1.826915e+00   2.349513e-15   1.838387e-03   1.123823e-18   4409912
  1.833288e+00   2.320763e-15   1.841592e-03   1.106143e-18   4449282
  1.839667e+00   2.291327e-15   1.840784e-03   1.088978e-18   4478504
  1.846041e+00   2.269059e-15   1.839106e-03   1.073491e-18   4505882
  1.852417e+00   2.243930e-15   1.841020e-03   1.057656e-18   4542044
  1.858793e+00   2.216235e-15   1.840344e-03   1.042411e-18   4569608
  1.865169e+00   2.191853e-15   1.841195e-03   1.026857e-18   4604426
  1.871550e+00   2.167443e-15   1.842311e-03   1.010690e-18   4638896
  1.877925e+00   2.142962e-15   1.838827e-03   9.976907e-19   4660088
  1.884299e+00   2.117276e-15   1.841797e-03   9.828356e-19   4701290
  1.890678e+00   2.093762e-15   1.840619e-03   9.689759e-19   4729292
  1.897054e+00   2.072725e-15   1.841565e-03   9.552784e-19   4762706
  1.903435e+00   2.049851e-15   1.842610e-03   9.406056e-19   4799336
  1.909810e+00   2.026707e-15   1.837970e-03   9.284184e-19   4818680
  1.916185e+00   2.005964e-15   1.842882e-03   9.148420e-19   4863962
  1.922563e+00   1.982442e-15   1.839027e-03   9.030060e-19   4886216
  1.928938e+00   1.957968e-15   1.841692e-03   8.878202e-19   4925360
  1.935312e+00   1.938233e-15   1.838487e-03   8.756439e-19   4950198
  1.941682e+00   1.919969e-15   1.839228e-03   8.654402e-19   4983776
  1.948062e+00   1.899894e-15   1.844717e-03   8.518763e-19   5032058
  1.954444e+00   1.874506e-15   1.839748e-03   8.393978e-19   5052296
  1.960816e+00   1.857640e-15   1.839118e-03   8.293817e-19   5081048
  1.967192e+00   1.837085e-15   1.843475e-03   8.168535e-19   5127146
  1.973574e+00   1.817293e-15   1.841069e-03   8.057230e-19   5155376
  1.979948e+00   1.799023e-15   1.838766e-03   7.956540e-19   5181068
  1.986324e+00   1.779482e-15   1.842536e-03   7.839596e-19   5225906
  1.992703e+00   1.758581e-15   1.840301e-03   7.734923e-19   5253224
  1.999075e+00   1.740686e-15   1.838471e-03   7.621458e-19   5281154
  2.005453e+00   1.723607e-15   1.843666e-03   7.505451e-19   5330336
  2.011834e+00   1.704597e-15   1.840278e-03   7.418228e-19   5354120
  2.018204e+00   1.688079e-15   1.837177e-03   7.323154e-19   5380154
  2.024582e+00   1.671636e-15   1.844004e-03   7.219899e-19   5433740
  2.030964e+00   1.653245e-15   1.841066e-03   7.127327e-19   5458202
  2.037337e+00   1.635983e-15   1.838473e-03   7.041091e-19   5486424
  2.043713e+00   1.619547e-15   1.842073e-03   6.935989e-19   5530640
  2.050092e+00   1.602007e-15   1.840865e-03   6.850294e-19   5561162
  2.056472e+00   1.586234e-15   1.842354e-03   6.751094e-19   5601512
  2.062848e+00   1.569954e-15   1.838550e-03   6.675729e-19   5623244
  2.069220e+00   1.553338e-15   1.840849e-03   6.574672e-19   5665346
  2.075598e+00   1.537514e-15   1.841113e-03   6.485203e-19   5702384
  2.081975e+00   1.523468e-15   1.840298e-03   6.410206e-19   5734706
  2.088353e+00   1.507537e-15   1.841301e-03   6.320732e-19   5773184
  2.094733e+00   1.493577e-15   1.841946e-03   6.239259e-19   5809568
  2.101105e+00   1.477225e-15   1.837552e-03   6.171692e-19   5831090
  2.107479e+00   1.462411e-15   1.842206e-03   6.085983e-19   5881964
  2.113859e+00   1.449248e-15   1.841213e-03   6.016463e-19   5913416
  2.120238e+00   1.432811e-15   1.841923e-03   5.921984e-19   5952290
  2.126616e+00   1.420250e-15   1.839865e-03   5.857622e-19   5981144
  2.132988e+00   1.405576e-15   1.839742e-03   5.786208e-19   6015290
  2.139364e+00   1.391361e-15   1.841927e-03   5.702122e-19   6059664
  2.145743e+00   1.378436e-15   1.840799e-03   5.632373e-19   6092336
  2.152122e+00   1.365406e-15   1.842086e-03   5.563562e-19   6132806
  2.158501e+00   1.351492e-15   1.841321e-03   5.493518e-19   6166832
  2.164873e+00   1.338633e-15   1.837443e-03   5.432209e-19   6189272
  2.171243e+00   1.325164e-15   1.841004e-03   5.359889e-19   6238154
  2.177621e+00   1.312542e-15   1.841080e-03   5.284907e-19   6275288
  2.184000e+00   1.300436e-15   1.842241e-03   5.223442e-19   6316322
  2.190379e+00   1.288489e-15   1.840641e-03   5.161819e-19   6348488
  2.196756e+00   1.273603e-15   1.841212e-03   5.090178e-19   6385868
  2.203134e+00   1.263762e-15   1.841850e-03   5.031787e-19   6425378
  2.209510e+00   1.250857e-15   1.839408e-03   4.968496e-19   6455360
  2.215886e+00   1.239400e-15   1.841392e-03   4.908940e-19   6498176
  2.222261e+00   1.227430e-15   1.840198e-03   4.853144e-19   6531674
  2.228637e+00   1.216798e-15   1.841209e-03   4.800292e-19   6573368
  2.235015e+00   1.203833e-15   1.841417e-03   4.728846e-19   6611246
  2.241392e+00   1.193335e-15   1.840803e-03   4.676874e-19   6647424
  2.247770e+00   1.181906e-15   1.841365e-03   4.619207e-19   6687488
  2.254147e+00   1.171674e-15   1.839919e-03   4.571425e-19   6721250
  2.260520e+00   1.160299e-15   1.839077e-03   4.515239e-19   6755816
  2.266897e+00   1.149477e-15   1.842933e-03   4.454206e-19   6806504
  2.273276e+00   1.138842e-15   1.840584e-03   4.408838e-19   6837506
  2.279651e+00   1.129448e-15   1.839474e-03   4.361876e-19   6871556
  2.286030e+00   1.117619e-15   1.843489e-03   4.295309e-19   6924938
  2.292407e+00   1.107686e-15   1.838210e-03   4.246874e-19   6945320
  2.298778e+00   1.096971e-15   1.839118e-03   4.197992e-19   6986072
  2.305158e+00   1.087941e-15   1.844888e-03   4.149251e-19   7046642
  2.311538e+00   1.078820e-15   1.838415e-03   4.110636e-19   7061168
  2.317910e+00   1.067428e-15   1.840538e-03   4.054935e-19   7108064
  2.324288e+00   1.058682e-15   1.841488e-03   4.009092e-19   7151822
  2.330666e+00   1.049360e-15   1.840837e-03   3.963942e-19   7187600
  2.337045e+00   1.039513e-15   1.841819e-03   3.914599e-19   7231418
  2.343420e+00   1.030321e-15   1.838266e-03   3.873860e-19   7257912
  2.349793e+00   1.020781e-15   1.841246e-03   3.822044e-19   7307840
  2.356171e+00   1.012011e-15   1.840707e-03   3.782802e-19   7346618
  2.362545e+00   1.003380e-15   1.838315e-03   3.745389e-19   7376552
  2.368920e+00   9.940168e-16   1.842635e-03   3.699246e-19   7431740
  2.375299e+00   9.859311e-16   1.840580e-03   3.654688e-19   7464458
  2.381675e+00   9.768220e-16   1.840724e-03   3.614907e-19   7505672
  2.388054e+00   9.685729e-16   1.841875e-03   3.573952e-19   7550906
  2.394430e+00   9.609175e-16   1.839274e-03   3.538437e-19   7580720
  2.400808e+00   9.519922e-16   1.843124e-03   3.493657e-19   7635944
  2.407183e+00   9.435908e-16   1.837385e-03   3.460518e-19   7653254
  2.413557e+00   9.359516e-16   1.842500e-03   3.419834e-19   7714712
  2.419937e+00   9.280761e-16   1.841714e-03   3.380556e-19   7751840
  2.426315e+00   9.193918e-16   1.840093e-03   3.342615e-19   7788170
  2.432690e+00   9.117973e-16   1.840288e-03   3.306715e-19   7828544
  2.439067e+00   9.036715e-16   1.841589e-03   3.268810e-19   7874474
  2.445442e+00   8.963931e-16   1.838917e-03   3.238708e-19   7906032
  2.451817e+00   8.880526e-16   1.841643e-03   3.197279e-19   7957580
  2.458195e+00   8.813747e-16   1.840967e-03   3.166219e-19   7995962
  2.464573e+00   8.745659e-16   1.841319e-03   3.129679e-19   8038976
  2.470951e+00   8.664740e-16   1.841937e-03   3.097353e-19   8082320
  2.477329e+00   8.596171e-16   1.840784e-03   3.068128e-19   8120450
  2.483701e+00   8.519559e-16   1.838200e-03   3.032411e-19   8150312
  2.490075e+00   8.443192e-16   1.842025e-03   2.994485e-19   8210450
  2.496455e+00   8.375288e-16   1.840554e-03   2.965297e-19   8246732
  2.502832e+00   8.307223e-16   1.841458e-03   2.930065e-19   8290256
  2.509210e+00   8.242132e-16   1.841232e-03   2.904637e-19   8333306
  2.515587e+00   8.167228e-16   1.840510e-03   2.867868e-19   8372312
  2.521962e+00   8.104583e-16   1.840644e-03   2.842714e-19   8413472
  2.528337e+00   8.048375e-16   1.840038e-03   2.814695e-19   8455634
  2.534714e+00   7.969757e-16   1.841410e-03   2.780691e-19   8503736
  2.541090e+00   7.917170e-16   1.840703e-03   2.757762e-19   8542814
  2.547468e+00   7.842212e-16   1.841283e-03   2.722472e-19   8589960
  2.553847e+00   7.772175e-16   1.841675e-03   2.694241e-19   8633912
  2.560223e+00   7.715039e-16   1.839336e-03   2.669160e-19   8666690
  2.566599e+00   7.647370e-16   1.842209e-03   2.635930e-19   8722544
  2.572977e+00   7.588126e-16   1.840585e-03   2.611933e-19   8758112
  2.579352e+00   7.524145e-16   1.839548e-03   2.582954e-19   8798750
  2.585728e+00   7.473540e-16   1.841277e-03   2.561118e-19   8848808
  2.592104e+00   7.409838e-16   1.840251e-03   2.534891e-19   8889170
  2.598481e+00   7.350627e-16   1.840227e-03   2.506841e-19   8934608
  2.604856e+00   7.298224e-16   1.839643e-03   2.483815e-19   8971640
  2.611232e+00   7.242228e-16   1.842388e-03   2.455897e-19   9029954
  2.617612e+00   7.182004e-16   1.840920e-03   2.432316e-19   9067856
  2.623987e+00   7.125984e-16   1.839672e-03   2.408304e-19   9104444
  2.630367e+00   7.064773e-16   1.843923e-03   2.379780e-19   9171242
  2.636745e+00   7.013376e-16   1.838017e-03   2.364071e-19   9185528
  2.643114e+00   6.959065e-16   1.839022e-03   2.339624e-19   9235394
  2.649494e+00   6.901516e-16   1.844050e-03   2.311375e-19   9305688
  2.655872e+00   6.847459e-16   1.838662e-03   2.290262e-19   9321824
  2.662249e+00   6.798572e-16   1.843226e-03   2.265147e-19   9392090
  2.668628e+00   6.742795e-16   1.839001e-03   2.246674e-19   9414332
  2.675000e+00   6.693594e-16   1.840415e-03   2.223684e-19   9465410
  2.681380e+00   6.641947e-16   1.842364e-03   2.197738e-19   9523760
  2.687758e+00   6.584605e-16   1.839771e-03   2.178289e-19   9553832
  2.694133e+00   6.540055e-16   1.840855e-03   2.154552e-19   9604298
  2.700510e+00   6.486990e-16   1.840893e-03   2.135692e-19   9651176
  2.706885e+00   6.435924e-16   1.839603e-03   2.113224e-19   9687704
  2.713262e+00   6.391567e-16   1.842393e-03   2.093189e-19   9748574
  2.719643e+00   6.349787e-16   1.842290e-03   2.076368e-19   9794624
  2.726015e+00   6.288648e-16   1.836766e-03   2.056322e-19   9811370
  2.732389e+00   6.251231e-16   1.842921e-03   2.034916e-19   9891320
  2.738770e+00   6.199710e-16   1.841218e-03   2.016225e-19   9926024
  2.745146e+00   6.156355e-16   1.840208e-03   1.996250e-19   9967586
  2.751522e+00   6.116980e-16   1.840755e-03   1.978480e-19   10018116
  2.757897e+00   6.059415e-16   1.840456e-03   1.956772e-19   10060280
  2.764274e+00   6.013247e-16   1.841667e-03   1.937989e-19   10115450
  2.770654e+00   5.972025e-16   1.841837e-03   1.921218e-19   10164368
  2.777028e+00   5.926414e-16   1.838094e-03   1.902645e-19   10188314
  2.783404e+00   5.883295e-16   1.843290e-03   1.883007e-19   10265168
  2.789784e+00   5.846272e-16   1.840160e-03   1.871126e-19   10294448
  2.796159e+00   5.796715e-16   1.840640e-03   1.850376e-19   10343918
  2.802537e+00   5.757474e-16   1.841730e-03   1.833129e-19   10397600
  2.808913e+00   5.717194e-16   1.840311e-03   1.817433e-19   10435328
  2.815285e+00   5.673700e-16   1.838957e-03   1.798638e-19   10476698
  2.821661e+00   5.629781e-16   1.842237e-03   1.780548e-19   10543184
  2.828039e+00   5.590661e-16   1.839935e-03   1.765937e-19   10577834
  2.834417e+00   5.547293e-16   1.842252e-03   1.748383e-19   10641560
  2.840795e+00   5.511537e-16   1.839115e-03   1.734742e-19   10668452
  2.847169e+00   5.472355e-16   1.841467e-03   1.718033e-19   10729634
  2.853544e+00   5.428766e-16   1.839115e-03   1.702313e-19   10766520
  2.859920e+00   5.392719e-16   1.841423e-03   1.686103e-19   10825856
  2.866300e+00   5.355013e-16   1.842253e-03   1.671392e-19   10880090
  2.872679e+00   5.312672e-16   1.840348e-03   1.653334e-19   10918088
  2.879054e+00   5.279425e-16   1.840274e-03   1.640995e-19   10964474
  2.885431e+00   5.241215e-16   1.841464e-03   1.626051e-19   11021180
  2.891809e+00   5.203690e-16   1.840637e-03   1.610811e-19   11064248
  2.898185e+00   5.168021e-16   1.840651e-03   1.598016e-19   11114234
  2.904565e+00   5.131351e-16   1.842174e-03   1.582014e-19   11172872
  2.910943e+00   5.094445e-16   1.840078e-03   1.569759e-19   11206880
  2.917314e+00   5.056418e-16   1.838484e-03   1.555005e-19   11248130
  2.923689e+00   5.030246e-16   1.841523e-03   1.542441e-19   11316140
  2.930066e+00   4.986405e-16   1.840085e-03   1.527675e-19   11355554
  2.936443e+00   4.953777e-16   1.841835e-03   1.513148e-19   11417840
  2.942822e+00   4.919459e-16   1.840319e-03   1.501071e-19   11456528
  2.949199e+00   4.886784e-16   1.841526e-03   1.488640e-19   11512874
  2.955576e+00   4.854442e-16   1.840486e-03   1.475312e-19   11557272
  2.961950e+00   4.818457e-16   1.839582e-03   1.461846e-19   11600360
  2.968326e+00   4.789893e-16   1.841593e-03   1.451616e-19   11663678
  2.974703e+00   4.753606e-16   1.840371e-03   1.436678e-19   11705552
  2.981079e+00   4.723183e-16   1.840912e-03   1.424626e-19   11758658
  2.987457e+00   4.690505e-16   1.841605e-03   1.411173e-19   11815208
  2.993836e+00   4.658178e-16   1.841556e-03   1.399781e-19   11864000
  3.000212e+00   4.628382e-16   1.839938e-03   1.388582e-19   11904962
  3.006589e+00   4.595863e-16   1.840973e-03   1.376059e-19   11963696
  3.012966e+00   4.560564e-16   1.840866e-03   1.364282e-19   12011132
  3.019341e+00   4.532618e-16   1.840389e-03   1.351971e-19   12059450
  3.025718e+00   4.504037e-16   1.841438e-03   1.340420e-19   12118280
  3.032095e+00   4.475215e-16   1.840188e-03   1.330323e-19   12160562
  3.038470e+00   4.442272e-16   1.840247e-03   1.318326e-19   12212768
  3.044846e+00   4.412965e-16   1.841220e-03   1.307601e-19   12269504
  3.051223e+00   4.385735e-16   1.840948e-03   1.297196e-19   12319370
  3.057600e+00   4.352293e-16   1.840852e-03   1.284673e-19   12370140
  3.063975e+00   4.329874e-16   1.840437e-03   1.276299e-19   12417752
  3.070352e+00   4.297713e-16   1.841133e-03   1.264188e-19   12476882
  3.076731e+00   4.270307e-16   1.841502e-03   1.253888e-19   12530816
  3.083108e+00   4.247028e-16   1.840958e-03   1.245228e-19   12577658
  3.089485e+00   4.214685e-16   1.840591e-03   1.232858e-19   12629288
  3.095862e+00   4.185118e-16   1.841067e-03   1.221694e-19   12683828
  3.102237e+00   4.161526e-16   1.839537e-03   1.214189e-19   12725354
  3.108612e+00   4.134999e-16   1.841269e-03   1.203498e-19   12790616
  3.114989e+00   4.109485e-16   1.840010e-03   1.194397e-19   12833768
  3.121365e+00   4.082132e-16   1.841117e-03   1.183764e-19   12894194
  3.127743e+00   4.053964e-16   1.841676e-03   1.174104e-19   12950240
  3.134122e+00   4.027941e-16   1.840849e-03   1.164053e-19   12998714
  3.140498e+00   4.004677e-16   1.840244e-03   1.156503e-19   13048100
  3.146876e+00   3.976167e-16   1.841732e-03   1.145091e-19   13109120
  3.153254e+00   3.952363e-16   1.841032e-03   1.136851e-19   13158506
  3.159627e+00   3.928514e-16   1.838302e-03   1.128802e-19   13193040
  3.166002e+00   3.905337e-16   1.841969e-03   1.120382e-19   13271072
  3.172380e+00   3.879126e-16   1.840294e-03   1.110491e-19   13314242
  3.178754e+00   3.854908e-16   1.839703e-03   1.102360e-19   13363808
  3.185133e+00   3.831415e-16   1.842485e-03   1.092143e-19   13436822
  3.191512e+00   3.807493e-16   1.840487e-03   1.084984e-19   13476080
  3.197887e+00   3.782107e-16   1.840204e-03   1.076028e-19   13527296
  3.204264e+00   3.759019e-16   1.841161e-03   1.067606e-19   13589498
  3.210638e+00   3.734158e-16   1.838626e-03   1.059609e-19   13623704
  3.217016e+00   3.710350e-16   1.844054e-03   1.049045e-19   13717280
  3.223396e+00   3.687938e-16   1.839294e-03   1.042151e-19   13737914
  3.229770e+00   3.667222e-16   1.840743e-03   1.034276e-19   13801772
  3.236147e+00   3.641925e-16   1.841678e-03   1.025906e-19   13864298
  3.242524e+00   3.625074e-16   1.839451e-03   1.019615e-19   13904216
  3.248899e+00   3.601116e-16   1.840700e-03   1.010961e-19   13966064
  3.255276e+00   3.577381e-16   1.841492e-03   1.002382e-19   14027042
  3.261651e+00   3.554296e-16   1.838676e-03   9.953467e-20   14061048
  3.268027e+00   3.532281e-16   1.842396e-03   9.865292e-20   14143820
  3.274405e+00   3.512558e-16   1.840137e-03   9.797154e-20   14182442
  3.280782e+00   3.492694e-16   1.841285e-03   9.723619e-20   14245568
  3.287160e+00   3.473997e-16   1.841226e-03   9.664097e-20   14301338
  3.293537e+00   3.451164e-16   1.840394e-03   9.591539e-20   14350064
  3.299913e+00   3.430767e-16   1.841485e-03   9.514402e-20   14412488
  3.306292e+00   3.409301e-16   1.841397e-03   9.440572e-20   14470250
  3.312668e+00   3.390265e-16   1.839514e-03   9.382386e-20   14509484
  3.319039e+00   3.367062e-16   1.839618e-03   9.302329e-20   14564474
  3.325416e+00   3.347416e-16   1.842538e-03   9.219079e-20   14646632
  3.331795e+00   3.330076e-16   1.839978e-03   9.168552e-20   14681792
  3.338171e+00   3.309552e-16   1.841401e-03   9.096700e-20   14749946
  3.344548e+00   3.291980e-16   1.840482e-03   9.033297e-20   14799968
  3.350923e+00   3.271097e-16   1.839748e-03   8.963891e-20   14848808
  3.357300e+00   3.251614e-16   1.842276e-03   8.893229e-20   14925638
  3.363678e+00   3.232991e-16   1.840046e-03   8.835362e-20   14963016
  3.370053e+00   3.213723e-16   1.841263e-03   8.764560e-20   15031106
  3.376432e+00   3.195554e-16   1.841574e-03   8.703414e-20   15092384
  3.382808e+00   3.175998e-16   1.839899e-03   8.644924e-20   15132248
  3.389183e+00   3.157105e-16   1.841248e-03   8.577089e-20   15202322
  3.395560e+00   3.138925e-16   1.839985e-03   8.516807e-20   15250832
  3.401936e+00   3.122830e-16   1.841279e-03   8.460141e-20   15315692
  3.408315e+00   3.104781e-16   1.842099e-03   8.393892e-20   15382346
  3.414692e+00   3.086285e-16   1.839166e-03   8.334565e-20   15416024
  3.421065e+00   3.065754e-16   1.840590e-03   8.271394e-20   15483602
  3.427446e+00   3.052238e-16   1.843566e-03   8.217115e-20   15568424
  3.433825e+00   3.034382e-16   1.839187e-03   8.164689e-20   15589280
  3.440198e+00   3.016601e-16   1.839744e-03   8.103403e-20   15652502
  3.446575e+00   3.001280e-16   1.841959e-03   8.049554e-20   15728960
  3.452954e+00   2.982414e-16   1.840551e-03   7.985779e-20   15773168
  3.459328e+00   2.966053e-16   1.839940e-03   7.941588e-20   15828290
  3.465704e+00   2.949096e-16   1.840910e-03   7.872275e-20   15893184
  3.472081e+00   2.931513e-16   1.841157e-03   7.823738e-20   15954194
  3.478457e+00   2.915331e-16   1.839872e-03   7.765685e-20   16006016
  3.484831e+00   2.897322e-16   1.839639e-03   7.712997e-20   16058684
  3.491208e+00   2.882625e-16   1.842456e-03   7.655038e-20   16141898
  3.497590e+00   2.865078e-16   1.841864e-03   7.594243e-20   16197872
  3.503966e+00   2.851073e-16   1.839313e-03   7.559004e-20   16231640
  3.510341e+00   2.835484e-16   1.841313e-03   7.504832e-20   16310090
  3.516721e+00   2.819084e-16   1.841945e-03   7.442824e-20   16375136
  3.523097e+00   2.802492e-16   1.839457e-03   7.401589e-20   16412522
  3.529473e+00   2.788597e-16   1.841163e-03   7.350693e-20   16488308
  3.535850e+00   2.774966e-16   1.840616e-03   7.306738e-20   16539968
  3.542225e+00   2.757883e-16   1.839938e-03   7.257475e-20   16595714
  3.548602e+00   2.741481e-16   1.841625e-03   7.198815e-20   16671224
  3.554979e+00   2.726328e-16   1.840210e-03   7.145238e-20   16714064
  3.561354e+00   2.712987e-16   1.840955e-03   7.102227e-20   16783202
  3.567731e+00   2.698173e-16   1.840815e-03   7.054043e-20   16842504
  3.574108e+00   2.682605e-16   1.841084e-03   7.002054e-20   16904894
  3.580486e+00   2.668420e-16   1.841127e-03   6.959850e-20   16968656
  3.586865e+00   2.652992e-16   1.841521e-03   6.912980e-20   17030288
  3.593238e+00   2.639116e-16   1.838444e-03   6.870920e-20   17061482
  3.599615e+00   2.625101e-16   1.842988e-03   6.826231e-20   17164976
  3.605993e+00   2.611593e-16   1.840068e-03   6.784636e-20   17197184
  3.612368e+00   2.597028e-16   1.840756e-03   6.735523e-20   17267102
  3.618746e+00   2.582283e-16   1.841072e-03   6.683889e-20   17329928
  3.625121e+00   2.569049e-16   1.839901e-03   6.651004e-20   17378906
  3.631497e+00   2.556343e-16   1.841182e-03   6.607776e-20   17454776
  3.637873e+00   2.541246e-16   1.839972e-03   6.559786e-20   17501720
  3.644249e+00   2.529313e-16   1.842109e-03   6.519020e-20   17584826
  3.650631e+00   2.514833e-16   1.841819e-03   6.477665e-20   17646008
  3.657008e+00   2.499266e-16   1.840059e-03   6.429435e-20   17686412
  3.663381e+00   2.487874e-16   1.840228e-03   6.396226e-20   17751266
  3.669756e+00   2.473743e-16   1.840035e-03   6.346510e-20   17812848
  3.676130e+00   2.460127e-16   1.840074e-03   6.306907e-20   17874866
  3.682507e+00   2.448234e-16   1.841337e-03   6.268714e-20   17951720
  3.688886e+00   2.433484e-16   1.841134e-03   6.229351e-20   18009344
  3.695262e+00   2.421275e-16   1.840349e-03   6.187362e-20   18064730
  3.701640e+00   2.409250e-16   1.841339e-03   6.151936e-20   18137372
  3.708017e+00   2.393472e-16   1.840603e-03   6.103877e-20   18189632
  3.714392e+00   2.381779e-16   1.840457e-03   6.073520e-20   18254330
  3.720770e+00   2.367869e-16   1.841473e-03   6.025381e-20   18325808
  3.727148e+00   2.354288e-16   1.840737e-03   5.991937e-20   18379610
  3.733524e+00   2.341894e-16   1.840702e-03   5.953718e-20   18445760
  3.739901e+00   2.327438e-16   1.840479e-03   5.912712e-20   18504440
  3.746277e+00   2.313429e-16   1.840875e-03   5.875727e-20   18572198
  3.752657e+00   2.297352e-16   1.841895e-03   5.826768e-20   18647480
  3.759032e+00   2.279267e-16   1.838946e-03   5.783484e-20   18678152
  3.765406e+00   1.351794e-16   1.841061e-03   5.084580e-20   18764186
  3.771782e+00   3.644438e-18   1.840849e-03   1.053254e-21   18794103
  3.778158e+00   3.137438e-18   1.840297e-03   9.177878e-22   18760748
  3.784533e+00   2.750581e-18   1.840231e-03   8.091992e-22   18727940
  3.790912e+00   2.448809e-18   1.842073e-03   7.209246e-22   18712436
  3.797287e+00   2.213092e-18   1.838840e-03   6.526438e-22   18646616
  3.803663e+00   2.025386e-18   1.842455e-03   5.970404e-22   18651296
  3.810042e+00   1.868387e-18   1.840334e-03   5.509047e-22   18596096
  3.816418e+00   1.732148e-18   1.841121e-03   5.096212e-22   18571364
  3.822794e+00   1.613148e-18   1.839859e-03   4.745671e-22   18527096
  3.829170e+00   1.507455e-18   1.840846e-03   4.418712e-22   18501368
  3.835548e+00   1.415776e-18   1.841771e-03   4.139191e-22   18475040
  3.841927e+00   1.335484e-18   1.841481e-03   3.895035e-22   18439436
  3.848301e+00   1.263230e-18   1.838521e-03   3.679025e-22   18375752
  3.854674e+00   1.201775e-18   1.840584e-03   3.488968e-22   18361484
  3.861052e+00   1.143835e-18   1.842393e-03   3.307916e-22   18344504
  3.867430e+00   1.093638e-18   1.839817e-03   3.156861e-22   18284708
  3.873806e+00   1.046808e-18   1.841259e-03   3.011313e-22   18264048
  3.880183e+00   1.003275e-18   1.840629e-03   2.880485e-22   18220964
  3.886557e+00   9.642678e-19   1.839363e-03   2.759573e-22   18173528
  3.892935e+00   9.276345e-19   1.843046e-03   2.642019e-22   18173780
  3.899316e+00   8.944724e-19   1.841138e-03   2.543308e-22   18116660
  3.905693e+00   8.626908e-19   1.840842e-03   2.443282e-22   18078740
  3.912066e+00   8.343865e-19   1.838693e-03   2.358342e-22   18023108
  3.918439e+00   8.085759e-19   1.840734e-03   2.275601e-22   18005600
  3.924818e+00   7.833132e-19   1.842344e-03   2.197676e-22   17984552
  3.931198e+00   7.602041e-19   1.841062e-03   2.126939e-22   17934860
  3.937574e+00   7.389683e-19   1.840562e-03   2.061398e-22   17891468
  3.943950e+00   7.179123e-19   1.840945e-03   1.997295e-22   17857712
  3.950326e+00   6.986062e-19   1.840137e-03   1.937310e-22   17813108
  3.956702e+00   6.805152e-19   1.841074e-03   1.882421e-22   17784788
  3.963079e+00   6.637111e-19   1.840240e-03   1.831561e-22   17737268
  3.969455e+00   6.471687e-19   1.841773e-03   1.780956e-22   17713268
  3.975833e+00   6.317570e-19   1.840239e-03   1.733639e-22   17661912
  3.982208e+00   6.176839e-19   1.840290e-03   1.690624e-22   17622668
  3.988586e+00   6.034227e-19   1.842133e-03   1.646672e-22   17600552
  3.994964e+00   5.903493e-19   1.839951e-03   1.607308e-22   17542580
  4.001340e+00   5.778379e-19   1.840772e-03   1.570541e-22   17509112
  4.007717e+00   5.660983e-19   1.841501e-03   1.534122e-22   17475116
  4.014093e+00   5.549044e-19   1.839606e-03   1.501253e-22   17419964
  4.020469e+00   5.437586e-19   1.841433e-03   1.466312e-22   17397056
  4.026846e+00   5.334878e-19   1.840314e-03   1.435720e-22   17345336
  4.033223e+00   5.233820e-19   1.840964e-03   1.406626e-22   17310476
  4.039596e+00   5.137433e-19   1.838459e-03   1.377837e-22   17246360
  4.045972e+00   5.047255e-19   1.842582e-03   1.350650e-22   17244284
  4.052354e+00   4.958725e-19   1.842150e-03   1.324582e-22   17198240
  4.058731e+00   4.875983e-19   1.839271e-03   1.299831e-22   17130932
  4.065106e+00   4.796884e-19   1.841562e-03   1.276391e-22   17110040
  4.071484e+00   4.716135e-19   1.840722e-03   1.252799e-22   17058488
  4.077857e+00   4.638991e-19   1.839135e-03   1.231912e-22   17003664
  4.084233e+00   4.565723e-19   1.841446e-03   1.210493e-22   16983908
  4.090612e+00   4.495422e-19   1.841420e-03   1.189723e-22   16939220
  4.096989e+00   4.427400e-19   1.840515e-03   1.170016e-22   16888904
  4.103367e+00   4.361828e-19   1.841500e-03   1.152319e-22   16854920
  4.109743e+00   4.297302e-19   1.839861e-03   1.134583e-22   16795136
  4.116117e+00   4.237580e-19   1.840184e-03   1.118313e-22   16755860
  4.122495e+00   4.176215e-19   1.841913e-03   1.100355e-22   16729064
  4.128872e+00   4.121503e-19   1.840126e-03   1.085854e-22   16668260
  4.135248e+00   4.065979e-19   1.841092e-03   1.070106e-22   16631456
  4.141626e+00   4.011860e-19   1.841230e-03   1.055656e-22   16588208
  4.148001e+00   3.952161e-19   1.839635e-03   1.040228e-22   16531052
  4.154379e+00   3.903401e-19   1.842867e-03   1.026005e-22   16514456
  4.160755e+00   3.854025e-19   1.838861e-03   1.014244e-22   16432880
  4.167131e+00   3.804364e-19   1.842344e-03   1.000804e-22   16421120
  4.173510e+00   3.760690e-19   1.840051e-03   9.900367e-23   16354148
  4.179885e+00   3.712501e-19   1.841003e-03   9.765028e-23   16316184
  4.186264e+00   3.665461e-19   1.842179e-03   9.652155e-23   16283360
  4.192641e+00   3.623138e-19   1.839085e-03   9.552759e-23   16208756
  4.199016e+00   3.580458e-19   1.841765e-03   9.442380e-23   16184372
  4.205394e+00   3.539364e-19   1.840922e-03   9.337941e-23   16131116
  4.211767e+00   3.498503e-19   1.839273e-03   9.237905e-23   16070864
  4.218143e+00   3.458858e-19   1.841935e-03   9.139820e-23   16047596
  4.224522e+00   3.421458e-19   1.841132e-03   9.045323e-23   15993464
  4.230898e+00   3.380287e-19   1.839789e-03   8.947933e-23   15936116
  4.237274e+00   3.344404e-19   1.841227e-03   8.870255e-23   15899564
  4.243650e+00   3.306634e-19   1.840412e-03   8.782828e-23   15843188
  4.250027e+00   3.271349e-19   1.841430e-03   8.692387e-23   15806012
  4.256404e+00   3.237434e-19   1.840029e-03   8.625151e-23   15746972
  4.262780e+00   3.201561e-19   1.841029e-03   8.535228e-23   15706280
  4.269158e+00   3.170550e-19   1.841316e-03   8.462095e-23   15660560
  4.275534e+00   3.136781e-19   1.839976e-03   8.393448e-23   15601664
  4.281910e+00   3.104701e-19   1.840520e-03   8.318139e-23   15555936
  4.288286e+00   3.070839e-19   1.841154e-03   8.242679e-23   15511664
  4.294665e+00   3.042097e-19   1.841118e-03   8.188989e-23   15463688
  4.301042e+00   3.010049e-19   1.840371e-03   8.121583e-23   15406784
  4.307419e+00   2.981784e-19   1.841443e-03   8.062514e-23   15364076
  4.313795e+00   2.950216e-19   1.839853e-03   7.992143e-23   15302144
  4.320171e+00   2.919882e-19   1.841222e-03   7.924921e-23   15264716
  4.326549e+00   2.892586e-19   1.841061e-03   7.872971e-23   15212204
  4.332926e+00   2.865926e-19   1.840328e-03   7.819754e-23   15154664
  4.339301e+00   2.835888e-19   1.840391e-03   7.760241e-23   15104684
  4.345675e+00   2.810571e-19   1.839587e-03   7.707643e-23   15046256
  4.352051e+00   2.784587e-19   1.841370e-03   7.658089e-23   15009272
  4.358428e+00   2.757070e-19   1.840387e-03   7.602060e-23   14951624
  4.364807e+00   2.730741e-19   1.842302e-03   7.553343e-23   14915300
  4.371187e+00   2.705539e-19   1.840481e-03   7.499952e-23   14847140
  4.377560e+00   2.682845e-19   1.839457e-03   7.465169e-23   14786624
  4.383935e+00   2.656492e-19   1.840794e-03   7.415805e-23   14745252
  4.390313e+00   2.632693e-19   1.841504e-03   7.370200e-23   14697932
  4.396692e+00   2.609520e-19   1.841471e-03   7.329528e-23   14644448
  4.403070e+00   2.584594e-19   1.840856e-03   7.280152e-23   14586896
  4.409445e+00   2.561419e-19   1.839917e-03   7.241979e-23   14525000
  4.415820e+00   2.538476e-19   1.841355e-03   7.197462e-23   14482088
  4.422197e+00   2.515615e-19   1.840486e-03   7.161270e-23   14423696
  4.428574e+00   2.494553e-19   1.840927e-03   7.125434e-23   14373848
  4.434951e+00   2.470272e-19   1.841026e-03   7.078317e-23   14319188
  4.441328e+00   2.450102e-19   1.840720e-03   7.046626e-23   14262248
  4.447704e+00   2.427246e-19   1.840293e-03   7.001561e-23   14204780
  4.454079e+00   2.407339e-19   1.840780e-03   6.967079e-23   14153240
  4.460456e+00   2.386439e-19   1.840870e-03   6.940502e-23   14099048
  4.466833e+00   2.364063e-19   1.841305e-03   6.893644e-23   14048288
  4.473210e+00   2.345078e-19   1.840220e-03   6.867511e-23   13983860
  4.479586e+00   2.326027e-19   1.841413e-03   6.839571e-23   13935800
  4.485962e+00   2.304754e-19   1.839813e-03   6.807083e-23   13868784
  4.492338e+00   2.284160e-19   1.841245e-03   6.768367e-23   13824536
  4.498718e+00   2.267143e-19   1.842226e-03   6.739261e-23   13774364
  4.505095e+00   2.247511e-19   1.840286e-03   6.717250e-23   13702856
  4.511470e+00   2.226237e-19   1.840225e-03   6.672152e-23   13646648
  4.517844e+00   2.209128e-19   1.840082e-03   6.651532e-23   13588364
  4.524220e+00   2.191368e-19   1.841200e-03   6.627277e-23   13539920
  4.530597e+00   2.171041e-19   1.840383e-03   6.592995e-23   13478432
  4.536974e+00   2.153933e-19   1.840898e-03   6.568536e-23   13424264
  4.543353e+00   2.136077e-19   1.841656e-03   6.539318e-23   13370000
  4.549730e+00   2.118041e-19   1.840597e-03   6.502995e-23   13304432
  4.556105e+00   2.100089e-19   1.839697e-03   6.482369e-23   13241228
  4.562479e+00   2.084305e-19   1.840265e-03   6.466513e-23   13186508
  4.568858e+00   2.065556e-19   1.842616e-03   6.433552e-23   13144544
  4.575236e+00   2.049057e-19   1.839577e-03   6.413956e-23   13065032
  4.581610e+00   2.032263e-19   1.840140e-03   6.390804e-23   13008512
  4.587987e+00   2.016087e-19   1.841456e-03   6.362186e-23   12957360
  4.594365e+00   2.000386e-19   1.841180e-03   6.340347e-23   12897728
  4.600740e+00   1.985222e-19   1.838906e-03   6.331892e-23   12822884
  4.607118e+00   1.967696e-19   1.843186e-03   6.290520e-23   12790772
  4.613497e+00   1.951293e-19   1.839965e-03   6.274860e-23   12707960
  4.619871e+00   1.935564e-19   1.840055e-03   6.252897e-23   12650024
  4.626249e+00   1.919284e-19   1.841592e-03   6.233580e-23   12599360
  4.632627e+00   1.905314e-19   1.841060e-03   6.222120e-23   12533984
  4.639003e+00   1.891794e-19   1.840024e-03   6.207295e-23   12467036
  4.645379e+00   1.874314e-19   1.841105e-03   6.176124e-23   12412124
  4.651756e+00   1.862906e-19   1.840677e-03   6.170388e-23   12345776
  4.658131e+00   1.846431e-19   1.840856e-03   6.143024e-23   12286760
  4.664508e+00   1.830299e-19   1.840642e-03   6.120796e-23   12225452
  4.670885e+00   1.817590e-19   1.840694e-03   6.107885e-23   12162584
  4.677263e+00   1.803021e-19   1.841648e-03   6.090758e-23   12105824
  4.683640e+00   1.786500e-19   1.840444e-03   6.070908e-23   12036248
  4.690015e+00   1.773022e-19   1.840000e-03   6.053934e-23   11969736
  4.696391e+00   1.761318e-19   1.841517e-03   6.048709e-23   11916224
  4.702769e+00   1.748062e-19   1.840685e-03   6.031750e-23   11849312
  4.709145e+00   1.732808e-19   1.840274e-03   6.015187e-23   11783300
  4.715522e+00   1.720686e-19   1.841310e-03   5.998689e-23   11724800
  4.721898e+00   1.705901e-19   1.840639e-03   5.981620e-23   11657372
  4.728275e+00   1.690920e-19   1.840697e-03   5.958820e-23   11595320
  4.734652e+00   1.679944e-19   1.840360e-03   5.958372e-23   11527928
  4.741029e+00   1.666939e-19   1.841428e-03   5.945763e-23   11469008
  4.747404e+00   1.653386e-19   1.839492e-03   5.932058e-23   11392904
  4.753780e+00   1.640800e-19   1.841657e-03   5.909034e-23   11340476
  4.760155e+00   1.628927e-19   1.839780e-03   5.906337e-23   11263520
  4.766534e+00   1.615151e-19   1.842729e-03   5.886150e-23   11218472
  4.772911e+00   1.603046e-19   1.838731e-03   5.875633e-23   11129336
  4.779288e+00   1.592461e-19   1.842467e-03   5.868850e-23   11083964
  4.785665e+00   1.578409e-19   1.839931e-03   5.856839e-23   11001992
  4.792039e+00   1.567088e-19   1.840072e-03   5.848515e-23   10938228
  4.798414e+00   1.554177e-19   1.840560e-03   5.835710e-23   10874336
  4.804792e+00   1.542720e-19   1.841863e-03   5.821088e-23   10814828
  4.811169e+00   1.531311e-19   1.839739e-03   5.823333e-23   10736984
  4.817544e+00   1.518889e-19   1.840541e-03   5.808862e-23   10673948
  4.823923e+00   1.509655e-19   1.842721e-03   5.806872e-23   10617704
  4.830301e+00   1.495819e-19   1.840081e-03   5.792704e-23   10536416
  4.836675e+00   1.484106e-19   1.839468e-03   5.792255e-23   10466324
  4.843052e+00   1.472670e-19   1.842362e-03   5.773342e-23   10412984
  4.849431e+00   1.462141e-19   1.840724e-03   5.771470e-23   10334840
  4.855806e+00   1.450356e-19   1.840268e-03   5.762101e-23   10265528
  4.862183e+00   1.441871e-19   1.840956e-03   5.765892e-23   10200692
  4.868561e+00   1.429931e-19   1.841614e-03   5.750547e-23   10135292
  4.874938e+00   1.416485e-19   1.839941e-03   5.741147e-23   10058816
  4.881314e+00   1.407087e-19   1.840525e-03   5.740209e-23   9991772
  4.887691e+00   1.397514e-19   1.841575e-03   5.743996e-23   9925880
  4.894065e+00   1.384595e-19   1.838924e-03   5.729702e-23   9843288
  4.900441e+00   1.374840e-19   1.842306e-03   5.720177e-23   9792968
  4.906821e+00   1.364996e-19   1.840795e-03   5.727490e-23   9713612
  4.913196e+00   1.354483e-19   1.840365e-03   5.725205e-23   9640628
  4.919573e+00   1.343403e-19   1.840900e-03   5.722339e-23   9574256
  4.925949e+00   1.332000e-19   1.840276e-03   5.718906e-23   9499064
  4.932325e+00   1.323248e-19   1.841227e-03   5.714579e-23   9432296
  4.938702e+00   1.311734e-19   1.841040e-03   5.709226e-23   9362204
  4.945079e+00   1.300228e-19   1.840104e-03   5.699972e-23   9286052
  4.951457e+00   1.290872e-19   1.842090e-03   5.703248e-23   9222320
  4.957835e+00   1.282379e-19   1.841090e-03   5.713204e-23   9145976
  4.964211e+00   1.270690e-19   1.839895e-03   5.701947e-23   9070268
  4.970586e+00   1.260434e-19   1.840297e-03   5.700681e-23   8999720
  4.976964e+00   1.252568e-19   1.841617e-03   5.713698e-23   8932664
  4.983339e+00   1.240954e-19   1.838848e-03   5.703641e-23   8847344
  4.989712e+00   1.231026e-19   1.840809e-03   5.713043e-23   8782688
  4.996090e+00   1.222797e-19   1.841883e-03   5.712145e-23   8713440
  5.002468e+00   1.210690e-19   1.841131e-03   5.700377e-23   8638616
  5.008845e+00   1.200198e-19   1.839945e-03   5.699738e-23   8560856
  5.015220e+00   1.192561e-19   1.840402e-03   5.710260e-23   8487620
  5.021598e+00   1.182495e-19   1.842484e-03   5.711497e-23   8422796
  5.027976e+00   1.170878e-19   1.839559e-03   5.710501e-23   8336348
  5.034350e+00   1.162961e-19   1.840420e-03   5.725799e-23   8265176
  5.040727e+00   1.151667e-19   1.841761e-03   5.713956e-23   8196176
  5.047104e+00   1.141500e-19   1.839932e-03   5.721791e-23   8114636
  5.053478e+00   1.130177e-19   1.839889e-03   5.708454e-23   8038724
  5.059856e+00   1.122488e-19   1.842986e-03   5.718288e-23   7975460
  5.066235e+00   1.112248e-19   1.840210e-03   5.718486e-23   7889792
  5.072611e+00   1.100008e-19   1.840188e-03   5.709422e-23   7815728
  5.078987e+00   1.093006e-19   1.840544e-03   5.728521e-23   7739288
  5.085364e+00   1.080627e-19   1.841840e-03   5.715855e-23   7667432
  5.091741e+00   1.069968e-19   1.839798e-03   5.717180e-23   7583684
  5.098113e+00   1.061598e-19   1.839459e-03   5.726316e-23   7505172
  5.104490e+00   1.049909e-19   1.842916e-03   5.717551e-23   7442636
  5.110871e+00   1.040079e-19   1.841224e-03   5.729914e-23   7360676
  5.117246e+00   1.027994e-19   1.838532e-03   5.717106e-23   7272728
  5.123622e+00   1.019733e-19   1.842521e-03   5.721175e-23   7209140
  5.130001e+00   1.007527e-19   1.840984e-03   5.706372e-23   7125632
  5.136377e+00   9.971601e-20   1.840289e-03   5.717159e-23   7046924
  5.142753e+00   9.860873e-20   1.840046e-03   5.703462e-23   6966968
  5.149129e+00   9.765491e-20   1.841514e-03   5.720109e-23   6893408
  5.155505e+00   9.647398e-20   1.840118e-03   5.721932e-23   6811004
  5.161881e+00   9.532490e-20   1.840529e-03   5.699249e-23   6732944
  5.168258e+00   9.435911e-20   1.841885e-03   5.717132e-23   6658628
  5.174637e+00   9.296894e-20   1.841220e-03   5.687618e-23   6578804
  5.181014e+00   9.179661e-20   1.839505e-03   5.684227e-23   6493628
  5.187389e+00   9.079927e-20   1.841020e-03   5.688342e-23   6417476
  5.193767e+00   8.958014e-20   1.842303e-03   5.667345e-23   6341156
  5.200142e+00   8.820638e-20   1.838905e-03   5.649567e-23   6251676
  5.206515e+00   8.684489e-20   1.840100e-03   5.613309e-23   6176072
  5.212894e+00   8.605470e-20   1.842591e-03   5.643682e-23   6103028
  5.219273e+00   8.436875e-20   1.840028e-03   5.602577e-23   6015356
  5.225646e+00   8.279718e-20   1.838527e-03   5.554892e-23   5928908
  5.232022e+00   8.205725e-20   1.843529e-03   5.575405e-23   5861504
  5.238402e+00   8.026018e-20   1.840564e-03   5.521609e-23   5772440
  5.244776e+00   7.861350e-20   1.839302e-03   5.457868e-23   5688596
  5.251152e+00   7.776720e-20   1.841421e-03   5.483882e-23   5611412
  5.257531e+00   7.596145e-20   1.842425e-03   5.416307e-23   5532224
  5.263907e+00   7.418553e-20   1.838741e-03   5.333777e-23   5440748
  5.270281e+00   7.289673e-20   1.841068e-03   5.310437e-23   5364572
  5.276660e+00   7.123805e-20   1.842167e-03   5.243184e-23   5285204
  5.283039e+00   6.942389e-20   1.840147e-03   5.171511e-23   5197796
  5.289414e+00   6.782683e-20   1.840074e-03   5.093946e-23   5113244
  5.295789e+00   6.631682e-20   1.841509e-03   5.046425e-23   5032664
  5.302162e+00   6.429750e-20   1.838866e-03   4.915470e-23   4943484
  5.308538e+00   6.245223e-20   1.842083e-03   4.802551e-23   4869920
  5.314919e+00   6.047057e-20   1.840875e-03   4.682183e-23   4782608
  5.321298e+00   5.850830e-20   1.842000e-03   4.530327e-23   4700756
  5.327675e+00   5.646270e-20   1.839332e-03   4.363116e-23   4608920
  5.334047e+00   5.433811e-20   1.840509e-03   4.183930e-23   4528829
  5.340423e+00   5.262098e-20   1.840790e-03   4.051005e-23   4453172
  5.346801e+00   5.094578e-20   1.841398e-03   3.913731e-23   4381652
  5.353179e+00   4.946882e-20   1.840856e-03   3.802168e-23   4309628
  5.359558e+00   4.799188e-20   1.841542e-03   3.684271e-23   4242188
  5.365934e+00   4.666591e-20   1.840185e-03   3.579342e-23   4171796
  5.372309e+00   4.542768e-20   1.840332e-03   3.488987e-23   4107506
  5.378687e+00   4.422056e-20   1.841030e-03   3.396366e-23   4045694
  5.385067e+00   4.310988e-20   1.841878e-03   3.314093e-23   3984530
  5.391443e+00   4.195852e-20   1.839184e-03   3.237046e-23   3916622
  5.397815e+00   4.094745e-20   1.840413e-03   3.157709e-23   3858626
  5.404188e+00   3.991905e-20   1.839752e-03   3.080086e-23   3798918
  5.410566e+00   3.894059e-20   1.842453e-03   3.012482e-23   3747464
  5.416947e+00   3.804460e-20   1.840720e-03   2.947037e-23   3687278
  5.423327e+00   3.700093e-20   1.841755e-03   2.870660e-23   3632618
  5.429702e+00   3.612155e-20   1.839341e-03   2.807570e-23   3571766
  5.436076e+00   3.528553e-20   1.841405e-03   2.757701e-23   3521264
  5.442452e+00   3.442169e-20   1.840602e-03   2.693364e-23   3466964
  5.448828e+00   3.370883e-20   1.840149e-03   2.648410e-23   3414320
  5.455204e+00   3.280999e-20   1.840343e-03   2.564148e-23   3362948
  5.461581e+00   3.207612e-20   1.841385e-03   2.516729e-23   3313130
  5.467960e+00   3.135032e-20   1.841559e-03   2.472474e-23   3262766
  5.474335e+00   3.062815e-20   1.839552e-03   2.420700e-23   3210122
  5.480711e+00   2.991355e-20   1.841068e-03   2.367480e-23   3164282
  5.487089e+00   2.929179e-20   1.840871e-03   2.322282e-23   3115358
  5.493467e+00   2.855453e-20   1.841892e-03   2.269984e-23   3068642
  5.499842e+00   2.791685e-20   1.839367e-03   2.224672e-23   3017270
  5.506214e+00   2.729727e-20   1.840421e-03   2.180467e-23   2973396
  5.512592e+00   2.669629e-20   1.841795e-03   2.139732e-23   2930882
  5.518975e+00   2.608542e-20   1.842009e-03   2.099754e-23   2886296
  5.525354e+00   2.543249e-20   1.840110e-03   2.052851e-23   2838068
  5.531729e+00   2.491754e-20   1.840402e-03   2.017569e-23   2793680
  5.538103e+00   2.438630e-20   1.841057e-03   1.988792e-23   2750948
  5.544478e+00   2.381778e-20   1.840332e-03   1.937178e-23   2707712
  5.550852e+00   2.329887e-20   1.839444e-03   1.900648e-23   2665124
  5.557230e+00   2.282659e-20   1.841751e-03   1.874596e-23   2626712
  5.563610e+00   2.231844e-20   1.840829e-03   1.839180e-23   2583542
  5.569988e+00   2.185766e-20   1.841328e-03   1.804138e-23   2543108
  5.576363e+00   2.135994e-20   1.839426e-03   1.768927e-23   2500538
  5.582739e+00   2.084695e-20   1.841521e-03   1.734764e-23   2464052
  5.589119e+00   2.045015e-20   1.841364e-03   1.709793e-23   2424194
  5.595493e+00   1.993942e-20   1.839158e-03   1.671891e-23   2381732
  5.601866e+00   1.956225e-20   1.841683e-03   1.641536e-23   2346386
  5.608241e+00   1.912622e-20   1.839649e-03   1.620932e-23   2306598
  5.614618e+00   1.874550e-20   1.842029e-03   1.586664e-23   2273186
  5.621000e+00   1.837637e-20   1.840989e-03   1.571735e-23   2235188
  5.627378e+00   1.798496e-20   1.839949e-03   1.536202e-23   2196638
  5.633754e+00   1.759535e-20   1.841588e-03   1.508239e-23   2161706
  5.640129e+00   1.722020e-20   1.840261e-03   1.481694e-23   2124422
  5.646501e+00   1.680197e-20   1.838999e-03   1.451085e-23   2088578
  5.652879e+00   1.648334e-20   1.842650e-03   1.430456e-23   2058512
  5.659259e+00   1.616171e-20   1.839498e-03   1.409435e-23   2020202
  5.665635e+00   1.580431e-20   1.841528e-03   1.383737e-23   1987670
  5.672010e+00   1.551478e-20   1.840033e-03   1.364300e-23   1952114
  5.678381e+00   1.515266e-20   1.839290e-03   1.340851e-23   1918694
  5.684760e+00   1.481833e-20   1.843391e-03   1.317349e-23   1890932
  5.691143e+00   1.454631e-20   1.840482e-03   1.299330e-23   1855382
  5.697520e+00   1.425698e-20   1.841151e-03   1.278289e-23   1823276
  5.703897e+00   1.395511e-20   1.841467e-03   1.258229e-23   1791446
  5.710267e+00   1.368001e-20   1.837484e-03   1.238448e-23   1756566
  5.716642e+00   1.339725e-20   1.843486e-03   1.221461e-23   1732292
  5.723026e+00   1.314276e-20   1.841021e-03   1.202470e-23   1699718
  5.729405e+00   1.289435e-20   1.840666e-03   1.185995e-23   1668524
  5.735782e+00   1.262019e-20   1.841307e-03   1.165172e-23   1638656
  5.742152e+00   1.235982e-20   1.837941e-03   1.149170e-23   1606154
  5.748524e+00   1.210014e-20   1.841528e-03   1.130966e-23   1580984
  5.754907e+00   1.187712e-20   1.842158e-03   1.114634e-23   1553372
  5.761287e+00   1.162470e-20   1.839903e-03   1.100949e-23   1522502
  5.767663e+00   1.139366e-20   1.841211e-03   1.082876e-23   1494788
  5.774035e+00   1.118959e-20   1.839049e-03   1.073639e-23   1464992
  5.780407e+00   1.095181e-20   1.840885e-03   1.052365e-23   1439564
  5.786788e+00   1.075003e-20   1.842803e-03   1.039064e-23   1414766
  5.793173e+00   1.053174e-20   1.841316e-03   1.027360e-23   1386620
  5.799549e+00   1.032995e-20   1.839295e-03   1.011410e-23   1358024
  5.805920e+00   1.014309e-20   1.840494e-03   1.002976e-23   1332236
  5.812287e+00   9.964468e-21   1.837583e-03   9.908092e-24   1304568
  5.818666e+00   9.754694e-21   1.844995e-03   9.710905e-24   1285316
  5.825053e+00   9.554530e-21   1.840679e-03   9.629909e-24   1257272
  5.831429e+00   9.399475e-21   1.839591e-03   9.501890e-24   1231028
  5.837804e+00   9.221893e-21   1.841474e-03   9.408045e-24   1207136
  5.844175e+00   9.050033e-21   1.839197e-03   9.294018e-24   1181180
  5.850547e+00   8.862222e-21   1.841135e-03   9.119041e-24   1159352
  5.856931e+00   8.728191e-21   1.842986e-03   9.098272e-24   1137476
  5.863312e+00   8.542436e-21   1.839166e-03   8.973230e-24   1111280
  5.869686e+00   8.418680e-21   1.840689e-03   8.885269e-24   1088468
  5.876057e+00   8.273584e-21   1.840140e-03   8.810859e-24   1065008
  5.882427e+00   8.109211e-21   1.839713e-03   8.678110e-24   1042934
  5.888808e+00   7.959953e-21   1.843186e-03   8.575751e-24   1023488
  5.895195e+00   7.820615e-21   1.841961e-03   8.526338e-24   1000700
  5.901573e+00   7.685582e-21   1.839831e-03   8.466304e-24   977264
  5.907943e+00   7.570680e-21   1.839220e-03   8.377568e-24   955052
  5.914306e+00   7.441857e-21   1.837596e-03   8.316356e-24   933546
  5.920685e+00   7.291668e-21   1.845011e-03   8.186094e-24   917348
  5.927075e+00   7.182559e-21   1.841622e-03   8.176363e-24   895328
  5.933456e+00   7.048280e-21   1.840197e-03   8.065379e-24   873878
  5.939831e+00   6.937814e-21   1.841204e-03   8.019344e-24   853664
  5.946198e+00   6.828049e-21   1.838301e-03   7.993110e-24   832604
  5.952570e+00   6.715433e-21   1.841647e-03   7.884683e-24   815546
  5.958955e+00   6.590431e-21   1.841795e-03   7.843992e-24   797012
  5.965336e+00   6.485405e-21   1.838979e-03   7.778089e-24   776576
  5.971714e+00   6.395447e-21   1.842719e-03   7.758800e-24   758726
  5.978085e+00   6.287934e-21   1.838577e-03   7.699714e-24   738296
  5.984452e+00   6.182447e-21   1.839422e-03   7.642998e-24   721172
  5.990833e+00   6.106911e-21   1.842852e-03   7.640098e-24   705434
  5.997222e+00   6.005418e-21   1.841204e-03   7.595310e-24   687092
  6.003603e+00   5.896402e-21   1.841572e-03   7.508234e-24   669098
  6.009974e+00   5.824810e-21   1.839142e-03   7.518680e-24   650516
  6.016332e+00   5.741367e-21   1.836042e-03   7.504236e-24   632898
  6.022707e+00   5.663092e-21   1.844938e-03   7.497073e-24   620228
  6.029100e+00   5.566913e-21   1.842281e-03   7.455324e-24   603206
  6.035485e+00   5.495339e-21   1.841847e-03   7.377984e-24   586328
  6.041859e+00   5.423351e-21   1.840113e-03   7.417306e-24   569222
  6.048217e+00   5.347848e-21   1.835706e-03   7.430392e-24   552266
  6.054584e+00   5.273941e-21   1.843023e-03   7.416742e-24   539996
  6.060976e+00   5.191320e-21   1.843843e-03   7.359974e-24   525722
  6.067365e+00   5.132033e-21   1.839929e-03   7.358530e-24   509372
  6.073742e+00   5.055035e-21   1.840974e-03   7.372839e-24   494282
  6.080105e+00   5.009998e-21   1.836470e-03   7.431581e-24   478340
  6.086466e+00   4.946683e-21   1.839100e-03   7.430441e-24   465554
  6.092852e+00   4.890422e-21   1.844310e-03   7.414685e-24   453734
  6.099249e+00   4.810252e-21   1.841644e-03   7.418602e-24   439184
  6.105633e+00   4.735855e-21   1.841774e-03   7.411159e-24   424910
  6.112001e+00   4.704126e-21   1.839131e-03   7.461315e-24   410366
  6.118344e+00   4.661496e-21   1.830585e-03   7.512700e-24   395856
  6.124716e+00   4.584343e-21   1.849093e-03   7.439437e-24   387998
  6.131124e+00   4.561607e-21   1.844381e-03   7.554530e-24   374642
  6.137516e+00   4.499618e-21   1.841320e-03   7.628229e-24   361118
  6.143885e+00   4.460269e-21   1.838483e-03   7.641248e-24   347792
  6.150233e+00   4.397049e-21   1.833537e-03   7.736260e-24   335054
  6.156598e+00   4.353890e-21   1.843369e-03   7.681691e-24   326162
  6.163003e+00   4.315462e-21   1.845744e-03   7.780278e-24   315686
  6.169403e+00   4.279586e-21   1.839717e-03   7.836143e-24   302960
  6.175780e+00   4.244722e-21   1.841146e-03   7.964676e-24   291278
  6.182130e+00   4.215462e-21   1.834474e-03   8.068893e-24   278966
  6.188475e+00   4.177935e-21   1.838848e-03   8.131944e-24   269786
  6.194867e+00   4.114154e-21   1.848548e-03   8.081699e-24   261710
  6.201275e+00   4.068069e-21   1.841196e-03   8.193199e-24   250472
  6.207659e+00   4.061665e-21   1.840781e-03   8.335551e-24   239846
  6.214020e+00   4.028185e-21   1.837833e-03   8.413119e-24   229250
  6.220353e+00   3.995104e-21   1.827068e-03   8.541489e-24   218958
  6.226735e+00   3.966069e-21   1.853573e-03   8.628818e-24   213722
  6.233163e+00   3.934624e-21   1.842328e-03   8.763032e-24   203414
  6.239564e+00   3.900556e-21   1.844048e-03   8.859154e-24   193940
  6.245924e+00   3.872335e-21   1.836439e-03   9.032664e-24   183650
  6.252241e+00   3.874469e-21   1.829855e-03   9.267200e-24   174638
  6.258588e+00   3.816350e-21   1.843490e-03   9.310723e-24   168842
  6.265008e+00   3.780789e-21   1.847266e-03   9.415348e-24   161846
  6.271432e+00   3.792830e-21   1.841236e-03   9.672464e-24   153146
  6.277822e+00   3.757304e-21   1.840929e-03   9.915396e-24   144686
  6.284170e+00   3.752084e-21   1.837187e-03   1.014701e-23   136418
  6.290480e+00   3.742351e-21   1.823629e-03   1.051454e-23   128822
  6.296862e+00   3.709048e-21   1.856474e-03   1.049717e-23   124862
  6.303298e+00   3.679239e-21   1.842665e-03   1.079525e-23   117026
  6.309688e+00   3.642825e-21   1.840290e-03   1.096886e-23   109718
  6.316033e+00   3.640170e-21   1.835815e-03   1.136366e-23   102650
  6.322320e+00   3.657696e-21   1.808328e-03   1.188668e-23   95622
  6.328720e+00   3.599557e-21   1.871202e-03   1.172217e-23   93650
  6.335227e+00   3.598528e-21   1.849919e-03   1.215399e-23   86606
  6.341628e+00   3.616943e-21   1.828395e-03   1.283500e-23   79190
  6.347934e+00   3.606705e-21   1.839124e-03   1.324979e-23   73490
  6.354177e+00   3.581528e-21   1.810164e-03   1.373730e-23   67598
  6.360508e+00   3.546772e-21   1.844910e-03   1.400512e-23   65186
  6.367032e+00   3.579991e-21   1.858136e-03   1.455130e-23   61262
  6.373583e+00   3.532731e-21   1.851117e-03   1.508251e-23   55874
  6.379989e+00   3.556334e-21   1.823042e-03   1.608490e-23   49430
  6.386147e+00   3.536550e-21   1.803004e-03   1.686260e-23   43934
  6.392260e+00   3.522803e-21   1.790240e-03   1.749849e-23   41138
  6.398716e+00   3.501011e-21   1.870028e-03   1.727185e-23   40070
  6.405371e+00   3.514585e-21   1.854153e-03   1.834508e-23   35882
  6.411962e+00   3.511480e-21   1.842631e-03   1.972169e-23   31622
  6.418335e+00   3.501696e-21   1.817857e-03   2.150286e-23   26750
  6.424088e+00   3.521111e-21   1.593646e-03   2.422893e-23   21330
  6.430239e+00   3.527258e-21   1.860256e-03   2.324649e-23   23246
  6.436984e+00   3.528001e-21   1.855054e-03   2.462299e-23   20186
  6.443727e+00   3.496891e-21   1.848147e-03   2.715344e-23   17312
  6.450423e+00   3.464229e-21   1.830133e-03   2.882237e-23   14474
  6.456645e+00   3.543768e-21   1.688402e-03   3.505075e-23   10478
  6.462180e+00   3.525469e-21   1.692603e-03   3.658855e-23   9062
  6.468497e+00   3.545978e-21   1.842997e-03   3.793454e-23   8762
  6.475254e+00   3.564921e-21   1.841892e-03   4.197304e-23   6926
  6.482011e+00   3.489146e-21   1.840835e-03   4.841864e-23   5306
  6.488766e+00   3.502289e-21   1.839476e-03   5.605911e-23   3902
  6.494511e+00   3.614553e-21   1.128860e-03   8.242332e-23   1928
  6.500007e+00   3.354912e-21   1.834590e-03   7.547538e-23   2042
  6.506728e+00   3.564422e-21   1.826889e-03   9.648499e-23   1214
  6.513396e+00   3.283463e-21   1.806609e-03   1.424446e-22   602
  6.519909e+00   3.340233e-21   1.730042e-03   2.185815e-22   206
  6.525711e+00   3.134123e-21   9.814069e-04   5.564265e-22   24
