# power spectrum of delta_kessence
# redshift z=99.597220
# k              Pk             sigma(k)       sigma(Pk)      count
  5.011399e-03   3.543043e-11   7.667927e-04   6.677554e-12   18
  1.037418e-02   2.930500e-10   1.725047e-03   3.167083e-11   128
  1.616528e-02   9.586907e-10   1.646572e-03   5.297262e-11   314
  2.269071e-02   2.027509e-09   1.954354e-03   7.778442e-11   728
  2.897169e-02   3.700133e-09   1.717946e-03   1.241326e-10   1016
  3.518826e-02   5.010874e-09   1.880676e-03   1.234484e-10   1682
  4.169479e-02   7.382317e-09   1.831736e-03   1.553734e-10   2300
  4.790974e-02   9.239053e-09   1.770731e-03   1.735273e-10   2906
  5.429022e-02   1.226991e-08   1.892687e-03   2.022590e-10   4040
  6.068098e-02   1.558269e-08   1.775551e-03   2.353071e-10   4712
  6.698900e-02   1.972279e-08   1.857705e-03   2.535701e-10   6002
  7.346135e-02   2.321252e-08   1.857594e-03   2.757657e-10   7256
  7.977379e-02   2.750628e-08   1.772571e-03   3.104327e-10   8120
  8.609019e-02   3.022034e-08   1.864951e-03   3.031781e-10   9950
  9.253636e-02   3.336333e-08   1.853578e-03   3.084421e-10   11384
  9.885187e-02   3.554675e-08   1.809244e-03   3.194016e-10   12666
  1.052712e-01   3.903963e-08   1.889168e-03   3.129657e-10   15104
  1.117654e-01   4.288946e-08   1.850532e-03   3.365944e-10   16616
  1.180754e-01   4.846504e-08   1.799489e-03   3.638509e-10   18026
  1.244216e-01   5.291582e-08   1.853405e-03   3.626008e-10   20696
  1.308065e-01   5.725819e-08   1.827918e-03   3.852332e-10   22436
  1.371558e-01   6.283764e-08   1.845873e-03   4.014667e-10   24962
  1.435394e-01   6.591976e-08   1.831283e-03   3.955524e-10   27176
  1.499133e-01   6.814904e-08   1.847268e-03   3.966083e-10   29810
  1.562775e-01   7.105671e-08   1.828450e-03   4.014468e-10   32120
  1.626776e-01   7.359776e-08   1.865216e-03   3.920418e-10   35432
  1.690383e-01   7.833773e-08   1.814577e-03   4.066366e-10   37238
  1.754019e-01   8.264296e-08   1.856016e-03   4.078661e-10   41072
  1.817869e-01   8.666411e-08   1.834293e-03   4.199772e-10   43472
  1.881565e-01   9.252842e-08   1.848176e-03   4.278545e-10   47042
  1.945298e-01   9.859858e-08   1.829223e-03   4.466054e-10   49712
  2.008693e-01   1.021497e-07   1.840592e-03   4.470782e-10   53226
  2.072637e-01   1.035884e-07   1.853753e-03   4.313601e-10   57320
  2.136558e-01   1.074765e-07   1.831629e-03   4.404681e-10   60092
  2.200056e-01   1.107713e-07   1.839426e-03   4.393030e-10   63914
  2.263950e-01   1.132448e-07   1.849752e-03   4.320267e-10   68192
  2.327751e-01   1.170487e-07   1.833934e-03   4.389087e-10   71336
  2.391397e-01   1.205854e-07   1.845607e-03   4.380462e-10   75818
  2.455297e-01   1.248723e-07   1.844019e-03   4.431613e-10   79880
  2.518964e-01   1.300099e-07   1.834462e-03   4.485874e-10   83642
  2.582661e-01   1.350338e-07   1.840779e-03   4.532708e-10   88316
  2.646730e-01   1.384030e-07   1.859422e-03   4.540430e-10   93488
  2.710484e-01   1.414902e-07   1.827184e-03   4.552354e-10   96458
  2.773871e-01   1.446343e-07   1.829038e-03   4.607217e-10   101264
  2.837816e-01   1.471459e-07   1.862873e-03   4.473143e-10   107696
  2.901819e-01   1.491189e-07   1.837217e-03   4.473843e-10   111170
  2.965233e-01   1.546011e-07   1.822285e-03   4.545955e-10   115232
  3.028941e-01   1.575847e-07   1.855375e-03   4.508060e-10   122310
  3.093019e-01   1.610079e-07   1.843350e-03   4.520841e-10   126944
  3.156739e-01   1.658183e-07   1.828600e-03   4.580548e-10   131192
  3.220432e-01   1.696353e-07   1.844535e-03   4.599772e-10   137618
  3.284234e-01   1.731533e-07   1.836674e-03   4.583020e-10   142448
  3.347979e-01   1.753222e-07   1.844704e-03   4.538725e-10   148520
  3.411627e-01   1.789325e-07   1.831436e-03   4.605390e-10   153254
  3.475446e-01   1.824942e-07   1.852010e-03   4.568430e-10   160760
  3.539284e-01   1.831041e-07   1.835751e-03   4.473978e-10   165290
  3.603019e-01   1.877688e-07   1.840148e-03   4.536683e-10   171992
  3.666828e-01   1.909793e-07   1.840217e-03   4.547182e-10   177800
  3.730569e-01   1.948835e-07   1.843032e-03   4.556443e-10   184322
  3.794439e-01   1.980841e-07   1.841595e-03   4.554765e-10   190832
  3.858239e-01   2.009502e-07   1.839260e-03   4.564610e-10   196772
  3.921872e-01   2.051336e-07   1.836453e-03   4.567211e-10   202970
  3.985536e-01   2.087471e-07   1.839266e-03   4.558401e-10   210056
  4.049173e-01   2.118474e-07   1.832832e-03   4.556031e-10   216210
  4.112896e-01   2.145570e-07   1.841640e-03   4.521808e-10   224168
  4.176700e-01   2.159868e-07   1.840761e-03   4.517998e-10   230792
  4.240565e-01   2.205322e-07   1.846256e-03   4.523880e-10   238778
  4.304312e-01   2.217635e-07   1.831772e-03   4.484882e-10   243956
  4.367939e-01   2.262905e-07   1.845141e-03   4.500616e-10   252680
  4.431746e-01   2.289103e-07   1.842020e-03   4.494267e-10   260066
  4.495713e-01   2.322037e-07   1.849294e-03   4.479223e-10   268712
  4.559494e-01   2.360211e-07   1.834336e-03   4.507993e-10   274034
  4.623270e-01   2.366774e-07   1.847366e-03   4.450118e-10   283904
  4.687088e-01   2.401921e-07   1.837425e-03   4.453617e-10   290048
  4.750707e-01   2.423121e-07   1.836659e-03   4.459414e-10   297950
  4.814434e-01   2.457677e-07   1.842026e-03   4.466981e-10   306968
  4.878269e-01   2.503279e-07   1.843240e-03   4.468878e-10   315320
  4.942006e-01   2.505848e-07   1.835899e-03   4.411828e-10   322346
  5.005701e-01   2.541394e-07   1.842589e-03   4.404615e-10   331664
  5.069538e-01   2.562985e-07   1.844896e-03   4.382247e-10   340818
  5.133346e-01   2.609248e-07   1.837322e-03   4.421954e-10   348164
  5.197083e-01   2.629047e-07   1.843548e-03   4.396993e-10   357584
  5.260929e-01   2.653586e-07   1.846059e-03   4.369589e-10   367106
  5.324635e-01   2.680969e-07   1.832285e-03   4.377170e-10   373376
  5.388350e-01   2.700383e-07   1.848023e-03   4.338521e-10   385376
  5.452233e-01   2.733579e-07   1.842356e-03   4.356249e-10   393650
  5.516038e-01   2.750144e-07   1.840588e-03   4.328931e-10   402704
  5.579656e-01   2.776324e-07   1.830970e-03   4.340093e-10   409910
  5.643320e-01   2.809916e-07   1.843407e-03   4.342485e-10   422024
  5.707212e-01   2.825676e-07   1.846526e-03   4.287816e-10   432176
  5.771022e-01   2.858877e-07   1.837404e-03   4.320792e-10   440066
  5.834769e-01   2.889442e-07   1.841263e-03   4.297026e-10   450680
  5.898365e-01   2.906743e-07   1.831084e-03   4.298793e-10   457856
  5.962115e-01   2.943356e-07   1.848347e-03   4.264439e-10   472538
  6.026013e-01   2.971626e-07   1.839689e-03   4.296519e-10   480140
  6.089752e-01   2.984773e-07   1.841279e-03   4.269653e-10   490842
  6.153517e-01   3.016383e-07   1.838382e-03   4.265537e-10   500744
  6.217295e-01   3.037064e-07   1.842392e-03   4.247550e-10   511856
  6.281145e-01   3.061461e-07   1.844734e-03   4.236517e-10   523202
  6.344991e-01   3.085329e-07   1.840396e-03   4.237633e-10   532688
  6.408638e-01   3.111445e-07   1.834541e-03   4.256253e-10   541520
  6.472341e-01   3.132811e-07   1.842653e-03   4.216346e-10   555110
  6.536136e-01   3.159989e-07   1.839126e-03   4.200290e-10   564944
  6.599884e-01   3.168848e-07   1.839832e-03   4.186892e-10   576434
  6.663740e-01   3.196598e-07   1.844405e-03   4.171513e-10   588848
  6.727501e-01   3.225383e-07   1.838623e-03   4.178528e-10   597704
  6.791236e-01   3.241533e-07   1.842386e-03   4.152900e-10   610946
  6.855006e-01   3.272345e-07   1.837794e-03   4.157421e-10   620852
  6.918722e-01   3.290132e-07   1.841901e-03   4.144509e-10   633530
  6.982524e-01   3.309145e-07   1.841844e-03   4.128450e-10   645704
  7.046316e-01   3.332834e-07   1.840565e-03   4.128986e-10   656744
  7.110074e-01   3.362466e-07   1.841941e-03   4.108822e-10   669162
  7.173906e-01   3.386169e-07   1.843286e-03   4.098545e-10   681992
  7.237681e-01   3.400759e-07   1.838959e-03   4.101608e-10   692360
  7.301485e-01   3.420895e-07   1.844364e-03   4.079975e-10   707006
  7.365206e-01   3.443011e-07   1.834135e-03   4.077977e-10   714944
  7.428835e-01   3.477733e-07   1.841775e-03   4.068963e-10   730346
  7.492606e-01   3.492375e-07   1.838962e-03   4.062940e-10   742616
  7.556415e-01   3.516314e-07   1.843530e-03   4.041810e-10   756536
  7.620128e-01   3.527291e-07   1.836595e-03   4.036101e-10   766418
  7.683917e-01   3.547447e-07   1.845753e-03   4.009112e-10   783392
  7.747614e-01   3.571395e-07   1.833632e-03   4.030048e-10   790412
  7.811334e-01   3.592815e-07   1.848120e-03   3.993593e-10   810314
  7.875277e-01   3.616652e-07   1.843702e-03   3.988868e-10   821960
  7.938987e-01   3.641977e-07   1.834976e-03   3.989873e-10   831266
  8.002712e-01   3.646415e-07   1.843706e-03   3.963117e-10   848960
  8.066557e-01   3.670096e-07   1.842629e-03   3.960375e-10   861488
  8.130204e-01   3.691075e-07   1.833334e-03   3.967286e-10   871194
  8.193985e-01   3.710795e-07   1.847247e-03   3.927809e-10   891788
  8.257796e-01   3.734014e-07   1.838008e-03   3.938215e-10   900416
  8.321422e-01   3.761494e-07   1.836250e-03   3.930111e-10   914306
  8.385264e-01   3.768793e-07   1.847988e-03   3.902689e-10   933992
  8.449011e-01   3.786237e-07   1.834294e-03   3.907826e-10   940826
  8.512701e-01   3.815588e-07   1.842364e-03   3.911836e-10   960224
  8.576621e-01   3.829395e-07   1.846556e-03   3.877824e-10   976316
  8.640381e-01   3.840020e-07   1.835724e-03   3.862165e-10   985010
  8.704114e-01   3.866024e-07   1.843336e-03   3.862614e-10   1004024
  8.767898e-01   3.871544e-07   1.839706e-03   3.854415e-10   1016288
  8.831639e-01   3.908243e-07   1.840690e-03   3.847551e-10   1032290
  8.895470e-01   3.920368e-07   1.843156e-03   3.832595e-10   1048640
  8.959130e-01   3.929117e-07   1.831919e-03   3.824440e-10   1057250
  9.022937e-01   3.965631e-07   1.849588e-03   3.813411e-10   1083140
  9.086870e-01   3.983449e-07   1.840763e-03   3.820990e-10   1092248
  9.150555e-01   3.989341e-07   1.837510e-03   3.797825e-10   1105914
  9.214310e-01   4.006700e-07   1.841822e-03   3.774924e-10   1124744
  9.278120e-01   4.030024e-07   1.841202e-03   3.781203e-10   1139120
  9.341841e-01   4.051380e-07   1.838536e-03   3.766310e-10   1153490
  9.405650e-01   4.061145e-07   1.844187e-03   3.754132e-10   1172936
  9.469357e-01   4.085847e-07   1.834491e-03   3.764490e-10   1182158
  9.533110e-01   4.093882e-07   1.846126e-03   3.716289e-10   1206392
  9.596894e-01   4.108878e-07   1.835525e-03   3.724379e-10   1215224
  9.660641e-01   4.128554e-07   1.844936e-03   3.705613e-10   1237874
  9.724505e-01   4.150866e-07   1.841050e-03   3.711758e-10   1251800
  9.788233e-01   4.157913e-07   1.838619e-03   3.693440e-10   1265792
  9.851993e-01   4.192052e-07   1.843109e-03   3.704034e-10   1286306
  9.915793e-01   4.198570e-07   1.838809e-03   3.692718e-10   1299764
  9.979438e-01   4.219333e-07   1.836769e-03   3.678836e-10   1314554
  1.004319e+00   4.224662e-07   1.843595e-03   3.656590e-10   1337288
  1.010703e+00   4.245902e-07   1.840912e-03   3.648033e-10   1351304
  1.017077e+00   4.258855e-07   1.841769e-03   3.624479e-10   1369026
  1.023461e+00   4.273538e-07   1.843478e-03   3.625512e-10   1388456
  1.029842e+00   4.296130e-07   1.840406e-03   3.638389e-10   1402700
  1.036211e+00   4.308072e-07   1.837802e-03   3.622136e-10   1418282
  1.042587e+00   4.326694e-07   1.843596e-03   3.606969e-10   1440272
  1.048964e+00   4.341858e-07   1.838705e-03   3.602607e-10   1454114
  1.055341e+00   4.351347e-07   1.842603e-03   3.581481e-10   1475480
  1.061720e+00   4.375199e-07   1.840520e-03   3.581031e-10   1490936
  1.068091e+00   4.379693e-07   1.838519e-03   3.567175e-10   1507826
  1.074472e+00   4.399944e-07   1.844275e-03   3.566291e-10   1530764
  1.080850e+00   4.408772e-07   1.839052e-03   3.544169e-10   1543424
  1.087222e+00   4.435163e-07   1.841688e-03   3.545749e-10   1564946
  1.093594e+00   4.448062e-07   1.835875e-03   3.534559e-10   1578536
  1.099970e+00   4.460655e-07   1.845670e-03   3.517145e-10   1604882
  1.106358e+00   4.476438e-07   1.842454e-03   3.516150e-10   1621304
  1.112736e+00   4.484165e-07   1.839545e-03   3.514799e-10   1637024
  1.119103e+00   4.504517e-07   1.837794e-03   3.509898e-10   1654134
  1.125480e+00   4.517587e-07   1.844256e-03   3.490380e-10   1679168
  1.131864e+00   4.533010e-07   1.841903e-03   3.479453e-10   1695944
  1.138235e+00   4.551492e-07   1.836568e-03   3.479461e-10   1710602
  1.144612e+00   4.565316e-07   1.844777e-03   3.469012e-10   1737056
  1.150994e+00   4.578306e-07   1.840390e-03   3.460506e-10   1752602
  1.157370e+00   4.585033e-07   1.839227e-03   3.446563e-10   1772024
  1.163752e+00   4.602047e-07   1.844090e-03   3.440406e-10   1795364
  1.170126e+00   4.614573e-07   1.836467e-03   3.436604e-10   1807634
  1.176490e+00   4.630926e-07   1.836183e-03   3.425818e-10   1827608
  1.182859e+00   4.640508e-07   1.840789e-03   3.410985e-10   1850984
  1.189240e+00   4.650201e-07   1.844107e-03   3.393708e-10   1874618
  1.195619e+00   4.666957e-07   1.838445e-03   3.396438e-10   1889504
  1.202001e+00   4.682656e-07   1.845373e-03   3.384517e-10   1916870
  1.208383e+00   4.688974e-07   1.838254e-03   3.376709e-10   1929728
  1.214760e+00   4.713536e-07   1.843674e-03   3.371373e-10   1955408
  1.221131e+00   4.720183e-07   1.834427e-03   3.361719e-10   1966842
  1.227503e+00   4.730713e-07   1.843005e-03   3.349114e-10   1996640
  1.233886e+00   4.747782e-07   1.842690e-03   3.351881e-10   2016392
  1.240265e+00   4.761588e-07   1.839730e-03   3.333236e-10   2034722
  1.246641e+00   4.763012e-07   1.840813e-03   3.320914e-10   2056460
  1.253014e+00   4.781088e-07   1.838931e-03   3.320411e-10   2075186
  1.259388e+00   4.792995e-07   1.840566e-03   3.312514e-10   2099096
  1.265761e+00   4.810209e-07   1.837910e-03   3.308002e-10   2116832
  1.272138e+00   4.815458e-07   1.844119e-03   3.287301e-10   2145146
  1.278526e+00   4.823087e-07   1.844128e-03   3.276373e-10   2166776
  1.284904e+00   4.842298e-07   1.838822e-03   3.275819e-10   2181848
  1.291273e+00   4.854651e-07   1.838785e-03   3.273734e-10   2203766
  1.297646e+00   4.862346e-07   1.840619e-03   3.253276e-10   2227664
  1.304025e+00   4.875787e-07   1.842381e-03   3.250564e-10   2252138
  1.310403e+00   4.880192e-07   1.839825e-03   3.240712e-10   2271152
  1.316777e+00   4.897237e-07   1.840536e-03   3.231452e-10   2293256
  1.323154e+00   4.911073e-07   1.842085e-03   3.233867e-10   2318130
  1.329536e+00   4.926547e-07   1.841956e-03   3.223708e-10   2340824
  1.335910e+00   4.929421e-07   1.838342e-03   3.213590e-10   2357990
  1.342292e+00   4.942882e-07   1.846396e-03   3.196993e-10   2391176
  1.348671e+00   4.957881e-07   1.837209e-03   3.196666e-10   2401808
  1.355040e+00   4.971542e-07   1.840258e-03   3.188862e-10   2428442
  1.361418e+00   4.977375e-07   1.842645e-03   3.175371e-10   2454752
  1.367798e+00   4.980660e-07   1.841270e-03   3.167256e-10   2475872
  1.374172e+00   4.992653e-07   1.838763e-03   3.161955e-10   2495822
  1.380543e+00   5.002734e-07   1.839940e-03   3.149412e-10   2520248
  1.386922e+00   5.009860e-07   1.844043e-03   3.142265e-10   2549186
  1.393299e+00   5.027853e-07   1.837661e-03   3.136803e-10   2564768
  1.399672e+00   5.042768e-07   1.841284e-03   3.136061e-10   2592968
  1.406054e+00   5.044729e-07   1.843378e-03   3.123017e-10   2619818
  1.412431e+00   5.064169e-07   1.838027e-03   3.124263e-10   2636384
  1.418803e+00   5.064663e-07   1.840293e-03   3.108739e-10   2662220
  1.425180e+00   5.079190e-07   1.842524e-03   3.098106e-10   2689770
  1.431560e+00   5.090010e-07   1.840994e-03   3.090892e-10   2712296
  1.437933e+00   5.095358e-07   1.838431e-03   3.083129e-10   2732618
  1.444312e+00   5.102327e-07   1.843932e-03   3.066351e-10   2765264
  1.450695e+00   5.122901e-07   1.840894e-03   3.069189e-10   2784824
  1.457066e+00   5.125493e-07   1.837138e-03   3.057638e-10   2804162
  1.463445e+00   5.142541e-07   1.844971e-03   3.049982e-10   2840612
  1.469825e+00   5.148915e-07   1.839130e-03   3.049274e-10   2855576
  1.476198e+00   5.149715e-07   1.840533e-03   3.032711e-10   2883458
  1.482571e+00   5.168227e-07   1.838217e-03   3.033995e-10   2904128
  1.488946e+00   5.176736e-07   1.843378e-03   3.022519e-10   2937026
  1.495325e+00   5.185052e-07   1.839218e-03   3.014957e-10   2956976
  1.501703e+00   5.190464e-07   1.841967e-03   3.002884e-10   2986472
  1.508082e+00   5.205940e-07   1.840166e-03   3.000647e-10   3008918
  1.514460e+00   5.206617e-07   1.841773e-03   2.987424e-10   3036752
  1.520836e+00   5.223219e-07   1.839884e-03   2.986539e-10   3058376
  1.527209e+00   5.235196e-07   1.839616e-03   2.980589e-10   3084210
  1.533583e+00   5.238662e-07   1.840948e-03   2.967796e-10   3111848
  1.539960e+00   5.248274e-07   1.841348e-03   2.961089e-10   3138890
  1.546339e+00   5.255816e-07   1.840626e-03   2.958636e-10   3164516
  1.552719e+00   5.263921e-07   1.842638e-03   2.943683e-10   3192656
  1.559097e+00   5.268791e-07   1.840555e-03   2.937040e-10   3215618
  1.565473e+00   5.280062e-07   1.840732e-03   2.932881e-10   3242888
  1.571846e+00   5.289756e-07   1.839114e-03   2.924266e-10   3265448
  1.578224e+00   5.296661e-07   1.843575e-03   2.916569e-10   3300842
  1.584604e+00   5.299728e-07   1.839884e-03   2.909443e-10   3321008
  1.590977e+00   5.307478e-07   1.839336e-03   2.903712e-10   3346406
  1.597352e+00   5.315201e-07   1.841596e-03   2.891541e-10   3377984
  1.603728e+00   5.324515e-07   1.839551e-03   2.883852e-10   3400352
  1.610103e+00   5.340635e-07   1.841321e-03   2.883125e-10   3431450
  1.616483e+00   5.339786e-07   1.841519e-03   2.869108e-10   3458768
  1.622859e+00   5.347522e-07   1.841183e-03   2.864746e-10   3484088
  1.629231e+00   5.363353e-07   1.838425e-03   2.863844e-10   3508218
  1.635610e+00   5.367118e-07   1.843946e-03   2.852834e-10   3545924
  1.641992e+00   5.370112e-07   1.841053e-03   2.845567e-10   3567530
  1.648369e+00   5.381454e-07   1.840183e-03   2.838191e-10   3595040
  1.654744e+00   5.392196e-07   1.840167e-03   2.837251e-10   3621176
  1.661115e+00   5.392237e-07   1.839521e-03   2.821236e-10   3647738
  1.667490e+00   5.402389e-07   1.841438e-03   2.813985e-10   3680480
  1.673870e+00   5.405965e-07   1.842082e-03   2.808109e-10   3709712
  1.680248e+00   5.415418e-07   1.840008e-03   2.802839e-10   3734702
  1.686623e+00   5.417665e-07   1.840362e-03   2.791849e-10   3762776
  1.692996e+00   5.424446e-07   1.839854e-03   2.790111e-10   3790514
  1.699371e+00   5.432542e-07   1.839908e-03   2.779793e-10   3820352
  1.705752e+00   5.439550e-07   1.844068e-03   2.770550e-10   3856016
  1.712131e+00   5.448116e-07   1.839690e-03   2.771262e-10   3876818
  1.718506e+00   5.458487e-07   1.839874e-03   2.760919e-10   3906332
  1.724882e+00   5.463711e-07   1.841963e-03   2.753455e-10   3938216
  1.731260e+00   5.461163e-07   1.840685e-03   2.742773e-10   3966354
  1.737636e+00   5.468836e-07   1.839695e-03   2.736908e-10   3993536
  1.744011e+00   5.474938e-07   1.840344e-03   2.732672e-10   4024034
  1.750392e+00   5.489265e-07   1.843071e-03   2.724672e-10   4060208
  1.756773e+00   5.482877e-07   1.840812e-03   2.713465e-10   4083632
  1.763145e+00   5.503107e-07   1.837811e-03   2.718147e-10   4107062
  1.769521e+00   5.498951e-07   1.842771e-03   2.699919e-10   4148072
  1.775893e+00   5.505787e-07   1.836707e-03   2.699462e-10   4163456
  1.782267e+00   5.510961e-07   1.842476e-03   2.685654e-10   4207994
  1.788652e+00   5.515509e-07   1.843367e-03   2.680535e-10   4239152
  1.795029e+00   5.525414e-07   1.839132e-03   2.679645e-10   4259426
  1.801407e+00   5.528282e-07   1.842524e-03   2.667144e-10   4299488
  1.807788e+00   5.537961e-07   1.840660e-03   2.662416e-10   4323692
  1.814162e+00   5.538161e-07   1.840093e-03   2.657518e-10   4353242
  1.820541e+00   5.550520e-07   1.841694e-03   2.649299e-10   4388792
  1.826915e+00   5.554735e-07   1.838387e-03   2.645658e-10   4409912
  1.833288e+00   5.554482e-07   1.841592e-03   2.635405e-10   4449282
  1.839667e+00   5.553748e-07   1.840784e-03   2.627193e-10   4478504
  1.846041e+00   5.568552e-07   1.839106e-03   2.622381e-10   4505882
  1.852417e+00   5.574638e-07   1.841020e-03   2.615269e-10   4542044
  1.858793e+00   5.574693e-07   1.840344e-03   2.609667e-10   4569608
  1.865169e+00   5.581521e-07   1.841195e-03   2.601817e-10   4604426
  1.871550e+00   5.585916e-07   1.842311e-03   2.592445e-10   4638896
  1.877925e+00   5.591682e-07   1.838827e-03   2.590175e-10   4660088
  1.884299e+00   5.590690e-07   1.841797e-03   2.581725e-10   4701290
  1.890678e+00   5.595585e-07   1.840619e-03   2.576076e-10   4729292
  1.897054e+00   5.606215e-07   1.841565e-03   2.570392e-10   4762706
  1.903435e+00   5.611085e-07   1.842610e-03   2.561054e-10   4799336
  1.909810e+00   5.614710e-07   1.837970e-03   2.558364e-10   4818680
  1.916185e+00   5.622897e-07   1.842882e-03   2.550341e-10   4863962
  1.922563e+00   5.622482e-07   1.839027e-03   2.546667e-10   4886216
  1.928938e+00   5.618663e-07   1.841692e-03   2.533309e-10   4925360
  1.935312e+00   5.626832e-07   1.838487e-03   2.527855e-10   4950198
  1.941682e+00   5.639882e-07   1.839228e-03   2.527838e-10   4983776
  1.948062e+00   5.645536e-07   1.844717e-03   2.516096e-10   5032058
  1.954444e+00   5.634465e-07   1.839748e-03   2.508255e-10   5052296
  1.960816e+00   5.648620e-07   1.839118e-03   2.507260e-10   5081048
  1.967192e+00   5.650369e-07   1.843475e-03   2.497736e-10   5127146
  1.973574e+00   5.652765e-07   1.841069e-03   2.490922e-10   5155376
  1.979948e+00   5.660699e-07   1.838766e-03   2.487784e-10   5181068
  1.986324e+00   5.661289e-07   1.842536e-03   2.478379e-10   5225906
  1.992703e+00   5.658864e-07   1.840301e-03   2.472750e-10   5253224
  1.999075e+00   5.665355e-07   1.838471e-03   2.465331e-10   5281154
  2.005453e+00   5.671405e-07   1.843666e-03   2.453792e-10   5330336
  2.011834e+00   5.671616e-07   1.840278e-03   2.451845e-10   5354120
  2.018204e+00   5.678772e-07   1.837177e-03   2.446803e-10   5380154
  2.024582e+00   5.685014e-07   1.844004e-03   2.438419e-10   5433740
  2.030964e+00   5.685482e-07   1.841066e-03   2.434267e-10   5458202
  2.037337e+00   5.686618e-07   1.838473e-03   2.430007e-10   5486424
  2.043713e+00   5.691942e-07   1.842073e-03   2.420335e-10   5530640
  2.050092e+00   5.692845e-07   1.840865e-03   2.416579e-10   5561162
  2.056472e+00   5.696271e-07   1.842354e-03   2.406530e-10   5601512
  2.062848e+00   5.699383e-07   1.838550e-03   2.405452e-10   5623244
  2.069220e+00   5.700361e-07   1.840849e-03   2.395113e-10   5665346
  2.075598e+00   5.701061e-07   1.841113e-03   2.385406e-10   5702384
  2.081975e+00   5.711362e-07   1.840298e-03   2.385636e-10   5734706
  2.088353e+00   5.710423e-07   1.841301e-03   2.375982e-10   5773184
  2.094733e+00   5.718758e-07   1.841946e-03   2.370676e-10   5809568
  2.101105e+00   5.715023e-07   1.837552e-03   2.368933e-10   5831090
  2.107479e+00   5.715953e-07   1.842206e-03   2.359754e-10   5881964
  2.113859e+00   5.725888e-07   1.841213e-03   2.357431e-10   5913416
  2.120238e+00   5.719184e-07   1.841923e-03   2.344269e-10   5952290
  2.126616e+00   5.726939e-07   1.839865e-03   2.341793e-10   5981144
  2.132988e+00   5.727423e-07   1.839742e-03   2.337169e-10   6015290
  2.139364e+00   5.726999e-07   1.841927e-03   2.326822e-10   6059664
  2.145743e+00   5.733222e-07   1.840799e-03   2.322862e-10   6092336
  2.152122e+00   5.736354e-07   1.842086e-03   2.316919e-10   6132806
  2.158501e+00   5.736196e-07   1.841321e-03   2.311205e-10   6166832
  2.164873e+00   5.741185e-07   1.837443e-03   2.308498e-10   6189272
  2.171243e+00   5.739659e-07   1.841004e-03   2.300454e-10   6238154
  2.177621e+00   5.742423e-07   1.841080e-03   2.290664e-10   6275288
  2.184000e+00   5.746582e-07   1.842241e-03   2.286461e-10   6316322
  2.190379e+00   5.750493e-07   1.840641e-03   2.282491e-10   6348488
  2.196756e+00   5.740870e-07   1.841212e-03   2.273121e-10   6385868
  2.203134e+00   5.752550e-07   1.841850e-03   2.268502e-10   6425378
  2.209510e+00   5.749938e-07   1.839408e-03   2.261380e-10   6455360
  2.215886e+00   5.753947e-07   1.841392e-03   2.256973e-10   6498176
  2.222261e+00   5.753773e-07   1.840198e-03   2.252117e-10   6531674
  2.228637e+00   5.760596e-07   1.841209e-03   2.249957e-10   6573368
  2.235015e+00   5.754882e-07   1.841417e-03   2.237911e-10   6611246
  2.241392e+00   5.758397e-07   1.840803e-03   2.232832e-10   6647424
  2.247770e+00   5.759110e-07   1.841365e-03   2.227996e-10   6687488
  2.254147e+00   5.764657e-07   1.839919e-03   2.226096e-10   6721250
  2.260520e+00   5.762345e-07   1.839077e-03   2.217335e-10   6755816
  2.266897e+00   5.764136e-07   1.842933e-03   2.209189e-10   6806504
  2.273276e+00   5.763747e-07   1.840584e-03   2.206694e-10   6837506
  2.279651e+00   5.770976e-07   1.839474e-03   2.203556e-10   6871556
  2.286030e+00   5.764386e-07   1.843489e-03   2.190718e-10   6924938
  2.292407e+00   5.766127e-07   1.838210e-03   2.185594e-10   6945320
  2.298778e+00   5.765035e-07   1.839118e-03   2.181112e-10   6986072
  2.305158e+00   5.768736e-07   1.844888e-03   2.173751e-10   7046642
  2.311538e+00   5.773992e-07   1.838415e-03   2.174447e-10   7061168
  2.317910e+00   5.767181e-07   1.840538e-03   2.164260e-10   7108064
  2.324288e+00   5.772368e-07   1.841488e-03   2.159418e-10   7151822
  2.330666e+00   5.774218e-07   1.840837e-03   2.155659e-10   7187600
  2.337045e+00   5.771414e-07   1.841819e-03   2.146582e-10   7231418
  2.343420e+00   5.772081e-07   1.838266e-03   2.142383e-10   7257912
  2.349793e+00   5.772137e-07   1.841246e-03   2.133796e-10   7307840
  2.356171e+00   5.773187e-07   1.840707e-03   2.130614e-10   7346618
  2.362545e+00   5.775673e-07   1.838315e-03   2.128133e-10   7376552
  2.368920e+00   5.772411e-07   1.842635e-03   2.120314e-10   7431740
  2.375299e+00   5.775678e-07   1.840580e-03   2.113405e-10   7464458
  2.381675e+00   5.773938e-07   1.840724e-03   2.108135e-10   7505672
  2.388054e+00   5.775776e-07   1.841875e-03   2.102772e-10   7550906
  2.394430e+00   5.779954e-07   1.839274e-03   2.100107e-10   7580720
  2.400808e+00   5.778561e-07   1.843124e-03   2.091469e-10   7635944
  2.407183e+00   5.776206e-07   1.837385e-03   2.088971e-10   7653254
  2.413557e+00   5.779651e-07   1.842500e-03   2.082496e-10   7714712
  2.419937e+00   5.780512e-07   1.841714e-03   2.075566e-10   7751840
  2.426315e+00   5.776099e-07   1.840093e-03   2.069878e-10   7788170
  2.432690e+00   5.777358e-07   1.840288e-03   2.064739e-10   7828544
  2.439067e+00   5.775661e-07   1.841589e-03   2.059489e-10   7874474
  2.445442e+00   5.776556e-07   1.838917e-03   2.056162e-10   7906032
  2.451817e+00   5.772410e-07   1.841643e-03   2.046992e-10   7957580
  2.458195e+00   5.778560e-07   1.840967e-03   2.044745e-10   7995962
  2.464573e+00   5.781990e-07   1.841319e-03   2.038428e-10   8038976
  2.470951e+00   5.775968e-07   1.841937e-03   2.032463e-10   8082320
  2.477329e+00   5.777056e-07   1.840784e-03   2.029337e-10   8120450
  2.483701e+00   5.774637e-07   1.838200e-03   2.023839e-10   8150312
  2.490075e+00   5.769834e-07   1.842025e-03   2.014172e-10   8210450
  2.496455e+00   5.771520e-07   1.840554e-03   2.010871e-10   8246732
  2.502832e+00   5.772286e-07   1.841458e-03   2.003826e-10   8290256
  2.509210e+00   5.772578e-07   1.841232e-03   2.000746e-10   8333306
  2.515587e+00   5.767612e-07   1.840510e-03   1.991800e-10   8372312
  2.521962e+00   5.769944e-07   1.840644e-03   1.989724e-10   8413472
  2.528337e+00   5.776406e-07   1.840038e-03   1.985752e-10   8455634
  2.534714e+00   5.766783e-07   1.841410e-03   1.978625e-10   8503736
  2.541090e+00   5.774513e-07   1.840703e-03   1.976529e-10   8542814
  2.547468e+00   5.764147e-07   1.841283e-03   1.966126e-10   8589960
  2.553847e+00   5.759627e-07   1.841675e-03   1.961618e-10   8633912
  2.560223e+00   5.761736e-07   1.839336e-03   1.958084e-10   8666690
  2.566599e+00   5.756692e-07   1.842209e-03   1.948308e-10   8722544
  2.572977e+00   5.759114e-07   1.840585e-03   1.946360e-10   8758112
  2.579352e+00   5.754558e-07   1.839548e-03   1.940311e-10   8798750
  2.585728e+00   5.760557e-07   1.841277e-03   1.937866e-10   8848808
  2.592104e+00   5.756728e-07   1.840251e-03   1.932073e-10   8889170
  2.598481e+00   5.753321e-07   1.840227e-03   1.924911e-10   8934608
  2.604856e+00   5.757117e-07   1.839643e-03   1.921465e-10   8971640
  2.611232e+00   5.758113e-07   1.842388e-03   1.915573e-10   9029954
  2.617612e+00   5.753262e-07   1.840920e-03   1.910200e-10   9067856
  2.623987e+00   5.753803e-07   1.839672e-03   1.906699e-10   9104444
  2.630367e+00   5.745531e-07   1.843923e-03   1.897159e-10   9171242
  2.636745e+00   5.748117e-07   1.838017e-03   1.898196e-10   9185528
  2.643114e+00   5.746488e-07   1.839022e-03   1.892432e-10   9235394
  2.649494e+00   5.742586e-07   1.844050e-03   1.883556e-10   9305688
  2.655872e+00   5.741669e-07   1.838662e-03   1.880918e-10   9321824
  2.662249e+00   5.742662e-07   1.843226e-03   1.873161e-10   9392090
  2.668628e+00   5.737353e-07   1.839001e-03   1.871360e-10   9414332
  2.675000e+00   5.737868e-07   1.840415e-03   1.865555e-10   9465410
  2.681380e+00   5.735398e-07   1.842364e-03   1.857154e-10   9523760
  2.687758e+00   5.728560e-07   1.839771e-03   1.854693e-10   9553832
  2.694133e+00   5.733199e-07   1.840855e-03   1.847035e-10   9604298
  2.700510e+00   5.726805e-07   1.840893e-03   1.843634e-10   9651176
  2.706885e+00   5.724339e-07   1.839603e-03   1.838271e-10   9687704
  2.713262e+00   5.725703e-07   1.842393e-03   1.833596e-10   9748574
  2.719643e+00   5.729047e-07   1.842290e-03   1.830390e-10   9794624
  2.726015e+00   5.715821e-07   1.836766e-03   1.825881e-10   9811370
  2.732389e+00   5.722280e-07   1.842921e-03   1.820059e-10   9891320
  2.738770e+00   5.715682e-07   1.841218e-03   1.815157e-10   9926024
  2.745146e+00   5.716600e-07   1.840208e-03   1.810389e-10   9967586
  2.751522e+00   5.718772e-07   1.840755e-03   1.805793e-10   10018116
  2.757897e+00   5.707559e-07   1.840456e-03   1.799304e-10   10060280
  2.764274e+00   5.702740e-07   1.841667e-03   1.793302e-10   10115450
  2.770654e+00   5.703221e-07   1.841837e-03   1.789667e-10   10164368
  2.777028e+00   5.701490e-07   1.838094e-03   1.785537e-10   10188314
  2.783404e+00   5.697449e-07   1.843290e-03   1.777892e-10   10265168
  2.789784e+00   5.702257e-07   1.840160e-03   1.778947e-10   10294448
  2.796159e+00   5.693154e-07   1.840640e-03   1.769962e-10   10343918
  2.802537e+00   5.692839e-07   1.841730e-03   1.765539e-10   10397600
  2.808913e+00   5.693124e-07   1.840311e-03   1.762977e-10   10435328
  2.815285e+00   5.688436e-07   1.838957e-03   1.756957e-10   10476698
  2.821661e+00   5.682455e-07   1.842237e-03   1.749891e-10   10543184
  2.828039e+00   5.682333e-07   1.839935e-03   1.746825e-10   10577834
  2.834417e+00   5.675414e-07   1.842252e-03   1.740500e-10   10641560
  2.840795e+00   5.677637e-07   1.839115e-03   1.738177e-10   10668452
  2.847169e+00   5.674701e-07   1.841467e-03   1.732783e-10   10729634
  2.853544e+00   5.666848e-07   1.839115e-03   1.727357e-10   10766520
  2.859920e+00   5.667938e-07   1.841423e-03   1.722184e-10   10825856
  2.866300e+00   5.664224e-07   1.842253e-03   1.717509e-10   10880090
  2.872679e+00   5.657710e-07   1.840348e-03   1.710936e-10   10918088
  2.879054e+00   5.660042e-07   1.840274e-03   1.708613e-10   10964474
  2.885431e+00   5.654514e-07   1.841464e-03   1.703504e-10   11021180
  2.891809e+00   5.651783e-07   1.840637e-03   1.698554e-10   11064248
  2.898185e+00   5.648118e-07   1.840651e-03   1.694946e-10   11114234
  2.904565e+00   5.644902e-07   1.842174e-03   1.688295e-10   11172872
  2.910943e+00   5.641160e-07   1.840078e-03   1.686086e-10   11206880
  2.917314e+00   5.634283e-07   1.838484e-03   1.680115e-10   11248130
  2.923689e+00   5.642367e-07   1.841523e-03   1.677672e-10   11316140
  2.930066e+00   5.629620e-07   1.840085e-03   1.671294e-10   11355554
  2.936443e+00   5.627758e-07   1.841835e-03   1.665784e-10   11417840
  2.942822e+00   5.623930e-07   1.840319e-03   1.661619e-10   11456528
  2.949199e+00   5.621417e-07   1.841526e-03   1.657737e-10   11512874
  2.955576e+00   5.619590e-07   1.840486e-03   1.653129e-10   11557272
  2.961950e+00   5.613973e-07   1.839582e-03   1.648359e-10   11600360
  2.968326e+00   5.614259e-07   1.841593e-03   1.645689e-10   11663678
  2.974703e+00   5.605954e-07   1.840371e-03   1.638543e-10   11705552
  2.981079e+00   5.605735e-07   1.840912e-03   1.634727e-10   11758658
  2.987457e+00   5.600015e-07   1.841605e-03   1.628722e-10   11815208
  2.993836e+00   5.596212e-07   1.841556e-03   1.624652e-10   11864000
  3.000212e+00   5.595354e-07   1.839938e-03   1.622186e-10   11904962
  3.006589e+00   5.588530e-07   1.840973e-03   1.616021e-10   11963696
  3.012966e+00   5.582010e-07   1.840866e-03   1.612495e-10   12011132
  3.019341e+00   5.579417e-07   1.840389e-03   1.606201e-10   12059450
  3.025718e+00   5.577878e-07   1.841438e-03   1.602492e-10   12118280
  3.032095e+00   5.575977e-07   1.840188e-03   1.599012e-10   12160562
  3.038470e+00   5.566880e-07   1.840247e-03   1.593179e-10   12212768
  3.044846e+00   5.564409e-07   1.841220e-03   1.589160e-10   12269504
  3.051223e+00   5.562430e-07   1.840948e-03   1.586077e-10   12319370
  3.057600e+00   5.552044e-07   1.840852e-03   1.578451e-10   12370140
  3.063975e+00   5.557426e-07   1.840437e-03   1.577735e-10   12417752
  3.070352e+00   5.546322e-07   1.841133e-03   1.570471e-10   12476882
  3.076731e+00   5.543606e-07   1.841502e-03   1.566877e-10   12530816
  3.083108e+00   5.545609e-07   1.840958e-03   1.563648e-10   12577658
  3.089485e+00   5.534594e-07   1.840591e-03   1.557677e-10   12629288
  3.095862e+00   5.529269e-07   1.841067e-03   1.552056e-10   12683828
  3.102237e+00   5.528849e-07   1.839537e-03   1.550658e-10   12725354
  3.108612e+00   5.523611e-07   1.841269e-03   1.544675e-10   12790616
  3.114989e+00   5.521682e-07   1.840010e-03   1.540861e-10   12833768
  3.121365e+00   5.514459e-07   1.841117e-03   1.535290e-10   12894194
  3.127743e+00   5.509290e-07   1.841676e-03   1.531160e-10   12950240
  3.134122e+00   5.505231e-07   1.840849e-03   1.526796e-10   12998714
  3.140498e+00   5.502287e-07   1.840244e-03   1.524104e-10   13048100
  3.146876e+00   5.495455e-07   1.841732e-03   1.517810e-10   13109120
  3.153254e+00   5.492473e-07   1.841032e-03   1.514838e-10   13158506
  3.159627e+00   5.489226e-07   1.838302e-03   1.510996e-10   13193040
  3.166002e+00   5.487533e-07   1.841969e-03   1.507530e-10   13271072
  3.172380e+00   5.478560e-07   1.840294e-03   1.501581e-10   13314242
  3.178754e+00   5.475315e-07   1.839703e-03   1.498632e-10   13363808
  3.185133e+00   5.471313e-07   1.842485e-03   1.491939e-10   13436822
  3.191512e+00   5.466519e-07   1.840487e-03   1.490080e-10   13476080
  3.197887e+00   5.459999e-07   1.840204e-03   1.484791e-10   13527296
  3.204264e+00   5.456452e-07   1.841161e-03   1.481181e-10   13589498
  3.210638e+00   5.448769e-07   1.838626e-03   1.476970e-10   13623704
  3.217016e+00   5.443654e-07   1.844054e-03   1.470045e-10   13717280
  3.223396e+00   5.437467e-07   1.839294e-03   1.467333e-10   13737914
  3.229770e+00   5.436766e-07   1.840743e-03   1.463204e-10   13801772
  3.236147e+00   5.428418e-07   1.841678e-03   1.458082e-10   13864298
  3.242524e+00   5.430792e-07   1.839451e-03   1.455861e-10   13904216
  3.248899e+00   5.423464e-07   1.840700e-03   1.451134e-10   13966064
  3.255276e+00   5.415236e-07   1.841492e-03   1.445206e-10   14027042
  3.261651e+00   5.408454e-07   1.838676e-03   1.442484e-10   14061048
  3.268027e+00   5.403245e-07   1.842396e-03   1.436925e-10   14143820
  3.274405e+00   5.401510e-07   1.840137e-03   1.434104e-10   14182442
  3.280782e+00   5.397604e-07   1.841285e-03   1.429674e-10   14245568
  3.287160e+00   5.394742e-07   1.841226e-03   1.426508e-10   14301338
  3.293537e+00   5.387415e-07   1.840394e-03   1.422677e-10   14350064
  3.299913e+00   5.383497e-07   1.841485e-03   1.417780e-10   14412488
  3.306292e+00   5.376609e-07   1.841397e-03   1.413603e-10   14470250
  3.312668e+00   5.373879e-07   1.839514e-03   1.411710e-10   14509484
  3.319039e+00   5.364628e-07   1.839618e-03   1.406455e-10   14564474
  3.325416e+00   5.357964e-07   1.842538e-03   1.399653e-10   14646632
  3.331795e+00   5.357847e-07   1.839978e-03   1.398232e-10   14681792
  3.338171e+00   5.350948e-07   1.841401e-03   1.394004e-10   14749946
  3.344548e+00   5.347626e-07   1.840482e-03   1.390221e-10   14799968
  3.350923e+00   5.342046e-07   1.839748e-03   1.386351e-10   14848808
  3.357300e+00   5.334083e-07   1.842276e-03   1.381245e-10   14925638
  3.363678e+00   5.329926e-07   1.840046e-03   1.378088e-10   14963016
  3.370053e+00   5.325430e-07   1.841263e-03   1.373812e-10   15031106
  3.376432e+00   5.319333e-07   1.841574e-03   1.369395e-10   15092384
  3.382808e+00   5.313138e-07   1.839899e-03   1.366340e-10   15132248
  3.389183e+00   5.306923e-07   1.841248e-03   1.361403e-10   15202322
  3.395560e+00   5.300858e-07   1.839985e-03   1.358081e-10   15250832
  3.401936e+00   5.299405e-07   1.841279e-03   1.354500e-10   15315692
  3.408315e+00   5.293409e-07   1.842099e-03   1.349871e-10   15382346
  3.414692e+00   5.286103e-07   1.839166e-03   1.345762e-10   15416024
  3.421065e+00   5.277675e-07   1.840590e-03   1.341387e-10   15483602
  3.427446e+00   5.276998e-07   1.843566e-03   1.337391e-10   15568424
  3.433825e+00   5.271725e-07   1.839187e-03   1.335739e-10   15589280
  3.440198e+00   5.265497e-07   1.839744e-03   1.331014e-10   15652502
  3.446575e+00   5.261828e-07   1.841959e-03   1.326801e-10   15728960
  3.452954e+00   5.253533e-07   1.840551e-03   1.322503e-10   15773168
  3.459328e+00   5.247709e-07   1.839940e-03   1.319446e-10   15828290
  3.465704e+00   5.243378e-07   1.840910e-03   1.315322e-10   15893184
  3.472081e+00   5.236878e-07   1.841157e-03   1.311986e-10   15954194
  3.478457e+00   5.229787e-07   1.839872e-03   1.307375e-10   16006016
  3.484831e+00   5.221436e-07   1.839639e-03   1.303193e-10   16058684
  3.491208e+00   5.219102e-07   1.842456e-03   1.299380e-10   16141898
  3.497590e+00   5.210437e-07   1.841864e-03   1.293753e-10   16197872
  3.503966e+00   5.207315e-07   1.839313e-03   1.292946e-10   16231640
  3.510341e+00   5.201796e-07   1.841313e-03   1.288592e-10   16310090
  3.516721e+00   5.194374e-07   1.841945e-03   1.282713e-10   16375136
  3.523097e+00   5.187448e-07   1.839457e-03   1.281165e-10   16412522
  3.529473e+00   5.183022e-07   1.841163e-03   1.276551e-10   16488308
  3.535850e+00   5.180687e-07   1.840616e-03   1.273362e-10   16539968
  3.542225e+00   5.172053e-07   1.839938e-03   1.270713e-10   16595714
  3.548602e+00   5.162332e-07   1.841625e-03   1.264367e-10   16671224
  3.554979e+00   5.158175e-07   1.840210e-03   1.261024e-10   16714064
  3.561354e+00   5.152902e-07   1.840955e-03   1.257659e-10   16783202
  3.567731e+00   5.148871e-07   1.840815e-03   1.254990e-10   16842504
  3.574108e+00   5.142637e-07   1.841084e-03   1.250314e-10   16904894
  3.580486e+00   5.135054e-07   1.841127e-03   1.246254e-10   16968656
  3.586865e+00   5.127811e-07   1.841521e-03   1.242334e-10   17030288
  3.593238e+00   5.122645e-07   1.838444e-03   1.239986e-10   17061482
  3.599615e+00   5.115016e-07   1.842988e-03   1.235282e-10   17164976
  3.605993e+00   5.111163e-07   1.840068e-03   1.232843e-10   17197184
  3.612368e+00   5.103327e-07   1.840756e-03   1.228191e-10   17267102
  3.618746e+00   5.096376e-07   1.841072e-03   1.223883e-10   17329928
  3.625121e+00   5.092376e-07   1.839901e-03   1.221990e-10   17378906
  3.631497e+00   5.085953e-07   1.841182e-03   1.217842e-10   17454776
  3.637873e+00   5.079152e-07   1.839972e-03   1.214091e-10   17501720
  3.644249e+00   5.076101e-07   1.842109e-03   1.210643e-10   17584826
  3.650631e+00   5.066992e-07   1.841819e-03   1.206743e-10   17646008
  3.657008e+00   5.058152e-07   1.840059e-03   1.202599e-10   17686412
  3.663381e+00   5.054528e-07   1.840228e-03   1.200099e-10   17751266
  3.669756e+00   5.047586e-07   1.840035e-03   1.195810e-10   17812848
  3.676130e+00   5.041545e-07   1.840074e-03   1.192475e-10   17874866
  3.682507e+00   5.035228e-07   1.841337e-03   1.188379e-10   17951720
  3.688886e+00   5.026287e-07   1.841134e-03   1.184552e-10   18009344
  3.695262e+00   5.021957e-07   1.840349e-03   1.181170e-10   18064730
  3.701640e+00   5.016736e-07   1.841339e-03   1.177759e-10   18137372
  3.708017e+00   5.008533e-07   1.840603e-03   1.174178e-10   18189632
  3.714392e+00   5.002267e-07   1.840457e-03   1.171080e-10   18254330
  3.720770e+00   4.998009e-07   1.841473e-03   1.167648e-10   18325808
  3.727148e+00   4.990484e-07   1.840737e-03   1.164406e-10   18379610
  3.733524e+00   4.984166e-07   1.840702e-03   1.160310e-10   18445760
  3.739901e+00   4.979040e-07   1.840479e-03   1.157568e-10   18504440
  3.746277e+00   4.972847e-07   1.840875e-03   1.154259e-10   18572198
  3.752657e+00   4.964080e-07   1.841895e-03   1.149261e-10   18647480
  3.759032e+00   4.957294e-07   1.838946e-03   1.147544e-10   18678152
  3.765406e+00   2.916487e-07   1.841061e-03   1.042065e-10   18764186
  3.771782e+00   8.477102e-29   1.840849e-03   1.985512e-32   18794103
  3.778158e+00   7.625015e-29   1.840297e-03   1.786017e-32   18760748
  3.784533e+00   6.892662e-29   1.840231e-03   1.613135e-32   18727940
  3.790912e+00   6.293650e-29   1.842073e-03   1.470617e-32   18712436
  3.797287e+00   5.815323e-29   1.838840e-03   1.359266e-32   18646616
  3.803663e+00   5.420574e-29   1.842455e-03   1.266101e-32   18651296
  3.810042e+00   5.083325e-29   1.840334e-03   1.188391e-32   18596096
  3.816418e+00   4.787025e-29   1.841121e-03   1.118376e-32   18571364
  3.822794e+00   4.530306e-29   1.839859e-03   1.059994e-32   18527096
  3.829170e+00   4.296517e-29   1.840846e-03   1.003772e-32   18501368
  3.835548e+00   4.090945e-29   1.841771e-03   9.558933e-33   18475040
  3.841927e+00   3.910926e-29   1.841481e-03   9.146367e-33   18439436
  3.848301e+00   3.745619e-29   1.838521e-03   8.771718e-33   18375752
  3.854674e+00   3.601654e-29   1.840584e-03   8.432010e-33   18361484
  3.861052e+00   3.466161e-29   1.842393e-03   8.116811e-33   18344504
  3.867430e+00   3.346171e-29   1.839817e-03   7.841016e-33   18284708
  3.873806e+00   3.232211e-29   1.841259e-03   7.578016e-33   18264048
  3.880183e+00   3.125644e-29   1.840629e-03   7.339324e-33   18220964
  3.886557e+00   3.030915e-29   1.839363e-03   7.121023e-33   18173528
  3.892935e+00   2.939796e-29   1.843046e-03   6.900516e-33   18173780
  3.899316e+00   2.855473e-29   1.841138e-03   6.715723e-33   18116660
  3.905693e+00   2.774923e-29   1.840842e-03   6.531314e-33   18078740
  3.912066e+00   2.701985e-29   1.838693e-03   6.364709e-33   18023108
  3.918439e+00   2.633504e-29   1.840734e-03   6.206308e-33   18005600
  3.924818e+00   2.567064e-29   1.842344e-03   6.056036e-33   17984552
  3.931198e+00   2.505139e-29   1.841062e-03   5.916682e-33   17934860
  3.937574e+00   2.447953e-29   1.840562e-03   5.787707e-33   17891468
  3.943950e+00   2.390586e-29   1.840945e-03   5.658373e-33   17857712
  3.950326e+00   2.337570e-29   1.840137e-03   5.538686e-33   17813108
  3.956702e+00   2.287000e-29   1.841074e-03   5.425989e-33   17784788
  3.963079e+00   2.239747e-29   1.840240e-03   5.320973e-33   17737268
  3.969455e+00   2.193282e-29   1.841773e-03   5.216379e-33   17713268
  3.975833e+00   2.148769e-29   1.840239e-03   5.119031e-33   17661912
  3.982208e+00   2.106943e-29   1.840290e-03   5.022450e-33   17622668
  3.988586e+00   2.065208e-29   1.842133e-03   4.927401e-33   17600552
  3.994964e+00   2.027465e-29   1.839951e-03   4.849050e-33   17542580
  4.001340e+00   1.988903e-29   1.840772e-03   4.761730e-33   17509112
  4.007717e+00   1.953395e-29   1.841501e-03   4.681040e-33   17475116
  4.014093e+00   1.920086e-29   1.839606e-03   4.611044e-33   17419964
  4.020469e+00   1.885481e-29   1.841433e-03   4.530390e-33   17397056
  4.026846e+00   1.853284e-29   1.840314e-03   4.461135e-33   17345336
  4.033223e+00   1.821057e-29   1.840964e-03   4.389240e-33   17310476
  4.039596e+00   1.790984e-29   1.838459e-03   4.324701e-33   17246360
  4.045972e+00   1.761891e-29   1.842582e-03   4.256506e-33   17244284
  4.052354e+00   1.733185e-29   1.842150e-03   4.192500e-33   17198240
  4.058731e+00   1.707053e-29   1.839271e-03   4.137091e-33   17130932
  4.065106e+00   1.680737e-29   1.841562e-03   4.075664e-33   17110040
  4.071484e+00   1.654368e-29   1.840722e-03   4.021065e-33   17058488
  4.077857e+00   1.628794e-29   1.839135e-03   3.967161e-33   17003664
  4.084233e+00   1.603710e-29   1.841446e-03   3.910828e-33   16983908
  4.090612e+00   1.580461e-29   1.841420e-03   3.857765e-33   16939220
  4.096989e+00   1.557728e-29   1.840515e-03   3.808108e-33   16888904
  4.103367e+00   1.534542e-29   1.841500e-03   3.759159e-33   16854920
  4.109743e+00   1.512321e-29   1.839861e-03   3.711542e-33   16795136
  4.116117e+00   1.491709e-29   1.840184e-03   3.670218e-33   16755860
  4.122495e+00   1.470438e-29   1.841913e-03   3.618907e-33   16729064
  4.128872e+00   1.451282e-29   1.840126e-03   3.579736e-33   16668260
  4.135248e+00   1.431145e-29   1.841092e-03   3.532877e-33   16631456
  4.141626e+00   1.412128e-29   1.841230e-03   3.492002e-33   16588208
  4.148001e+00   1.391907e-29   1.839635e-03   3.450776e-33   16531052
  4.154379e+00   1.373649e-29   1.842867e-03   3.406935e-33   16514456
  4.160755e+00   1.355511e-29   1.838861e-03   3.371028e-33   16432880
  4.167131e+00   1.338872e-29   1.842344e-03   3.333958e-33   16421120
  4.173510e+00   1.321543e-29   1.840051e-03   3.299454e-33   16354148
  4.179885e+00   1.304395e-29   1.841003e-03   3.258856e-33   16316184
  4.186264e+00   1.287299e-29   1.842179e-03   3.221714e-33   16283360
  4.192641e+00   1.271374e-29   1.839085e-03   3.189296e-33   16208756
  4.199016e+00   1.255317e-29   1.841765e-03   3.153705e-33   16184372
  4.205394e+00   1.240394e-29   1.840922e-03   3.121982e-33   16131116
  4.211767e+00   1.225307e-29   1.839273e-03   3.089021e-33   16070864
  4.218143e+00   1.209513e-29   1.841935e-03   3.051040e-33   16047596
  4.224522e+00   1.195697e-29   1.841132e-03   3.023276e-33   15993464
  4.230898e+00   1.180550e-29   1.839789e-03   2.991307e-33   15936116
  4.237274e+00   1.166813e-29   1.841227e-03   2.962377e-33   15899564
  4.243650e+00   1.152507e-29   1.840412e-03   2.931694e-33   15843188
  4.250027e+00   1.139691e-29   1.841430e-03   2.902308e-33   15806012
  4.256404e+00   1.126609e-29   1.840029e-03   2.877124e-33   15746972
  4.262780e+00   1.112653e-29   1.841029e-03   2.844786e-33   15706280
  4.269158e+00   1.100718e-29   1.841316e-03   2.817796e-33   15660560
  4.275534e+00   1.088092e-29   1.839976e-03   2.793084e-33   15601664
  4.281910e+00   1.075611e-29   1.840520e-03   2.763595e-33   15555936
  4.288286e+00   1.062478e-29   1.841154e-03   2.733750e-33   15511664
  4.294665e+00   1.051490e-29   1.841118e-03   2.713271e-33   15463688
  4.301042e+00   1.039426e-29   1.840371e-03   2.687972e-33   15406784
  4.307419e+00   1.028084e-29   1.841443e-03   2.661296e-33   15364076
  4.313795e+00   1.016580e-29   1.839853e-03   2.640527e-33   15302144
  4.320171e+00   1.004736e-29   1.841222e-03   2.611914e-33   15264716
  4.326549e+00   9.938178e-30   1.841061e-03   2.588815e-33   15212204
  4.332926e+00   9.838278e-30   1.840328e-03   2.567024e-33   15154664
  4.339301e+00   9.724620e-30   1.840391e-03   2.543159e-33   15104684
  4.345675e+00   9.627273e-30   1.839587e-03   2.522632e-33   15046256
  4.352051e+00   9.522387e-30   1.841370e-03   2.498833e-33   15009272
  4.358428e+00   9.417680e-30   1.840387e-03   2.476937e-33   14951624
  4.364807e+00   9.316420e-30   1.842302e-03   2.455814e-33   14915300
  4.371187e+00   9.219188e-30   1.840481e-03   2.433680e-33   14847140
  4.377560e+00   9.128184e-30   1.839457e-03   2.416506e-33   14786624
  4.383935e+00   9.031714e-30   1.840794e-03   2.395586e-33   14745252
  4.390313e+00   8.938259e-30   1.841504e-03   2.374584e-33   14697932
  4.396692e+00   8.844369e-30   1.841471e-03   2.353368e-33   14644448
  4.403070e+00   8.755580e-30   1.840856e-03   2.335033e-33   14586896
  4.409445e+00   8.662917e-30   1.839917e-03   2.316531e-33   14525000
  4.415820e+00   8.574379e-30   1.841355e-03   2.296978e-33   14482088
  4.422197e+00   8.484334e-30   1.840486e-03   2.276418e-33   14423696
  4.428574e+00   8.407936e-30   1.840927e-03   2.260745e-33   14373848
  4.434951e+00   8.313921e-30   1.841026e-03   2.240267e-33   14319188
  4.441328e+00   8.234532e-30   1.840720e-03   2.223087e-33   14262248
  4.447704e+00   8.147170e-30   1.840293e-03   2.203390e-33   14204780
  4.454079e+00   8.073251e-30   1.840780e-03   2.187996e-33   14153240
  4.460456e+00   7.991836e-30   1.840870e-03   2.173151e-33   14099048
  4.466833e+00   7.909307e-30   1.841305e-03   2.153168e-33   14048288
  4.473210e+00   7.836745e-30   1.840220e-03   2.137967e-33   13983860
  4.479586e+00   7.760672e-30   1.841413e-03   2.121357e-33   13935800
  4.485962e+00   7.680862e-30   1.839813e-03   2.106884e-33   13868784
  4.492338e+00   7.607594e-30   1.841245e-03   2.090953e-33   13824536
  4.498718e+00   7.538268e-30   1.842226e-03   2.074776e-33   13774364
  4.505095e+00   7.465277e-30   1.840286e-03   2.060136e-33   13702856
  4.511470e+00   7.388085e-30   1.840225e-03   2.041652e-33   13646648
  4.517844e+00   7.322390e-30   1.840082e-03   2.030261e-33   13588364
  4.524220e+00   7.254984e-30   1.841200e-03   2.014769e-33   13539920
  4.530597e+00   7.181775e-30   1.840383e-03   2.000614e-33   13478432
  4.536974e+00   7.117113e-30   1.840898e-03   1.984810e-33   13424264
  4.543353e+00   7.047659e-30   1.841656e-03   1.970091e-33   13370000
  4.549730e+00   6.982488e-30   1.840597e-03   1.955158e-33   13304432
  4.556105e+00   6.917476e-30   1.839697e-03   1.943923e-33   13241228
  4.562479e+00   6.853566e-30   1.840265e-03   1.931042e-33   13186508
  4.568858e+00   6.787175e-30   1.842616e-03   1.916100e-33   13144544
  4.575236e+00   6.726631e-30   1.839577e-03   1.903622e-33   13065032
  4.581610e+00   6.664657e-30   1.840140e-03   1.891135e-33   13008512
  4.587987e+00   6.601861e-30   1.841456e-03   1.876911e-33   12957360
  4.594365e+00   6.546559e-30   1.841180e-03   1.865404e-33   12897728
  4.600740e+00   6.489633e-30   1.838906e-03   1.855701e-33   12822884
  4.607118e+00   6.426966e-30   1.843186e-03   1.839835e-33   12790772
  4.613497e+00   6.364509e-30   1.839965e-03   1.829139e-33   12707960
  4.619871e+00   6.312836e-30   1.840055e-03   1.818014e-33   12650024
  4.626249e+00   6.250470e-30   1.841592e-03   1.804582e-33   12599360
  4.632627e+00   6.196235e-30   1.841060e-03   1.794582e-33   12533984
  4.639003e+00   6.149434e-30   1.840024e-03   1.785462e-33   12467036
  4.645379e+00   6.088292e-30   1.841105e-03   1.773464e-33   12412124
  4.651756e+00   6.042143e-30   1.840677e-03   1.763705e-33   12345776
  4.658131e+00   5.986926e-30   1.840856e-03   1.750916e-33   12286760
  4.664508e+00   5.930280e-30   1.840642e-03   1.738377e-33   12225452
  4.670885e+00   5.884486e-30   1.840694e-03   1.729301e-33   12162584
  4.677263e+00   5.829364e-30   1.841648e-03   1.717921e-33   12105824
  4.683640e+00   5.773016e-30   1.840444e-03   1.707804e-33   12036248
  4.690015e+00   5.724735e-30   1.840000e-03   1.698918e-33   11969736
  4.696391e+00   5.679592e-30   1.841517e-03   1.688740e-33   11916224
  4.702769e+00   5.634339e-30   1.840685e-03   1.680577e-33   11849312
  4.709145e+00   5.580268e-30   1.840274e-03   1.669112e-33   11783300
  4.715522e+00   5.536592e-30   1.841310e-03   1.660547e-33   11724800
  4.721898e+00   5.484410e-30   1.840639e-03   1.650659e-33   11657372
  4.728275e+00   5.437572e-30   1.840697e-03   1.640809e-33   11595320
  4.734652e+00   5.393721e-30   1.840360e-03   1.631989e-33   11527928
  4.741029e+00   5.348622e-30   1.841428e-03   1.623260e-33   11469008
  4.747404e+00   5.304404e-30   1.839492e-03   1.616139e-33   11392904
  4.753780e+00   5.259160e-30   1.841657e-03   1.605758e-33   11340476
  4.760155e+00   5.218806e-30   1.839780e-03   1.599393e-33   11263520
  4.766534e+00   5.171571e-30   1.842729e-03   1.587993e-33   11218472
  4.772911e+00   5.129795e-30   1.838731e-03   1.581846e-33   11129336
  4.779288e+00   5.090326e-30   1.842467e-03   1.572950e-33   11083964
  4.785665e+00   5.046320e-30   1.839931e-03   1.566455e-33   11001992
  4.792039e+00   5.007277e-30   1.840072e-03   1.558286e-33   10938228
  4.798414e+00   4.961867e-30   1.840560e-03   1.549794e-33   10874336
  4.804792e+00   4.925115e-30   1.841863e-03   1.542796e-33   10814828
  4.811169e+00   4.885777e-30   1.839739e-03   1.536841e-33   10736984
  4.817544e+00   4.844748e-30   1.840541e-03   1.528475e-33   10673948
  4.823923e+00   4.809304e-30   1.842721e-03   1.521065e-33   10617704
  4.830301e+00   4.766154e-30   1.840081e-03   1.515231e-33   10536416
  4.836675e+00   4.726092e-30   1.839468e-03   1.507108e-33   10466324
  4.843052e+00   4.690679e-30   1.842362e-03   1.500261e-33   10412984
  4.849431e+00   4.655653e-30   1.840724e-03   1.495271e-33   10334840
  4.855806e+00   4.619294e-30   1.840268e-03   1.487840e-33   10265528
  4.862183e+00   4.587301e-30   1.840956e-03   1.483060e-33   10200692
  4.868561e+00   4.548958e-30   1.841614e-03   1.475390e-33   10135292
  4.874938e+00   4.507993e-30   1.839941e-03   1.468998e-33   10058816
  4.881314e+00   4.477658e-30   1.840525e-03   1.464009e-33   9991772
  4.887691e+00   4.442755e-30   1.841575e-03   1.459877e-33   9925880
  4.894065e+00   4.403537e-30   1.838924e-03   1.452494e-33   9843288
  4.900441e+00   4.372954e-30   1.842306e-03   1.445965e-33   9792968
  4.906821e+00   4.341473e-30   1.840795e-03   1.443606e-33   9713612
  4.913196e+00   4.305952e-30   1.840365e-03   1.437369e-33   9640628
  4.919573e+00   4.273116e-30   1.840900e-03   1.432378e-33   9574256
  4.925949e+00   4.237621e-30   1.840276e-03   1.427024e-33   9499064
  4.932325e+00   4.210123e-30   1.841227e-03   1.421753e-33   9432296
  4.938702e+00   4.174641e-30   1.841040e-03   1.416906e-33   9362204
  4.945079e+00   4.145183e-30   1.840104e-03   1.413736e-33   9286052
  4.951457e+00   4.110533e-30   1.842090e-03   1.408206e-33   9222320
  4.957835e+00   4.083739e-30   1.841090e-03   1.405618e-33   9145976
  4.964211e+00   4.052814e-30   1.839895e-03   1.400774e-33   9070268
  4.970586e+00   4.021182e-30   1.840297e-03   1.396481e-33   8999720
  4.976964e+00   3.994405e-30   1.841617e-03   1.393906e-33   8932664
  4.983339e+00   3.963862e-30   1.838848e-03   1.390260e-33   8847344
  4.989712e+00   3.935993e-30   1.840809e-03   1.387729e-33   8782688
  4.996090e+00   3.905399e-30   1.841883e-03   1.382646e-33   8713440
  5.002468e+00   3.875795e-30   1.841131e-03   1.379703e-33   8638616
  5.008845e+00   3.847415e-30   1.839945e-03   1.375511e-33   8560856
  5.015220e+00   3.820488e-30   1.840402e-03   1.372771e-33   8487620
  5.021598e+00   3.790738e-30   1.842484e-03   1.369192e-33   8422796
  5.027976e+00   3.763478e-30   1.839559e-03   1.367818e-33   8336348
  5.034350e+00   3.735348e-30   1.840420e-03   1.365001e-33   8265176
  5.040727e+00   3.708261e-30   1.841761e-03   1.361162e-33   8196176
  5.047104e+00   3.679570e-30   1.839932e-03   1.359010e-33   8114636
  5.053478e+00   3.652237e-30   1.839889e-03   1.355865e-33   8038724
  5.059856e+00   3.626608e-30   1.842986e-03   1.352561e-33   7975460
  5.066235e+00   3.602614e-30   1.840210e-03   1.351816e-33   7889792
  5.072611e+00   3.570789e-30   1.840188e-03   1.347769e-33   7815728
  5.078987e+00   3.550326e-30   1.840544e-03   1.347231e-33   7739288
  5.085364e+00   3.520206e-30   1.841840e-03   1.344294e-33   7667432
  5.091741e+00   3.495578e-30   1.839798e-03   1.344142e-33   7583684
  5.098113e+00   3.470539e-30   1.839459e-03   1.341682e-33   7505172
  5.104490e+00   3.443252e-30   1.842916e-03   1.338164e-33   7442636
  5.110871e+00   3.418664e-30   1.841224e-03   1.338274e-33   7360676
  5.117246e+00   3.390937e-30   1.838532e-03   1.336045e-33   7272728
  5.123622e+00   3.368133e-30   1.842521e-03   1.333522e-33   7209140
  5.130001e+00   3.342611e-30   1.840984e-03   1.332397e-33   7125632
  5.136377e+00   3.317499e-30   1.840289e-03   1.333914e-33   7046924
  5.142753e+00   3.291383e-30   1.840046e-03   1.330014e-33   6966968
  5.149129e+00   3.267622e-30   1.841514e-03   1.331480e-33   6893408
  5.155505e+00   3.241589e-30   1.840118e-03   1.331428e-33   6811004
  5.161881e+00   3.217747e-30   1.840529e-03   1.328598e-33   6732944
  5.168258e+00   3.194243e-30   1.841885e-03   1.328781e-33   6658628
  5.174637e+00   3.165745e-30   1.841220e-03   1.326720e-33   6578804
  5.181014e+00   3.143530e-30   1.839505e-03   1.327972e-33   6493628
  5.187389e+00   3.117170e-30   1.841020e-03   1.325231e-33   6417476
  5.193767e+00   3.095242e-30   1.842303e-03   1.324517e-33   6341156
  5.200142e+00   3.067165e-30   1.838905e-03   1.324428e-33   6251676
  5.206515e+00   3.039313e-30   1.840100e-03   1.320161e-33   6176072
  5.212894e+00   3.020707e-30   1.842591e-03   1.323843e-33   6103028
  5.219273e+00   2.988884e-30   1.840028e-03   1.321552e-33   6015356
  5.225646e+00   2.956278e-30   1.838527e-03   1.316150e-33   5928908
  5.232022e+00   2.939268e-30   1.843529e-03   1.319427e-33   5861504
  5.238402e+00   2.908804e-30   1.840564e-03   1.317012e-33   5772440
  5.244776e+00   2.878935e-30   1.839302e-03   1.311632e-33   5688596
  5.251152e+00   2.859718e-30   1.841421e-03   1.315645e-33   5611412
  5.257531e+00   2.829136e-30   1.842425e-03   1.311886e-33   5532224
  5.263907e+00   2.797627e-30   1.838741e-03   1.306934e-33   5440748
  5.270281e+00   2.770993e-30   1.841068e-03   1.304369e-33   5364572
  5.276660e+00   2.740572e-30   1.842167e-03   1.299341e-33   5285204
  5.283039e+00   2.713440e-30   1.840147e-03   1.297852e-33   5197796
  5.289414e+00   2.684100e-30   1.840074e-03   1.294514e-33   5113244
  5.295789e+00   2.654502e-30   1.841509e-03   1.290814e-33   5032664
  5.302162e+00   2.623300e-30   1.838866e-03   1.284778e-33   4943484
  5.308538e+00   2.593195e-30   1.842083e-03   1.278273e-33   4869920
  5.314919e+00   2.554975e-30   1.840875e-03   1.273373e-33   4782608
  5.321298e+00   2.523854e-30   1.842000e-03   1.263511e-33   4700756
  5.327675e+00   2.491326e-30   1.839332e-03   1.255961e-33   4608920
  5.334047e+00   2.457298e-30   1.840509e-03   1.246726e-33   4528829
  5.340423e+00   2.425326e-30   1.840790e-03   1.239350e-33   4453172
  5.346801e+00   2.393329e-30   1.841398e-03   1.229678e-33   4381652
  5.353179e+00   2.365683e-30   1.840856e-03   1.225426e-33   4309628
  5.359558e+00   2.336697e-30   1.841542e-03   1.218447e-33   4242188
  5.365934e+00   2.308993e-30   1.840185e-03   1.210643e-33   4171796
  5.372309e+00   2.283075e-30   1.840332e-03   1.204339e-33   4107506
  5.378687e+00   2.259004e-30   1.841030e-03   1.200105e-33   4045694
  5.385067e+00   2.233996e-30   1.841878e-03   1.194538e-33   3984530
  5.391443e+00   2.208730e-30   1.839184e-03   1.191526e-33   3916622
  5.397815e+00   2.186742e-30   1.840413e-03   1.185623e-33   3858626
  5.404188e+00   2.163767e-30   1.839752e-03   1.181107e-33   3798918
  5.410566e+00   2.141089e-30   1.842453e-03   1.178628e-33   3747464
  5.416947e+00   2.119851e-30   1.840720e-03   1.172954e-33   3687278
  5.423327e+00   2.093558e-30   1.841755e-03   1.163972e-33   3632618
  5.429702e+00   2.070729e-30   1.839341e-03   1.160815e-33   3571766
  5.436076e+00   2.051798e-30   1.841405e-03   1.161003e-33   3521264
  5.442452e+00   2.029087e-30   1.840602e-03   1.155489e-33   3466964
  5.448828e+00   2.012855e-30   1.840149e-03   1.154274e-33   3414320
  5.455204e+00   1.987551e-30   1.840343e-03   1.144585e-33   3362948
  5.461581e+00   1.967910e-30   1.841385e-03   1.141868e-33   3313130
  5.467960e+00   1.948424e-30   1.841559e-03   1.140409e-33   3262766
  5.474335e+00   1.929474e-30   1.839552e-03   1.136362e-33   3210122
  5.480711e+00   1.910878e-30   1.841068e-03   1.132155e-33   3164282
  5.487089e+00   1.894459e-30   1.840871e-03   1.133300e-33   3115358
  5.493467e+00   1.870285e-30   1.841892e-03   1.125669e-33   3068642
  5.499842e+00   1.851954e-30   1.839367e-03   1.121627e-33   3017270
  5.506214e+00   1.833697e-30   1.840421e-03   1.118280e-33   2973396
  5.512592e+00   1.816535e-30   1.841795e-03   1.115783e-33   2930882
  5.518975e+00   1.796273e-30   1.842009e-03   1.112085e-33   2886296
  5.525354e+00   1.776328e-30   1.840110e-03   1.107329e-33   2838068
  5.531729e+00   1.762427e-30   1.840402e-03   1.107290e-33   2793680
  5.538103e+00   1.742555e-30   1.841057e-03   1.103831e-33   2750948
  5.544478e+00   1.726240e-30   1.840332e-03   1.099163e-33   2707712
  5.550852e+00   1.710146e-30   1.839444e-03   1.097198e-33   2665124
  5.557230e+00   1.692611e-30   1.841751e-03   1.093957e-33   2626712
  5.563610e+00   1.676430e-30   1.840829e-03   1.092305e-33   2583542
  5.569988e+00   1.662126e-30   1.841328e-03   1.091149e-33   2543108
  5.576363e+00   1.644042e-30   1.839426e-03   1.087535e-33   2500538
  5.582739e+00   1.625346e-30   1.841521e-03   1.081261e-33   2464052
  5.589119e+00   1.613204e-30   1.841364e-03   1.084887e-33   2424194
  5.595493e+00   1.594060e-30   1.839158e-03   1.078908e-33   2381732
  5.601866e+00   1.580132e-30   1.841683e-03   1.076348e-33   2346386
  5.608241e+00   1.562882e-30   1.839649e-03   1.076194e-33   2306598
  5.614618e+00   1.550357e-30   1.842029e-03   1.071863e-33   2273186
  5.621000e+00   1.536801e-30   1.840989e-03   1.073915e-33   2235188
  5.627378e+00   1.523458e-30   1.839949e-03   1.070627e-33   2196638
  5.633754e+00   1.507330e-30   1.841588e-03   1.069083e-33   2161706
  5.640129e+00   1.493168e-30   1.840261e-03   1.066776e-33   2124422
  5.646501e+00   1.475015e-30   1.838999e-03   1.061966e-33   2088578
  5.652879e+00   1.463160e-30   1.842650e-03   1.060714e-33   2058512
  5.659259e+00   1.450771e-30   1.839498e-03   1.062526e-33   2020202
  5.665635e+00   1.436663e-30   1.841528e-03   1.058324e-33   1987670
  5.672010e+00   1.424520e-30   1.840033e-03   1.056313e-33   1952114
  5.678381e+00   1.409003e-30   1.839290e-03   1.057021e-33   1918694
  5.684760e+00   1.393511e-30   1.843391e-03   1.052634e-33   1890932
  5.691143e+00   1.383235e-30   1.840482e-03   1.052307e-33   1855382
  5.697520e+00   1.370503e-30   1.841151e-03   1.052733e-33   1823276
  5.703897e+00   1.356583e-30   1.841467e-03   1.049519e-33   1791446
  5.710267e+00   1.341193e-30   1.837484e-03   1.045892e-33   1756566
  5.716642e+00   1.332467e-30   1.843486e-03   1.049219e-33   1732292
  5.723026e+00   1.322295e-30   1.841021e-03   1.047135e-33   1699718
  5.729405e+00   1.311385e-30   1.840666e-03   1.049915e-33   1668524
  5.735782e+00   1.297518e-30   1.841307e-03   1.046495e-33   1638656
  5.742152e+00   1.283344e-30   1.837941e-03   1.044376e-33   1606154
  5.748524e+00   1.270738e-30   1.841528e-03   1.043174e-33   1580984
  5.754907e+00   1.262049e-30   1.842158e-03   1.040839e-33   1553372
  5.761287e+00   1.247485e-30   1.839903e-03   1.042797e-33   1522502
  5.767663e+00   1.239531e-30   1.841211e-03   1.045586e-33   1494788
  5.774035e+00   1.228228e-30   1.839049e-03   1.046434e-33   1464992
  5.780407e+00   1.214061e-30   1.840885e-03   1.039854e-33   1439564
  5.786788e+00   1.202789e-30   1.842803e-03   1.038501e-33   1414766
  5.793173e+00   1.193658e-30   1.841316e-03   1.043012e-33   1386620
  5.799549e+00   1.180269e-30   1.839295e-03   1.041629e-33   1358024
  5.805920e+00   1.172390e-30   1.840494e-03   1.043890e-33   1332236
  5.812287e+00   1.164116e-30   1.837583e-03   1.047926e-33   1304568
  5.818666e+00   1.152191e-30   1.844995e-03   1.041388e-33   1285316
  5.825053e+00   1.140423e-30   1.840679e-03   1.045414e-33   1257272
  5.831429e+00   1.133298e-30   1.839591e-03   1.045512e-33   1231028
  5.837804e+00   1.121588e-30   1.841474e-03   1.046483e-33   1207136
  5.844175e+00   1.109959e-30   1.839197e-03   1.047278e-33   1181180
  5.850547e+00   1.101472e-30   1.841135e-03   1.044907e-33   1159352
  5.856931e+00   1.094591e-30   1.842986e-03   1.050875e-33   1137476
  5.863312e+00   1.081389e-30   1.839166e-03   1.050157e-33   1111280
  5.869686e+00   1.075943e-30   1.840689e-03   1.053845e-33   1088468
  5.876057e+00   1.066763e-30   1.840140e-03   1.055971e-33   1065008
  5.882427e+00   1.056189e-30   1.839713e-03   1.055085e-33   1042934
  5.888808e+00   1.046546e-30   1.843186e-03   1.054042e-33   1023488
  5.895195e+00   1.039708e-30   1.841961e-03   1.060375e-33   1000700
  5.901573e+00   1.027880e-30   1.839831e-03   1.060027e-33   977264
  5.907943e+00   1.021327e-30   1.839220e-03   1.064404e-33   955052
  5.914306e+00   1.014909e-30   1.837596e-03   1.069722e-33   933546
  5.920685e+00   1.002549e-30   1.845011e-03   1.066678e-33   917348
  5.927075e+00   9.970260e-31   1.841622e-03   1.073985e-33   895328
  5.933456e+00   9.880419e-31   1.840197e-03   1.075542e-33   873878
  5.939831e+00   9.806853e-31   1.841204e-03   1.081003e-33   853664
  5.946198e+00   9.715781e-31   1.838301e-03   1.080501e-33   832604
  5.952570e+00   9.666449e-31   1.841647e-03   1.088023e-33   815546
  5.958955e+00   9.565067e-31   1.841795e-03   1.090405e-33   797012
  5.965336e+00   9.473699e-31   1.838979e-03   1.093623e-33   776576
  5.971714e+00   9.424347e-31   1.842719e-03   1.096459e-33   758726
  5.978085e+00   9.350152e-31   1.838577e-03   1.107048e-33   738296
  5.984452e+00   9.295759e-31   1.839422e-03   1.108263e-33   721172
  5.990833e+00   9.223338e-31   1.842852e-03   1.112961e-33   705434
  5.997222e+00   9.099451e-31   1.841204e-03   1.105845e-33   687092
  6.003603e+00   9.038957e-31   1.841572e-03   1.119636e-33   669098
  6.009974e+00   9.002270e-31   1.839142e-03   1.132122e-33   650516
  6.016332e+00   8.933735e-31   1.836042e-03   1.135651e-33   632898
  6.022707e+00   8.869000e-31   1.844938e-03   1.138933e-33   620228
  6.029100e+00   8.798979e-31   1.842281e-03   1.147677e-33   603206
  6.035485e+00   8.713806e-31   1.841847e-03   1.146346e-33   586328
  6.041859e+00   8.663455e-31   1.840113e-03   1.163402e-33   569222
  6.048217e+00   8.620072e-31   1.835706e-03   1.171902e-33   552266
  6.054584e+00   8.583937e-31   1.843023e-03   1.177382e-33   539996
  6.060976e+00   8.499376e-31   1.843843e-03   1.182115e-33   525722
  6.067365e+00   8.434825e-31   1.839929e-03   1.188084e-33   509372
  6.073742e+00   8.381566e-31   1.840974e-03   1.203030e-33   494282
  6.080105e+00   8.362910e-31   1.836470e-03   1.220800e-33   478340
  6.086466e+00   8.299459e-31   1.839100e-03   1.221704e-33   465554
  6.092852e+00   8.215208e-31   1.844310e-03   1.228453e-33   453734
  6.099249e+00   8.152957e-31   1.841644e-03   1.235863e-33   439184
  6.105633e+00   8.126783e-31   1.841774e-03   1.256343e-33   424910
  6.112001e+00   8.077819e-31   1.839131e-03   1.273167e-33   410366
  6.118344e+00   8.015140e-31   1.830585e-03   1.283687e-33   395856
  6.124716e+00   7.937367e-31   1.849093e-03   1.283154e-33   387998
  6.131124e+00   7.888876e-31   1.844381e-03   1.296985e-33   374642
  6.137516e+00   7.870776e-31   1.841320e-03   1.317939e-33   361118
  6.143885e+00   7.819739e-31   1.838483e-03   1.330464e-33   347792
  6.150233e+00   7.793022e-31   1.833537e-03   1.355409e-33   335054
  6.156598e+00   7.720537e-31   1.843369e-03   1.356501e-33   326162
  6.163003e+00   7.665713e-31   1.845744e-03   1.368112e-33   315686
  6.169403e+00   7.651581e-31   1.839717e-03   1.390577e-33   302960
  6.175780e+00   7.633358e-31   1.841146e-03   1.416266e-33   291278
  6.182130e+00   7.582601e-31   1.834474e-03   1.441660e-33   278966
  6.188475e+00   7.529494e-31   1.838848e-03   1.456877e-33   269786
  6.194867e+00   7.461220e-31   1.848548e-03   1.459241e-33   261710
  6.201275e+00   7.499761e-31   1.841196e-03   1.498879e-33   250472
  6.207659e+00   7.443362e-31   1.840781e-03   1.520153e-33   239846
  6.214020e+00   7.407530e-31   1.837833e-03   1.549228e-33   229250
  6.220353e+00   7.331222e-31   1.827068e-03   1.570443e-33   218958
  6.226735e+00   7.306208e-31   1.853573e-03   1.585289e-33   213722
  6.233163e+00   7.255239e-31   1.842328e-03   1.608333e-33   203414
  6.239564e+00   7.247339e-31   1.844048e-03   1.650259e-33   193940
  6.245924e+00   7.252530e-31   1.836439e-03   1.699294e-33   183650
  6.252241e+00   7.237090e-31   1.829855e-03   1.731818e-33   174638
  6.258588e+00   7.155441e-31   1.843490e-03   1.737053e-33   168842
  6.265008e+00   7.149078e-31   1.847266e-03   1.778924e-33   161846
  6.271432e+00   7.119870e-31   1.841236e-03   1.827431e-33   153146
  6.277822e+00   7.067272e-31   1.840929e-03   1.855567e-33   144686
  6.284170e+00   7.085842e-31   1.837187e-03   1.923183e-33   136418
  6.290480e+00   7.077230e-31   1.823629e-03   1.980091e-33   128822
  6.296862e+00   7.100279e-31   1.856474e-03   2.002735e-33   124862
  6.303298e+00   7.024919e-31   1.842665e-03   2.051661e-33   117026
  6.309688e+00   6.953993e-31   1.840290e-03   2.100361e-33   109718
  6.316033e+00   6.984278e-31   1.835815e-03   2.188290e-33   102650
  6.322320e+00   6.973473e-31   1.808328e-03   2.264826e-33   95622
  6.328720e+00   6.945020e-31   1.871202e-03   2.272454e-33   93650
  6.335227e+00   6.945789e-31   1.849919e-03   2.358398e-33   86606
  6.341628e+00   6.913270e-31   1.828395e-03   2.446646e-33   79190
  6.347934e+00   6.923147e-31   1.839124e-03   2.553139e-33   73490
  6.354177e+00   6.928019e-31   1.810164e-03   2.664685e-33   67598
  6.360508e+00   6.947939e-31   1.844910e-03   2.721978e-33   65186
  6.367032e+00   6.829519e-31   1.858136e-03   2.753369e-33   61262
  6.373583e+00   6.793882e-31   1.851117e-03   2.860439e-33   55874
  6.379989e+00   6.921101e-31   1.823042e-03   3.133379e-33   49430
  6.386147e+00   6.941741e-31   1.803004e-03   3.314573e-33   43934
  6.392260e+00   6.825972e-31   1.790240e-03   3.390252e-33   41138
  6.398716e+00   6.833142e-31   1.870028e-03   3.416505e-33   40070
  6.405371e+00   6.926509e-31   1.854153e-03   3.647879e-33   35882
  6.411962e+00   6.944293e-31   1.842631e-03   3.918137e-33   31622
  6.418335e+00   6.818020e-31   1.817857e-03   4.062146e-33   26750
  6.424088e+00   6.972930e-31   1.593646e-03   4.740685e-33   21330
  6.430239e+00   6.865270e-31   1.860256e-03   4.541670e-33   23246
  6.436984e+00   6.790888e-31   1.855054e-03   4.796925e-33   20186
  6.443727e+00   6.931339e-31   1.848147e-03   5.265886e-33   17312
  6.450423e+00   6.896998e-31   1.830133e-03   5.797500e-33   14474
  6.456645e+00   6.868004e-31   1.688402e-03   6.535910e-33   10478
  6.462180e+00   6.910832e-31   1.692603e-03   7.369723e-33   9062
  6.468497e+00   6.849032e-31   1.842997e-03   7.474651e-33   8762
  6.475254e+00   6.899958e-31   1.841892e-03   8.334171e-33   6926
  6.482011e+00   7.112818e-31   1.840835e-03   9.674556e-33   5306
  6.488766e+00   7.057580e-31   1.839476e-03   1.106174e-32   3902
  6.494511e+00   7.124685e-31   1.128860e-03   1.577556e-32   1928
  6.500007e+00   7.140500e-31   1.834590e-03   1.522457e-32   2042
  6.506728e+00   7.040065e-31   1.826889e-03   1.888941e-32   1214
  6.513396e+00   7.214339e-31   1.806609e-03   2.769836e-32   602
  6.519909e+00   7.287380e-31   1.730042e-03   5.002373e-32   206
  6.525711e+00   1.176874e-30   9.814069e-04   2.315814e-31   24
