# power spectrum of phi_prime/H (dimensionless)
# redshift z=48.322258
# k              Pk             sigma(k)       sigma(Pk)      count
  5.011399e-03   2.217729e-14   7.667927e-04   7.058838e-15   18
  1.037418e-02   2.759619e-14   1.725047e-03   2.829942e-15   128
  1.616528e-02   3.222814e-14   1.646572e-03   1.685683e-15   314
  2.269071e-02   2.266874e-14   1.954354e-03   8.140753e-16   728
  2.897169e-02   1.845806e-14   1.717946e-03   6.345712e-16   1016
  3.518826e-02   1.260852e-14   1.880676e-03   3.095444e-16   1682
  4.169479e-02   1.029848e-14   1.831736e-03   2.176907e-16   2300
  4.790974e-02   7.946583e-15   1.770731e-03   1.507967e-16   2906
  5.429022e-02   7.107171e-15   1.892687e-03   1.168779e-16   4040
  6.068098e-02   6.017846e-15   1.775551e-03   9.060419e-17   4712
  6.698900e-02   5.828745e-15   1.857705e-03   7.288333e-17   6002
  7.346135e-02   5.172517e-15   1.857594e-03   6.291278e-17   7256
  7.977379e-02   4.843711e-15   1.772571e-03   5.392220e-17   8120
  8.609019e-02   4.484198e-15   1.864951e-03   4.513306e-17   9950
  9.253636e-02   4.169783e-15   1.853578e-03   3.850773e-17   11384
  9.885187e-02   3.829662e-15   1.809244e-03   3.430175e-17   12666
  1.052712e-01   3.682265e-15   1.889168e-03   2.976439e-17   15104
  1.117654e-01   3.537610e-15   1.850532e-03   2.758594e-17   16616
  1.180754e-01   3.561150e-15   1.799489e-03   2.686453e-17   18026
  1.244216e-01   3.417962e-15   1.853405e-03   2.384383e-17   20696
  1.308065e-01   3.308577e-15   1.827918e-03   2.229295e-17   22436
  1.371558e-01   3.297081e-15   1.845873e-03   2.163244e-17   24962
  1.435394e-01   3.216725e-15   1.831283e-03   1.999985e-17   27176
  1.499133e-01   3.123504e-15   1.847268e-03   1.841029e-17   29810
  1.562775e-01   3.098273e-15   1.828450e-03   1.756421e-17   32120
  1.626776e-01   3.010156e-15   1.865216e-03   1.614514e-17   35432
  1.690383e-01   3.028550e-15   1.814577e-03   1.630296e-17   37238
  1.754019e-01   2.988452e-15   1.856016e-03   1.509396e-17   41072
  1.817869e-01   2.909900e-15   1.834293e-03   1.422861e-17   43472
  1.881565e-01   2.878911e-15   1.848176e-03   1.354372e-17   47042
  1.945298e-01   2.903359e-15   1.829223e-03   1.340124e-17   49712
  2.008693e-01   2.826808e-15   1.840592e-03   1.277212e-17   53226
  2.072637e-01   2.858166e-15   1.853753e-03   1.233577e-17   57320
  2.136558e-01   2.843265e-15   1.831629e-03   1.208827e-17   60092
  2.200056e-01   2.763632e-15   1.839426e-03   1.141931e-17   63914
  2.263950e-01   2.739337e-15   1.849752e-03   1.114846e-17   68192
  2.327751e-01   2.713371e-15   1.833934e-03   1.060801e-17   71336
  2.391397e-01   2.689418e-15   1.845607e-03   1.024210e-17   75818
  2.455297e-01   2.660861e-15   1.844019e-03   9.914224e-18   79880
  2.518964e-01   2.644572e-15   1.834462e-03   9.581462e-18   83642
  2.582661e-01   2.624138e-15   1.840779e-03   9.415728e-18   88316
  2.646730e-01   2.605119e-15   1.859422e-03   9.002900e-18   93488
  2.710484e-01   2.594007e-15   1.827184e-03   8.896427e-18   96458
  2.773871e-01   2.567685e-15   1.829038e-03   8.637226e-18   101264
  2.837816e-01   2.517170e-15   1.862873e-03   8.127623e-18   107696
  2.901819e-01   2.511755e-15   1.837217e-03   8.143012e-18   111170
  2.965233e-01   2.509239e-15   1.822285e-03   7.966183e-18   115232
  3.028941e-01   2.454208e-15   1.855375e-03   7.519671e-18   122310
  3.093019e-01   2.442640e-15   1.843350e-03   7.458443e-18   126944
  3.156739e-01   2.407163e-15   1.828600e-03   7.233198e-18   131192
  3.220432e-01   2.400966e-15   1.844535e-03   7.007411e-18   137618
  3.284234e-01   2.374288e-15   1.836674e-03   6.845712e-18   142448
  3.347979e-01   2.362904e-15   1.844704e-03   6.655480e-18   148520
  3.411627e-01   2.352965e-15   1.831436e-03   6.567625e-18   153254
  3.475446e-01   2.329291e-15   1.852010e-03   6.338009e-18   160760
  3.539284e-01   2.295306e-15   1.835751e-03   6.202125e-18   165290
  3.603019e-01   2.282743e-15   1.840148e-03   6.079277e-18   171992
  3.666828e-01   2.264038e-15   1.840217e-03   5.885228e-18   177800
  3.730569e-01   2.263372e-15   1.843032e-03   5.819845e-18   184322
  3.794439e-01   2.253132e-15   1.841595e-03   5.733474e-18   190832
  3.858239e-01   2.217793e-15   1.839260e-03   5.563033e-18   196772
  3.921872e-01   2.207033e-15   1.836453e-03   5.407983e-18   202970
  3.985536e-01   2.201643e-15   1.839266e-03   5.379241e-18   210056
  4.049173e-01   2.174540e-15   1.832832e-03   5.244439e-18   216210
  4.112896e-01   2.159282e-15   1.841640e-03   5.111538e-18   224168
  4.176700e-01   2.135428e-15   1.840761e-03   4.986338e-18   230792
  4.240565e-01   2.118167e-15   1.846256e-03   4.888622e-18   238778
  4.304312e-01   2.120300e-15   1.831772e-03   4.832599e-18   243956
  4.367939e-01   2.085210e-15   1.845141e-03   4.705483e-18   252680
  4.431746e-01   2.074931e-15   1.842020e-03   4.597407e-18   260066
  4.495713e-01   2.068027e-15   1.849294e-03   4.511657e-18   268712
  4.559494e-01   2.046819e-15   1.834336e-03   4.414353e-18   274034
  4.623270e-01   2.040084e-15   1.847366e-03   4.344578e-18   283904
  4.687088e-01   2.017777e-15   1.837425e-03   4.236135e-18   290048
  4.750707e-01   2.006935e-15   1.836659e-03   4.183921e-18   297950
  4.814434e-01   1.993898e-15   1.842026e-03   4.089216e-18   306968
  4.878269e-01   1.976221e-15   1.843240e-03   4.016837e-18   315320
  4.942006e-01   1.968973e-15   1.835899e-03   3.975312e-18   322346
  5.005701e-01   1.957612e-15   1.842589e-03   3.880397e-18   331664
  5.069538e-01   1.945354e-15   1.844896e-03   3.831488e-18   340818
  5.133346e-01   1.932331e-15   1.837322e-03   3.734607e-18   348164
  5.197083e-01   1.911849e-15   1.843548e-03   3.663698e-18   357584
  5.260929e-01   1.908250e-15   1.846059e-03   3.619026e-18   367106
  5.324635e-01   1.891716e-15   1.832285e-03   3.567058e-18   373376
  5.388350e-01   1.881209e-15   1.848023e-03   3.493322e-18   385376
  5.452233e-01   1.874526e-15   1.842356e-03   3.472256e-18   393650
  5.516038e-01   1.858013e-15   1.840588e-03   3.375951e-18   402704
  5.579656e-01   1.839820e-15   1.830970e-03   3.316402e-18   409910
  5.643320e-01   1.830592e-15   1.843407e-03   3.265524e-18   422024
  5.707212e-01   1.811425e-15   1.846526e-03   3.195650e-18   432176
  5.771022e-01   1.813315e-15   1.837404e-03   3.172164e-18   440066
  5.834769e-01   1.795289e-15   1.841263e-03   3.112326e-18   450680
  5.898365e-01   1.783895e-15   1.831084e-03   3.063914e-18   457856
  5.962115e-01   1.775500e-15   1.848347e-03   3.009323e-18   472538
  6.026013e-01   1.761351e-15   1.839689e-03   2.960477e-18   480140
  6.089752e-01   1.749858e-15   1.841279e-03   2.902717e-18   490842
  6.153517e-01   1.736021e-15   1.838382e-03   2.860338e-18   500744
  6.217295e-01   1.726518e-15   1.842392e-03   2.815655e-18   511856
  6.281145e-01   1.715155e-15   1.844734e-03   2.774107e-18   523202
  6.344991e-01   1.713180e-15   1.840396e-03   2.763212e-18   532688
  6.408638e-01   1.704216e-15   1.834541e-03   2.722551e-18   541520
  6.472341e-01   1.692277e-15   1.842653e-03   2.670767e-18   555110
  6.536136e-01   1.677947e-15   1.839126e-03   2.634918e-18   564944
  6.599884e-01   1.668487e-15   1.839832e-03   2.573645e-18   576434
  6.663740e-01   1.667181e-15   1.844405e-03   2.560469e-18   588848
  6.727501e-01   1.652969e-15   1.838623e-03   2.514587e-18   597704
  6.791236e-01   1.642893e-15   1.842386e-03   2.489761e-18   610946
  6.855006e-01   1.636217e-15   1.837794e-03   2.459094e-18   620852
  6.918722e-01   1.615791e-15   1.841901e-03   2.396328e-18   633530
  6.982524e-01   1.620237e-15   1.841844e-03   2.394787e-18   645704
  7.046316e-01   1.608502e-15   1.840565e-03   2.350669e-18   656744
  7.110074e-01   1.594617e-15   1.841941e-03   2.308548e-18   669162
  7.173906e-01   1.591187e-15   1.843286e-03   2.295640e-18   681992
  7.237681e-01   1.578970e-15   1.838959e-03   2.249095e-18   692360
  7.301485e-01   1.575907e-15   1.844364e-03   2.235150e-18   707006
  7.365206e-01   1.569247e-15   1.834135e-03   2.213221e-18   714944
  7.428835e-01   1.562905e-15   1.841775e-03   2.173456e-18   730346
  7.492606e-01   1.553772e-15   1.838962e-03   2.160909e-18   742616
  7.556415e-01   1.544110e-15   1.843530e-03   2.127427e-18   756536
  7.620128e-01   1.535812e-15   1.836595e-03   2.099617e-18   766418
  7.683917e-01   1.531194e-15   1.845753e-03   2.074207e-18   783392
  7.747614e-01   1.519770e-15   1.833632e-03   2.052839e-18   790412
  7.811334e-01   1.514540e-15   1.848120e-03   2.019271e-18   810314
  7.875277e-01   1.507801e-15   1.843702e-03   1.997491e-18   821960
  7.938987e-01   1.501508e-15   1.834976e-03   1.990238e-18   831266
  8.002712e-01   1.493985e-15   1.843706e-03   1.951150e-18   848960
  8.066557e-01   1.482938e-15   1.842629e-03   1.934024e-18   861488
  8.130204e-01   1.479966e-15   1.833334e-03   1.914772e-18   871194
  8.193985e-01   1.467818e-15   1.847247e-03   1.875251e-18   891788
  8.257796e-01   1.460242e-15   1.838008e-03   1.858138e-18   900416
  8.321422e-01   1.455842e-15   1.836250e-03   1.851414e-18   914306
  8.385264e-01   1.444436e-15   1.847988e-03   1.812140e-18   933992
  8.449011e-01   1.442159e-15   1.834294e-03   1.803354e-18   940826
  8.512701e-01   1.437622e-15   1.842364e-03   1.782733e-18   960224
  8.576621e-01   1.427359e-15   1.846556e-03   1.757612e-18   976316
  8.640381e-01   1.423879e-15   1.835724e-03   1.749481e-18   985010
  8.704114e-01   1.419770e-15   1.843336e-03   1.727278e-18   1004024
  8.767898e-01   1.407167e-15   1.839706e-03   1.701717e-18   1016288
  8.831639e-01   1.403487e-15   1.840690e-03   1.682678e-18   1032290
  8.895470e-01   1.393891e-15   1.843156e-03   1.663514e-18   1048640
  8.959130e-01   1.385063e-15   1.831919e-03   1.639700e-18   1057250
  9.022937e-01   1.386447e-15   1.849588e-03   1.621125e-18   1083140
  9.086870e-01   1.373120e-15   1.840763e-03   1.603298e-18   1092248
  9.150555e-01   1.369581e-15   1.837510e-03   1.596961e-18   1105914
  9.214310e-01   1.363607e-15   1.841822e-03   1.570616e-18   1124744
  9.278120e-01   1.354166e-15   1.841202e-03   1.552788e-18   1139120
  9.341841e-01   1.349831e-15   1.838536e-03   1.544938e-18   1153490
  9.405650e-01   1.345365e-15   1.844187e-03   1.525898e-18   1172936
  9.469357e-01   1.339558e-15   1.834491e-03   1.513861e-18   1182158
  9.533110e-01   1.338355e-15   1.846126e-03   1.499710e-18   1206392
  9.596894e-01   1.327067e-15   1.835525e-03   1.479587e-18   1215224
  9.660641e-01   1.321441e-15   1.844936e-03   1.459617e-18   1237874
  9.724505e-01   1.316097e-15   1.841050e-03   1.453470e-18   1251800
  9.788233e-01   1.311244e-15   1.838619e-03   1.436544e-18   1265792
  9.851993e-01   1.310072e-15   1.843109e-03   1.426438e-18   1286306
  9.915793e-01   1.297616e-15   1.838809e-03   1.403097e-18   1299764
  9.979438e-01   1.292771e-15   1.836769e-03   1.393333e-18   1314554
  1.004319e+00   1.291241e-15   1.843595e-03   1.376794e-18   1337288
  1.010703e+00   1.282787e-15   1.840912e-03   1.363694e-18   1351304
  1.017077e+00   1.278088e-15   1.841769e-03   1.352494e-18   1369026
  1.023461e+00   1.270188e-15   1.843478e-03   1.339650e-18   1388456
  1.029842e+00   1.262572e-15   1.840406e-03   1.318066e-18   1402700
  1.036211e+00   1.260522e-15   1.837802e-03   1.312257e-18   1418282
  1.042587e+00   1.254647e-15   1.843596e-03   1.294547e-18   1440272
  1.048964e+00   1.251292e-15   1.838705e-03   1.287141e-18   1454114
  1.055341e+00   1.247425e-15   1.842603e-03   1.279871e-18   1475480
  1.061720e+00   1.242701e-15   1.840520e-03   1.268362e-18   1490936
  1.068091e+00   1.233905e-15   1.838519e-03   1.250856e-18   1507826
  1.074472e+00   1.232395e-15   1.844275e-03   1.241599e-18   1530764
  1.080850e+00   1.224157e-15   1.839052e-03   1.229570e-18   1543424
  1.087222e+00   1.222752e-15   1.841688e-03   1.220263e-18   1564946
  1.093594e+00   1.217929e-15   1.835875e-03   1.209025e-18   1578536
  1.099970e+00   1.213768e-15   1.845670e-03   1.199624e-18   1604882
  1.106358e+00   1.208363e-15   1.842454e-03   1.188066e-18   1621304
  1.112736e+00   1.203581e-15   1.839545e-03   1.181504e-18   1637024
  1.119103e+00   1.196348e-15   1.837794e-03   1.164404e-18   1654134
  1.125480e+00   1.190816e-15   1.844256e-03   1.149488e-18   1679168
  1.131864e+00   1.187215e-15   1.841903e-03   1.141734e-18   1695944
  1.138235e+00   1.187079e-15   1.836568e-03   1.137433e-18   1710602
  1.144612e+00   1.181176e-15   1.844777e-03   1.126735e-18   1737056
  1.150994e+00   1.176071e-15   1.840390e-03   1.115154e-18   1752602
  1.157370e+00   1.173163e-15   1.839227e-03   1.107633e-18   1772024
  1.163752e+00   1.165691e-15   1.844090e-03   1.095732e-18   1795364
  1.170126e+00   1.162722e-15   1.836467e-03   1.091309e-18   1807634
  1.176490e+00   1.162101e-15   1.836183e-03   1.081502e-18   1827608
  1.182859e+00   1.157402e-15   1.840789e-03   1.070911e-18   1850984
  1.189240e+00   1.149866e-15   1.844107e-03   1.061028e-18   1874618
  1.195619e+00   1.146318e-15   1.838445e-03   1.049738e-18   1889504
  1.202001e+00   1.142912e-15   1.845373e-03   1.040711e-18   1916870
  1.208383e+00   1.136938e-15   1.838254e-03   1.031298e-18   1929728
  1.214760e+00   1.131144e-15   1.843674e-03   1.023049e-18   1955408
  1.221131e+00   1.126945e-15   1.834427e-03   1.015715e-18   1966842
  1.227503e+00   1.124227e-15   1.843005e-03   1.004935e-18   1996640
  1.233886e+00   1.120050e-15   1.842690e-03   9.996851e-19   2016392
  1.240265e+00   1.118734e-15   1.839730e-03   9.935109e-19   2034722
  1.246641e+00   1.112812e-15   1.840813e-03   9.847664e-19   2056460
  1.253014e+00   1.109642e-15   1.838931e-03   9.755525e-19   2075186
  1.259388e+00   1.106415e-15   1.840566e-03   9.686126e-19   2099096
  1.265761e+00   1.101088e-15   1.837910e-03   9.605666e-19   2116832
  1.272138e+00   1.095575e-15   1.844119e-03   9.455643e-19   2145146
  1.278526e+00   1.094451e-15   1.844128e-03   9.447875e-19   2166776
  1.284904e+00   1.087509e-15   1.838822e-03   9.351153e-19   2181848
  1.291273e+00   1.087143e-15   1.838785e-03   9.348943e-19   2203766
  1.297646e+00   1.082378e-15   1.840619e-03   9.251074e-19   2227664
  1.304025e+00   1.078519e-15   1.842381e-03   9.157016e-19   2252138
  1.310403e+00   1.075974e-15   1.839825e-03   9.114598e-19   2271152
  1.316777e+00   1.069354e-15   1.840536e-03   9.011038e-19   2293256
  1.323154e+00   1.069465e-15   1.842085e-03   8.967183e-19   2318130
  1.329536e+00   1.064493e-15   1.841956e-03   8.894409e-19   2340824
  1.335910e+00   1.059875e-15   1.838342e-03   8.799996e-19   2357990
  1.342292e+00   1.058143e-15   1.846396e-03   8.758100e-19   2391176
  1.348671e+00   1.055565e-15   1.837209e-03   8.729664e-19   2401808
  1.355040e+00   1.048205e-15   1.840258e-03   8.616069e-19   2428442
  1.361418e+00   1.046896e-15   1.842645e-03   8.567571e-19   2454752
  1.367798e+00   1.042798e-15   1.841270e-03   8.507391e-19   2475872
  1.374172e+00   1.040120e-15   1.838763e-03   8.449825e-19   2495822
  1.380543e+00   1.038924e-15   1.839940e-03   8.435713e-19   2520248
  1.386922e+00   1.031123e-15   1.844043e-03   8.302276e-19   2549186
  1.393299e+00   1.032010e-15   1.837661e-03   8.296934e-19   2564768
  1.399672e+00   1.023937e-15   1.841284e-03   8.158640e-19   2592968
  1.406054e+00   1.022542e-15   1.843378e-03   8.149492e-19   2619818
  1.412431e+00   1.020198e-15   1.838027e-03   8.098666e-19   2636384
  1.418803e+00   1.018172e-15   1.840293e-03   8.053784e-19   2662220
  1.425180e+00   1.015354e-15   1.842524e-03   7.990337e-19   2689770
  1.431560e+00   1.010755e-15   1.840994e-03   7.932618e-19   2712296
  1.437933e+00   1.007702e-15   1.838431e-03   7.865192e-19   2732618
  1.444312e+00   1.003924e-15   1.843932e-03   7.810352e-19   2765264
  1.450695e+00   9.995943e-16   1.840894e-03   7.754881e-19   2784824
  1.457066e+00   9.980293e-16   1.837138e-03   7.724296e-19   2804162
  1.463445e+00   9.978405e-16   1.844971e-03   7.659651e-19   2840612
  1.469825e+00   9.913885e-16   1.839130e-03   7.616395e-19   2855576
  1.476198e+00   9.908038e-16   1.840533e-03   7.575474e-19   2883458
  1.482571e+00   9.848702e-16   1.838217e-03   7.499468e-19   2904128
  1.488946e+00   9.816837e-16   1.843378e-03   7.436085e-19   2937026
  1.495325e+00   9.823255e-16   1.839218e-03   7.436099e-19   2956976
  1.501703e+00   9.775239e-16   1.841967e-03   7.367061e-19   2986472
  1.508082e+00   9.753668e-16   1.840166e-03   7.331472e-19   3008918
  1.514460e+00   9.715133e-16   1.841773e-03   7.263189e-19   3036752
  1.520836e+00   9.675848e-16   1.839884e-03   7.229572e-19   3058376
  1.527209e+00   9.674479e-16   1.839616e-03   7.166803e-19   3084210
  1.533583e+00   9.631309e-16   1.840948e-03   7.123202e-19   3111848
  1.539960e+00   9.596424e-16   1.841348e-03   7.069713e-19   3138890
  1.546339e+00   9.578593e-16   1.840626e-03   7.021761e-19   3164516
  1.552719e+00   9.543835e-16   1.842638e-03   6.967565e-19   3192656
  1.559097e+00   9.509850e-16   1.840555e-03   6.941529e-19   3215618
  1.565473e+00   9.487016e-16   1.840732e-03   6.897528e-19   3242888
  1.571846e+00   9.456647e-16   1.839114e-03   6.866164e-19   3265448
  1.578224e+00   9.430466e-16   1.843575e-03   6.810948e-19   3300842
  1.584604e+00   9.391424e-16   1.839884e-03   6.747961e-19   3321008
  1.590977e+00   9.382142e-16   1.839336e-03   6.732784e-19   3346406
  1.597352e+00   9.358928e-16   1.841596e-03   6.698208e-19   3377984
  1.603728e+00   9.325325e-16   1.839551e-03   6.655505e-19   3400352
  1.610103e+00   9.289190e-16   1.841321e-03   6.594728e-19   3431450
  1.616483e+00   9.285935e-16   1.841519e-03   6.581196e-19   3458768
  1.622859e+00   9.238045e-16   1.841183e-03   6.531084e-19   3484088
  1.629231e+00   9.216824e-16   1.838425e-03   6.486970e-19   3508218
  1.635610e+00   9.192842e-16   1.843946e-03   6.445094e-19   3545924
  1.641992e+00   9.145334e-16   1.841053e-03   6.378919e-19   3567530
  1.648369e+00   9.146927e-16   1.840183e-03   6.364260e-19   3595040
  1.654744e+00   9.108260e-16   1.840167e-03   6.315337e-19   3621176
  1.661115e+00   9.098348e-16   1.839521e-03   6.297834e-19   3647738
  1.667490e+00   9.066176e-16   1.841438e-03   6.262170e-19   3680480
  1.673870e+00   9.036156e-16   1.842082e-03   6.196417e-19   3709712
  1.680248e+00   9.015042e-16   1.840008e-03   6.185969e-19   3734702
  1.686623e+00   8.978833e-16   1.840362e-03   6.140181e-19   3762776
  1.692996e+00   8.952537e-16   1.839854e-03   6.089528e-19   3790514
  1.699371e+00   8.945123e-16   1.839908e-03   6.069844e-19   3820352
  1.705752e+00   8.904414e-16   1.844068e-03   6.024035e-19   3856016
  1.712131e+00   8.882173e-16   1.839690e-03   5.992353e-19   3876818
  1.718506e+00   8.859498e-16   1.839874e-03   5.954896e-19   3906332
  1.724882e+00   8.827962e-16   1.841963e-03   5.909166e-19   3938216
  1.731260e+00   8.804108e-16   1.840685e-03   5.873911e-19   3966354
  1.737636e+00   8.788037e-16   1.839695e-03   5.866674e-19   3993536
  1.744011e+00   8.756935e-16   1.840344e-03   5.815569e-19   4024034
  1.750392e+00   8.728406e-16   1.843071e-03   5.763693e-19   4060208
  1.756773e+00   8.705374e-16   1.840812e-03   5.754073e-19   4083632
  1.763145e+00   8.699555e-16   1.837811e-03   5.747766e-19   4107062
  1.769521e+00   8.670765e-16   1.842771e-03   5.684953e-19   4148072
  1.775893e+00   8.641323e-16   1.836707e-03   5.665155e-19   4163456
  1.782267e+00   8.620655e-16   1.842476e-03   5.618473e-19   4207994
  1.788652e+00   8.601246e-16   1.843367e-03   5.594681e-19   4239152
  1.795029e+00   8.588576e-16   1.839132e-03   5.579022e-19   4259426
  1.801407e+00   8.561321e-16   1.842524e-03   5.533252e-19   4299488
  1.807788e+00   8.524677e-16   1.840660e-03   5.503432e-19   4323692
  1.814162e+00   8.502079e-16   1.840093e-03   5.478896e-19   4353242
  1.820541e+00   8.483430e-16   1.841694e-03   5.445574e-19   4388792
  1.826915e+00   8.464001e-16   1.838387e-03   5.414408e-19   4409912
  1.833288e+00   8.445389e-16   1.841592e-03   5.388737e-19   4449282
  1.839667e+00   8.413994e-16   1.840784e-03   5.345594e-19   4478504
  1.846041e+00   8.391871e-16   1.839106e-03   5.313251e-19   4505882
  1.852417e+00   8.385539e-16   1.841020e-03   5.309368e-19   4542044
  1.858793e+00   8.348617e-16   1.840344e-03   5.261766e-19   4569608
  1.865169e+00   8.333904e-16   1.841195e-03   5.242462e-19   4604426
  1.871550e+00   8.319052e-16   1.842311e-03   5.211709e-19   4638896
  1.877925e+00   8.281324e-16   1.838827e-03   5.181424e-19   4660088
  1.884299e+00   8.269077e-16   1.841797e-03   5.153755e-19   4701290
  1.890678e+00   8.239693e-16   1.840619e-03   5.132575e-19   4729292
  1.897054e+00   8.210243e-16   1.841565e-03   5.101688e-19   4762706
  1.903435e+00   8.209485e-16   1.842610e-03   5.082027e-19   4799336
  1.909810e+00   8.166635e-16   1.837970e-03   5.036138e-19   4818680
  1.916185e+00   8.173141e-16   1.842882e-03   5.035507e-19   4863962
  1.922563e+00   8.149350e-16   1.839027e-03   4.996218e-19   4886216
  1.928938e+00   8.119685e-16   1.841692e-03   4.966922e-19   4925360
  1.935312e+00   8.101861e-16   1.838487e-03   4.949483e-19   4950198
  1.941682e+00   8.083708e-16   1.839228e-03   4.927310e-19   4983776
  1.948062e+00   8.060425e-16   1.844717e-03   4.883722e-19   5032058
  1.954444e+00   8.049705e-16   1.839748e-03   4.880777e-19   5052296
  1.960816e+00   8.030665e-16   1.839118e-03   4.863002e-19   5081048
  1.967192e+00   8.001094e-16   1.843475e-03   4.807982e-19   5127146
  1.973574e+00   7.988101e-16   1.841069e-03   4.814794e-19   5155376
  1.979948e+00   7.963223e-16   1.838766e-03   4.772628e-19   5181068
  1.986324e+00   7.956294e-16   1.842536e-03   4.765282e-19   5225906
  1.992703e+00   7.926603e-16   1.840301e-03   4.735316e-19   5253224
  1.999075e+00   7.903743e-16   1.838471e-03   4.710744e-19   5281154
  2.005453e+00   7.893382e-16   1.843666e-03   4.679666e-19   5330336
  2.011834e+00   7.865908e-16   1.840278e-03   4.660529e-19   5354120
  2.018204e+00   7.857489e-16   1.837177e-03   4.645289e-19   5380154
  2.024582e+00   7.836525e-16   1.844004e-03   4.613611e-19   5433740
  2.030964e+00   7.811229e-16   1.841066e-03   4.590792e-19   5458202
  2.037337e+00   7.800756e-16   1.838473e-03   4.572218e-19   5486424
  2.043713e+00   7.773382e-16   1.842073e-03   4.550338e-19   5530640
  2.050092e+00   7.747291e-16   1.840865e-03   4.525857e-19   5561162
  2.056472e+00   7.753791e-16   1.842354e-03   4.512586e-19   5601512
  2.062848e+00   7.720304e-16   1.838550e-03   4.484759e-19   5623244
  2.069220e+00   7.702932e-16   1.840849e-03   4.462627e-19   5665346
  2.075598e+00   7.686970e-16   1.841113e-03   4.444831e-19   5702384
  2.081975e+00   7.668839e-16   1.840298e-03   4.418937e-19   5734706
  2.088353e+00   7.649778e-16   1.841301e-03   4.407549e-19   5773184
  2.094733e+00   7.626952e-16   1.841946e-03   4.373216e-19   5809568
  2.101105e+00   7.621631e-16   1.837552e-03   4.370752e-19   5831090
  2.107479e+00   7.599064e-16   1.842206e-03   4.349377e-19   5881964
  2.113859e+00   7.575710e-16   1.841213e-03   4.325505e-19   5913416
  2.120238e+00   7.565381e-16   1.841923e-03   4.308107e-19   5952290
  2.126616e+00   7.534536e-16   1.839865e-03   4.287827e-19   5981144
  2.132988e+00   7.527320e-16   1.839742e-03   4.267964e-19   6015290
  2.139364e+00   7.501540e-16   1.841927e-03   4.240063e-19   6059664
  2.145743e+00   7.490608e-16   1.840799e-03   4.226026e-19   6092336
  2.152122e+00   7.465497e-16   1.842086e-03   4.196614e-19   6132806
  2.158501e+00   7.451115e-16   1.841321e-03   4.187156e-19   6166832
  2.164873e+00   7.443913e-16   1.837443e-03   4.174945e-19   6189272
  2.171243e+00   7.435347e-16   1.841004e-03   4.156999e-19   6238154
  2.177621e+00   7.403992e-16   1.841080e-03   4.130687e-19   6275288
  2.184000e+00   7.388147e-16   1.842241e-03   4.104621e-19   6316322
  2.190379e+00   7.378776e-16   1.840641e-03   4.099436e-19   6348488
  2.196756e+00   7.355176e-16   1.841212e-03   4.077418e-19   6385868
  2.203134e+00   7.333793e-16   1.841850e-03   4.051668e-19   6425378
  2.209510e+00   7.323858e-16   1.839408e-03   4.044899e-19   6455360
  2.215886e+00   7.306358e-16   1.841392e-03   4.021545e-19   6498176
  2.222261e+00   7.299351e-16   1.840198e-03   4.016075e-19   6531674
  2.228637e+00   7.272921e-16   1.841209e-03   3.993510e-19   6573368
  2.235015e+00   7.255670e-16   1.841417e-03   3.968995e-19   6611246
  2.241392e+00   7.243988e-16   1.840803e-03   3.957006e-19   6647424
  2.247770e+00   7.221129e-16   1.841365e-03   3.930436e-19   6687488
  2.254147e+00   7.214829e-16   1.839919e-03   3.922144e-19   6721250
  2.260520e+00   7.195517e-16   1.839077e-03   3.906048e-19   6755816
  2.266897e+00   7.174956e-16   1.842933e-03   3.886745e-19   6806504
  2.273276e+00   7.162971e-16   1.840584e-03   3.881324e-19   6837506
  2.279651e+00   7.151708e-16   1.839474e-03   3.860716e-19   6871556
  2.286030e+00   7.132722e-16   1.843489e-03   3.834818e-19   6924938
  2.292407e+00   7.125316e-16   1.838210e-03   3.838865e-19   6945320
  2.298778e+00   7.098835e-16   1.839118e-03   3.805730e-19   6986072
  2.305158e+00   7.088052e-16   1.844888e-03   3.787361e-19   7046642
  2.311538e+00   7.075876e-16   1.838415e-03   3.775283e-19   7061168
  2.317910e+00   7.055444e-16   1.840538e-03   3.761330e-19   7108064
  2.324288e+00   7.048689e-16   1.841488e-03   3.744650e-19   7151822
  2.330666e+00   7.023455e-16   1.840837e-03   3.733807e-19   7187600
  2.337045e+00   7.002026e-16   1.841819e-03   3.704235e-19   7231418
  2.343420e+00   7.004192e-16   1.838266e-03   3.708393e-19   7257912
  2.349793e+00   6.977565e-16   1.841246e-03   3.681746e-19   7307840
  2.356171e+00   6.969692e-16   1.840707e-03   3.673315e-19   7346618
  2.362545e+00   6.957925e-16   1.838315e-03   3.662489e-19   7376552
  2.368920e+00   6.933273e-16   1.842635e-03   3.641456e-19   7431740
  2.375299e+00   6.928328e-16   1.840580e-03   3.636481e-19   7464458
  2.381675e+00   6.903410e-16   1.840724e-03   3.612677e-19   7505672
  2.388054e+00   6.897461e-16   1.841875e-03   3.601579e-19   7550906
  2.394430e+00   6.888828e-16   1.839274e-03   3.591072e-19   7580720
  2.400808e+00   6.876184e-16   1.843124e-03   3.572149e-19   7635944
  2.407183e+00   6.853943e-16   1.837385e-03   3.558534e-19   7653254
  2.413557e+00   6.845061e-16   1.842500e-03   3.545505e-19   7714712
  2.419937e+00   6.824375e-16   1.841714e-03   3.528971e-19   7751840
  2.426315e+00   6.816799e-16   1.840093e-03   3.522727e-19   7788170
  2.432690e+00   6.797104e-16   1.840288e-03   3.503078e-19   7828544
  2.439067e+00   6.789674e-16   1.841589e-03   3.496480e-19   7874474
  2.445442e+00   6.779259e-16   1.838917e-03   3.484792e-19   7906032
  2.451817e+00   6.754375e-16   1.841643e-03   3.457324e-19   7957580
  2.458195e+00   6.746780e-16   1.840967e-03   3.448615e-19   7995962
  2.464573e+00   6.734969e-16   1.841319e-03   3.441468e-19   8038976
  2.470951e+00   6.712013e-16   1.841937e-03   3.419936e-19   8082320
  2.477329e+00   6.716401e-16   1.840784e-03   3.420296e-19   8120450
  2.483701e+00   6.694217e-16   1.838200e-03   3.401811e-19   8150312
  2.490075e+00   6.667811e-16   1.842025e-03   3.380048e-19   8210450
  2.496455e+00   6.674967e-16   1.840554e-03   3.382128e-19   8246732
  2.502832e+00   6.650883e-16   1.841458e-03   3.361910e-19   8290256
  2.509210e+00   6.641966e-16   1.841232e-03   3.353983e-19   8333306
  2.515587e+00   6.627752e-16   1.840510e-03   3.335003e-19   8372312
  2.521962e+00   6.613086e-16   1.840644e-03   3.325312e-19   8413472
  2.528337e+00   6.616202e-16   1.840038e-03   3.327386e-19   8455634
  2.534714e+00   6.587395e-16   1.841410e-03   3.303793e-19   8503736
  2.541090e+00   6.570577e-16   1.840703e-03   3.286452e-19   8542814
  2.547468e+00   6.566764e-16   1.841283e-03   3.285917e-19   8589960
  2.553847e+00   6.550944e-16   1.841675e-03   3.274573e-19   8633912
  2.560223e+00   6.541307e-16   1.839336e-03   3.257868e-19   8666690
  2.566599e+00   6.530447e-16   1.842209e-03   3.247898e-19   8722544
  2.572977e+00   6.508277e-16   1.840585e-03   3.232348e-19   8758112
  2.579352e+00   6.506684e-16   1.839548e-03   3.224706e-19   8798750
  2.585728e+00   6.487465e-16   1.841277e-03   3.213129e-19   8848808
  2.592104e+00   6.477843e-16   1.840251e-03   3.200758e-19   8889170
  2.598481e+00   6.475937e-16   1.840227e-03   3.197092e-19   8934608
  2.604856e+00   6.448555e-16   1.839643e-03   3.177588e-19   8971640
  2.611232e+00   6.454830e-16   1.842388e-03   3.177046e-19   9029954
  2.617612e+00   6.441210e-16   1.840920e-03   3.161084e-19   9067856
  2.623987e+00   6.425989e-16   1.839672e-03   3.153422e-19   9104444
  2.630367e+00   6.411675e-16   1.843923e-03   3.139574e-19   9171242
  2.636745e+00   6.399757e-16   1.838017e-03   3.128109e-19   9185528
  2.643114e+00   6.390391e-16   1.839022e-03   3.122646e-19   9235394
  2.649494e+00   6.387315e-16   1.844050e-03   3.113817e-19   9305688
  2.655872e+00   6.362084e-16   1.838662e-03   3.102424e-19   9321824
  2.662249e+00   6.361705e-16   1.843226e-03   3.092631e-19   9392090
  2.668628e+00   6.347327e-16   1.839001e-03   3.087488e-19   9414332
  2.675000e+00   6.331841e-16   1.840415e-03   3.069187e-19   9465410
  2.681380e+00   6.330074e-16   1.842364e-03   3.068278e-19   9523760
  2.687758e+00   6.315909e-16   1.839771e-03   3.055502e-19   9553832
  2.694133e+00   6.302905e-16   1.840855e-03   3.043622e-19   9604298
  2.700510e+00   6.297473e-16   1.840893e-03   3.033101e-19   9651176
  2.706885e+00   6.281520e-16   1.839603e-03   3.023056e-19   9687704
  2.713262e+00   6.280157e-16   1.842393e-03   3.020682e-19   9748574
  2.719643e+00   6.269138e-16   1.842290e-03   3.015670e-19   9794624
  2.726015e+00   6.255606e-16   1.836766e-03   3.004075e-19   9811370
  2.732389e+00   6.253611e-16   1.842921e-03   2.993331e-19   9891320
  2.738770e+00   6.225941e-16   1.841218e-03   2.973469e-19   9926024
  2.745146e+00   6.225408e-16   1.840208e-03   2.974372e-19   9967586
  2.751522e+00   6.214672e-16   1.840755e-03   2.963325e-19   10018116
  2.757897e+00   6.202630e-16   1.840456e-03   2.953534e-19   10060280
  2.764274e+00   6.206503e-16   1.841667e-03   2.955121e-19   10115450
  2.770654e+00   6.191034e-16   1.841837e-03   2.940938e-19   10164368
  2.777028e+00   6.170873e-16   1.838094e-03   2.933159e-19   10188314
  2.783404e+00   6.170988e-16   1.843290e-03   2.924086e-19   10265168
  2.789784e+00   6.152704e-16   1.840160e-03   2.911208e-19   10294448
  2.796159e+00   6.144786e-16   1.840640e-03   2.908657e-19   10343918
  2.802537e+00   6.134387e-16   1.841730e-03   2.897612e-19   10397600
  2.808913e+00   6.117248e-16   1.840311e-03   2.887136e-19   10435328
  2.815285e+00   6.119231e-16   1.838957e-03   2.884184e-19   10476698
  2.821661e+00   6.099917e-16   1.842237e-03   2.865449e-19   10543184
  2.828039e+00   6.089881e-16   1.839935e-03   2.860958e-19   10577834
  2.834417e+00   6.097765e-16   1.842252e-03   2.859585e-19   10641560
  2.840795e+00   6.072643e-16   1.839115e-03   2.847780e-19   10668452
  2.847169e+00   6.067482e-16   1.841467e-03   2.836979e-19   10729634
  2.853544e+00   6.060090e-16   1.839115e-03   2.833648e-19   10766520
  2.859920e+00   6.046043e-16   1.841423e-03   2.820435e-19   10825856
  2.866300e+00   6.040533e-16   1.842253e-03   2.819031e-19   10880090
  2.872679e+00   6.034088e-16   1.840348e-03   2.813253e-19   10918088
  2.879054e+00   6.020200e-16   1.840274e-03   2.803420e-19   10964474
  2.885431e+00   6.015158e-16   1.841464e-03   2.798836e-19   11021180
  2.891809e+00   6.000358e-16   1.840637e-03   2.784283e-19   11064248
  2.898185e+00   5.990043e-16   1.840651e-03   2.777973e-19   11114234
  2.904565e+00   5.988771e-16   1.842174e-03   2.777229e-19   11172872
  2.910943e+00   5.973191e-16   1.840078e-03   2.765786e-19   11206880
  2.917314e+00   5.973307e-16   1.838484e-03   2.764049e-19   11248130
  2.923689e+00   5.958734e-16   1.841523e-03   2.748427e-19   11316140
  2.930066e+00   5.948715e-16   1.840085e-03   2.748249e-19   11355554
  2.936443e+00   5.945453e-16   1.841835e-03   2.742225e-19   11417840
  2.942822e+00   5.931700e-16   1.840319e-03   2.737443e-19   11456528
  2.949199e+00   5.920767e-16   1.841526e-03   2.724705e-19   11512874
  2.955576e+00   5.923379e-16   1.840486e-03   2.726143e-19   11557272
  2.961950e+00   5.905530e-16   1.839582e-03   2.717388e-19   11600360
  2.968326e+00   5.903926e-16   1.841593e-03   2.710787e-19   11663678
  2.974703e+00   5.890473e-16   1.840371e-03   2.703086e-19   11705552
  2.981079e+00   5.880596e-16   1.840912e-03   2.691774e-19   11758658
  2.987457e+00   5.878930e-16   1.841605e-03   2.690092e-19   11815208
  2.993836e+00   5.868937e-16   1.841556e-03   2.680574e-19   11864000
  3.000212e+00   5.859480e-16   1.839938e-03   2.678338e-19   11904962
  3.006589e+00   5.854182e-16   1.840973e-03   2.672911e-19   11963696
  3.012966e+00   5.837765e-16   1.840866e-03   2.659372e-19   12011132
  3.019341e+00   5.846187e-16   1.840389e-03   2.665342e-19   12059450
  3.025718e+00   5.834116e-16   1.841438e-03   2.655132e-19   12118280
  3.032095e+00   5.823684e-16   1.840188e-03   2.650632e-19   12160562
  3.038470e+00   5.821920e-16   1.840247e-03   2.646406e-19   12212768
  3.044846e+00   5.805149e-16   1.841220e-03   2.635492e-19   12269504
  3.051223e+00   5.806573e-16   1.840948e-03   2.634792e-19   12319370
  3.057600e+00   5.799115e-16   1.840852e-03   2.629284e-19   12370140
  3.063975e+00   5.786637e-16   1.840437e-03   2.625643e-19   12417752
  3.070352e+00   5.781702e-16   1.841133e-03   2.619751e-19   12476882
  3.076731e+00   5.776143e-16   1.841502e-03   2.610392e-19   12530816
  3.083108e+00   5.760936e-16   1.840958e-03   2.600454e-19   12577658
  3.089485e+00   5.758196e-16   1.840591e-03   2.599722e-19   12629288
  3.095862e+00   5.755380e-16   1.841067e-03   2.598726e-19   12683828
  3.102237e+00   5.749465e-16   1.839537e-03   2.594077e-19   12725354
  3.108612e+00   5.744651e-16   1.841269e-03   2.590613e-19   12790616
  3.114989e+00   5.725407e-16   1.840010e-03   2.578409e-19   12833768
  3.121365e+00   5.729619e-16   1.841117e-03   2.579574e-19   12894194
  3.127743e+00   5.724499e-16   1.841676e-03   2.574032e-19   12950240
  3.134122e+00   5.715983e-16   1.840849e-03   2.570069e-19   12998714
  3.140498e+00   5.709639e-16   1.840244e-03   2.566136e-19   13048100
  3.146876e+00   5.702376e-16   1.841732e-03   2.559104e-19   13109120
  3.153254e+00   5.702469e-16   1.841032e-03   2.558443e-19   13158506
  3.159627e+00   5.694951e-16   1.838302e-03   2.554895e-19   13193040
  3.166002e+00   5.682491e-16   1.841969e-03   2.547496e-19   13271072
  3.172380e+00   5.685436e-16   1.840294e-03   2.549909e-19   13314242
  3.178754e+00   5.671485e-16   1.839703e-03   2.539172e-19   13363808
  3.185133e+00   5.662475e-16   1.842485e-03   2.529405e-19   13436822
  3.191512e+00   5.665919e-16   1.840487e-03   2.534166e-19   13476080
  3.197887e+00   5.650628e-16   1.840204e-03   2.524725e-19   13527296
  3.204264e+00   5.644278e-16   1.841161e-03   2.520107e-19   13589498
  3.210638e+00   5.642365e-16   1.838626e-03   2.520774e-19   13623704
  3.217016e+00   5.633696e-16   1.844054e-03   2.511598e-19   13717280
  3.223396e+00   5.634165e-16   1.839294e-03   2.510663e-19   13737914
  3.229770e+00   5.624727e-16   1.840743e-03   2.506853e-19   13801772
  3.236147e+00   5.613242e-16   1.841678e-03   2.499543e-19   13864298
  3.242524e+00   5.619403e-16   1.839451e-03   2.503031e-19   13904216
  3.248899e+00   5.606532e-16   1.840700e-03   2.495935e-19   13966064
  3.255276e+00   5.605118e-16   1.841492e-03   2.492136e-19   14027042
  3.261651e+00   5.600899e-16   1.838676e-03   2.492845e-19   14061048
  3.268027e+00   5.588175e-16   1.842396e-03   2.480669e-19   14143820
  3.274405e+00   5.594899e-16   1.840137e-03   2.490693e-19   14182442
  3.280782e+00   5.583039e-16   1.841285e-03   2.482695e-19   14245568
  3.287160e+00   5.576001e-16   1.841226e-03   2.471937e-19   14301338
  3.293537e+00   5.574152e-16   1.840394e-03   2.475914e-19   14350064
  3.299913e+00   5.564124e-16   1.841485e-03   2.466386e-19   14412488
  3.306292e+00   5.568136e-16   1.841397e-03   2.472129e-19   14470250
  3.312668e+00   5.560676e-16   1.839514e-03   2.468313e-19   14509484
  3.319039e+00   5.551024e-16   1.839618e-03   2.460064e-19   14564474
  3.325416e+00   5.557837e-16   1.842538e-03   2.462740e-19   14646632
  3.331795e+00   5.543756e-16   1.839978e-03   2.457970e-19   14681792
  3.338171e+00   5.536040e-16   1.841401e-03   2.453057e-19   14749946
  3.344548e+00   5.539990e-16   1.840482e-03   2.452754e-19   14799968
  3.350923e+00   5.533269e-16   1.839748e-03   2.451289e-19   14848808
  3.357300e+00   5.529221e-16   1.842276e-03   2.449650e-19   14925638
  3.363678e+00   5.525051e-16   1.840046e-03   2.446704e-19   14963016
  3.370053e+00   5.513151e-16   1.841263e-03   2.438220e-19   15031106
  3.376432e+00   5.524105e-16   1.841574e-03   2.447413e-19   15092384
  3.382808e+00   5.507556e-16   1.839899e-03   2.436200e-19   15132248
  3.389183e+00   5.505242e-16   1.841248e-03   2.434286e-19   15202322
  3.395560e+00   5.505386e-16   1.839985e-03   2.435029e-19   15250832
  3.401936e+00   5.499656e-16   1.841279e-03   2.431636e-19   15315692
  3.408315e+00   5.497898e-16   1.842099e-03   2.431068e-19   15382346
  3.414692e+00   5.494030e-16   1.839166e-03   2.430488e-19   15416024
  3.421065e+00   5.485675e-16   1.840590e-03   2.425234e-19   15483602
  3.427446e+00   5.485474e-16   1.843566e-03   2.422206e-19   15568424
  3.433825e+00   5.483458e-16   1.839187e-03   2.424969e-19   15589280
  3.440198e+00   5.481307e-16   1.839744e-03   2.423111e-19   15652502
  3.446575e+00   5.474442e-16   1.841959e-03   2.420669e-19   15728960
  3.452954e+00   5.469568e-16   1.840551e-03   2.418203e-19   15773168
  3.459328e+00   5.475518e-16   1.839940e-03   2.425060e-19   15828290
  3.465704e+00   5.465585e-16   1.840910e-03   2.417781e-19   15893184
  3.472081e+00   5.453334e-16   1.841157e-03   2.407808e-19   15954194
  3.478457e+00   5.461701e-16   1.839872e-03   2.416692e-19   16006016
  3.484831e+00   5.454958e-16   1.839639e-03   2.413904e-19   16058684
  3.491208e+00   5.453959e-16   1.842456e-03   2.411814e-19   16141898
  3.497590e+00   5.452928e-16   1.841864e-03   2.413342e-19   16197872
  3.503966e+00   5.445134e-16   1.839313e-03   2.408988e-19   16231640
  3.510341e+00   5.447054e-16   1.841313e-03   2.410689e-19   16310090
  3.516721e+00   5.445287e-16   1.841945e-03   2.412156e-19   16375136
  3.523097e+00   5.435465e-16   1.839457e-03   2.407536e-19   16412522
  3.529473e+00   5.438763e-16   1.841163e-03   2.405152e-19   16488308
  3.535850e+00   5.430622e-16   1.840616e-03   2.404563e-19   16539968
  3.542225e+00   5.431283e-16   1.839938e-03   2.405014e-19   16595714
  3.548602e+00   5.433163e-16   1.841625e-03   2.408808e-19   16671224
  3.554979e+00   5.417064e-16   1.840210e-03   2.400124e-19   16714064
  3.561354e+00   5.425448e-16   1.840955e-03   2.402612e-19   16783202
  3.567731e+00   5.424542e-16   1.840815e-03   2.407156e-19   16842504
  3.574108e+00   5.408987e-16   1.841084e-03   2.396294e-19   16904894
  3.580486e+00   5.418018e-16   1.841127e-03   2.406474e-19   16968656
  3.586865e+00   5.408898e-16   1.841521e-03   2.402125e-19   17030288
  3.593238e+00   5.408684e-16   1.838444e-03   2.406998e-19   17061482
  3.599615e+00   5.413235e-16   1.842988e-03   2.405345e-19   17164976
  3.605993e+00   5.409077e-16   1.840068e-03   2.405369e-19   17197184
  3.612368e+00   5.400571e-16   1.840756e-03   2.401704e-19   17267102
  3.618746e+00   5.402088e-16   1.841072e-03   2.404383e-19   17329928
  3.625121e+00   5.392643e-16   1.839901e-03   2.403541e-19   17378906
  3.631497e+00   5.402517e-16   1.841182e-03   2.408460e-19   17454776
  3.637873e+00   5.387080e-16   1.839972e-03   2.403283e-19   17501720
  3.644249e+00   5.393331e-16   1.842109e-03   2.407398e-19   17584826
  3.650631e+00   5.391820e-16   1.841819e-03   2.406504e-19   17646008
  3.657008e+00   5.375110e-16   1.840059e-03   2.400062e-19   17686412
  3.663381e+00   5.388399e-16   1.840228e-03   2.409674e-19   17751266
  3.669756e+00   5.379177e-16   1.840035e-03   2.406088e-19   17812848
  3.676130e+00   5.367895e-16   1.840074e-03   2.402938e-19   17874866
  3.682507e+00   5.375776e-16   1.841337e-03   2.407748e-19   17951720
  3.688886e+00   5.369168e-16   1.841134e-03   2.408519e-19   18009344
  3.695262e+00   5.364376e-16   1.840349e-03   2.405153e-19   18064730
  3.701640e+00   5.364657e-16   1.841339e-03   2.408978e-19   18137372
  3.708017e+00   5.357392e-16   1.840603e-03   2.408182e-19   18189632
  3.714392e+00   5.354772e-16   1.840457e-03   2.407691e-19   18254330
  3.720770e+00   5.348990e-16   1.841473e-03   2.408919e-19   18325808
  3.727148e+00   5.345311e-16   1.840737e-03   2.411089e-19   18379610
  3.733524e+00   5.350831e-16   1.840702e-03   2.413827e-19   18445760
  3.739901e+00   5.338790e-16   1.840479e-03   2.414580e-19   18504440
  3.746277e+00   5.333233e-16   1.840875e-03   2.413016e-19   18572198
  3.752657e+00   5.330641e-16   1.841895e-03   2.415914e-19   18647480
  3.759032e+00   5.319306e-16   1.838946e-03   2.411973e-19   18678152
  3.765406e+00   5.219344e-16   1.841061e-03   2.420130e-19   18764186
  3.771782e+00   5.003932e-16   1.840849e-03   2.385239e-19   18794103
  3.778158e+00   4.884130e-16   1.840297e-03   2.319457e-19   18760748
  3.784533e+00   4.761359e-16   1.840231e-03   2.249013e-19   18727940
  3.790912e+00   4.638639e-16   1.842073e-03   2.181625e-19   18712436
  3.797287e+00   4.518989e-16   1.838840e-03   2.117509e-19   18646616
  3.803663e+00   4.407700e-16   1.842455e-03   2.049553e-19   18651296
  3.810042e+00   4.296632e-16   1.840334e-03   1.992640e-19   18596096
  3.816418e+00   4.192468e-16   1.841121e-03   1.935460e-19   18571364
  3.822794e+00   4.088762e-16   1.839859e-03   1.877960e-19   18527096
  3.829170e+00   3.995016e-16   1.840846e-03   1.828843e-19   18501368
  3.835548e+00   3.898164e-16   1.841771e-03   1.776101e-19   18475040
  3.841927e+00   3.799841e-16   1.841481e-03   1.722173e-19   18439436
  3.848301e+00   3.712175e-16   1.838521e-03   1.676396e-19   18375752
  3.854674e+00   3.625255e-16   1.840584e-03   1.630150e-19   18361484
  3.861052e+00   3.540721e-16   1.842393e-03   1.583380e-19   18344504
  3.867430e+00   3.459472e-16   1.839817e-03   1.541638e-19   18284708
  3.873806e+00   3.381218e-16   1.841259e-03   1.498354e-19   18264048
  3.880183e+00   3.302343e-16   1.840629e-03   1.456327e-19   18220964
  3.886557e+00   3.228907e-16   1.839363e-03   1.418215e-19   18173528
  3.892935e+00   3.160573e-16   1.843046e-03   1.383374e-19   18173780
  3.899316e+00   3.088654e-16   1.841138e-03   1.346263e-19   18116660
  3.905693e+00   3.020805e-16   1.840842e-03   1.309774e-19   18078740
  3.912066e+00   2.952391e-16   1.838693e-03   1.275188e-19   18023108
  3.918439e+00   2.889923e-16   1.840734e-03   1.242169e-19   18005600
  3.924818e+00   2.829190e-16   1.842344e-03   1.210815e-19   17984552
  3.931198e+00   2.767517e-16   1.841062e-03   1.178921e-19   17934860
  3.937574e+00   2.709191e-16   1.840562e-03   1.149980e-19   17891468
  3.943950e+00   2.652807e-16   1.840945e-03   1.121296e-19   17857712
  3.950326e+00   2.597891e-16   1.840137e-03   1.095785e-19   17813108
  3.956702e+00   2.541237e-16   1.841074e-03   1.065660e-19   17784788
  3.963079e+00   2.488672e-16   1.840240e-03   1.038395e-19   17737268
  3.969455e+00   2.437968e-16   1.841773e-03   1.014956e-19   17713268
  3.975833e+00   2.388193e-16   1.840239e-03   9.898387e-20   17661912
  3.982208e+00   2.342355e-16   1.840290e-03   9.684705e-20   17622668
  3.988586e+00   2.293724e-16   1.842133e-03   9.421034e-20   17600552
  3.994964e+00   2.247587e-16   1.839951e-03   9.201332e-20   17542580
  4.001340e+00   2.203643e-16   1.840772e-03   8.990711e-20   17509112
  4.007717e+00   2.159965e-16   1.841501e-03   8.767308e-20   17475116
  4.014093e+00   2.119401e-16   1.839606e-03   8.585593e-20   17419964
  4.020469e+00   2.075036e-16   1.841433e-03   8.361604e-20   17397056
  4.026846e+00   2.037376e-16   1.840314e-03   8.181849e-20   17345336
  4.033223e+00   1.997691e-16   1.840964e-03   7.986992e-20   17310476
  4.039596e+00   1.961802e-16   1.838459e-03   7.830684e-20   17246360
  4.045972e+00   1.921427e-16   1.842582e-03   7.621128e-20   17244284
  4.052354e+00   1.887016e-16   1.842150e-03   7.467774e-20   17198240
  4.058731e+00   1.850277e-16   1.839271e-03   7.288833e-20   17130932
  4.065106e+00   1.817184e-16   1.841562e-03   7.136154e-20   17110040
  4.071484e+00   1.785068e-16   1.840722e-03   6.987786e-20   17058488
  4.077857e+00   1.752076e-16   1.839135e-03   6.834672e-20   17003664
  4.084233e+00   1.718582e-16   1.841446e-03   6.676641e-20   16983908
  4.090612e+00   1.686489e-16   1.841420e-03   6.525003e-20   16939220
  4.096989e+00   1.657845e-16   1.840515e-03   6.398291e-20   16888904
  4.103367e+00   1.626587e-16   1.841500e-03   6.254774e-20   16854920
  4.109743e+00   1.598014e-16   1.839861e-03   6.126992e-20   16795136
  4.116117e+00   1.570271e-16   1.840184e-03   5.995140e-20   16755860
  4.122495e+00   1.541962e-16   1.841913e-03   5.863431e-20   16729064
  4.128872e+00   1.513794e-16   1.840126e-03   5.740191e-20   16668260
  4.135248e+00   1.488254e-16   1.841092e-03   5.618541e-20   16631456
  4.141626e+00   1.461242e-16   1.841230e-03   5.498287e-20   16588208
  4.148001e+00   1.435804e-16   1.839635e-03   5.385674e-20   16531052
  4.154379e+00   1.412253e-16   1.842867e-03   5.278510e-20   16514456
  4.160755e+00   1.387505e-16   1.838861e-03   5.172898e-20   16432880
  4.167131e+00   1.364469e-16   1.842344e-03   5.064895e-20   16421120
  4.173510e+00   1.340442e-16   1.840051e-03   4.963266e-20   16354148
  4.179885e+00   1.319543e-16   1.841003e-03   4.869783e-20   16316184
  4.186264e+00   1.297005e-16   1.842179e-03   4.767706e-20   16283360
  4.192641e+00   1.274766e-16   1.839085e-03   4.679735e-20   16208756
  4.199016e+00   1.254272e-16   1.841765e-03   4.580644e-20   16184372
  4.205394e+00   1.234110e-16   1.840922e-03   4.503226e-20   16131116
  4.211767e+00   1.213243e-16   1.839273e-03   4.409979e-20   16070864
  4.218143e+00   1.194228e-16   1.841935e-03   4.324143e-20   16047596
  4.224522e+00   1.174652e-16   1.841132e-03   4.243891e-20   15993464
  4.230898e+00   1.156380e-16   1.839789e-03   4.167951e-20   15936116
  4.237274e+00   1.138335e-16   1.841227e-03   4.088844e-20   15899564
  4.243650e+00   1.120683e-16   1.840412e-03   4.012127e-20   15843188
  4.250027e+00   1.103095e-16   1.841430e-03   3.936192e-20   15806012
  4.256404e+00   1.085873e-16   1.840029e-03   3.865198e-20   15746972
  4.262780e+00   1.069109e-16   1.841029e-03   3.795942e-20   15706280
  4.269158e+00   1.052557e-16   1.841316e-03   3.729040e-20   15660560
  4.275534e+00   1.036207e-16   1.839976e-03   3.662384e-20   15601664
  4.281910e+00   1.021345e-16   1.840520e-03   3.598203e-20   15555936
  4.288286e+00   1.004875e-16   1.841154e-03   3.533099e-20   15511664
  4.294665e+00   9.904129e-17   1.841118e-03   3.475452e-20   15463688
  4.301042e+00   9.755070e-17   1.840371e-03   3.410549e-20   15406784
  4.307419e+00   9.601149e-17   1.841443e-03   3.353117e-20   15364076
  4.313795e+00   9.470012e-17   1.839853e-03   3.296296e-20   15302144
  4.320171e+00   9.322528e-17   1.841222e-03   3.240417e-20   15264716
  4.326549e+00   9.190387e-17   1.841061e-03   3.188193e-20   15212204
  4.332926e+00   9.056420e-17   1.840328e-03   3.130476e-20   15154664
  4.339301e+00   8.930756e-17   1.840391e-03   3.084326e-20   15104684
  4.345675e+00   8.798043e-17   1.839587e-03   3.027284e-20   15046256
  4.352051e+00   8.675659e-17   1.841370e-03   2.982195e-20   15009272
  4.358428e+00   8.552184e-17   1.840387e-03   2.931262e-20   14951624
  4.364807e+00   8.437835e-17   1.842302e-03   2.887668e-20   14915300
  4.371187e+00   8.314553e-17   1.840481e-03   2.839989e-20   14847140
  4.377560e+00   8.203840e-17   1.839457e-03   2.799523e-20   14786624
  4.383935e+00   8.100908e-17   1.840794e-03   2.759253e-20   14745252
  4.390313e+00   7.976465e-17   1.841504e-03   2.711267e-20   14697932
  4.396692e+00   7.870053e-17   1.841471e-03   2.669638e-20   14644448
  4.403070e+00   7.766918e-17   1.840856e-03   2.631852e-20   14586896
  4.409445e+00   7.661016e-17   1.839917e-03   2.590899e-20   14525000
  4.415820e+00   7.559756e-17   1.841355e-03   2.552942e-20   14482088
  4.422197e+00   7.459263e-17   1.840486e-03   2.516555e-20   14423696
  4.428574e+00   7.366353e-17   1.840927e-03   2.482837e-20   14373848
  4.434951e+00   7.267254e-17   1.841026e-03   2.445358e-20   14319188
  4.441328e+00   7.175439e-17   1.840720e-03   2.412756e-20   14262248
  4.447704e+00   7.093559e-17   1.840293e-03   2.383401e-20   14204780
  4.454079e+00   6.997409e-17   1.840780e-03   2.348221e-20   14153240
  4.460456e+00   6.912386e-17   1.840870e-03   2.317712e-20   14099048
  4.466833e+00   6.824816e-17   1.841305e-03   2.286338e-20   14048288
  4.473210e+00   6.739706e-17   1.840220e-03   2.258477e-20   13983860
  4.479586e+00   6.654432e-17   1.841413e-03   2.224974e-20   13935800
  4.485962e+00   6.575627e-17   1.839813e-03   2.195239e-20   13868784
  4.492338e+00   6.494291e-17   1.841245e-03   2.169110e-20   13824536
  4.498718e+00   6.416118e-17   1.842226e-03   2.140331e-20   13774364
  4.505095e+00   6.339989e-17   1.840286e-03   2.116474e-20   13702856
  4.511470e+00   6.268031e-17   1.840225e-03   2.091992e-20   13646648
  4.517844e+00   6.190338e-17   1.840082e-03   2.066805e-20   13588364
  4.524220e+00   6.112426e-17   1.841200e-03   2.037312e-20   13539920
  4.530597e+00   6.043967e-17   1.840383e-03   2.014436e-20   13478432
  4.536974e+00   5.977537e-17   1.840898e-03   1.993864e-20   13424264
  4.543353e+00   5.901914e-17   1.841656e-03   1.966322e-20   13370000
  4.549730e+00   5.840351e-17   1.840597e-03   1.948255e-20   13304432
  4.556105e+00   5.767075e-17   1.839697e-03   1.923865e-20   13241228
  4.562479e+00   5.708785e-17   1.840265e-03   1.904303e-20   13186508
  4.568858e+00   5.645018e-17   1.842616e-03   1.881542e-20   13144544
  4.575236e+00   5.579584e-17   1.839577e-03   1.863517e-20   13065032
  4.581610e+00   5.521512e-17   1.840140e-03   1.845482e-20   13008512
  4.587987e+00   5.464591e-17   1.841456e-03   1.826508e-20   12957360
  4.594365e+00   5.403564e-17   1.841180e-03   1.808637e-20   12897728
  4.600740e+00   5.343066e-17   1.838906e-03   1.790889e-20   12822884
  4.607118e+00   5.288097e-17   1.843186e-03   1.770417e-20   12790772
  4.613497e+00   5.231534e-17   1.839965e-03   1.756011e-20   12707960
  4.619871e+00   5.174358e-17   1.840055e-03   1.737834e-20   12650024
  4.626249e+00   5.118987e-17   1.841592e-03   1.720496e-20   12599360
  4.632627e+00   5.070239e-17   1.841060e-03   1.708282e-20   12533984
  4.639003e+00   5.015746e-17   1.840024e-03   1.691303e-20   12467036
  4.645379e+00   4.969420e-17   1.841105e-03   1.677540e-20   12412124
  4.651756e+00   4.916730e-17   1.840677e-03   1.662771e-20   12345776
  4.658131e+00   4.867865e-17   1.840856e-03   1.648620e-20   12286760
  4.664508e+00   4.818606e-17   1.840642e-03   1.635543e-20   12225452
  4.670885e+00   4.765566e-17   1.840694e-03   1.621011e-20   12162584
  4.677263e+00   4.725776e-17   1.841648e-03   1.609724e-20   12105824
  4.683640e+00   4.679249e-17   1.840444e-03   1.597265e-20   12036248
  4.690015e+00   4.634001e-17   1.840000e-03   1.586996e-20   11969736
  4.696391e+00   4.584127e-17   1.841517e-03   1.569798e-20   11916224
  4.702769e+00   4.542795e-17   1.840685e-03   1.559679e-20   11849312
  4.709145e+00   4.498004e-17   1.840274e-03   1.548746e-20   11783300
  4.715522e+00   4.459804e-17   1.841310e-03   1.538692e-20   11724800
  4.721898e+00   4.419055e-17   1.840639e-03   1.528543e-20   11657372
  4.728275e+00   4.374001e-17   1.840697e-03   1.515962e-20   11595320
  4.734652e+00   4.337764e-17   1.840360e-03   1.509789e-20   11527928
  4.741029e+00   4.297329e-17   1.841428e-03   1.498485e-20   11469008
  4.747404e+00   4.259699e-17   1.839492e-03   1.491009e-20   11392904
  4.753780e+00   4.220162e-17   1.841657e-03   1.478329e-20   11340476
  4.760155e+00   4.184877e-17   1.839780e-03   1.473705e-20   11263520
  4.766534e+00   4.148493e-17   1.842729e-03   1.463968e-20   11218472
  4.772911e+00   4.108943e-17   1.838731e-03   1.456363e-20   11129336
  4.779288e+00   4.073621e-17   1.842467e-03   1.446601e-20   11083964
  4.785665e+00   4.045135e-17   1.839931e-03   1.442460e-20   11001992
  4.792039e+00   4.006267e-17   1.840072e-03   1.435074e-20   10938228
  4.798414e+00   3.971588e-17   1.840560e-03   1.425958e-20   10874336
  4.804792e+00   3.942223e-17   1.841863e-03   1.421083e-20   10814828
  4.811169e+00   3.910769e-17   1.839739e-03   1.414590e-20   10736984
  4.817544e+00   3.876957e-17   1.840541e-03   1.407490e-20   10673948
  4.823923e+00   3.841314e-17   1.842721e-03   1.399202e-20   10617704
  4.830301e+00   3.813541e-17   1.840081e-03   1.395780e-20   10536416
  4.836675e+00   3.776409e-17   1.839468e-03   1.387758e-20   10466324
  4.843052e+00   3.750830e-17   1.842362e-03   1.382239e-20   10412984
  4.849431e+00   3.720639e-17   1.840724e-03   1.377992e-20   10334840
  4.855806e+00   3.688382e-17   1.840268e-03   1.371869e-20   10265528
  4.862183e+00   3.658846e-17   1.840956e-03   1.367375e-20   10200692
  4.868561e+00   3.628640e-17   1.841614e-03   1.361457e-20   10135292
  4.874938e+00   3.598699e-17   1.839941e-03   1.356665e-20   10058816
  4.881314e+00   3.571786e-17   1.840525e-03   1.352860e-20   9991772
  4.887691e+00   3.544093e-17   1.841575e-03   1.349361e-20   9925880
  4.894065e+00   3.516243e-17   1.838924e-03   1.345108e-20   9843288
  4.900441e+00   3.486854e-17   1.842306e-03   1.337809e-20   9792968
  4.906821e+00   3.462115e-17   1.840795e-03   1.336566e-20   9713612
  4.913196e+00   3.436498e-17   1.840365e-03   1.334343e-20   9640628
  4.919573e+00   3.406018e-17   1.840900e-03   1.327743e-20   9574256
  4.925949e+00   3.384122e-17   1.840276e-03   1.326526e-20   9499064
  4.932325e+00   3.353521e-17   1.841227e-03   1.320634e-20   9432296
  4.938702e+00   3.330171e-17   1.841040e-03   1.318709e-20   9362204
  4.945079e+00   3.305028e-17   1.840104e-03   1.316126e-20   9286052
  4.951457e+00   3.280144e-17   1.842090e-03   1.313102e-20   9222320
  4.957835e+00   3.255447e-17   1.841090e-03   1.310955e-20   9145976
  4.964211e+00   3.231006e-17   1.839895e-03   1.309153e-20   9070268
  4.970586e+00   3.208240e-17   1.840297e-03   1.306204e-20   8999720
  4.976964e+00   3.187799e-17   1.841617e-03   1.306045e-20   8932664
  4.983339e+00   3.160907e-17   1.838848e-03   1.303498e-20   8847344
  4.989712e+00   3.137171e-17   1.840809e-03   1.300868e-20   8782688
  4.996090e+00   3.116637e-17   1.841883e-03   1.301339e-20   8713440
  5.002468e+00   3.093611e-17   1.841131e-03   1.298408e-20   8638616
  5.008845e+00   3.069989e-17   1.839945e-03   1.298636e-20   8560856
  5.015220e+00   3.052846e-17   1.840402e-03   1.299844e-20   8487620
  5.021598e+00   3.028393e-17   1.842484e-03   1.296093e-20   8422796
  5.027976e+00   3.001103e-17   1.839559e-03   1.294106e-20   8336348
  5.034350e+00   2.978534e-17   1.840420e-03   1.291690e-20   8265176
  5.040727e+00   2.961725e-17   1.841761e-03   1.293482e-20   8196176
  5.047104e+00   2.936681e-17   1.839932e-03   1.291686e-20   8114636
  5.053478e+00   2.913556e-17   1.839889e-03   1.291582e-20   8038724
  5.059856e+00   2.895293e-17   1.842986e-03   1.288675e-20   7975460
  5.066235e+00   2.871367e-17   1.840210e-03   1.290403e-20   7889792
  5.072611e+00   2.844889e-17   1.840188e-03   1.286953e-20   7815728
  5.078987e+00   2.829384e-17   1.840544e-03   1.288699e-20   7739288
  5.085364e+00   2.803277e-17   1.841840e-03   1.284586e-20   7667432
  5.091741e+00   2.780886e-17   1.839798e-03   1.285863e-20   7583684
  5.098113e+00   2.762322e-17   1.839459e-03   1.287469e-20   7505172
  5.104490e+00   2.741472e-17   1.842916e-03   1.286517e-20   7442636
  5.110871e+00   2.719383e-17   1.841224e-03   1.286324e-20   7360676
  5.117246e+00   2.697208e-17   1.838532e-03   1.286185e-20   7272728
  5.123622e+00   2.675265e-17   1.842521e-03   1.285396e-20   7209140
  5.130001e+00   2.656686e-17   1.840984e-03   1.285162e-20   7125632
  5.136377e+00   2.630255e-17   1.840289e-03   1.284405e-20   7046924
  5.142753e+00   2.609522e-17   1.840046e-03   1.285101e-20   6966968
  5.149129e+00   2.585091e-17   1.841514e-03   1.284038e-20   6893408
  5.155505e+00   2.566811e-17   1.840118e-03   1.284974e-20   6811004
  5.161881e+00   2.543255e-17   1.840529e-03   1.284324e-20   6732944
  5.168258e+00   2.526221e-17   1.841885e-03   1.286413e-20   6658628
  5.174637e+00   2.494433e-17   1.841220e-03   1.279231e-20   6578804
  5.181014e+00   2.474182e-17   1.839505e-03   1.281557e-20   6493628
  5.187389e+00   2.452171e-17   1.841020e-03   1.281293e-20   6417476
  5.193767e+00   2.429704e-17   1.842303e-03   1.280948e-20   6341156
  5.200142e+00   2.399651e-17   1.838905e-03   1.274075e-20   6251676
  5.206515e+00   2.375444e-17   1.840100e-03   1.271192e-20   6176072
  5.212894e+00   2.353959e-17   1.842591e-03   1.271388e-20   6103028
  5.219273e+00   2.322856e-17   1.840028e-03   1.263692e-20   6015356
  5.225646e+00   2.298294e-17   1.838527e-03   1.263247e-20   5928908
  5.232022e+00   2.280326e-17   1.843529e-03   1.266420e-20   5861504
  5.238402e+00   2.244429e-17   1.840564e-03   1.256627e-20   5772440
  5.244776e+00   2.216881e-17   1.839302e-03   1.253663e-20   5688596
  5.251152e+00   2.195362e-17   1.841421e-03   1.250167e-20   5611412
  5.257531e+00   2.164807e-17   1.842425e-03   1.245148e-20   5532224
  5.263907e+00   2.130316e-17   1.838741e-03   1.230392e-20   5440748
  5.270281e+00   2.101074e-17   1.841068e-03   1.227196e-20   5364572
  5.276660e+00   2.073622e-17   1.842167e-03   1.222361e-20   5285204
  5.283039e+00   2.034605e-17   1.840147e-03   1.206034e-20   5197796
  5.289414e+00   2.001135e-17   1.840074e-03   1.194950e-20   5113244
  5.295789e+00   1.970247e-17   1.841509e-03   1.185904e-20   5032664
  5.302162e+00   1.931558e-17   1.838866e-03   1.165740e-20   4943484
  5.308538e+00   1.895816e-17   1.842083e-03   1.151478e-20   4869920
  5.314919e+00   1.858970e-17   1.840875e-03   1.133506e-20   4782608
  5.321298e+00   1.824946e-17   1.842000e-03   1.113170e-20   4700756
  5.327675e+00   1.780677e-17   1.839332e-03   1.086954e-20   4608920
  5.334047e+00   1.741583e-17   1.840509e-03   1.062478e-20   4528829
  5.340423e+00   1.706722e-17   1.840790e-03   1.041080e-20   4453172
  5.346801e+00   1.675196e-17   1.841398e-03   1.023239e-20   4381652
  5.353179e+00   1.648041e-17   1.840856e-03   1.009425e-20   4309628
  5.359558e+00   1.618442e-17   1.841542e-03   9.918190e-21   4242188
  5.365934e+00   1.592665e-17   1.840185e-03   9.788672e-21   4171796
  5.372309e+00   1.565313e-17   1.840332e-03   9.635385e-21   4107506
  5.378687e+00   1.538454e-17   1.841030e-03   9.495124e-21   4045694
  5.385067e+00   1.514757e-17   1.841878e-03   9.383518e-21   3984530
  5.391443e+00   1.492033e-17   1.839184e-03   9.248293e-21   3916622
  5.397815e+00   1.472490e-17   1.840413e-03   9.184378e-21   3858626
  5.404188e+00   1.451092e-17   1.839752e-03   9.048382e-21   3798918
  5.410566e+00   1.429404e-17   1.842453e-03   8.967935e-21   3747464
  5.416947e+00   1.409961e-17   1.840720e-03   8.856435e-21   3687278
  5.423327e+00   1.390303e-17   1.841755e-03   8.768034e-21   3632618
  5.429702e+00   1.373513e-17   1.839341e-03   8.701737e-21   3571766
  5.436076e+00   1.354639e-17   1.841405e-03   8.617971e-21   3521264
  5.442452e+00   1.333733e-17   1.840602e-03   8.503744e-21   3466964
  5.448828e+00   1.317568e-17   1.840149e-03   8.439723e-21   3414320
  5.455204e+00   1.301613e-17   1.840343e-03   8.362087e-21   3362948
  5.461581e+00   1.284647e-17   1.841385e-03   8.279918e-21   3313130
  5.467960e+00   1.267587e-17   1.841559e-03   8.199689e-21   3262766
  5.474335e+00   1.251291e-17   1.839552e-03   8.153019e-21   3210122
  5.480711e+00   1.234822e-17   1.841068e-03   8.075433e-21   3164282
  5.487089e+00   1.218992e-17   1.840871e-03   7.991677e-21   3115358
  5.493467e+00   1.201484e-17   1.841892e-03   7.922378e-21   3068642
  5.499842e+00   1.189414e-17   1.839367e-03   7.870630e-21   3017270
  5.506214e+00   1.173301e-17   1.840421e-03   7.792857e-21   2973396
  5.512592e+00   1.160812e-17   1.841795e-03   7.751566e-21   2930882
  5.518975e+00   1.145035e-17   1.842009e-03   7.652639e-21   2886296
  5.525354e+00   1.132061e-17   1.840110e-03   7.626993e-21   2838068
  5.531729e+00   1.119933e-17   1.840402e-03   7.582435e-21   2793680
  5.538103e+00   1.108001e-17   1.841057e-03   7.535300e-21   2750948
  5.544478e+00   1.093006e-17   1.840332e-03   7.475637e-21   2707712
  5.550852e+00   1.083553e-17   1.839444e-03   7.437574e-21   2665124
  5.557230e+00   1.071334e-17   1.841751e-03   7.382517e-21   2626712
  5.563610e+00   1.060359e-17   1.840829e-03   7.354558e-21   2583542
  5.569988e+00   1.049124e-17   1.841328e-03   7.310828e-21   2543108
  5.576363e+00   1.037464e-17   1.839426e-03   7.273449e-21   2500538
  5.582739e+00   1.026914e-17   1.841521e-03   7.247114e-21   2464052
  5.589119e+00   1.014782e-17   1.841364e-03   7.178200e-21   2424194
  5.595493e+00   1.005420e-17   1.839158e-03   7.163482e-21   2381732
  5.601866e+00   9.939312e-18   1.841683e-03   7.109618e-21   2346386
  5.608241e+00   9.850586e-18   1.839649e-03   7.109917e-21   2306598
  5.614618e+00   9.723223e-18   1.842029e-03   7.055403e-21   2273186
  5.621000e+00   9.629883e-18   1.840989e-03   7.024286e-21   2235188
  5.627378e+00   9.528589e-18   1.839949e-03   6.991849e-21   2196638
  5.633754e+00   9.444237e-18   1.841588e-03   6.989581e-21   2161706
  5.640129e+00   9.351953e-18   1.840261e-03   6.953854e-21   2124422
  5.646501e+00   9.258128e-18   1.838999e-03   6.914944e-21   2088578
  5.652879e+00   9.175543e-18   1.842650e-03   6.897578e-21   2058512
  5.659259e+00   9.071941e-18   1.839498e-03   6.876002e-21   2020202
  5.665635e+00   9.015329e-18   1.841528e-03   6.868318e-21   1987670
  5.672010e+00   8.925764e-18   1.840033e-03   6.855806e-21   1952114
  5.678381e+00   8.825227e-18   1.839290e-03   6.799222e-21   1918694
  5.684760e+00   8.746465e-18   1.843391e-03   6.793004e-21   1890932
  5.691143e+00   8.667411e-18   1.840482e-03   6.794640e-21   1855382
  5.697520e+00   8.581399e-18   1.841151e-03   6.758790e-21   1823276
  5.703897e+00   8.532673e-18   1.841467e-03   6.770157e-21   1791446
  5.710267e+00   8.448432e-18   1.837484e-03   6.741288e-21   1756566
  5.716642e+00   8.371005e-18   1.843486e-03   6.723549e-21   1732292
  5.723026e+00   8.290898e-18   1.841021e-03   6.711519e-21   1699718
  5.729405e+00   8.204793e-18   1.840666e-03   6.688953e-21   1668524
  5.735782e+00   8.152589e-18   1.841307e-03   6.693368e-21   1638656
  5.742152e+00   8.083536e-18   1.837941e-03   6.704923e-21   1606154
  5.748524e+00   7.992898e-18   1.841528e-03   6.672205e-21   1580984
  5.754907e+00   7.929099e-18   1.842158e-03   6.659228e-21   1553372
  5.761287e+00   7.874051e-18   1.839903e-03   6.682486e-21   1522502
  5.767663e+00   7.790427e-18   1.841211e-03   6.645966e-21   1494788
  5.774035e+00   7.735703e-18   1.839049e-03   6.661270e-21   1464992
  5.780407e+00   7.677134e-18   1.840885e-03   6.652907e-21   1439564
  5.786788e+00   7.612033e-18   1.842803e-03   6.674738e-21   1414766
  5.793173e+00   7.530969e-18   1.841316e-03   6.638359e-21   1386620
  5.799549e+00   7.476824e-18   1.839295e-03   6.642493e-21   1358024
  5.805920e+00   7.445149e-18   1.840494e-03   6.678187e-21   1332236
  5.812287e+00   7.380906e-18   1.837583e-03   6.694614e-21   1304568
  5.818666e+00   7.327088e-18   1.844995e-03   6.667496e-21   1285316
  5.825053e+00   7.258950e-18   1.840679e-03   6.690492e-21   1257272
  5.831429e+00   7.221101e-18   1.839591e-03   6.732416e-21   1231028
  5.837804e+00   7.165590e-18   1.841474e-03   6.722807e-21   1207136
  5.844175e+00   7.118989e-18   1.839197e-03   6.744398e-21   1181180
  5.850547e+00   7.048781e-18   1.841135e-03   6.724648e-21   1159352
  5.856931e+00   7.011596e-18   1.842986e-03   6.770083e-21   1137476
  5.863312e+00   6.964321e-18   1.839166e-03   6.793431e-21   1111280
  5.869686e+00   6.923121e-18   1.840689e-03   6.827840e-21   1088468
  5.876057e+00   6.881874e-18   1.840140e-03   6.833977e-21   1065008
  5.882427e+00   6.826425e-18   1.839713e-03   6.839185e-21   1042934
  5.888808e+00   6.775763e-18   1.843186e-03   6.826628e-21   1023488
  5.895195e+00   6.734326e-18   1.841961e-03   6.885439e-21   1000700
  5.901573e+00   6.695888e-18   1.839831e-03   6.913704e-21   977264
  5.907943e+00   6.649678e-18   1.839220e-03   6.944780e-21   955052
  5.914306e+00   6.592564e-18   1.837596e-03   6.939774e-21   933546
  5.920685e+00   6.575081e-18   1.845011e-03   6.982959e-21   917348
  5.927075e+00   6.532748e-18   1.841622e-03   7.016749e-21   895328
  5.933456e+00   6.491011e-18   1.840197e-03   7.042686e-21   873878
  5.939831e+00   6.441425e-18   1.841204e-03   7.059664e-21   853664
  5.946198e+00   6.450065e-18   1.838301e-03   7.164462e-21   832604
  5.952570e+00   6.384714e-18   1.841647e-03   7.165362e-21   815546
  5.958955e+00   6.355145e-18   1.841795e-03   7.201424e-21   797012
  5.965336e+00   6.315712e-18   1.838979e-03   7.249186e-21   776576
  5.971714e+00   6.290557e-18   1.842719e-03   7.300043e-21   758726
  5.978085e+00   6.244478e-18   1.838577e-03   7.347185e-21   738296
  5.984452e+00   6.216856e-18   1.839422e-03   7.411356e-21   721172
  5.990833e+00   6.197283e-18   1.842852e-03   7.448220e-21   705434
  5.997222e+00   6.150285e-18   1.841204e-03   7.512541e-21   687092
  6.003603e+00   6.146818e-18   1.841572e-03   7.590949e-21   669098
  6.009974e+00   6.107861e-18   1.839142e-03   7.665730e-21   650516
  6.016332e+00   6.086199e-18   1.836042e-03   7.738806e-21   632898
  6.022707e+00   6.060790e-18   1.844938e-03   7.747702e-21   620228
  6.029100e+00   6.005266e-18   1.842281e-03   7.787652e-21   603206
  6.035485e+00   5.998153e-18   1.841847e-03   7.914196e-21   586328
  6.041859e+00   5.982752e-18   1.840113e-03   8.008161e-21   569222
  6.048217e+00   5.932545e-18   1.835706e-03   8.047317e-21   552266
  6.054584e+00   5.928209e-18   1.843023e-03   8.124821e-21   539996
  6.060976e+00   5.894828e-18   1.843843e-03   8.196662e-21   525722
  6.067365e+00   5.871330e-18   1.839929e-03   8.272612e-21   509372
  6.073742e+00   5.822851e-18   1.840974e-03   8.301385e-21   494282
  6.080105e+00   5.814998e-18   1.836470e-03   8.424439e-21   478340
  6.086466e+00   5.808908e-18   1.839100e-03   8.583241e-21   465554
  6.092852e+00   5.773059e-18   1.844310e-03   8.615845e-21   453734
  6.099249e+00   5.751171e-18   1.841644e-03   8.723717e-21   439184
  6.105633e+00   5.703239e-18   1.841774e-03   8.775005e-21   424910
  6.112001e+00   5.685185e-18   1.839131e-03   8.899554e-21   410366
  6.118344e+00   5.672524e-18   1.830585e-03   9.033436e-21   395856
  6.124716e+00   5.641822e-18   1.849093e-03   9.095892e-21   387998
  6.131124e+00   5.635852e-18   1.844381e-03   9.220687e-21   374642
  6.137516e+00   5.614511e-18   1.841320e-03   9.386236e-21   361118
  6.143885e+00   5.621239e-18   1.838483e-03   9.582907e-21   347792
  6.150233e+00   5.643921e-18   1.833537e-03   9.811811e-21   335054
  6.156598e+00   5.581512e-18   1.843369e-03   9.823913e-21   326162
  6.163003e+00   5.546698e-18   1.845744e-03   9.901263e-21   315686
  6.169403e+00   5.562254e-18   1.839717e-03   1.013122e-20   302960
  6.175780e+00   5.513652e-18   1.841146e-03   1.025074e-20   291278
  6.182130e+00   5.500026e-18   1.834474e-03   1.043477e-20   278966
  6.188475e+00   5.497624e-18   1.838848e-03   1.058203e-20   269786
  6.194867e+00   5.477804e-18   1.848548e-03   1.076378e-20   261710
  6.201275e+00   5.417142e-18   1.841196e-03   1.092454e-20   250472
  6.207659e+00   5.434072e-18   1.840781e-03   1.107963e-20   239846
  6.214020e+00   5.411074e-18   1.837833e-03   1.128993e-20   229250
  6.220353e+00   5.421696e-18   1.827068e-03   1.160453e-20   218958
  6.226735e+00   5.412521e-18   1.853573e-03   1.166843e-20   213722
  6.233163e+00   5.412207e-18   1.842328e-03   1.198167e-20   203414
  6.239564e+00   5.403520e-18   1.844048e-03   1.228579e-20   193940
  6.245924e+00   5.407726e-18   1.836439e-03   1.266039e-20   183650
  6.252241e+00   5.420956e-18   1.829855e-03   1.299491e-20   174638
  6.258588e+00   5.377647e-18   1.843490e-03   1.311073e-20   168842
  6.265008e+00   5.372117e-18   1.847266e-03   1.334883e-20   161846
  6.271432e+00   5.334998e-18   1.841236e-03   1.358849e-20   153146
  6.277822e+00   5.343525e-18   1.840929e-03   1.407597e-20   144686
  6.284170e+00   5.337633e-18   1.837187e-03   1.450513e-20   136418
  6.290480e+00   5.346716e-18   1.823629e-03   1.486304e-20   128822
  6.296862e+00   5.354060e-18   1.856474e-03   1.504111e-20   124862
  6.303298e+00   5.349179e-18   1.842665e-03   1.576609e-20   117026
  6.309688e+00   5.327408e-18   1.840290e-03   1.599726e-20   109718
  6.316033e+00   5.351675e-18   1.835815e-03   1.660633e-20   102650
  6.322320e+00   5.393246e-18   1.808328e-03   1.746411e-20   95622
  6.328720e+00   5.352057e-18   1.871202e-03   1.754162e-20   93650
  6.335227e+00   5.392478e-18   1.849919e-03   1.833791e-20   86606
  6.341628e+00   5.443570e-18   1.828395e-03   1.928704e-20   79190
  6.347934e+00   5.370114e-18   1.839124e-03   1.967751e-20   73490
  6.354177e+00   5.392134e-18   1.810164e-03   2.070625e-20   67598
  6.360508e+00   5.371508e-18   1.844910e-03   2.104840e-20   65186
  6.367032e+00   5.404225e-18   1.858136e-03   2.177006e-20   61262
  6.373583e+00   5.455783e-18   1.851117e-03   2.317895e-20   55874
  6.379989e+00   5.371119e-18   1.823042e-03   2.410652e-20   49430
  6.386147e+00   5.357221e-18   1.803004e-03   2.549603e-20   43934
  6.392260e+00   5.302775e-18   1.790240e-03   2.608654e-20   41138
  6.398716e+00   5.377967e-18   1.870028e-03   2.677665e-20   40070
  6.405371e+00   5.348198e-18   1.854153e-03   2.804564e-20   35882
  6.411962e+00   5.439251e-18   1.842631e-03   3.057394e-20   31622
  6.418335e+00   5.526294e-18   1.817857e-03   3.402445e-20   26750
  6.424088e+00   5.469123e-18   1.593646e-03   3.722146e-20   21330
  6.430239e+00   5.464612e-18   1.860256e-03   3.599565e-20   23246
  6.436984e+00   5.609811e-18   1.855054e-03   3.978619e-20   20186
  6.443727e+00   5.484246e-18   1.848147e-03   4.174051e-20   17312
  6.450423e+00   5.622522e-18   1.830133e-03   4.641235e-20   14474
  6.456645e+00   5.622017e-18   1.688402e-03   5.528965e-20   10478
  6.462180e+00   5.738521e-18   1.692603e-03   5.909405e-20   9062
  6.468497e+00   5.844815e-18   1.842997e-03   6.279067e-20   8762
  6.475254e+00   5.752645e-18   1.841892e-03   6.961375e-20   6926
  6.482011e+00   5.832784e-18   1.840835e-03   8.177801e-20   5306
  6.488766e+00   5.994146e-18   1.839476e-03   9.241056e-20   3902
  6.494511e+00   5.984391e-18   1.128860e-03   1.382052e-19   1928
  6.500007e+00   6.105334e-18   1.834590e-03   1.388527e-19   2042
  6.506728e+00   5.933951e-18   1.826889e-03   1.691936e-19   1214
  6.513396e+00   5.762951e-18   1.806609e-03   2.187776e-19   602
  6.519909e+00   4.978628e-18   1.730042e-03   3.113342e-19   206
  6.525711e+00   8.728528e-18   9.814069e-04   2.169734e-18   24
