# power spectrum of phi
# redshift z=5.974173
# k              Pk             sigma(k)       sigma(Pk)      count
  5.011399e-03   3.172555e-10   7.667927e-04   6.990211e-11   18
  1.037418e-02   4.647262e-10   1.725047e-03   4.748065e-11   128
  1.616528e-02   3.798975e-10   1.646572e-03   2.018705e-11   314
  2.269071e-02   2.363751e-10   1.954354e-03   8.622944e-12   728
  2.897169e-02   1.750468e-10   1.717946e-03   6.026358e-12   1016
  3.518826e-02   1.122720e-10   1.880676e-03   2.796398e-12   1682
  4.169479e-02   8.417179e-11   1.831736e-03   1.732305e-12   2300
  4.790974e-02   6.152931e-11   1.770731e-03   1.154899e-12   2906
  5.429022e-02   5.016563e-11   1.892687e-03   8.232568e-13   4040
  6.068098e-02   4.163178e-11   1.775551e-03   6.266673e-13   4712
  6.698900e-02   3.566594e-11   1.857705e-03   4.618762e-13   6002
  7.346135e-02   2.921093e-11   1.857594e-03   3.505896e-13   7256
  7.977379e-02   2.481381e-11   1.772571e-03   2.804971e-13   8120
  8.609019e-02   2.001389e-11   1.864951e-03   2.018267e-13   9950
  9.253636e-02   1.648423e-11   1.853578e-03   1.524054e-13   11384
  9.885187e-02   1.347891e-11   1.809244e-03   1.222024e-13   12666
  1.052712e-01   1.153483e-11   1.889168e-03   9.241541e-14   15104
  1.117654e-01   1.000386e-11   1.850532e-03   7.855468e-14   16616
  1.180754e-01   9.130645e-12   1.799489e-03   6.856983e-14   18026
  1.244216e-01   8.103430e-12   1.853405e-03   5.547171e-14   20696
  1.308065e-01   7.209366e-12   1.827918e-03   4.865157e-14   22436
  1.371558e-01   6.536405e-12   1.845873e-03   4.173303e-14   24962
  1.435394e-01   5.715924e-12   1.831283e-03   3.435965e-14   27176
  1.499133e-01   4.949931e-12   1.847268e-03   2.883151e-14   29810
  1.562775e-01   4.362967e-12   1.828450e-03   2.457905e-14   32120
  1.626776e-01   3.858193e-12   1.865216e-03   2.057515e-14   35432
  1.690383e-01   3.513742e-12   1.814577e-03   1.814250e-14   37238
  1.754019e-01   3.207089e-12   1.856016e-03   1.584354e-14   41072
  1.817869e-01   2.926241e-12   1.834293e-03   1.417682e-14   43472
  1.881565e-01   2.730661e-12   1.848176e-03   1.264529e-14   47042
  1.945298e-01   2.540377e-12   1.829223e-03   1.156543e-14   49712
  2.008693e-01   2.327594e-12   1.840592e-03   1.015669e-14   53226
  2.072637e-01   2.075040e-12   1.853753e-03   8.661258e-15   57320
  2.136558e-01   1.904377e-12   1.831629e-03   7.809367e-15   60092
  2.200056e-01   1.745303e-12   1.839426e-03   6.932412e-15   63914
  2.263950e-01   1.591041e-12   1.849752e-03   6.074294e-15   68192
  2.327751e-01   1.471956e-12   1.833934e-03   5.506324e-15   71336
  2.391397e-01   1.365380e-12   1.845607e-03   4.958722e-15   75818
  2.455297e-01   1.276710e-12   1.844019e-03   4.540045e-15   79880
  2.518964e-01   1.197337e-12   1.834462e-03   4.132799e-15   83642
  2.582661e-01   1.130513e-12   1.840779e-03   3.810436e-15   88316
  2.646730e-01   1.049979e-12   1.859422e-03   3.449104e-15   93488
  2.710484e-01   9.756014e-13   1.827184e-03   3.154249e-15   96458
  2.773871e-01   9.078674e-13   1.829038e-03   2.882744e-15   101264
  2.837816e-01   8.423353e-13   1.862873e-03   2.565153e-15   107696
  2.901819e-01   7.848341e-13   1.837217e-03   2.364077e-15   111170
  2.965233e-01   7.438753e-13   1.822285e-03   2.199985e-15   115232
  3.028941e-01   6.982517e-13   1.855375e-03   1.996137e-15   122310
  3.093019e-01   6.556763e-13   1.843350e-03   1.843543e-15   126944
  3.156739e-01   6.221334e-13   1.828600e-03   1.720608e-15   131192
  3.220432e-01   5.869362e-13   1.844535e-03   1.591656e-15   137618
  3.284234e-01   5.562382e-13   1.836674e-03   1.472139e-15   142448
  3.347979e-01   5.218711e-13   1.844704e-03   1.353128e-15   148520
  3.411627e-01   4.922421e-13   1.831436e-03   1.264994e-15   153254
  3.475446e-01   4.668025e-13   1.852010e-03   1.166753e-15   160760
  3.539284e-01   4.373815e-13   1.835751e-03   1.073783e-15   165290
  3.603019e-01   4.189242e-13   1.840148e-03   1.010088e-15   171992
  3.666828e-01   3.960078e-13   1.840217e-03   9.443517e-16   177800
  3.730569e-01   3.771475e-13   1.843032e-03   8.794453e-16   184322
  3.794439e-01   3.591544e-13   1.841595e-03   8.262627e-16   190832
  3.858239e-01   3.405210e-13   1.839260e-03   7.726818e-16   196772
  3.921872e-01   3.269548e-13   1.836453e-03   7.273590e-16   202970
  3.985536e-01   3.112956e-13   1.839266e-03   6.826550e-16   210056
  4.049173e-01   2.964675e-13   1.832832e-03   6.398447e-16   216210
  4.112896e-01   2.815430e-13   1.841640e-03   5.941843e-16   224168
  4.176700e-01   2.666565e-13   1.840761e-03   5.581806e-16   230792
  4.240565e-01   2.572198e-13   1.846256e-03   5.289100e-16   238778
  4.304312e-01   2.439857e-13   1.831772e-03   4.922938e-16   243956
  4.367939e-01   2.344379e-13   1.845141e-03   4.665591e-16   252680
  4.431746e-01   2.247763e-13   1.842020e-03   4.420725e-16   260066
  4.495713e-01   2.147680e-13   1.849294e-03   4.146440e-16   268712
  4.559494e-01   2.057583e-13   1.834336e-03   3.935683e-16   274034
  4.623270e-01   1.962913e-13   1.847366e-03   3.689178e-16   283904
  4.687088e-01   1.883681e-13   1.837425e-03   3.508663e-16   290048
  4.750707e-01   1.801817e-13   1.836659e-03   3.318352e-16   297950
  4.814434e-01   1.735089e-13   1.842026e-03   3.146626e-16   306968
  4.878269e-01   1.678034e-13   1.843240e-03   2.996571e-16   315320
  4.942006e-01   1.594626e-13   1.835899e-03   2.815585e-16   322346
  5.005701e-01   1.538674e-13   1.842589e-03   2.669153e-16   331664
  5.069538e-01   1.477223e-13   1.844896e-03   2.529967e-16   340818
  5.133346e-01   1.427316e-13   1.837322e-03   2.424566e-16   348164
  5.197083e-01   1.373892e-13   1.843548e-03   2.305213e-16   357584
  5.260929e-01   1.324043e-13   1.846059e-03   2.184201e-16   367106
  5.324635e-01   1.266643e-13   1.832285e-03   2.068883e-16   373376
  5.388350e-01   1.220409e-13   1.848023e-03   1.962224e-16   385376
  5.452233e-01   1.177826e-13   1.842356e-03   1.871397e-16   393650
  5.516038e-01   1.135508e-13   1.840588e-03   1.790566e-16   402704
  5.579656e-01   1.092314e-13   1.830970e-03   1.703183e-16   409910
  5.643320e-01   1.057237e-13   1.843407e-03   1.626250e-16   422024
  5.707212e-01   1.015861e-13   1.846526e-03   1.549206e-16   432176
  5.771022e-01   9.837852e-14   1.837404e-03   1.482533e-16   440066
  5.834769e-01   9.480422e-14   1.841263e-03   1.415465e-16   450680
  5.898365e-01   9.190976e-14   1.831084e-03   1.358166e-16   457856
  5.962115e-01   8.870679e-14   1.848347e-03   1.292986e-16   472538
  6.026013e-01   8.601635e-14   1.839689e-03   1.240301e-16   480140
  6.089752e-01   8.293657e-14   1.841279e-03   1.186217e-16   490842
  6.153517e-01   8.051927e-14   1.838382e-03   1.139499e-16   500744
  6.217295e-01   7.762216e-14   1.842392e-03   1.086996e-16   511856
  6.281145e-01   7.531445e-14   1.844734e-03   1.040974e-16   523202
  6.344991e-01   7.308198e-14   1.840396e-03   1.005872e-16   532688
  6.408638e-01   7.070109e-14   1.834541e-03   9.612648e-17   541520
  6.472341e-01   6.850699e-14   1.842653e-03   9.235884e-17   555110
  6.536136e-01   6.613888e-14   1.839126e-03   8.768888e-17   564944
  6.599884e-01   6.415836e-14   1.839832e-03   8.487470e-17   576434
  6.663740e-01   6.222255e-14   1.844405e-03   8.135309e-17   588848
  6.727501e-01   6.027894e-14   1.838623e-03   7.815849e-17   597704
  6.791236e-01   5.869180e-14   1.842386e-03   7.555992e-17   610946
  6.855006e-01   5.697012e-14   1.837794e-03   7.233407e-17   620852
  6.918722e-01   5.508395e-14   1.841901e-03   6.964366e-17   633530
  6.982524e-01   5.350864e-14   1.841844e-03   6.672185e-17   645704
  7.046316e-01   5.206998e-14   1.840565e-03   6.412598e-17   656744
  7.110074e-01   5.043930e-14   1.841941e-03   6.195362e-17   669162
  7.173906e-01   4.908758e-14   1.843286e-03   5.931354e-17   681992
  7.237681e-01   4.757939e-14   1.838959e-03   5.745738e-17   692360
  7.301485e-01   4.639299e-14   1.844364e-03   5.523975e-17   707006
  7.365206e-01   4.507905e-14   1.834135e-03   5.327295e-17   714944
  7.428835e-01   4.389234e-14   1.841775e-03   5.137786e-17   730346
  7.492606e-01   4.268564e-14   1.838962e-03   4.966391e-17   742616
  7.556415e-01   4.147592e-14   1.843530e-03   4.786488e-17   756536
  7.620128e-01   4.039459e-14   1.836595e-03   4.608837e-17   766418
  7.683917e-01   3.924077e-14   1.845753e-03   4.438564e-17   783392
  7.747614e-01   3.832372e-14   1.833632e-03   4.315821e-17   790412
  7.811334e-01   3.718765e-14   1.848120e-03   4.135571e-17   810314
  7.875277e-01   3.619512e-14   1.843702e-03   4.001890e-17   821960
  7.938987e-01   3.530609e-14   1.834976e-03   3.883755e-17   831266
  8.002712e-01   3.425683e-14   1.843706e-03   3.733585e-17   848960
  8.066557e-01   3.342347e-14   1.842629e-03   3.611550e-17   861488
  8.130204e-01   3.258378e-14   1.833334e-03   3.511324e-17   871194
  8.193985e-01   3.173022e-14   1.847247e-03   3.366291e-17   891788
  8.257796e-01   3.086587e-14   1.838008e-03   3.261525e-17   900416
  8.321422e-01   3.017832e-14   1.836250e-03   3.164112e-17   914306
  8.385264e-01   2.941728e-14   1.847988e-03   3.055921e-17   933992
  8.449011e-01   2.867057e-14   1.834294e-03   2.971007e-17   940826
  8.512701e-01   2.800267e-14   1.842364e-03   2.867812e-17   960224
  8.576621e-01   2.727215e-14   1.846556e-03   2.777915e-17   976316
  8.640381e-01   2.662515e-14   1.835724e-03   2.689126e-17   985010
  8.704114e-01   2.604103e-14   1.843336e-03   2.611570e-17   1004024
  8.767898e-01   2.536951e-14   1.839706e-03   2.527738e-17   1016288
  8.831639e-01   2.478446e-14   1.840690e-03   2.454879e-17   1032290
  8.895470e-01   2.416305e-14   1.843156e-03   2.369400e-17   1048640
  8.959130e-01   2.358333e-14   1.831919e-03   2.296951e-17   1057250
  9.022937e-01   2.304846e-14   1.849588e-03   2.226570e-17   1083140
  9.086870e-01   2.250335e-14   1.840763e-03   2.164547e-17   1092248
  9.150555e-01   2.196717e-14   1.837510e-03   2.099465e-17   1105914
  9.214310e-01   2.144653e-14   1.841822e-03   2.034572e-17   1124744
  9.278120e-01   2.099273e-14   1.841202e-03   1.972667e-17   1139120
  9.341841e-01   2.048317e-14   1.838536e-03   1.915739e-17   1153490
  9.405650e-01   2.004668e-14   1.844187e-03   1.861086e-17   1172936
  9.469357e-01   1.962601e-14   1.834491e-03   1.820104e-17   1182158
  9.533110e-01   1.916829e-14   1.846126e-03   1.751241e-17   1206392
  9.596894e-01   1.870223e-14   1.835525e-03   1.702785e-17   1215224
  9.660641e-01   1.829638e-14   1.844936e-03   1.652399e-17   1237874
  9.724505e-01   1.789068e-14   1.841050e-03   1.604912e-17   1251800
  9.788233e-01   1.748195e-14   1.838619e-03   1.563575e-17   1265792
  9.851993e-01   1.710195e-14   1.843109e-03   1.517417e-17   1286306
  9.915793e-01   1.672940e-14   1.838809e-03   1.477663e-17   1299764
  9.979438e-01   1.637103e-14   1.836769e-03   1.436121e-17   1314554
  1.004319e+00   1.600384e-14   1.843595e-03   1.393478e-17   1337288
  1.010703e+00   1.571535e-14   1.840912e-03   1.361940e-17   1351304
  1.017077e+00   1.535792e-14   1.841769e-03   1.320140e-17   1369026
  1.023461e+00   1.502780e-14   1.843478e-03   1.283161e-17   1388456
  1.029842e+00   1.472032e-14   1.840406e-03   1.252739e-17   1402700
  1.036211e+00   1.440949e-14   1.837802e-03   1.217687e-17   1418282
  1.042587e+00   1.414653e-14   1.843596e-03   1.186788e-17   1440272
  1.048964e+00   1.381180e-14   1.838705e-03   1.152037e-17   1454114
  1.055341e+00   1.354105e-14   1.842603e-03   1.123962e-17   1475480
  1.061720e+00   1.330519e-14   1.840520e-03   1.096950e-17   1490936
  1.068091e+00   1.297989e-14   1.838519e-03   1.063888e-17   1507826
  1.074472e+00   1.275120e-14   1.844275e-03   1.039292e-17   1530764
  1.080850e+00   1.246172e-14   1.839052e-03   1.010926e-17   1543424
  1.087222e+00   1.221992e-14   1.841688e-03   9.852379e-18   1564946
  1.093594e+00   1.198048e-14   1.835875e-03   9.629707e-18   1578536
  1.099970e+00   1.170846e-14   1.845670e-03   9.306618e-18   1604882
  1.106358e+00   1.147965e-14   1.842454e-03   9.095172e-18   1621304
  1.112736e+00   1.126458e-14   1.839545e-03   8.883182e-18   1637024
  1.119103e+00   1.107397e-14   1.837794e-03   8.667303e-18   1654134
  1.125480e+00   1.084278e-14   1.844256e-03   8.444532e-18   1679168
  1.131864e+00   1.061325e-14   1.841903e-03   8.219209e-18   1695944
  1.138235e+00   1.040686e-14   1.836568e-03   8.031349e-18   1710602
  1.144612e+00   1.020408e-14   1.844777e-03   7.813264e-18   1737056
  1.150994e+00   1.002472e-14   1.840390e-03   7.648041e-18   1752602
  1.157370e+00   9.824164e-15   1.839227e-03   7.452481e-18   1772024
  1.163752e+00   9.639486e-15   1.844090e-03   7.259937e-18   1795364
  1.170126e+00   9.452350e-15   1.836467e-03   7.105572e-18   1807634
  1.176490e+00   9.264583e-15   1.836183e-03   6.919065e-18   1827608
  1.182859e+00   9.115915e-15   1.840789e-03   6.794834e-18   1850984
  1.189240e+00   8.938325e-15   1.844107e-03   6.602789e-18   1874618
  1.195619e+00   8.773992e-15   1.838445e-03   6.457615e-18   1889504
  1.202001e+00   8.603610e-15   1.845373e-03   6.291663e-18   1916870
  1.208383e+00   8.427904e-15   1.838254e-03   6.142570e-18   1929728
  1.214760e+00   8.297439e-15   1.843674e-03   5.987309e-18   1955408
  1.221131e+00   8.128358e-15   1.834427e-03   5.873709e-18   1966842
  1.227503e+00   7.976576e-15   1.843005e-03   5.709613e-18   1996640
  1.233886e+00   7.827103e-15   1.842690e-03   5.573346e-18   2016392
  1.240265e+00   7.700311e-15   1.839730e-03   5.467838e-18   2034722
  1.246641e+00   7.561652e-15   1.840813e-03   5.349468e-18   2056460
  1.253014e+00   7.422889e-15   1.838931e-03   5.222568e-18   2075186
  1.259388e+00   7.278120e-15   1.840566e-03   5.097473e-18   2099096
  1.265761e+00   7.152451e-15   1.837910e-03   4.984903e-18   2116832
  1.272138e+00   7.038032e-15   1.844119e-03   4.875545e-18   2145146
  1.278526e+00   6.900115e-15   1.844128e-03   4.764750e-18   2166776
  1.284904e+00   6.782913e-15   1.838822e-03   4.657902e-18   2181848
  1.291273e+00   6.679262e-15   1.838785e-03   4.570354e-18   2203766
  1.297646e+00   6.553426e-15   1.840619e-03   4.463254e-18   2227664
  1.304025e+00   6.422052e-15   1.842381e-03   4.342270e-18   2252138
  1.310403e+00   6.318241e-15   1.839825e-03   4.269022e-18   2271152
  1.316777e+00   6.212204e-15   1.840536e-03   4.172439e-18   2293256
  1.323154e+00   6.098938e-15   1.842085e-03   4.072347e-18   2318130
  1.329536e+00   6.002539e-15   1.841956e-03   3.988780e-18   2340824
  1.335910e+00   5.903705e-15   1.838342e-03   3.905305e-18   2357990
  1.342292e+00   5.794900e-15   1.846396e-03   3.816390e-18   2391176
  1.348671e+00   5.697412e-15   1.837209e-03   3.747718e-18   2401808
  1.355040e+00   5.611996e-15   1.840258e-03   3.659804e-18   2428442
  1.361418e+00   5.515478e-15   1.842645e-03   3.582109e-18   2454752
  1.367798e+00   5.416049e-15   1.841270e-03   3.508378e-18   2475872
  1.374172e+00   5.327896e-15   1.838763e-03   3.437708e-18   2495822
  1.380543e+00   5.240731e-15   1.839940e-03   3.370250e-18   2520248
  1.386922e+00   5.142758e-15   1.844043e-03   3.285112e-18   2549186
  1.393299e+00   5.068729e-15   1.837661e-03   3.228536e-18   2564768
  1.399672e+00   4.983681e-15   1.841284e-03   3.159636e-18   2592968
  1.406054e+00   4.898545e-15   1.843378e-03   3.091027e-18   2619818
  1.412431e+00   4.822757e-15   1.838027e-03   3.036046e-18   2636384
  1.418803e+00   4.742534e-15   1.840293e-03   2.969897e-18   2662220
  1.425180e+00   4.668458e-15   1.842524e-03   2.913725e-18   2689770
  1.431560e+00   4.593167e-15   1.840994e-03   2.859549e-18   2712296
  1.437933e+00   4.514412e-15   1.838431e-03   2.797497e-18   2732618
  1.444312e+00   4.440651e-15   1.843932e-03   2.731157e-18   2765264
  1.450695e+00   4.367759e-15   1.840894e-03   2.682514e-18   2784824
  1.457066e+00   4.302512e-15   1.837138e-03   2.635905e-18   2804162
  1.463445e+00   4.230933e-15   1.844971e-03   2.574416e-18   2840612
  1.469825e+00   4.165331e-15   1.839130e-03   2.533724e-18   2855576
  1.476198e+00   4.101066e-15   1.840533e-03   2.478010e-18   2883458
  1.482571e+00   4.033966e-15   1.838217e-03   2.432677e-18   2904128
  1.488946e+00   3.970459e-15   1.843378e-03   2.377965e-18   2937026
  1.495325e+00   3.909633e-15   1.839218e-03   2.336533e-18   2956976
  1.501703e+00   3.848895e-15   1.841967e-03   2.290900e-18   2986472
  1.508082e+00   3.791921e-15   1.840166e-03   2.245913e-18   3008918
  1.514460e+00   3.735102e-15   1.841773e-03   2.207457e-18   3036752
  1.520836e+00   3.669741e-15   1.839884e-03   2.160694e-18   3058376
  1.527209e+00   3.616192e-15   1.839616e-03   2.117316e-18   3084210
  1.533583e+00   3.561685e-15   1.840948e-03   2.082543e-18   3111848
  1.539960e+00   3.506081e-15   1.841348e-03   2.040126e-18   3138890
  1.546339e+00   3.457983e-15   1.840626e-03   2.004977e-18   3164516
  1.552719e+00   3.399840e-15   1.842638e-03   1.961524e-18   3192656
  1.559097e+00   3.352643e-15   1.840555e-03   1.932309e-18   3215618
  1.565473e+00   3.300722e-15   1.840732e-03   1.893041e-18   3242888
  1.571846e+00   3.248794e-15   1.839114e-03   1.858191e-18   3265448
  1.578224e+00   3.201839e-15   1.843575e-03   1.823716e-18   3300842
  1.584604e+00   3.155142e-15   1.839884e-03   1.793052e-18   3321008
  1.590977e+00   3.104179e-15   1.839336e-03   1.756940e-18   3346406
  1.597352e+00   3.060568e-15   1.841596e-03   1.727490e-18   3377984
  1.603728e+00   3.011260e-15   1.839551e-03   1.693034e-18   3400352
  1.610103e+00   2.970942e-15   1.841321e-03   1.662561e-18   3431450
  1.616483e+00   2.925343e-15   1.841519e-03   1.632127e-18   3458768
  1.622859e+00   2.884658e-15   1.841183e-03   1.604193e-18   3484088
  1.629231e+00   2.839583e-15   1.838425e-03   1.573959e-18   3508218
  1.635610e+00   2.797411e-15   1.843946e-03   1.543103e-18   3545924
  1.641992e+00   2.758592e-15   1.841053e-03   1.518845e-18   3567530
  1.648369e+00   2.721938e-15   1.840183e-03   1.493001e-18   3595040
  1.654744e+00   2.682020e-15   1.840167e-03   1.466752e-18   3621176
  1.661115e+00   2.643758e-15   1.839521e-03   1.440743e-18   3647738
  1.667490e+00   2.603765e-15   1.841438e-03   1.415202e-18   3680480
  1.673870e+00   2.566222e-15   1.842082e-03   1.391300e-18   3709712
  1.680248e+00   2.531621e-15   1.840008e-03   1.367641e-18   3734702
  1.686623e+00   2.498997e-15   1.840362e-03   1.345479e-18   3762776
  1.692996e+00   2.463399e-15   1.839854e-03   1.322474e-18   3790514
  1.699371e+00   2.424353e-15   1.839908e-03   1.297441e-18   3820352
  1.705752e+00   2.385420e-15   1.844068e-03   1.269603e-18   3856016
  1.712131e+00   2.355206e-15   1.839690e-03   1.252017e-18   3876818
  1.718506e+00   2.323806e-15   1.839874e-03   1.232605e-18   3906332
  1.724882e+00   2.291676e-15   1.841963e-03   1.211890e-18   3938216
  1.731260e+00   2.258732e-15   1.840685e-03   1.189097e-18   3966354
  1.737636e+00   2.224893e-15   1.839695e-03   1.168490e-18   3993536
  1.744011e+00   2.194020e-15   1.840344e-03   1.148531e-18   4024034
  1.750392e+00   2.167799e-15   1.843071e-03   1.131835e-18   4060208
  1.756773e+00   2.136035e-15   1.840812e-03   1.111731e-18   4083632
  1.763145e+00   2.106790e-15   1.837811e-03   1.095764e-18   4107062
  1.769521e+00   2.075087e-15   1.842771e-03   1.074631e-18   4148072
  1.775893e+00   2.049510e-15   1.836707e-03   1.057804e-18   4163456
  1.782267e+00   2.021556e-15   1.842476e-03   1.041107e-18   4207994
  1.788652e+00   1.992766e-15   1.843367e-03   1.021385e-18   4239152
  1.795029e+00   1.965658e-15   1.839132e-03   1.006671e-18   4259426
  1.801407e+00   1.942529e-15   1.842524e-03   9.908215e-19   4299488
  1.807788e+00   1.914938e-15   1.840660e-03   9.749897e-19   4323692
  1.814162e+00   1.889207e-15   1.840093e-03   9.586740e-19   4353242
  1.820541e+00   1.862731e-15   1.841694e-03   9.420125e-19   4388792
  1.826915e+00   1.836448e-15   1.838387e-03   9.275459e-19   4409912
  1.833288e+00   1.814551e-15   1.841592e-03   9.142206e-19   4449282
  1.839667e+00   1.787663e-15   1.840784e-03   8.985302e-19   4478504
  1.846041e+00   1.764350e-15   1.839106e-03   8.846081e-19   4505882
  1.852417e+00   1.740679e-15   1.841020e-03   8.697489e-19   4542044
  1.858793e+00   1.720888e-15   1.840344e-03   8.575515e-19   4569608
  1.865169e+00   1.694454e-15   1.841195e-03   8.425041e-19   4604426
  1.871550e+00   1.673734e-15   1.842311e-03   8.295246e-19   4638896
  1.877925e+00   1.652232e-15   1.838827e-03   8.188065e-19   4660088
  1.884299e+00   1.629796e-15   1.841797e-03   8.044728e-19   4701290
  1.890678e+00   1.607856e-15   1.840619e-03   7.922680e-19   4729292
  1.897054e+00   1.588848e-15   1.841565e-03   7.803007e-19   4762706
  1.903435e+00   1.567464e-15   1.842610e-03   7.679442e-19   4799336
  1.909810e+00   1.547182e-15   1.837970e-03   7.561952e-19   4818680
  1.916185e+00   1.527871e-15   1.842882e-03   7.437238e-19   4863962
  1.922563e+00   1.507932e-15   1.839027e-03   7.341687e-19   4886216
  1.928938e+00   1.487155e-15   1.841692e-03   7.207352e-19   4925360
  1.935312e+00   1.468677e-15   1.838487e-03   7.119055e-19   4950198
  1.941682e+00   1.448759e-15   1.839228e-03   6.996567e-19   4983776
  1.948062e+00   1.430628e-15   1.844717e-03   6.882987e-19   5032058
  1.954444e+00   1.413832e-15   1.839748e-03   6.797427e-19   5052296
  1.960816e+00   1.396263e-15   1.839118e-03   6.700893e-19   5081048
  1.967192e+00   1.378476e-15   1.843475e-03   6.595304e-19   5127146
  1.973574e+00   1.361595e-15   1.841069e-03   6.503465e-19   5155376
  1.979948e+00   1.340602e-15   1.838766e-03   6.385194e-19   5181068
  1.986324e+00   1.327648e-15   1.842536e-03   6.302080e-19   5225906
  1.992703e+00   1.311273e-15   1.840301e-03   6.217788e-19   5253224
  1.999075e+00   1.295503e-15   1.838471e-03   6.132360e-19   5281154
  2.005453e+00   1.279028e-15   1.843666e-03   6.037797e-19   5330336
  2.011834e+00   1.261926e-15   1.840278e-03   5.950406e-19   5354120
  2.018204e+00   1.247097e-15   1.837177e-03   5.865263e-19   5380154
  2.024582e+00   1.231000e-15   1.844004e-03   5.773671e-19   5433740
  2.030964e+00   1.216264e-15   1.841066e-03   5.690556e-19   5458202
  2.037337e+00   1.201156e-15   1.838473e-03   5.611019e-19   5486424
  2.043713e+00   1.186652e-15   1.842073e-03   5.522967e-19   5530640
  2.050092e+00   1.172289e-15   1.840865e-03   5.451743e-19   5561162
  2.056472e+00   1.157565e-15   1.842354e-03   5.374325e-19   5601512
  2.062848e+00   1.142656e-15   1.838550e-03   5.295814e-19   5623244
  2.069220e+00   1.128858e-15   1.840849e-03   5.227429e-19   5665346
  2.075598e+00   1.114848e-15   1.841113e-03   5.136694e-19   5702384
  2.081975e+00   1.101003e-15   1.840298e-03   5.072113e-19   5734706
  2.088353e+00   1.089376e-15   1.841301e-03   5.011091e-19   5773184
  2.094733e+00   1.076410e-15   1.841946e-03   4.930568e-19   5809568
  2.101105e+00   1.062398e-15   1.837552e-03   4.866290e-19   5831090
  2.107479e+00   1.049933e-15   1.842206e-03   4.796778e-19   5881964
  2.113859e+00   1.038069e-15   1.841213e-03   4.736014e-19   5913416
  2.120238e+00   1.026125e-15   1.841923e-03   4.665792e-19   5952290
  2.126616e+00   1.012727e-15   1.839865e-03   4.603204e-19   5981144
  2.132988e+00   1.001657e-15   1.839742e-03   4.548851e-19   6015290
  2.139364e+00   9.887866e-16   1.841927e-03   4.478123e-19   6059664
  2.145743e+00   9.774075e-16   1.840799e-03   4.419602e-19   6092336
  2.152122e+00   9.650948e-16   1.842086e-03   4.348344e-19   6132806
  2.158501e+00   9.539514e-16   1.841321e-03   4.302069e-19   6166832
  2.164873e+00   9.427173e-16   1.837443e-03   4.243323e-19   6189272
  2.171243e+00   9.327636e-16   1.841004e-03   4.185849e-19   6238154
  2.177621e+00   9.220130e-16   1.841080e-03   4.135610e-19   6275288
  2.184000e+00   9.098148e-16   1.842241e-03   4.066156e-19   6316322
  2.190379e+00   8.997075e-16   1.840641e-03   4.020345e-19   6348488
  2.196756e+00   8.893927e-16   1.841212e-03   3.964477e-19   6385868
  2.203134e+00   8.804745e-16   1.841850e-03   3.919065e-19   6425378
  2.209510e+00   8.696599e-16   1.839408e-03   3.867018e-19   6455360
  2.215886e+00   8.590316e-16   1.841392e-03   3.811435e-19   6498176
  2.222261e+00   8.487357e-16   1.840198e-03   3.758655e-19   6531674
  2.228637e+00   8.402797e-16   1.841209e-03   3.721695e-19   6573368
  2.235015e+00   8.304930e-16   1.841417e-03   3.661312e-19   6611246
  2.241392e+00   8.207734e-16   1.840803e-03   3.621471e-19   6647424
  2.247770e+00   8.115075e-16   1.841365e-03   3.572471e-19   6687488
  2.254147e+00   8.020267e-16   1.839919e-03   3.526776e-19   6721250
  2.260520e+00   7.937031e-16   1.839077e-03   3.484664e-19   6755816
  2.266897e+00   7.830353e-16   1.842933e-03   3.434649e-19   6806504
  2.273276e+00   7.755499e-16   1.840584e-03   3.399958e-19   6837506
  2.279651e+00   7.675542e-16   1.839474e-03   3.359937e-19   6871556
  2.286030e+00   7.580882e-16   1.843489e-03   3.305696e-19   6924938
  2.292407e+00   7.498021e-16   1.838210e-03   3.272326e-19   6945320
  2.298778e+00   7.407889e-16   1.839118e-03   3.228074e-19   6986072
  2.305158e+00   7.338057e-16   1.844888e-03   3.191211e-19   7046642
  2.311538e+00   7.246502e-16   1.838415e-03   3.148672e-19   7061168
  2.317910e+00   7.168931e-16   1.840538e-03   3.109788e-19   7108064
  2.324288e+00   7.097434e-16   1.841488e-03   3.073393e-19   7151822
  2.330666e+00   7.014316e-16   1.840837e-03   3.037083e-19   7187600
  2.337045e+00   6.921927e-16   1.841819e-03   2.984030e-19   7231418
  2.343420e+00   6.859569e-16   1.838266e-03   2.959753e-19   7257912
  2.349793e+00   6.781677e-16   1.841246e-03   2.919531e-19   7307840
  2.356171e+00   6.712721e-16   1.840707e-03   2.892974e-19   7346618
  2.362545e+00   6.629611e-16   1.838315e-03   2.849391e-19   7376552
  2.368920e+00   6.557453e-16   1.842635e-03   2.818439e-19   7431740
  2.375299e+00   6.491121e-16   1.840580e-03   2.785844e-19   7464458
  2.381675e+00   6.424779e-16   1.840724e-03   2.756707e-19   7505672
  2.388054e+00   6.343793e-16   1.841875e-03   2.715454e-19   7550906
  2.394430e+00   6.282910e-16   1.839274e-03   2.691087e-19   7580720
  2.400808e+00   6.206596e-16   1.843124e-03   2.648035e-19   7635944
  2.407183e+00   6.148032e-16   1.837385e-03   2.624196e-19   7653254
  2.413557e+00   6.077485e-16   1.842500e-03   2.587102e-19   7714712
  2.419937e+00   6.008879e-16   1.841714e-03   2.553983e-19   7751840
  2.426315e+00   5.956920e-16   1.840093e-03   2.531095e-19   7788170
  2.432690e+00   5.888466e-16   1.840288e-03   2.499313e-19   7828544
  2.439067e+00   5.820157e-16   1.841589e-03   2.465243e-19   7874474
  2.445442e+00   5.773281e-16   1.838917e-03   2.445025e-19   7906032
  2.451817e+00   5.700372e-16   1.841643e-03   2.412121e-19   7957580
  2.458195e+00   5.638967e-16   1.840967e-03   2.379519e-19   7995962
  2.464573e+00   5.585621e-16   1.841319e-03   2.360321e-19   8038976
  2.470951e+00   5.520065e-16   1.841937e-03   2.327001e-19   8082320
  2.477329e+00   5.467114e-16   1.840784e-03   2.307321e-19   8120450
  2.483701e+00   5.412284e-16   1.838200e-03   2.281578e-19   8150312
  2.490075e+00   5.351414e-16   1.842025e-03   2.251510e-19   8210450
  2.496455e+00   5.297774e-16   1.840554e-03   2.228510e-19   8246732
  2.502832e+00   5.241724e-16   1.841458e-03   2.204394e-19   8290256
  2.509210e+00   5.188582e-16   1.841232e-03   2.176591e-19   8333306
  2.515587e+00   5.137321e-16   1.840510e-03   2.156600e-19   8372312
  2.521962e+00   5.076101e-16   1.840644e-03   2.127835e-19   8413472
  2.528337e+00   5.036717e-16   1.840038e-03   2.109935e-19   8455634
  2.534714e+00   4.979658e-16   1.841410e-03   2.084195e-19   8503736
  2.541090e+00   4.925800e-16   1.840703e-03   2.057291e-19   8542814
  2.547468e+00   4.878958e-16   1.841283e-03   2.038649e-19   8589960
  2.553847e+00   4.825709e-16   1.841675e-03   2.013379e-19   8633912
  2.560223e+00   4.779916e-16   1.839336e-03   1.993633e-19   8666690
  2.566599e+00   4.729096e-16   1.842209e-03   1.969070e-19   8722544
  2.572977e+00   4.680601e-16   1.840585e-03   1.949846e-19   8758112
  2.579352e+00   4.632415e-16   1.839548e-03   1.928750e-19   8798750
  2.585728e+00   4.586951e-16   1.841277e-03   1.908288e-19   8848808
  2.592104e+00   4.535158e-16   1.840251e-03   1.881354e-19   8889170
  2.598481e+00   4.496444e-16   1.840227e-03   1.866215e-19   8934608
  2.604856e+00   4.449026e-16   1.839643e-03   1.845060e-19   8971640
  2.611232e+00   4.408488e-16   1.842388e-03   1.828007e-19   9029954
  2.617612e+00   4.363488e-16   1.840920e-03   1.806417e-19   9067856
  2.623987e+00   4.313523e-16   1.839672e-03   1.787280e-19   9104444
  2.630367e+00   4.278705e-16   1.843923e-03   1.769725e-19   9171242
  2.636745e+00   4.235425e-16   1.838017e-03   1.752115e-19   9185528
  2.643114e+00   4.188994e-16   1.839022e-03   1.733505e-19   9235394
  2.649494e+00   4.147929e-16   1.844050e-03   1.711610e-19   9305688
  2.655872e+00   4.108684e-16   1.838662e-03   1.696780e-19   9321824
  2.662249e+00   4.068010e-16   1.843226e-03   1.675514e-19   9392090
  2.668628e+00   4.026728e-16   1.839001e-03   1.661020e-19   9414332
  2.675000e+00   3.988633e-16   1.840415e-03   1.641924e-19   9465410
  2.681380e+00   3.954329e-16   1.842364e-03   1.626970e-19   9523760
  2.687758e+00   3.913821e-16   1.839771e-03   1.611895e-19   9553832
  2.694133e+00   3.877012e-16   1.840855e-03   1.596202e-19   9604298
  2.700510e+00   3.837940e-16   1.840893e-03   1.575962e-19   9651176
  2.706885e+00   3.798930e-16   1.839603e-03   1.564042e-19   9687704
  2.713262e+00   3.765328e-16   1.842393e-03   1.545599e-19   9748574
  2.719643e+00   3.730079e-16   1.842290e-03   1.532487e-19   9794624
  2.726015e+00   3.691153e-16   1.836766e-03   1.518451e-19   9811370
  2.732389e+00   3.655118e-16   1.842921e-03   1.498596e-19   9891320
  2.738770e+00   3.621032e-16   1.841218e-03   1.485173e-19   9926024
  2.745146e+00   3.587535e-16   1.840208e-03   1.468944e-19   9967586
  2.751522e+00   3.556174e-16   1.840755e-03   1.457760e-19   10018116
  2.757897e+00   3.519435e-16   1.840456e-03   1.439855e-19   10060280
  2.764274e+00   3.491008e-16   1.841667e-03   1.431039e-19   10115450
  2.770654e+00   3.452948e-16   1.841837e-03   1.413697e-19   10164368
  2.777028e+00   3.421262e-16   1.838094e-03   1.401993e-19   10188314
  2.783404e+00   3.392300e-16   1.843290e-03   1.386840e-19   10265168
  2.789784e+00   3.359521e-16   1.840160e-03   1.374869e-19   10294448
  2.796159e+00   3.326226e-16   1.840640e-03   1.360032e-19   10343918
  2.802537e+00   3.300622e-16   1.841730e-03   1.349612e-19   10397600
  2.808913e+00   3.264981e-16   1.840311e-03   1.334716e-19   10435328
  2.815285e+00   3.237221e-16   1.838957e-03   1.323176e-19   10476698
  2.821661e+00   3.206596e-16   1.842237e-03   1.313066e-19   10543184
  2.828039e+00   3.175373e-16   1.839935e-03   1.296700e-19   10577834
  2.834417e+00   3.150798e-16   1.842252e-03   1.288793e-19   10641560
  2.840795e+00   3.119878e-16   1.839115e-03   1.275550e-19   10668452
  2.847169e+00   3.091585e-16   1.841467e-03   1.263832e-19   10729634
  2.853544e+00   3.066195e-16   1.839115e-03   1.251715e-19   10766520
  2.859920e+00   3.034255e-16   1.841423e-03   1.239010e-19   10825856
  2.866300e+00   3.008351e-16   1.842253e-03   1.229019e-19   10880090
  2.872679e+00   2.983027e-16   1.840348e-03   1.216475e-19   10918088
  2.879054e+00   2.954393e-16   1.840274e-03   1.205125e-19   10964474
  2.885431e+00   2.927725e-16   1.841464e-03   1.194662e-19   11021180
  2.891809e+00   2.900915e-16   1.840637e-03   1.184470e-19   11064248
  2.898185e+00   2.875720e-16   1.840651e-03   1.174031e-19   11114234
  2.904565e+00   2.849239e-16   1.842174e-03   1.161822e-19   11172872
  2.910943e+00   2.823774e-16   1.840078e-03   1.152192e-19   11206880
  2.917314e+00   2.800076e-16   1.838484e-03   1.143954e-19   11248130
  2.923689e+00   2.777089e-16   1.841523e-03   1.134392e-19   11316140
  2.930066e+00   2.751742e-16   1.840085e-03   1.121856e-19   11355554
  2.936443e+00   2.727587e-16   1.841835e-03   1.111424e-19   11417840
  2.942822e+00   2.703551e-16   1.840319e-03   1.103577e-19   11456528
  2.949199e+00   2.678100e-16   1.841526e-03   1.092013e-19   11512874
  2.955576e+00   2.657052e-16   1.840486e-03   1.083834e-19   11557272
  2.961950e+00   2.631574e-16   1.839582e-03   1.074995e-19   11600360
  2.968326e+00   2.614651e-16   1.841593e-03   1.068011e-19   11663678
  2.974703e+00   2.587329e-16   1.840371e-03   1.056344e-19   11705552
  2.981079e+00   2.565313e-16   1.840912e-03   1.047387e-19   11758658
  2.987457e+00   2.547348e-16   1.841605e-03   1.041851e-19   11815208
  2.993836e+00   2.524522e-16   1.841556e-03   1.031007e-19   11864000
  3.000212e+00   2.499628e-16   1.839938e-03   1.021642e-19   11904962
  3.006589e+00   2.482830e-16   1.840973e-03   1.014553e-19   11963696
  3.012966e+00   2.457142e-16   1.840866e-03   1.003854e-19   12011132
  3.019341e+00   2.441750e-16   1.840389e-03   9.977562e-20   12059450
  3.025718e+00   2.418401e-16   1.841438e-03   9.883482e-20   12118280
  3.032095e+00   2.400423e-16   1.840188e-03   9.828102e-20   12160562
  3.038470e+00   2.379566e-16   1.840247e-03   9.750989e-20   12212768
  3.044846e+00   2.360283e-16   1.841220e-03   9.657572e-20   12269504
  3.051223e+00   2.339830e-16   1.840948e-03   9.585986e-20   12319370
  3.057600e+00   2.322815e-16   1.840852e-03   9.505323e-20   12370140
  3.063975e+00   2.298751e-16   1.840437e-03   9.402794e-20   12417752
  3.070352e+00   2.287198e-16   1.841133e-03   9.378356e-20   12476882
  3.076731e+00   2.263931e-16   1.841502e-03   9.278712e-20   12530816
  3.083108e+00   2.246506e-16   1.840958e-03   9.215373e-20   12577658
  3.089485e+00   2.231124e-16   1.840591e-03   9.165092e-20   12629288
  3.095862e+00   2.210344e-16   1.841067e-03   9.074592e-20   12683828
  3.102237e+00   2.192539e-16   1.839537e-03   9.007053e-20   12725354
  3.108612e+00   2.177523e-16   1.841269e-03   8.955925e-20   12790616
  3.114989e+00   2.158367e-16   1.840010e-03   8.877608e-20   12833768
  3.121365e+00   2.142477e-16   1.841117e-03   8.805509e-20   12894194
  3.127743e+00   2.126989e-16   1.841676e-03   8.762887e-20   12950240
  3.134122e+00   2.107323e-16   1.840849e-03   8.669967e-20   12998714
  3.140498e+00   2.093541e-16   1.840244e-03   8.624484e-20   13048100
  3.146876e+00   2.075145e-16   1.841732e-03   8.549046e-20   13109120
  3.153254e+00   2.061138e-16   1.841032e-03   8.501917e-20   13158506
  3.159627e+00   2.045747e-16   1.838302e-03   8.456743e-20   13193040
  3.166002e+00   2.026718e-16   1.841969e-03   8.372998e-20   13271072
  3.172380e+00   2.016497e-16   1.840294e-03   8.331401e-20   13314242
  3.178754e+00   2.000589e-16   1.839703e-03   8.291377e-20   13363808
  3.185133e+00   1.982150e-16   1.842485e-03   8.199744e-20   13436822
  3.191512e+00   1.969511e-16   1.840487e-03   8.163232e-20   13476080
  3.197887e+00   1.951977e-16   1.840204e-03   8.081884e-20   13527296
  3.204264e+00   1.939350e-16   1.841161e-03   8.050186e-20   13589498
  3.210638e+00   1.926641e-16   1.838626e-03   8.018689e-20   13623704
  3.217016e+00   1.908376e-16   1.844054e-03   7.924266e-20   13717280
  3.223396e+00   1.898771e-16   1.839294e-03   7.901920e-20   13737914
  3.229770e+00   1.882482e-16   1.840743e-03   7.834368e-20   13801772
  3.236147e+00   1.868663e-16   1.841678e-03   7.772735e-20   13864298
  3.242524e+00   1.855110e-16   1.839451e-03   7.749133e-20   13904216
  3.248899e+00   1.840688e-16   1.840700e-03   7.672979e-20   13966064
  3.255276e+00   1.829651e-16   1.841492e-03   7.639149e-20   14027042
  3.261651e+00   1.815907e-16   1.838676e-03   7.610150e-20   14061048
  3.268027e+00   1.803943e-16   1.842396e-03   7.551917e-20   14143820
  3.274405e+00   1.792545e-16   1.840137e-03   7.512390e-20   14182442
  3.280782e+00   1.778027e-16   1.841285e-03   7.458364e-20   14245568
  3.287160e+00   1.766057e-16   1.841226e-03   7.407074e-20   14301338
  3.293537e+00   1.755404e-16   1.840394e-03   7.395619e-20   14350064
  3.299913e+00   1.741759e-16   1.841485e-03   7.328640e-20   14412488
  3.306292e+00   1.729505e-16   1.841397e-03   7.279479e-20   14470250
  3.312668e+00   1.717751e-16   1.839514e-03   7.249107e-20   14509484
  3.319039e+00   1.705456e-16   1.839618e-03   7.206867e-20   14564474
  3.325416e+00   1.696845e-16   1.842538e-03   7.181804e-20   14646632
  3.331795e+00   1.683792e-16   1.839978e-03   7.124718e-20   14681792
  3.338171e+00   1.672636e-16   1.841401e-03   7.082143e-20   14749946
  3.344548e+00   1.663819e-16   1.840482e-03   7.064751e-20   14799968
  3.350923e+00   1.650224e-16   1.839748e-03   7.016220e-20   14848808
  3.357300e+00   1.642649e-16   1.842276e-03   6.992628e-20   14925638
  3.363678e+00   1.630888e-16   1.840046e-03   6.945864e-20   14963016
  3.370053e+00   1.616918e-16   1.841263e-03   6.891889e-20   15031106
  3.376432e+00   1.610999e-16   1.841574e-03   6.885095e-20   15092384
  3.382808e+00   1.599723e-16   1.839899e-03   6.837755e-20   15132248
  3.389183e+00   1.587552e-16   1.841248e-03   6.792196e-20   15202322
  3.395560e+00   1.580087e-16   1.839985e-03   6.771931e-20   15250832
  3.401936e+00   1.569036e-16   1.841279e-03   6.735407e-20   15315692
  3.408315e+00   1.561567e-16   1.842099e-03   6.717412e-20   15382346
  3.414692e+00   1.552949e-16   1.839166e-03   6.687854e-20   15416024
  3.421065e+00   1.539781e-16   1.840590e-03   6.633747e-20   15483602
  3.427446e+00   1.534937e-16   1.843566e-03   6.640415e-20   15568424
  3.433825e+00   1.524909e-16   1.839187e-03   6.613004e-20   15589280
  3.440198e+00   1.513550e-16   1.839744e-03   6.561374e-20   15652502
  3.446575e+00   1.507438e-16   1.841959e-03   6.547143e-20   15728960
  3.452954e+00   1.497763e-16   1.840551e-03   6.504787e-20   15773168
  3.459328e+00   1.491750e-16   1.839940e-03   6.497338e-20   15828290
  3.465704e+00   1.481336e-16   1.840910e-03   6.468751e-20   15893184
  3.472081e+00   1.472455e-16   1.841157e-03   6.433321e-20   15954194
  3.478457e+00   1.466827e-16   1.839872e-03   6.424345e-20   16006016
  3.484831e+00   1.457159e-16   1.839639e-03   6.396848e-20   16058684
  3.491208e+00   1.448962e-16   1.842456e-03   6.355261e-20   16141898
  3.497590e+00   1.442149e-16   1.841864e-03   6.347040e-20   16197872
  3.503966e+00   1.433217e-16   1.839313e-03   6.322528e-20   16231640
  3.510341e+00   1.428092e-16   1.841313e-03   6.316282e-20   16310090
  3.516721e+00   1.420487e-16   1.841945e-03   6.286306e-20   16375136
  3.523097e+00   1.412291e-16   1.839457e-03   6.271994e-20   16412522
  3.529473e+00   1.407364e-16   1.841163e-03   6.253037e-20   16488308
  3.535850e+00   1.398570e-16   1.840616e-03   6.229362e-20   16539968
  3.542225e+00   1.392464e-16   1.839938e-03   6.217305e-20   16595714
  3.548602e+00   1.386790e-16   1.841625e-03   6.201480e-20   16671224
  3.554979e+00   1.378974e-16   1.840210e-03   6.184095e-20   16714064
  3.561354e+00   1.373962e-16   1.840955e-03   6.176128e-20   16783202
  3.567731e+00   1.368535e-16   1.840815e-03   6.152325e-20   16842504
  3.574108e+00   1.359901e-16   1.841084e-03   6.130725e-20   16904894
  3.580486e+00   1.355138e-16   1.841127e-03   6.123379e-20   16968656
  3.586865e+00   1.349049e-16   1.841521e-03   6.101212e-20   17030288
  3.593238e+00   1.343539e-16   1.838444e-03   6.096055e-20   17061482
  3.599615e+00   1.337793e-16   1.842988e-03   6.079151e-20   17164976
  3.605993e+00   1.332403e-16   1.840068e-03   6.078242e-20   17197184
  3.612368e+00   1.328388e-16   1.840756e-03   6.071430e-20   17267102
  3.618746e+00   1.321783e-16   1.841072e-03   6.047510e-20   17329928
  3.625121e+00   1.316153e-16   1.839901e-03   6.048862e-20   17378906
  3.631497e+00   1.313670e-16   1.841182e-03   6.050652e-20   17454776
  3.637873e+00   1.306197e-16   1.839972e-03   6.026815e-20   17501720
  3.644249e+00   1.302294e-16   1.842109e-03   6.014250e-20   17584826
  3.650631e+00   1.299102e-16   1.841819e-03   6.018361e-20   17646008
  3.657008e+00   1.291826e-16   1.840059e-03   5.990209e-20   17686412
  3.663381e+00   1.289065e-16   1.840228e-03   6.002184e-20   17751266
  3.669756e+00   1.284635e-16   1.840035e-03   5.994718e-20   17812848
  3.676130e+00   1.279908e-16   1.840074e-03   5.988446e-20   17874866
  3.682507e+00   1.277347e-16   1.841337e-03   5.994520e-20   17951720
  3.688886e+00   1.271566e-16   1.841134e-03   5.975790e-20   18009344
  3.695262e+00   1.269438e-16   1.840349e-03   5.990466e-20   18064730
  3.701640e+00   1.266600e-16   1.841339e-03   5.984679e-20   18137372
  3.708017e+00   1.259960e-16   1.840603e-03   5.969572e-20   18189632
  3.714392e+00   1.260060e-16   1.840457e-03   5.988614e-20   18254330
  3.720770e+00   1.254038e-16   1.841473e-03   5.967076e-20   18325808
  3.727148e+00   1.251448e-16   1.840737e-03   5.966225e-20   18379610
  3.733524e+00   1.250754e-16   1.840702e-03   5.983295e-20   18445760
  3.739901e+00   1.245916e-16   1.840479e-03   5.967868e-20   18504440
  3.746277e+00   1.242996e-16   1.840875e-03   5.976955e-20   18572198
  3.752657e+00   1.242885e-16   1.841895e-03   6.007981e-20   18647480
  3.759032e+00   1.237091e-16   1.838946e-03   5.982928e-20   18678152
  3.765406e+00   1.237211e-16   1.841061e-03   6.006195e-20   18764186
  3.771782e+00   1.219971e-16   1.840849e-03   5.899726e-20   18794103
  3.778158e+00   1.182070e-16   1.840297e-03   5.659253e-20   18760748
  3.784533e+00   1.146394e-16   1.840231e-03   5.430251e-20   18727940
  3.790912e+00   1.109898e-16   1.842073e-03   5.192946e-20   18712436
  3.797287e+00   1.077424e-16   1.838840e-03   4.991695e-20   18646616
  3.803663e+00   1.044184e-16   1.842455e-03   4.781423e-20   18651296
  3.810042e+00   1.013687e-16   1.840334e-03   4.593323e-20   18596096
  3.816418e+00   9.839972e-17   1.841121e-03   4.411351e-20   18571364
  3.822794e+00   9.560303e-17   1.839859e-03   4.243799e-20   18527096
  3.829170e+00   9.293363e-17   1.840846e-03   4.086442e-20   18501368
  3.835548e+00   9.028271e-17   1.841771e-03   3.924042e-20   18475040
  3.841927e+00   8.786280e-17   1.841481e-03   3.786028e-20   18439436
  3.848301e+00   8.551206e-17   1.838521e-03   3.651083e-20   18375752
  3.854674e+00   8.327845e-17   1.840584e-03   3.519949e-20   18361484
  3.861052e+00   8.097864e-17   1.842393e-03   3.387501e-20   18344504
  3.867430e+00   7.890110e-17   1.839817e-03   3.270490e-20   18284708
  3.873806e+00   7.691785e-17   1.841259e-03   3.164855e-20   18264048
  3.880183e+00   7.502752e-17   1.840629e-03   3.063802e-20   18220964
  3.886557e+00   7.309202e-17   1.839363e-03   2.952277e-20   18173528
  3.892935e+00   7.127843e-17   1.843046e-03   2.851979e-20   18173780
  3.899316e+00   6.959456e-17   1.841138e-03   2.762647e-20   18116660
  3.905693e+00   6.788979e-17   1.840842e-03   2.674459e-20   18078740
  3.912066e+00   6.628478e-17   1.838693e-03   2.588852e-20   18023108
  3.918439e+00   6.472048e-17   1.840734e-03   2.507276e-20   18005600
  3.924818e+00   6.328205e-17   1.842344e-03   2.434445e-20   17984552
  3.931198e+00   6.183689e-17   1.841062e-03   2.359111e-20   17934860
  3.937574e+00   6.041705e-17   1.840562e-03   2.287269e-20   17891468
  3.943950e+00   5.912269e-17   1.840945e-03   2.222662e-20   17857712
  3.950326e+00   5.778350e-17   1.840137e-03   2.155589e-20   17813108
  3.956702e+00   5.659733e-17   1.841074e-03   2.098686e-20   17784788
  3.963079e+00   5.533835e-17   1.840240e-03   2.036446e-20   17737268
  3.969455e+00   5.414421e-17   1.841773e-03   1.979155e-20   17713268
  3.975833e+00   5.303220e-17   1.840239e-03   1.923963e-20   17661912
  3.982208e+00   5.194517e-17   1.840290e-03   1.872504e-20   17622668
  3.988586e+00   5.085872e-17   1.842133e-03   1.823210e-20   17600552
  3.994964e+00   4.984230e-17   1.839951e-03   1.775297e-20   17542580
  4.001340e+00   4.884478e-17   1.840772e-03   1.728537e-20   17509112
  4.007717e+00   4.788980e-17   1.841501e-03   1.684902e-20   17475116
  4.014093e+00   4.696424e-17   1.839606e-03   1.643758e-20   17419964
  4.020469e+00   4.602854e-17   1.841433e-03   1.600407e-20   17397056
  4.026846e+00   4.515940e-17   1.840314e-03   1.561499e-20   17345336
  4.033223e+00   4.432010e-17   1.840964e-03   1.526034e-20   17310476
  4.039596e+00   4.344724e-17   1.838459e-03   1.486989e-20   17246360
  4.045972e+00   4.269699e-17   1.842582e-03   1.455036e-20   17244284
  4.052354e+00   4.190131e-17   1.842150e-03   1.419321e-20   17198240
  4.058731e+00   4.118283e-17   1.839271e-03   1.390754e-20   17130932
  4.065106e+00   4.038332e-17   1.841562e-03   1.355291e-20   17110040
  4.071484e+00   3.970833e-17   1.840722e-03   1.325252e-20   17058488
  4.077857e+00   3.901745e-17   1.839135e-03   1.299082e-20   17003664
  4.084233e+00   3.835130e-17   1.841446e-03   1.269029e-20   16983908
  4.090612e+00   3.768095e-17   1.841420e-03   1.243870e-20   16939220
  4.096989e+00   3.704299e-17   1.840515e-03   1.216241e-20   16888904
  4.103367e+00   3.641703e-17   1.841500e-03   1.191176e-20   16854920
  4.109743e+00   3.580463e-17   1.839861e-03   1.166373e-20   16795136
  4.116117e+00   3.521609e-17   1.840184e-03   1.143608e-20   16755860
  4.122495e+00   3.462363e-17   1.841913e-03   1.119529e-20   16729064
  4.128872e+00   3.406043e-17   1.840126e-03   1.097789e-20   16668260
  4.135248e+00   3.355322e-17   1.841092e-03   1.078618e-20   16631456
  4.141626e+00   3.298690e-17   1.841230e-03   1.056332e-20   16588208
  4.148001e+00   3.249103e-17   1.839635e-03   1.039086e-20   16531052
  4.154379e+00   3.195661e-17   1.842867e-03   1.015951e-20   16514456
  4.160755e+00   3.147559e-17   1.838861e-03   1.000270e-20   16432880
  4.167131e+00   3.102461e-17   1.842344e-03   9.822401e-21   16421120
  4.173510e+00   3.054636e-17   1.840051e-03   9.661693e-21   16354148
  4.179885e+00   3.008730e-17   1.841003e-03   9.490663e-21   16316184
  4.186264e+00   2.963237e-17   1.842179e-03   9.309014e-21   16283360
  4.192641e+00   2.919173e-17   1.839085e-03   9.156755e-21   16208756
  4.199016e+00   2.876813e-17   1.841765e-03   9.002067e-21   16184372
  4.205394e+00   2.838734e-17   1.840922e-03   8.871169e-21   16131116
  4.211767e+00   2.794711e-17   1.839273e-03   8.720610e-21   16070864
  4.218143e+00   2.756717e-17   1.841935e-03   8.578816e-21   16047596
  4.224522e+00   2.715387e-17   1.841132e-03   8.428624e-21   15993464
  4.230898e+00   2.678963e-17   1.839789e-03   8.304976e-21   15936116
  4.237274e+00   2.641894e-17   1.841227e-03   8.182390e-21   15899564
  4.243650e+00   2.604977e-17   1.840412e-03   8.057006e-21   15843188
  4.250027e+00   2.572249e-17   1.841430e-03   7.937370e-21   15806012
  4.256404e+00   2.536154e-17   1.840029e-03   7.821769e-21   15746972
  4.262780e+00   2.500465e-17   1.841029e-03   7.694687e-21   15706280
  4.269158e+00   2.468552e-17   1.841316e-03   7.587232e-21   15660560
  4.275534e+00   2.437865e-17   1.839976e-03   7.492711e-21   15601664
  4.281910e+00   2.405396e-17   1.840520e-03   7.392224e-21   15555936
  4.288286e+00   2.372192e-17   1.841154e-03   7.287284e-21   15511664
  4.294665e+00   2.343189e-17   1.841118e-03   7.182843e-21   15463688
  4.301042e+00   2.314558e-17   1.840371e-03   7.095746e-21   15406784
  4.307419e+00   2.285295e-17   1.841443e-03   7.000003e-21   15364076
  4.313795e+00   2.258164e-17   1.839853e-03   6.918144e-21   15302144
  4.320171e+00   2.230543e-17   1.841222e-03   6.827764e-21   15264716
  4.326549e+00   2.202042e-17   1.841061e-03   6.741071e-21   15212204
  4.332926e+00   2.175866e-17   1.840328e-03   6.661064e-21   15154664
  4.339301e+00   2.149687e-17   1.840391e-03   6.580252e-21   15104684
  4.345675e+00   2.124897e-17   1.839587e-03   6.510001e-21   15046256
  4.352051e+00   2.098791e-17   1.841370e-03   6.428386e-21   15009272
  4.358428e+00   2.073569e-17   1.840387e-03   6.351262e-21   14951624
  4.364807e+00   2.051282e-17   1.842302e-03   6.280033e-21   14915300
  4.371187e+00   2.027333e-17   1.840481e-03   6.214602e-21   14847140
  4.377560e+00   2.003080e-17   1.839457e-03   6.141628e-21   14786624
  4.383935e+00   1.980056e-17   1.840794e-03   6.071555e-21   14745252
  4.390313e+00   1.957525e-17   1.841504e-03   6.002293e-21   14697932
  4.396692e+00   1.936237e-17   1.841471e-03   5.943551e-21   14644448
  4.403070e+00   1.915419e-17   1.840856e-03   5.884131e-21   14586896
  4.409445e+00   1.894381e-17   1.839917e-03   5.828857e-21   14525000
  4.415820e+00   1.873543e-17   1.841355e-03   5.767992e-21   14482088
  4.422197e+00   1.853518e-17   1.840486e-03   5.711065e-21   14423696
  4.428574e+00   1.833301e-17   1.840927e-03   5.661335e-21   14373848
  4.434951e+00   1.813097e-17   1.841026e-03   5.597783e-21   14319188
  4.441328e+00   1.795590e-17   1.840720e-03   5.556250e-21   14262248
  4.447704e+00   1.775740e-17   1.840293e-03   5.499602e-21   14204780
  4.454079e+00   1.758276e-17   1.840780e-03   5.450474e-21   14153240
  4.460456e+00   1.740413e-17   1.840870e-03   5.405012e-21   14099048
  4.466833e+00   1.720809e-17   1.841305e-03   5.352631e-21   14048288
  4.473210e+00   1.704959e-17   1.840220e-03   5.314501e-21   13983860
  4.479586e+00   1.687432e-17   1.841413e-03   5.268336e-21   13935800
  4.485962e+00   1.670840e-17   1.839813e-03   5.224386e-21   13868784
  4.492338e+00   1.653560e-17   1.841245e-03   5.181015e-21   13824536
  4.498718e+00   1.638400e-17   1.842226e-03   5.138371e-21   13774364
  4.505095e+00   1.621502e-17   1.840286e-03   5.095122e-21   13702856
  4.511470e+00   1.608016e-17   1.840225e-03   5.070655e-21   13646648
  4.517844e+00   1.591540e-17   1.840082e-03   5.023303e-21   13588364
  4.524220e+00   1.574788e-17   1.841200e-03   4.983437e-21   13539920
  4.530597e+00   1.561128e-17   1.840383e-03   4.952852e-21   13478432
  4.536974e+00   1.545937e-17   1.840898e-03   4.909074e-21   13424264
  4.543353e+00   1.533050e-17   1.841656e-03   4.882624e-21   13370000
  4.549730e+00   1.517090e-17   1.840597e-03   4.846664e-21   13304432
  4.556105e+00   1.504425e-17   1.839697e-03   4.816587e-21   13241228
  4.562479e+00   1.490400e-17   1.840265e-03   4.787269e-21   13186508
  4.568858e+00   1.477675e-17   1.842616e-03   4.752735e-21   13144544
  4.575236e+00   1.464606e-17   1.839577e-03   4.726055e-21   13065032
  4.581610e+00   1.450551e-17   1.840140e-03   4.697729e-21   13008512
  4.587987e+00   1.438868e-17   1.841456e-03   4.668935e-21   12957360
  4.594365e+00   1.424762e-17   1.841180e-03   4.628943e-21   12897728
  4.600740e+00   1.413064e-17   1.838906e-03   4.613935e-21   12822884
  4.607118e+00   1.401723e-17   1.843186e-03   4.588120e-21   12790772
  4.613497e+00   1.390021e-17   1.839965e-03   4.566583e-21   12707960
  4.619871e+00   1.377840e-17   1.840055e-03   4.541299e-21   12650024
  4.626249e+00   1.366741e-17   1.841592e-03   4.516619e-21   12599360
  4.632627e+00   1.354537e-17   1.841060e-03   4.494785e-21   12533984
  4.639003e+00   1.342602e-17   1.840024e-03   4.464891e-21   12467036
  4.645379e+00   1.332255e-17   1.841105e-03   4.448054e-21   12412124
  4.651756e+00   1.321726e-17   1.840677e-03   4.426958e-21   12345776
  4.658131e+00   1.310597e-17   1.840856e-03   4.408268e-21   12286760
  4.664508e+00   1.299678e-17   1.840642e-03   4.386168e-21   12225452
  4.670885e+00   1.290028e-17   1.840694e-03   4.367065e-21   12162584
  4.677263e+00   1.279803e-17   1.841648e-03   4.347670e-21   12105824
  4.683640e+00   1.269369e-17   1.840444e-03   4.333545e-21   12036248
  4.690015e+00   1.258749e-17   1.840000e-03   4.311906e-21   11969736
  4.696391e+00   1.249323e-17   1.841517e-03   4.295251e-21   11916224
  4.702769e+00   1.239954e-17   1.840685e-03   4.280874e-21   11849312
  4.709145e+00   1.229816e-17   1.840274e-03   4.261645e-21   11783300
  4.715522e+00   1.221397e-17   1.841310e-03   4.247473e-21   11724800
  4.721898e+00   1.212220e-17   1.840639e-03   4.236549e-21   11657372
  4.728275e+00   1.202368e-17   1.840697e-03   4.221214e-21   11595320
  4.734652e+00   1.194334e-17   1.840360e-03   4.211604e-21   11527928
  4.741029e+00   1.184861e-17   1.841428e-03   4.196861e-21   11469008
  4.747404e+00   1.175885e-17   1.839492e-03   4.183455e-21   11392904
  4.753780e+00   1.166968e-17   1.841657e-03   4.164110e-21   11340476
  4.760155e+00   1.160490e-17   1.839780e-03   4.163158e-21   11263520
  4.766534e+00   1.150447e-17   1.842729e-03   4.140086e-21   11218472
  4.772911e+00   1.142893e-17   1.838731e-03   4.142079e-21   11129336
  4.779288e+00   1.134477e-17   1.842467e-03   4.122985e-21   11083964
  4.785665e+00   1.126914e-17   1.839931e-03   4.111771e-21   11001992
  4.792039e+00   1.118219e-17   1.840072e-03   4.104449e-21   10938228
  4.798414e+00   1.111055e-17   1.840560e-03   4.098246e-21   10874336
  4.804792e+00   1.101996e-17   1.841863e-03   4.077841e-21   10814828
  4.811169e+00   1.095435e-17   1.839739e-03   4.080132e-21   10736984
  4.817544e+00   1.088356e-17   1.840541e-03   4.077251e-21   10673948
  4.823923e+00   1.080448e-17   1.842721e-03   4.064796e-21   10617704
  4.830301e+00   1.073677e-17   1.840081e-03   4.065632e-21   10536416
  4.836675e+00   1.064693e-17   1.839468e-03   4.046978e-21   10466324
  4.843052e+00   1.059223e-17   1.842362e-03   4.046103e-21   10412984
  4.849431e+00   1.052111e-17   1.840724e-03   4.049091e-21   10334840
  4.855806e+00   1.044051e-17   1.840268e-03   4.029702e-21   10265528
  4.862183e+00   1.038311e-17   1.840956e-03   4.030693e-21   10200692
  4.868561e+00   1.030611e-17   1.841614e-03   4.020524e-21   10135292
  4.874938e+00   1.022613e-17   1.839941e-03   4.014655e-21   10058816
  4.881314e+00   1.015623e-17   1.840525e-03   4.012619e-21   9991772
  4.887691e+00   1.010883e-17   1.841575e-03   4.019319e-21   9925880
  4.894065e+00   1.002708e-17   1.838924e-03   4.008458e-21   9843288
  4.900441e+00   9.964148e-18   1.842306e-03   4.002970e-21   9792968
  4.906821e+00   9.909481e-18   1.840795e-03   4.011673e-21   9713612
  4.913196e+00   9.842033e-18   1.840365e-03   4.004004e-21   9640628
  4.919573e+00   9.775328e-18   1.840900e-03   4.001007e-21   9574256
  4.925949e+00   9.707409e-18   1.840276e-03   3.993026e-21   9499064
  4.932325e+00   9.651949e-18   1.841227e-03   3.998096e-21   9432296
  4.938702e+00   9.584300e-18   1.841040e-03   3.993927e-21   9362204
  4.945079e+00   9.520716e-18   1.840104e-03   3.994340e-21   9286052
  4.951457e+00   9.470892e-18   1.842090e-03   4.001207e-21   9222320
  4.957835e+00   9.393904e-18   1.841090e-03   3.987524e-21   9145976
  4.964211e+00   9.336735e-18   1.839895e-03   3.994259e-21   9070268
  4.970586e+00   9.277949e-18   1.840297e-03   3.989631e-21   8999720
  4.976964e+00   9.233977e-18   1.841617e-03   4.001956e-21   8932664
  4.983339e+00   9.146079e-18   1.838848e-03   3.988749e-21   8847344
  4.989712e+00   9.093219e-18   1.840809e-03   3.988011e-21   8782688
  4.996090e+00   9.036552e-18   1.841883e-03   3.993138e-21   8713440
  5.002468e+00   8.984228e-18   1.841131e-03   3.998074e-21   8638616
  5.008845e+00   8.918926e-18   1.839945e-03   4.000242e-21   8560856
  5.015220e+00   8.872729e-18   1.840402e-03   4.009443e-21   8487620
  5.021598e+00   8.801547e-18   1.842484e-03   3.992626e-21   8422796
  5.027976e+00   8.744127e-18   1.839559e-03   4.000728e-21   8336348
  5.034350e+00   8.687553e-18   1.840420e-03   4.007330e-21   8265176
  5.040727e+00   8.629818e-18   1.841761e-03   4.008029e-21   8196176
  5.047104e+00   8.559637e-18   1.839932e-03   4.005179e-21   8114636
  5.053478e+00   8.498119e-18   1.839889e-03   4.005837e-21   8038724
  5.059856e+00   8.466346e-18   1.842986e-03   4.022297e-21   7975460
  5.066235e+00   8.395309e-18   1.840210e-03   4.021609e-21   7889792
  5.072611e+00   8.317756e-18   1.840188e-03   4.006458e-21   7815728
  5.078987e+00   8.286512e-18   1.840544e-03   4.031110e-21   7739288
  5.085364e+00   8.222288e-18   1.841840e-03   4.026731e-21   7667432
  5.091741e+00   8.146198e-18   1.839798e-03   4.023160e-21   7583684
  5.098113e+00   8.103561e-18   1.839459e-03   4.033092e-21   7505172
  5.104490e+00   8.037498e-18   1.842916e-03   4.030871e-21   7442636
  5.110871e+00   7.966828e-18   1.841224e-03   4.027876e-21   7360676
  5.117246e+00   7.898992e-18   1.838532e-03   4.023600e-21   7272728
  5.123622e+00   7.856602e-18   1.842521e-03   4.036208e-21   7209140
  5.130001e+00   7.789182e-18   1.840984e-03   4.035661e-21   7125632
  5.136377e+00   7.710195e-18   1.840289e-03   4.025054e-21   7046924
  5.142753e+00   7.659349e-18   1.840046e-03   4.038736e-21   6966968
  5.149129e+00   7.603124e-18   1.841514e-03   4.044093e-21   6893408
  5.155505e+00   7.523445e-18   1.840118e-03   4.027654e-21   6811004
  5.161881e+00   7.463191e-18   1.840529e-03   4.038249e-21   6732944
  5.168258e+00   7.398047e-18   1.841885e-03   4.033550e-21   6658628
  5.174637e+00   7.324966e-18   1.841220e-03   4.029506e-21   6578804
  5.181014e+00   7.244224e-18   1.839505e-03   4.016246e-21   6493628
  5.187389e+00   7.196593e-18   1.841020e-03   4.022655e-21   6417476
  5.193767e+00   7.117327e-18   1.842303e-03   4.016295e-21   6341156
  5.200142e+00   7.031197e-18   1.838905e-03   4.009622e-21   6251676
  5.206515e+00   6.946899e-18   1.840100e-03   3.986154e-21   6176072
  5.212894e+00   6.900511e-18   1.842591e-03   3.996588e-21   6103028
  5.219273e+00   6.800615e-18   1.840028e-03   3.979055e-21   6015356
  5.225646e+00   6.726333e-18   1.838527e-03   3.965875e-21   5928908
  5.232022e+00   6.675887e-18   1.843529e-03   3.971583e-21   5861504
  5.238402e+00   6.557971e-18   1.840564e-03   3.925671e-21   5772440
  5.244776e+00   6.472220e-18   1.839302e-03   3.908738e-21   5688596
  5.251152e+00   6.405690e-18   1.841421e-03   3.905192e-21   5611412
  5.257531e+00   6.305245e-18   1.842425e-03   3.878141e-21   5532224
  5.263907e+00   6.208135e-18   1.838741e-03   3.841462e-21   5440748
  5.270281e+00   6.125234e-18   1.841068e-03   3.817748e-21   5364572
  5.276660e+00   6.019122e-18   1.842167e-03   3.767182e-21   5285204
  5.283039e+00   5.901539e-18   1.840147e-03   3.730079e-21   5197796
  5.289414e+00   5.801918e-18   1.840074e-03   3.681501e-21   5113244
  5.295789e+00   5.715417e-18   1.841509e-03   3.654974e-21   5032664
  5.302162e+00   5.598442e-18   1.838866e-03   3.584624e-21   4943484
  5.308538e+00   5.471352e-18   1.842083e-03   3.503573e-21   4869920
  5.314919e+00   5.359897e-18   1.840875e-03   3.432151e-21   4782608
  5.321298e+00   5.226979e-18   1.842000e-03   3.329938e-21   4700756
  5.327675e+00   5.107099e-18   1.839332e-03   3.252480e-21   4608920
  5.334047e+00   4.982214e-18   1.840509e-03   3.132705e-21   4528829
  5.340423e+00   4.871433e-18   1.840790e-03   3.049178e-21   4453172
  5.346801e+00   4.770444e-18   1.841398e-03   2.973929e-21   4381652
  5.353179e+00   4.687378e-18   1.840856e-03   2.910954e-21   4309628
  5.359558e+00   4.603617e-18   1.841542e-03   2.854164e-21   4242188
  5.365934e+00   4.530023e-18   1.840185e-03   2.813035e-21   4171796
  5.372309e+00   4.444816e-18   1.840332e-03   2.743371e-21   4107506
  5.378687e+00   4.379306e-18   1.841030e-03   2.708531e-21   4045694
  5.385067e+00   4.315212e-18   1.841878e-03   2.656968e-21   3984530
  5.391443e+00   4.247369e-18   1.839184e-03   2.620733e-21   3916622
  5.397815e+00   4.187773e-18   1.840413e-03   2.586268e-21   3858626
  5.404188e+00   4.137787e-18   1.839752e-03   2.555703e-21   3798918
  5.410566e+00   4.074633e-18   1.842453e-03   2.512578e-21   3747464
  5.416947e+00   4.027531e-18   1.840720e-03   2.489897e-21   3687278
  5.423327e+00   3.971464e-18   1.841755e-03   2.451923e-21   3632618
  5.429702e+00   3.922015e-18   1.839341e-03   2.430559e-21   3571766
  5.436076e+00   3.869511e-18   1.841405e-03   2.400475e-21   3521264
  5.442452e+00   3.820589e-18   1.840602e-03   2.378146e-21   3466964
  5.448828e+00   3.779913e-18   1.840149e-03   2.355540e-21   3414320
  5.455204e+00   3.742892e-18   1.840343e-03   2.339094e-21   3362948
  5.461581e+00   3.698531e-18   1.841385e-03   2.315669e-21   3313130
  5.467960e+00   3.655838e-18   1.841559e-03   2.289925e-21   3262766
  5.474335e+00   3.620140e-18   1.839552e-03   2.281308e-21   3210122
  5.480711e+00   3.575358e-18   1.841068e-03   2.251633e-21   3164282
  5.487089e+00   3.538003e-18   1.840871e-03   2.238819e-21   3115358
  5.493467e+00   3.510090e-18   1.841892e-03   2.229394e-21   3068642
  5.499842e+00   3.466419e-18   1.839367e-03   2.212031e-21   3017270
  5.506214e+00   3.439986e-18   1.840421e-03   2.201075e-21   2973396
  5.512592e+00   3.400275e-18   1.841795e-03   2.185572e-21   2930882
  5.518975e+00   3.373080e-18   1.842009e-03   2.176655e-21   2886296
  5.525354e+00   3.337364e-18   1.840110e-03   2.160253e-21   2838068
  5.531729e+00   3.311299e-18   1.840402e-03   2.152928e-21   2793680
  5.538103e+00   3.282338e-18   1.841057e-03   2.145345e-21   2750948
  5.544478e+00   3.255214e-18   1.840332e-03   2.137053e-21   2707712
  5.550852e+00   3.232333e-18   1.839444e-03   2.131772e-21   2665124
  5.557230e+00   3.201931e-18   1.841751e-03   2.124590e-21   2626712
  5.563610e+00   3.176271e-18   1.840829e-03   2.117190e-21   2583542
  5.569988e+00   3.152435e-18   1.841328e-03   2.113959e-21   2543108
  5.576363e+00   3.128327e-18   1.839426e-03   2.110070e-21   2500538
  5.582739e+00   3.100633e-18   1.841521e-03   2.093879e-21   2464052
  5.589119e+00   3.078647e-18   1.841364e-03   2.094042e-21   2424194
  5.595493e+00   3.049647e-18   1.839158e-03   2.086993e-21   2381732
  5.601866e+00   3.032507e-18   1.841683e-03   2.085766e-21   2346386
  5.608241e+00   3.018323e-18   1.839649e-03   2.085422e-21   2306598
  5.614618e+00   2.999605e-18   1.842029e-03   2.090970e-21   2273186
  5.621000e+00   2.973928e-18   1.840989e-03   2.081089e-21   2235188
  5.627378e+00   2.955133e-18   1.839949e-03   2.084909e-21   2196638
  5.633754e+00   2.939917e-18   1.841588e-03   2.088952e-21   2161706
  5.640129e+00   2.917681e-18   1.840261e-03   2.084622e-21   2124422
  5.646501e+00   2.894647e-18   1.838999e-03   2.082243e-21   2088578
  5.652879e+00   2.881904e-18   1.842650e-03   2.085755e-21   2058512
  5.659259e+00   2.865133e-18   1.839498e-03   2.091778e-21   2020202
  5.665635e+00   2.842014e-18   1.841528e-03   2.084602e-21   1987670
  5.672010e+00   2.835496e-18   1.840033e-03   2.094061e-21   1952114
  5.678381e+00   2.815492e-18   1.839290e-03   2.095611e-21   1918694
  5.684760e+00   2.801927e-18   1.843391e-03   2.100294e-21   1890932
  5.691143e+00   2.788506e-18   1.840482e-03   2.104594e-21   1855382
  5.697520e+00   2.770226e-18   1.841151e-03   2.108177e-21   1823276
  5.703897e+00   2.760472e-18   1.841467e-03   2.115863e-21   1791446
  5.710267e+00   2.747816e-18   1.837484e-03   2.128225e-21   1756566
  5.716642e+00   2.733634e-18   1.843486e-03   2.123716e-21   1732292
  5.723026e+00   2.719100e-18   1.841021e-03   2.138087e-21   1699718
  5.729405e+00   2.709228e-18   1.840666e-03   2.140636e-21   1668524
  5.735782e+00   2.697917e-18   1.841307e-03   2.151744e-21   1638656
  5.742152e+00   2.688416e-18   1.837941e-03   2.168017e-21   1606154
  5.748524e+00   2.676772e-18   1.841528e-03   2.172181e-21   1580984
  5.754907e+00   2.663103e-18   1.842158e-03   2.174077e-21   1553372
  5.761287e+00   2.651885e-18   1.839903e-03   2.185979e-21   1522502
  5.767663e+00   2.645388e-18   1.841211e-03   2.199999e-21   1494788
  5.774035e+00   2.623295e-18   1.839049e-03   2.201001e-21   1464992
  5.780407e+00   2.626794e-18   1.840885e-03   2.218517e-21   1439564
  5.786788e+00   2.614963e-18   1.842803e-03   2.231293e-21   1414766
  5.793173e+00   2.601974e-18   1.841316e-03   2.238295e-21   1386620
  5.799549e+00   2.592888e-18   1.839295e-03   2.251694e-21   1358024
  5.805920e+00   2.584731e-18   1.840494e-03   2.261494e-21   1332236
  5.812287e+00   2.578161e-18   1.837583e-03   2.279752e-21   1304568
  5.818666e+00   2.569253e-18   1.844995e-03   2.289821e-21   1285316
  5.825053e+00   2.564512e-18   1.840679e-03   2.311993e-21   1257272
  5.831429e+00   2.555072e-18   1.839591e-03   2.325892e-21   1231028
  5.837804e+00   2.545487e-18   1.841474e-03   2.334433e-21   1207136
  5.844175e+00   2.546049e-18   1.839197e-03   2.359812e-21   1181180
  5.850547e+00   2.532439e-18   1.841135e-03   2.375281e-21   1159352
  5.856931e+00   2.530613e-18   1.842986e-03   2.391276e-21   1137476
  5.863312e+00   2.519693e-18   1.839166e-03   2.411028e-21   1111280
  5.869686e+00   2.517733e-18   1.840689e-03   2.433258e-21   1088468
  5.876057e+00   2.515020e-18   1.840140e-03   2.454750e-21   1065008
  5.882427e+00   2.508830e-18   1.839713e-03   2.472918e-21   1042934
  5.888808e+00   2.501847e-18   1.843186e-03   2.492415e-21   1023488
  5.895195e+00   2.497068e-18   1.841961e-03   2.504101e-21   1000700
  5.901573e+00   2.494542e-18   1.839831e-03   2.534757e-21   977264
  5.907943e+00   2.492088e-18   1.839220e-03   2.560098e-21   955052
  5.914306e+00   2.481019e-18   1.837596e-03   2.581930e-21   933546
  5.920685e+00   2.481576e-18   1.845011e-03   2.606222e-21   917348
  5.927075e+00   2.477607e-18   1.841622e-03   2.630450e-21   895328
  5.933456e+00   2.476255e-18   1.840197e-03   2.665313e-21   873878
  5.939831e+00   2.472496e-18   1.841204e-03   2.693244e-21   853664
  5.946198e+00   2.463579e-18   1.838301e-03   2.719255e-21   832604
  5.952570e+00   2.462074e-18   1.841647e-03   2.734067e-21   815546
  5.958955e+00   2.460105e-18   1.841795e-03   2.770747e-21   797012
  5.965336e+00   2.454944e-18   1.838979e-03   2.791728e-21   776576
  5.971714e+00   2.459054e-18   1.842719e-03   2.832579e-21   758726
  5.978085e+00   2.453418e-18   1.838577e-03   2.855524e-21   738296
  5.984452e+00   2.448543e-18   1.839422e-03   2.884133e-21   721172
  5.990833e+00   2.442328e-18   1.842852e-03   2.918920e-21   705434
  5.997222e+00   2.442507e-18   1.841204e-03   2.946270e-21   687092
  6.003603e+00   2.438237e-18   1.841572e-03   2.988235e-21   669098
  6.009974e+00   2.435696e-18   1.839142e-03   3.023579e-21   650516
  6.016332e+00   2.437681e-18   1.836042e-03   3.069689e-21   632898
  6.022707e+00   2.433831e-18   1.844938e-03   3.110619e-21   620228
  6.029100e+00   2.447078e-18   1.842281e-03   3.156688e-21   603206
  6.035485e+00   2.436153e-18   1.841847e-03   3.181587e-21   586328
  6.041859e+00   2.437612e-18   1.840113e-03   3.236620e-21   569222
  6.048217e+00   2.432289e-18   1.835706e-03   3.273754e-21   552266
  6.054584e+00   2.441673e-18   1.843023e-03   3.319385e-21   539996
  6.060976e+00   2.434223e-18   1.843843e-03   3.366103e-21   525722
  6.067365e+00   2.435750e-18   1.839929e-03   3.409209e-21   509372
  6.073742e+00   2.431185e-18   1.840974e-03   3.450427e-21   494282
  6.080105e+00   2.443900e-18   1.836470e-03   3.536911e-21   478340
  6.086466e+00   2.429826e-18   1.839100e-03   3.563801e-21   465554
  6.092852e+00   2.430243e-18   1.844310e-03   3.619539e-21   453734
  6.099249e+00   2.431568e-18   1.841644e-03   3.672769e-21   439184
  6.105633e+00   2.434002e-18   1.841774e-03   3.734677e-21   424910
  6.112001e+00   2.441820e-18   1.839131e-03   3.804183e-21   410366
  6.118344e+00   2.433284e-18   1.830585e-03   3.870537e-21   395856
  6.124716e+00   2.439014e-18   1.849093e-03   3.937367e-21   387998
  6.131124e+00   2.446544e-18   1.844381e-03   4.011322e-21   374642
  6.137516e+00   2.441421e-18   1.841320e-03   4.059588e-21   361118
  6.143885e+00   2.439776e-18   1.838483e-03   4.140105e-21   347792
  6.150233e+00   2.447718e-18   1.833537e-03   4.236657e-21   335054
  6.156598e+00   2.448571e-18   1.843369e-03   4.273872e-21   326162
  6.163003e+00   2.444683e-18   1.845744e-03   4.339866e-21   315686
  6.169403e+00   2.456760e-18   1.839717e-03   4.469754e-21   302960
  6.175780e+00   2.459499e-18   1.841146e-03   4.577938e-21   291278
  6.182130e+00   2.454108e-18   1.834474e-03   4.652903e-21   278966
  6.188475e+00   2.457673e-18   1.838848e-03   4.721863e-21   269786
  6.194867e+00   2.462856e-18   1.848548e-03   4.801677e-21   261710
  6.201275e+00   2.474740e-18   1.841196e-03   4.934014e-21   250472
  6.207659e+00   2.458604e-18   1.840781e-03   5.009594e-21   239846
  6.214020e+00   2.464047e-18   1.837833e-03   5.154659e-21   229250
  6.220353e+00   2.481614e-18   1.827068e-03   5.320236e-21   218958
  6.226735e+00   2.476008e-18   1.853573e-03   5.363627e-21   213722
  6.233163e+00   2.484365e-18   1.842328e-03   5.501855e-21   203414
  6.239564e+00   2.485218e-18   1.844048e-03   5.657409e-21   193940
  6.245924e+00   2.484976e-18   1.836439e-03   5.809473e-21   183650
  6.252241e+00   2.488731e-18   1.829855e-03   5.963684e-21   174638
  6.258588e+00   2.490478e-18   1.843490e-03   6.030645e-21   168842
  6.265008e+00   2.499996e-18   1.847266e-03   6.230420e-21   161846
  6.271432e+00   2.503390e-18   1.841236e-03   6.399189e-21   153146
  6.277822e+00   2.496845e-18   1.840929e-03   6.552011e-21   144686
  6.284170e+00   2.511290e-18   1.837187e-03   6.794176e-21   136418
  6.290480e+00   2.526834e-18   1.823629e-03   7.075165e-21   128822
  6.296862e+00   2.489954e-18   1.856474e-03   7.005426e-21   124862
  6.303298e+00   2.533952e-18   1.842665e-03   7.415110e-21   117026
  6.309688e+00   2.513849e-18   1.840290e-03   7.554528e-21   109718
  6.316033e+00   2.538556e-18   1.835815e-03   7.922959e-21   102650
  6.322320e+00   2.530378e-18   1.808328e-03   8.162313e-21   95622
  6.328720e+00   2.544047e-18   1.871202e-03   8.330292e-21   93650
  6.335227e+00   2.551483e-18   1.849919e-03   8.675984e-21   86606
  6.341628e+00   2.579180e-18   1.828395e-03   9.169277e-21   79190
  6.347934e+00   2.569473e-18   1.839124e-03   9.470399e-21   73490
  6.354177e+00   2.567295e-18   1.810164e-03   9.865324e-21   67598
  6.360508e+00   2.543593e-18   1.844910e-03   9.973580e-21   65186
  6.367032e+00   2.603885e-18   1.858136e-03   1.053684e-20   61262
  6.373583e+00   2.567245e-18   1.851117e-03   1.089575e-20   55874
  6.379989e+00   2.567599e-18   1.823042e-03   1.156787e-20   49430
  6.386147e+00   2.582263e-18   1.803004e-03   1.227410e-20   43934
  6.392260e+00   2.624099e-18   1.790240e-03   1.279960e-20   41138
  6.398716e+00   2.585396e-18   1.870028e-03   1.280346e-20   40070
  6.405371e+00   2.612270e-18   1.854153e-03   1.376387e-20   35882
  6.411962e+00   2.619364e-18   1.842631e-03   1.472517e-20   31622
  6.418335e+00   2.638413e-18   1.817857e-03   1.601362e-20   26750
  6.424088e+00   2.593077e-18   1.593646e-03   1.749082e-20   21330
  6.430239e+00   2.618983e-18   1.860256e-03   1.735696e-20   23246
  6.436984e+00   2.617641e-18   1.855054e-03   1.842930e-20   20186
  6.443727e+00   2.635357e-18   1.848147e-03   1.969887e-20   17312
  6.450423e+00   2.672593e-18   1.830133e-03   2.237243e-20   14474
  6.456645e+00   2.699631e-18   1.688402e-03   2.628604e-20   10478
  6.462180e+00   2.705097e-18   1.692603e-03   2.819651e-20   9062
  6.468497e+00   2.747495e-18   1.842997e-03   2.894147e-20   8762
  6.475254e+00   2.721138e-18   1.841892e-03   3.356052e-20   6926
  6.482011e+00   2.631643e-18   1.840835e-03   3.494418e-20   5306
  6.488766e+00   2.661798e-18   1.839476e-03   4.248706e-20   3902
  6.494511e+00   2.727716e-18   1.128860e-03   6.397692e-20   1928
  6.500007e+00   2.684014e-18   1.834590e-03   6.361471e-20   2042
  6.506728e+00   2.914528e-18   1.826889e-03   8.221766e-20   1214
  6.513396e+00   2.858737e-18   1.806609e-03   1.090218e-19   602
  6.519909e+00   2.929522e-18   1.730042e-03   1.975540e-19   206
  6.525711e+00   2.203457e-18   9.814069e-04   2.356406e-19   24
