# power spectrum of phi_prime/H (dimensionless)
# redshift z=9.836500
# k              Pk             sigma(k)       sigma(Pk)      count
  5.011399e-03   5.730662e-15   7.667927e-04   1.273229e-15   18
  1.037418e-02   9.344700e-15   1.725047e-03   9.606432e-16   128
  1.616528e-02   1.048297e-14   1.646572e-03   5.504034e-16   314
  2.269071e-02   1.264820e-14   1.954354e-03   5.077642e-16   728
  2.897169e-02   1.941583e-14   1.717946e-03   6.257532e-16   1016
  3.518826e-02   2.482538e-14   1.880676e-03   6.626249e-16   1682
  4.169479e-02   3.007595e-14   1.831736e-03   6.412894e-16   2300
  4.790974e-02   3.315770e-14   1.770731e-03   6.216995e-16   2906
  5.429022e-02   3.880508e-14   1.892687e-03   6.014970e-16   4040
  6.068098e-02   3.831791e-14   1.775551e-03   5.618494e-16   4712
  6.698900e-02   4.474133e-14   1.857705e-03   5.525878e-16   6002
  7.346135e-02   4.511356e-14   1.857594e-03   5.458358e-16   7256
  7.977379e-02   4.829634e-14   1.772571e-03   5.451517e-16   8120
  8.609019e-02   5.062675e-14   1.864951e-03   5.072260e-16   9950
  9.253636e-02   5.141329e-14   1.853578e-03   4.860590e-16   11384
  9.885187e-02   5.170870e-14   1.809244e-03   4.586278e-16   12666
  1.052712e-01   5.187082e-14   1.889168e-03   4.313505e-16   15104
  1.117654e-01   5.183681e-14   1.850532e-03   4.020728e-16   16616
  1.180754e-01   5.316676e-14   1.799489e-03   3.930473e-16   18026
  1.244216e-01   5.221234e-14   1.853405e-03   3.600366e-16   20696
  1.308065e-01   5.101202e-14   1.827918e-03   3.391923e-16   22436
  1.371558e-01   5.195548e-14   1.845873e-03   3.305657e-16   24962
  1.435394e-01   5.116776e-14   1.831283e-03   3.116662e-16   27176
  1.499133e-01   5.042811e-14   1.847268e-03   2.938761e-16   29810
  1.562775e-01   5.055975e-14   1.828450e-03   2.826839e-16   32120
  1.626776e-01   4.934152e-14   1.865216e-03   2.626098e-16   35432
  1.690383e-01   4.977890e-14   1.814577e-03   2.615216e-16   37238
  1.754019e-01   4.839786e-14   1.856016e-03   2.380071e-16   41072
  1.817869e-01   4.763147e-14   1.834293e-03   2.286031e-16   43472
  1.881565e-01   4.670202e-14   1.848176e-03   2.145597e-16   47042
  1.945298e-01   4.652820e-14   1.829223e-03   2.098211e-16   49712
  2.008693e-01   4.572195e-14   1.840592e-03   1.992274e-16   53226
  2.072637e-01   4.526625e-14   1.853753e-03   1.885305e-16   57320
  2.136558e-01   4.456419e-14   1.831629e-03   1.818148e-16   60092
  2.200056e-01   4.334089e-14   1.839426e-03   1.709170e-16   63914
  2.263950e-01   4.247237e-14   1.849752e-03   1.631702e-16   68192
  2.327751e-01   4.198319e-14   1.833934e-03   1.553679e-16   71336
  2.391397e-01   4.110149e-14   1.845607e-03   1.501112e-16   75818
  2.455297e-01   4.042481e-14   1.844019e-03   1.427507e-16   79880
  2.518964e-01   4.016360e-14   1.834462e-03   1.382919e-16   83642
  2.582661e-01   3.935661e-14   1.840779e-03   1.344259e-16   88316
  2.646730e-01   3.845735e-14   1.859422e-03   1.268267e-16   93488
  2.710484e-01   3.819308e-14   1.827184e-03   1.238094e-16   96458
  2.773871e-01   3.742780e-14   1.829038e-03   1.169569e-16   101264
  2.837816e-01   3.681650e-14   1.862873e-03   1.121657e-16   107696
  2.901819e-01   3.599422e-14   1.837217e-03   1.075752e-16   111170
  2.965233e-01   3.581099e-14   1.822285e-03   1.049978e-16   115232
  3.028941e-01   3.466689e-14   1.855375e-03   9.922483e-17   122310
  3.093019e-01   3.429442e-14   1.843350e-03   9.564912e-17   126944
  3.156739e-01   3.391783e-14   1.828600e-03   9.377004e-17   131192
  3.220432e-01   3.331981e-14   1.844535e-03   8.987315e-17   137618
  3.284234e-01   3.243630e-14   1.836674e-03   8.599496e-17   142448
  3.347979e-01   3.230504e-14   1.844704e-03   8.389620e-17   148520
  3.411627e-01   3.187024e-14   1.831436e-03   8.133504e-17   153254
  3.475446e-01   3.125928e-14   1.852010e-03   7.743419e-17   160760
  3.539284e-01   3.053761e-14   1.835751e-03   7.529928e-17   165290
  3.603019e-01   3.032898e-14   1.840148e-03   7.340622e-17   171992
  3.666828e-01   2.980439e-14   1.840217e-03   7.059683e-17   177800
  3.730569e-01   2.946021e-14   1.843032e-03   6.897733e-17   184322
  3.794439e-01   2.905950e-14   1.841595e-03   6.682765e-17   190832
  3.858239e-01   2.865045e-14   1.839260e-03   6.453704e-17   196772
  3.921872e-01   2.826560e-14   1.836453e-03   6.286561e-17   202970
  3.985536e-01   2.781994e-14   1.839266e-03   6.070703e-17   210056
  4.049173e-01   2.734604e-14   1.832832e-03   5.879865e-17   216210
  4.112896e-01   2.694987e-14   1.841640e-03   5.727710e-17   224168
  4.176700e-01   2.658501e-14   1.840761e-03   5.538919e-17   230792
  4.240565e-01   2.627801e-14   1.846256e-03   5.355738e-17   238778
  4.304312e-01   2.595172e-14   1.831772e-03   5.275347e-17   243956
  4.367939e-01   2.552706e-14   1.845141e-03   5.111142e-17   252680
  4.431746e-01   2.523094e-14   1.842020e-03   4.968540e-17   260066
  4.495713e-01   2.495145e-14   1.849294e-03   4.836344e-17   268712
  4.559494e-01   2.466775e-14   1.834336e-03   4.725084e-17   274034
  4.623270e-01   2.426715e-14   1.847366e-03   4.583552e-17   283904
  4.687088e-01   2.396935e-14   1.837425e-03   4.463372e-17   290048
  4.750707e-01   2.348594e-14   1.836659e-03   4.330782e-17   297950
  4.814434e-01   2.343900e-14   1.842026e-03   4.249855e-17   306968
  4.878269e-01   2.317012e-14   1.843240e-03   4.135172e-17   315320
  4.942006e-01   2.273153e-14   1.835899e-03   4.032056e-17   322346
  5.005701e-01   2.249538e-14   1.842589e-03   3.919897e-17   331664
  5.069538e-01   2.234482e-14   1.844896e-03   3.843155e-17   340818
  5.133346e-01   2.207769e-14   1.837322e-03   3.748446e-17   348164
  5.197083e-01   2.176846e-14   1.843548e-03   3.654932e-17   357584
  5.260929e-01   2.149903e-14   1.846059e-03   3.550467e-17   367106
  5.324635e-01   2.130828e-14   1.832285e-03   3.508424e-17   373376
  5.388350e-01   2.105234e-14   1.848023e-03   3.407068e-17   385376
  5.452233e-01   2.083913e-14   1.842356e-03   3.342854e-17   393650
  5.516038e-01   2.073049e-14   1.840588e-03   3.276042e-17   402704
  5.579656e-01   2.035742e-14   1.830970e-03   3.190662e-17   409910
  5.643320e-01   2.015783e-14   1.843407e-03   3.111890e-17   422024
  5.707212e-01   1.991817e-14   1.846526e-03   3.048539e-17   432176
  5.771022e-01   1.977419e-14   1.837404e-03   2.992156e-17   440066
  5.834769e-01   1.957981e-14   1.841263e-03   2.938826e-17   450680
  5.898365e-01   1.934831e-14   1.831084e-03   2.879114e-17   457856
  5.962115e-01   1.915209e-14   1.848347e-03   2.808803e-17   472538
  6.026013e-01   1.895868e-14   1.839689e-03   2.759589e-17   480140
  6.089752e-01   1.878342e-14   1.841279e-03   2.707670e-17   490842
  6.153517e-01   1.862751e-14   1.838382e-03   2.653757e-17   500744
  6.217295e-01   1.843981e-14   1.842392e-03   2.601461e-17   511856
  6.281145e-01   1.823268e-14   1.844734e-03   2.547688e-17   523202
  6.344991e-01   1.808789e-14   1.840396e-03   2.496643e-17   532688
  6.408638e-01   1.791148e-14   1.834541e-03   2.464818e-17   541520
  6.472341e-01   1.776003e-14   1.842653e-03   2.411093e-17   555110
  6.536136e-01   1.758835e-14   1.839126e-03   2.369272e-17   564944
  6.599884e-01   1.740531e-14   1.839832e-03   2.321075e-17   576434
  6.663740e-01   1.728488e-14   1.844405e-03   2.283010e-17   588848
  6.727501e-01   1.712288e-14   1.838623e-03   2.245371e-17   597704
  6.791236e-01   1.694933e-14   1.842386e-03   2.202768e-17   610946
  6.855006e-01   1.685789e-14   1.837794e-03   2.169033e-17   620852
  6.918722e-01   1.667922e-14   1.841901e-03   2.129376e-17   633530
  6.982524e-01   1.655030e-14   1.841844e-03   2.093440e-17   645704
  7.046316e-01   1.642555e-14   1.840565e-03   2.057077e-17   656744
  7.110074e-01   1.622345e-14   1.841941e-03   2.018400e-17   669162
  7.173906e-01   1.612519e-14   1.843286e-03   1.986013e-17   681992
  7.237681e-01   1.598177e-14   1.838959e-03   1.961050e-17   692360
  7.301485e-01   1.587957e-14   1.844364e-03   1.927003e-17   707006
  7.365206e-01   1.578645e-14   1.834135e-03   1.903668e-17   714944
  7.428835e-01   1.559801e-14   1.841775e-03   1.860652e-17   730346
  7.492606e-01   1.549831e-14   1.838962e-03   1.838092e-17   742616
  7.556415e-01   1.536425e-14   1.843530e-03   1.802952e-17   756536
  7.620128e-01   1.523948e-14   1.836595e-03   1.785966e-17   766418
  7.683917e-01   1.514772e-14   1.845753e-03   1.755438e-17   783392
  7.747614e-01   1.500870e-14   1.833632e-03   1.732107e-17   790412
  7.811334e-01   1.491858e-14   1.848120e-03   1.696533e-17   810314
  7.875277e-01   1.477428e-14   1.843702e-03   1.664963e-17   821960
  7.938987e-01   1.463147e-14   1.834976e-03   1.649339e-17   831266
  8.002712e-01   1.455333e-14   1.843706e-03   1.624591e-17   848960
  8.066557e-01   1.443300e-14   1.842629e-03   1.601286e-17   861488
  8.130204e-01   1.435256e-14   1.833334e-03   1.583900e-17   871194
  8.193985e-01   1.428991e-14   1.847247e-03   1.561511e-17   891788
  8.257796e-01   1.414280e-14   1.838008e-03   1.535716e-17   900416
  8.321422e-01   1.405113e-14   1.836250e-03   1.515177e-17   914306
  8.385264e-01   1.393518e-14   1.847988e-03   1.489415e-17   933992
  8.449011e-01   1.386572e-14   1.834294e-03   1.484008e-17   940826
  8.512701e-01   1.376882e-14   1.842364e-03   1.457380e-17   960224
  8.576621e-01   1.366926e-14   1.846556e-03   1.432373e-17   976316
  8.640381e-01   1.353773e-14   1.835724e-03   1.421315e-17   985010
  8.704114e-01   1.348269e-14   1.843336e-03   1.397659e-17   1004024
  8.767898e-01   1.336138e-14   1.839706e-03   1.377101e-17   1016288
  8.831639e-01   1.330072e-14   1.840690e-03   1.364911e-17   1032290
  8.895470e-01   1.320473e-14   1.843156e-03   1.341441e-17   1048640
  8.959130e-01   1.311721e-14   1.831919e-03   1.332812e-17   1057250
  9.022937e-01   1.301108e-14   1.849588e-03   1.303330e-17   1083140
  9.086870e-01   1.297052e-14   1.840763e-03   1.293272e-17   1092248
  9.150555e-01   1.285807e-14   1.837510e-03   1.275717e-17   1105914
  9.214310e-01   1.278349e-14   1.841822e-03   1.263203e-17   1124744
  9.278120e-01   1.265065e-14   1.841202e-03   1.241510e-17   1139120
  9.341841e-01   1.261435e-14   1.838536e-03   1.229837e-17   1153490
  9.405650e-01   1.250865e-14   1.844187e-03   1.209551e-17   1172936
  9.469357e-01   1.245349e-14   1.834491e-03   1.205833e-17   1182158
  9.533110e-01   1.237509e-14   1.846126e-03   1.187788e-17   1206392
  9.596894e-01   1.227656e-14   1.835525e-03   1.174702e-17   1215224
  9.660641e-01   1.217069e-14   1.844936e-03   1.152167e-17   1237874
  9.724505e-01   1.212290e-14   1.841050e-03   1.145288e-17   1251800
  9.788233e-01   1.205654e-14   1.838619e-03   1.132742e-17   1265792
  9.851993e-01   1.198381e-14   1.843109e-03   1.118785e-17   1286306
  9.915793e-01   1.191854e-14   1.838809e-03   1.104241e-17   1299764
  9.979438e-01   1.181621e-14   1.836769e-03   1.095093e-17   1314554
  1.004319e+00   1.176516e-14   1.843595e-03   1.079534e-17   1337288
  1.010703e+00   1.168869e-14   1.840912e-03   1.068335e-17   1351304
  1.017077e+00   1.162283e-14   1.841769e-03   1.057308e-17   1369026
  1.023461e+00   1.152417e-14   1.843478e-03   1.039192e-17   1388456
  1.029842e+00   1.148413e-14   1.840406e-03   1.034459e-17   1402700
  1.036211e+00   1.140304e-14   1.837802e-03   1.023787e-17   1418282
  1.042587e+00   1.136163e-14   1.843596e-03   1.013583e-17   1440272
  1.048964e+00   1.130001e-14   1.838705e-03   1.003315e-17   1454114
  1.055341e+00   1.121858e-14   1.842603e-03   9.908836e-18   1475480
  1.061720e+00   1.117141e-14   1.840520e-03   9.810110e-18   1490936
  1.068091e+00   1.108743e-14   1.838519e-03   9.690797e-18   1507826
  1.074472e+00   1.103523e-14   1.844275e-03   9.584250e-18   1530764
  1.080850e+00   1.096823e-14   1.839052e-03   9.520013e-18   1543424
  1.087222e+00   1.093058e-14   1.841688e-03   9.433302e-18   1564946
  1.093594e+00   1.084013e-14   1.835875e-03   9.312198e-18   1578536
  1.099970e+00   1.076302e-14   1.845670e-03   9.196285e-18   1604882
  1.106358e+00   1.074345e-14   1.842454e-03   9.161251e-18   1621304
  1.112736e+00   1.065248e-14   1.839545e-03   9.004124e-18   1637024
  1.119103e+00   1.058814e-14   1.837794e-03   8.928200e-18   1654134
  1.125480e+00   1.055072e-14   1.844256e-03   8.829919e-18   1679168
  1.131864e+00   1.046639e-14   1.841903e-03   8.748681e-18   1695944
  1.138235e+00   1.041993e-14   1.836568e-03   8.673332e-18   1710602
  1.144612e+00   1.036064e-14   1.844777e-03   8.566056e-18   1737056
  1.150994e+00   1.030745e-14   1.840390e-03   8.493137e-18   1752602
  1.157370e+00   1.025889e-14   1.839227e-03   8.435552e-18   1772024
  1.163752e+00   1.020264e-14   1.844090e-03   8.326467e-18   1795364
  1.170126e+00   1.014468e-14   1.836467e-03   8.265993e-18   1807634
  1.176490e+00   1.008738e-14   1.836183e-03   8.186680e-18   1827608
  1.182859e+00   1.003347e-14   1.840789e-03   8.093680e-18   1850984
  1.189240e+00   9.989536e-15   1.844107e-03   8.011337e-18   1874618
  1.195619e+00   9.904682e-15   1.838445e-03   7.926540e-18   1889504
  1.202001e+00   9.856216e-15   1.845373e-03   7.849046e-18   1916870
  1.208383e+00   9.805045e-15   1.838254e-03   7.784342e-18   1929728
  1.214760e+00   9.757320e-15   1.843674e-03   7.703282e-18   1955408
  1.221131e+00   9.705788e-15   1.834427e-03   7.673711e-18   1966842
  1.227503e+00   9.672402e-15   1.843005e-03   7.591132e-18   1996640
  1.233886e+00   9.596330e-15   1.842690e-03   7.475925e-18   2016392
  1.240265e+00   9.569186e-15   1.839730e-03   7.462509e-18   2034722
  1.246641e+00   9.504286e-15   1.840813e-03   7.372868e-18   2056460
  1.253014e+00   9.448340e-15   1.838931e-03   7.300436e-18   2075186
  1.259388e+00   9.410304e-15   1.840566e-03   7.232885e-18   2099096
  1.265761e+00   9.375748e-15   1.837910e-03   7.197836e-18   2116832
  1.272138e+00   9.317239e-15   1.844119e-03   7.110508e-18   2145146
  1.278526e+00   9.269193e-15   1.844128e-03   7.073907e-18   2166776
  1.284904e+00   9.215134e-15   1.838822e-03   6.993584e-18   2181848
  1.291273e+00   9.185971e-15   1.838785e-03   6.957447e-18   2203766
  1.297646e+00   9.130819e-15   1.840619e-03   6.894873e-18   2227664
  1.304025e+00   9.078685e-15   1.842381e-03   6.799531e-18   2252138
  1.310403e+00   9.045064e-15   1.839825e-03   6.783768e-18   2271152
  1.316777e+00   8.993417e-15   1.840536e-03   6.710002e-18   2293256
  1.323154e+00   8.950109e-15   1.842085e-03   6.643032e-18   2318130
  1.329536e+00   8.908344e-15   1.841956e-03   6.600416e-18   2340824
  1.335910e+00   8.875967e-15   1.838342e-03   6.556003e-18   2357990
  1.342292e+00   8.822414e-15   1.846396e-03   6.488304e-18   2391176
  1.348671e+00   8.764490e-15   1.837209e-03   6.412567e-18   2401808
  1.355040e+00   8.733938e-15   1.840258e-03   6.363554e-18   2428442
  1.361418e+00   8.691140e-15   1.842645e-03   6.308803e-18   2454752
  1.367798e+00   8.650449e-15   1.841270e-03   6.268673e-18   2475872
  1.374172e+00   8.619897e-15   1.838763e-03   6.227855e-18   2495822
  1.380543e+00   8.552038e-15   1.839940e-03   6.161405e-18   2520248
  1.386922e+00   8.518215e-15   1.844043e-03   6.109789e-18   2549186
  1.393299e+00   8.485586e-15   1.837661e-03   6.082171e-18   2564768
  1.399672e+00   8.437288e-15   1.841284e-03   6.018564e-18   2592968
  1.406054e+00   8.398973e-15   1.843378e-03   5.963336e-18   2619818
  1.412431e+00   8.346363e-15   1.838027e-03   5.913540e-18   2636384
  1.418803e+00   8.309023e-15   1.840293e-03   5.861987e-18   2662220
  1.425180e+00   8.287708e-15   1.842524e-03   5.833570e-18   2689770
  1.431560e+00   8.244531e-15   1.840994e-03   5.782870e-18   2712296
  1.437933e+00   8.186443e-15   1.838431e-03   5.719525e-18   2732618
  1.444312e+00   8.175832e-15   1.843932e-03   5.698790e-18   2765264
  1.450695e+00   8.125808e-15   1.840894e-03   5.657786e-18   2784824
  1.457066e+00   8.086818e-15   1.837138e-03   5.601775e-18   2804162
  1.463445e+00   8.042720e-15   1.844971e-03   5.556687e-18   2840612
  1.469825e+00   8.012535e-15   1.839130e-03   5.518998e-18   2855576
  1.476198e+00   7.970238e-15   1.840533e-03   5.465950e-18   2883458
  1.482571e+00   7.946212e-15   1.838217e-03   5.449956e-18   2904128
  1.488946e+00   7.894384e-15   1.843378e-03   5.393350e-18   2937026
  1.495325e+00   7.871295e-15   1.839218e-03   5.374491e-18   2956976
  1.501703e+00   7.825273e-15   1.841967e-03   5.308944e-18   2986472
  1.508082e+00   7.788848e-15   1.840166e-03   5.262896e-18   3008918
  1.514460e+00   7.766297e-15   1.841773e-03   5.242098e-18   3036752
  1.520836e+00   7.726239e-15   1.839884e-03   5.193226e-18   3058376
  1.527209e+00   7.694185e-15   1.839616e-03   5.170427e-18   3084210
  1.533583e+00   7.656825e-15   1.840948e-03   5.122558e-18   3111848
  1.539960e+00   7.615102e-15   1.841348e-03   5.083687e-18   3138890
  1.546339e+00   7.592451e-15   1.840626e-03   5.055705e-18   3164516
  1.552719e+00   7.552145e-15   1.842638e-03   5.005903e-18   3192656
  1.559097e+00   7.515150e-15   1.840555e-03   4.969512e-18   3215618
  1.565473e+00   7.496125e-15   1.840732e-03   4.942227e-18   3242888
  1.571846e+00   7.458146e-15   1.839114e-03   4.910773e-18   3265448
  1.578224e+00   7.424929e-15   1.843575e-03   4.862427e-18   3300842
  1.584604e+00   7.379916e-15   1.839884e-03   4.825659e-18   3321008
  1.590977e+00   7.361422e-15   1.839336e-03   4.801337e-18   3346406
  1.597352e+00   7.324184e-15   1.841596e-03   4.768274e-18   3377984
  1.603728e+00   7.287416e-15   1.839551e-03   4.731486e-18   3400352
  1.610103e+00   7.258517e-15   1.841321e-03   4.693127e-18   3431450
  1.616483e+00   7.241284e-15   1.841519e-03   4.679525e-18   3458768
  1.622859e+00   7.195593e-15   1.841183e-03   4.628639e-18   3484088
  1.629231e+00   7.175929e-15   1.838425e-03   4.611781e-18   3508218
  1.635610e+00   7.136378e-15   1.843946e-03   4.563833e-18   3545924
  1.641992e+00   7.105703e-15   1.841053e-03   4.538391e-18   3567530
  1.648369e+00   7.079640e-15   1.840183e-03   4.515130e-18   3595040
  1.654744e+00   7.044684e-15   1.840167e-03   4.473909e-18   3621176
  1.661115e+00   7.020839e-15   1.839521e-03   4.453451e-18   3647738
  1.667490e+00   7.006480e-15   1.841438e-03   4.434467e-18   3680480
  1.673870e+00   6.961673e-15   1.842082e-03   4.398233e-18   3709712
  1.680248e+00   6.954661e-15   1.840008e-03   4.384234e-18   3734702
  1.686623e+00   6.911169e-15   1.840362e-03   4.341708e-18   3762776
  1.692996e+00   6.881303e-15   1.839854e-03   4.316089e-18   3790514
  1.699371e+00   6.852091e-15   1.839908e-03   4.283891e-18   3820352
  1.705752e+00   6.814959e-15   1.844068e-03   4.240342e-18   3856016
  1.712131e+00   6.791566e-15   1.839690e-03   4.225945e-18   3876818
  1.718506e+00   6.772796e-15   1.839874e-03   4.196902e-18   3906332
  1.724882e+00   6.733875e-15   1.841963e-03   4.162791e-18   3938216
  1.731260e+00   6.711674e-15   1.840685e-03   4.146780e-18   3966354
  1.737636e+00   6.683735e-15   1.839695e-03   4.117155e-18   3993536
  1.744011e+00   6.652962e-15   1.840344e-03   4.082916e-18   4024034
  1.750392e+00   6.643997e-15   1.843071e-03   4.067498e-18   4060208
  1.756773e+00   6.608519e-15   1.840812e-03   4.041452e-18   4083632
  1.763145e+00   6.584255e-15   1.837811e-03   4.024063e-18   4107062
  1.769521e+00   6.554133e-15   1.842771e-03   3.991099e-18   4148072
  1.775893e+00   6.525564e-15   1.836707e-03   3.970064e-18   4163456
  1.782267e+00   6.510060e-15   1.842476e-03   3.947906e-18   4207994
  1.788652e+00   6.477743e-15   1.843367e-03   3.915897e-18   4239152
  1.795029e+00   6.454499e-15   1.839132e-03   3.884253e-18   4259426
  1.801407e+00   6.429158e-15   1.842524e-03   3.865046e-18   4299488
  1.807788e+00   6.405268e-15   1.840660e-03   3.845192e-18   4323692
  1.814162e+00   6.388003e-15   1.840093e-03   3.823121e-18   4353242
  1.820541e+00   6.356899e-15   1.841694e-03   3.799310e-18   4388792
  1.826915e+00   6.338131e-15   1.838387e-03   3.775158e-18   4409912
  1.833288e+00   6.313311e-15   1.841592e-03   3.755883e-18   4449282
  1.839667e+00   6.275911e-15   1.840784e-03   3.731950e-18   4478504
  1.846041e+00   6.255856e-15   1.839106e-03   3.708946e-18   4505882
  1.852417e+00   6.238177e-15   1.841020e-03   3.686507e-18   4542044
  1.858793e+00   6.215245e-15   1.840344e-03   3.669606e-18   4569608
  1.865169e+00   6.189234e-15   1.841195e-03   3.644187e-18   4604426
  1.871550e+00   6.162509e-15   1.842311e-03   3.621376e-18   4638896
  1.877925e+00   6.138912e-15   1.838827e-03   3.609265e-18   4660088
  1.884299e+00   6.120342e-15   1.841797e-03   3.583208e-18   4701290
  1.890678e+00   6.092429e-15   1.840619e-03   3.559924e-18   4729292
  1.897054e+00   6.074414e-15   1.841565e-03   3.540607e-18   4762706
  1.903435e+00   6.058682e-15   1.842610e-03   3.520210e-18   4799336
  1.909810e+00   6.025809e-15   1.837970e-03   3.496239e-18   4818680
  1.916185e+00   6.016075e-15   1.842882e-03   3.487002e-18   4863962
  1.922563e+00   5.996297e-15   1.839027e-03   3.476807e-18   4886216
  1.928938e+00   5.959092e-15   1.841692e-03   3.439672e-18   4925360
  1.935312e+00   5.952452e-15   1.838487e-03   3.431241e-18   4950198
  1.941682e+00   5.924678e-15   1.839228e-03   3.406952e-18   4983776
  1.948062e+00   5.895298e-15   1.844717e-03   3.372792e-18   5032058
  1.954444e+00   5.886564e-15   1.839748e-03   3.365312e-18   5052296
  1.960816e+00   5.852246e-15   1.839118e-03   3.344256e-18   5081048
  1.967192e+00   5.837943e-15   1.843475e-03   3.329210e-18   5127146
  1.973574e+00   5.826545e-15   1.841069e-03   3.322080e-18   5155376
  1.979948e+00   5.790737e-15   1.838766e-03   3.286489e-18   5181068
  1.986324e+00   5.781282e-15   1.842536e-03   3.275788e-18   5225906
  1.992703e+00   5.751549e-15   1.840301e-03   3.254862e-18   5253224
  1.999075e+00   5.740158e-15   1.838471e-03   3.243705e-18   5281154
  2.005453e+00   5.723802e-15   1.843666e-03   3.224552e-18   5330336
  2.011834e+00   5.698053e-15   1.840278e-03   3.203218e-18   5354120
  2.018204e+00   5.685790e-15   1.837177e-03   3.193213e-18   5380154
  2.024582e+00   5.665253e-15   1.844004e-03   3.168856e-18   5433740
  2.030964e+00   5.637919e-15   1.841066e-03   3.153370e-18   5458202
  2.037337e+00   5.621990e-15   1.838473e-03   3.138776e-18   5486424
  2.043713e+00   5.598652e-15   1.842073e-03   3.111600e-18   5530640
  2.050092e+00   5.576001e-15   1.840865e-03   3.096909e-18   5561162
  2.056472e+00   5.575981e-15   1.842354e-03   3.100372e-18   5601512
  2.062848e+00   5.543182e-15   1.838550e-03   3.075035e-18   5623244
  2.069220e+00   5.525385e-15   1.840849e-03   3.054570e-18   5665346
  2.075598e+00   5.510571e-15   1.841113e-03   3.047419e-18   5702384
  2.081975e+00   5.488667e-15   1.840298e-03   3.020712e-18   5734706
  2.088353e+00   5.472157e-15   1.841301e-03   3.005262e-18   5773184
  2.094733e+00   5.451422e-15   1.841946e-03   2.993230e-18   5809568
  2.101105e+00   5.437166e-15   1.837552e-03   2.981634e-18   5831090
  2.107479e+00   5.423256e-15   1.842206e-03   2.972224e-18   5881964
  2.113859e+00   5.398878e-15   1.841213e-03   2.949523e-18   5913416
  2.120238e+00   5.397568e-15   1.841923e-03   2.947375e-18   5952290
  2.126616e+00   5.370605e-15   1.839865e-03   2.931058e-18   5981144
  2.132988e+00   5.347667e-15   1.839742e-03   2.912075e-18   6015290
  2.139364e+00   5.344048e-15   1.841927e-03   2.903702e-18   6059664
  2.145743e+00   5.321091e-15   1.840799e-03   2.888649e-18   6092336
  2.152122e+00   5.302138e-15   1.842086e-03   2.866858e-18   6132806
  2.158501e+00   5.285031e-15   1.841321e-03   2.860659e-18   6166832
  2.164873e+00   5.275390e-15   1.837443e-03   2.855899e-18   6189272
  2.171243e+00   5.255316e-15   1.841004e-03   2.831537e-18   6238154
  2.177621e+00   5.236261e-15   1.841080e-03   2.814515e-18   6275288
  2.184000e+00   5.223395e-15   1.842241e-03   2.805103e-18   6316322
  2.190379e+00   5.210894e-15   1.840641e-03   2.792755e-18   6348488
  2.196756e+00   5.186422e-15   1.841212e-03   2.769309e-18   6385868
  2.203134e+00   5.172801e-15   1.841850e-03   2.761806e-18   6425378
  2.209510e+00   5.152888e-15   1.839408e-03   2.752817e-18   6455360
  2.215886e+00   5.131347e-15   1.841392e-03   2.727237e-18   6498176
  2.222261e+00   5.132706e-15   1.840198e-03   2.731382e-18   6531674
  2.228637e+00   5.112669e-15   1.841209e-03   2.714585e-18   6573368
  2.235015e+00   5.096200e-15   1.841417e-03   2.699829e-18   6611246
  2.241392e+00   5.084676e-15   1.840803e-03   2.692715e-18   6647424
  2.247770e+00   5.063406e-15   1.841365e-03   2.670896e-18   6687488
  2.254147e+00   5.053736e-15   1.839919e-03   2.664514e-18   6721250
  2.260520e+00   5.035746e-15   1.839077e-03   2.651573e-18   6755816
  2.266897e+00   5.015781e-15   1.842933e-03   2.633177e-18   6806504
  2.273276e+00   5.011843e-15   1.840584e-03   2.630204e-18   6837506
  2.279651e+00   5.001453e-15   1.839474e-03   2.625887e-18   6871556
  2.286030e+00   4.979064e-15   1.843489e-03   2.603493e-18   6924938
  2.292407e+00   4.964393e-15   1.838210e-03   2.597456e-18   6945320
  2.298778e+00   4.948996e-15   1.839118e-03   2.584113e-18   6986072
  2.305158e+00   4.936505e-15   1.844888e-03   2.571014e-18   7046642
  2.311538e+00   4.928491e-15   1.838415e-03   2.571116e-18   7061168
  2.317910e+00   4.905070e-15   1.840538e-03   2.549090e-18   7108064
  2.324288e+00   4.897757e-15   1.841488e-03   2.542598e-18   7151822
  2.330666e+00   4.881574e-15   1.840837e-03   2.530025e-18   7187600
  2.337045e+00   4.868614e-15   1.841819e-03   2.520545e-18   7231418
  2.343420e+00   4.862640e-15   1.838266e-03   2.516897e-18   7257912
  2.349793e+00   4.843377e-15   1.841246e-03   2.498996e-18   7307840
  2.356171e+00   4.829903e-15   1.840707e-03   2.491158e-18   7346618
  2.362545e+00   4.815795e-15   1.838315e-03   2.479069e-18   7376552
  2.368920e+00   4.800277e-15   1.842635e-03   2.462369e-18   7431740
  2.375299e+00   4.790637e-15   1.840580e-03   2.459032e-18   7464458
  2.381675e+00   4.779766e-15   1.840724e-03   2.449873e-18   7505672
  2.388054e+00   4.764439e-15   1.841875e-03   2.435259e-18   7550906
  2.394430e+00   4.759853e-15   1.839274e-03   2.436939e-18   7580720
  2.400808e+00   4.732082e-15   1.843124e-03   2.407547e-18   7635944
  2.407183e+00   4.725161e-15   1.837385e-03   2.409037e-18   7653254
  2.413557e+00   4.710926e-15   1.842500e-03   2.399232e-18   7714712
  2.419937e+00   4.709755e-15   1.841714e-03   2.395567e-18   7751840
  2.426315e+00   4.693951e-15   1.840093e-03   2.383534e-18   7788170
  2.432690e+00   4.681714e-15   1.840288e-03   2.373317e-18   7828544
  2.439067e+00   4.666859e-15   1.841589e-03   2.361320e-18   7874474
  2.445442e+00   4.664263e-15   1.838917e-03   2.360299e-18   7906032
  2.451817e+00   4.640001e-15   1.841643e-03   2.339987e-18   7957580
  2.458195e+00   4.634006e-15   1.840967e-03   2.340474e-18   7995962
  2.464573e+00   4.625231e-15   1.841319e-03   2.329799e-18   8038976
  2.470951e+00   4.609938e-15   1.841937e-03   2.317653e-18   8082320
  2.477329e+00   4.605022e-15   1.840784e-03   2.311941e-18   8120450
  2.483701e+00   4.589295e-15   1.838200e-03   2.304788e-18   8150312
  2.490075e+00   4.575942e-15   1.842025e-03   2.291715e-18   8210450
  2.496455e+00   4.567072e-15   1.840554e-03   2.283888e-18   8246732
  2.502832e+00   4.549884e-15   1.841458e-03   2.272337e-18   8290256
  2.509210e+00   4.543523e-15   1.841232e-03   2.267024e-18   8333306
  2.515587e+00   4.534710e-15   1.840510e-03   2.259811e-18   8372312
  2.521962e+00   4.515548e-15   1.840644e-03   2.248955e-18   8413472
  2.528337e+00   4.514156e-15   1.840038e-03   2.244705e-18   8455634
  2.534714e+00   4.502091e-15   1.841410e-03   2.234313e-18   8503736
  2.541090e+00   4.481182e-15   1.840703e-03   2.222704e-18   8542814
  2.547468e+00   4.477923e-15   1.841283e-03   2.217343e-18   8589960
  2.553847e+00   4.464172e-15   1.841675e-03   2.205698e-18   8633912
  2.560223e+00   4.457485e-15   1.839336e-03   2.204051e-18   8666690
  2.566599e+00   4.448841e-15   1.842209e-03   2.194521e-18   8722544
  2.572977e+00   4.437708e-15   1.840585e-03   2.190030e-18   8758112
  2.579352e+00   4.431771e-15   1.839548e-03   2.181513e-18   8798750
  2.585728e+00   4.418517e-15   1.841277e-03   2.171739e-18   8848808
  2.592104e+00   4.405543e-15   1.840251e-03   2.165914e-18   8889170
  2.598481e+00   4.403079e-15   1.840227e-03   2.161278e-18   8934608
  2.604856e+00   4.385939e-15   1.839643e-03   2.151332e-18   8971640
  2.611232e+00   4.379883e-15   1.842388e-03   2.140619e-18   9029954
  2.617612e+00   4.367418e-15   1.840920e-03   2.135088e-18   9067856
  2.623987e+00   4.360787e-15   1.839672e-03   2.133313e-18   9104444
  2.630367e+00   4.351669e-15   1.843923e-03   2.121659e-18   9171242
  2.636745e+00   4.336804e-15   1.838017e-03   2.115734e-18   9185528
  2.643114e+00   4.325119e-15   1.839022e-03   2.104606e-18   9235394
  2.649494e+00   4.325235e-15   1.844050e-03   2.102975e-18   9305688
  2.655872e+00   4.313040e-15   1.838662e-03   2.097651e-18   9321824
  2.662249e+00   4.305606e-15   1.843226e-03   2.089724e-18   9392090
  2.668628e+00   4.297515e-15   1.839001e-03   2.083855e-18   9414332
  2.675000e+00   4.283490e-15   1.840415e-03   2.074306e-18   9465410
  2.681380e+00   4.280818e-15   1.842364e-03   2.067618e-18   9523760
  2.687758e+00   4.266346e-15   1.839771e-03   2.058236e-18   9553832
  2.694133e+00   4.260856e-15   1.840855e-03   2.057016e-18   9604298
  2.700510e+00   4.251507e-15   1.840893e-03   2.049239e-18   9651176
  2.706885e+00   4.244299e-15   1.839603e-03   2.041748e-18   9687704
  2.713262e+00   4.237170e-15   1.842393e-03   2.036397e-18   9748574
  2.719643e+00   4.228952e-15   1.842290e-03   2.031978e-18   9794624
  2.726015e+00   4.217365e-15   1.836766e-03   2.025377e-18   9811370
  2.732389e+00   4.213948e-15   1.842921e-03   2.020387e-18   9891320
  2.738770e+00   4.203088e-15   1.841218e-03   2.014625e-18   9926024
  2.745146e+00   4.193583e-15   1.840208e-03   2.003538e-18   9967586
  2.751522e+00   4.189442e-15   1.840755e-03   2.004628e-18   10018116
  2.757897e+00   4.179736e-15   1.840456e-03   1.995118e-18   10060280
  2.764274e+00   4.173718e-15   1.841667e-03   1.992418e-18   10115450
  2.770654e+00   4.167326e-15   1.841837e-03   1.985532e-18   10164368
  2.777028e+00   4.149700e-15   1.838094e-03   1.973944e-18   10188314
  2.783404e+00   4.158233e-15   1.843290e-03   1.979620e-18   10265168
  2.789784e+00   4.144084e-15   1.840160e-03   1.971343e-18   10294448
  2.796159e+00   4.129949e-15   1.840640e-03   1.958079e-18   10343918
  2.802537e+00   4.129515e-15   1.841730e-03   1.957897e-18   10397600
  2.808913e+00   4.113604e-15   1.840311e-03   1.950529e-18   10435328
  2.815285e+00   4.117081e-15   1.838957e-03   1.949576e-18   10476698
  2.821661e+00   4.108156e-15   1.842237e-03   1.940528e-18   10543184
  2.828039e+00   4.093139e-15   1.839935e-03   1.930990e-18   10577834
  2.834417e+00   4.091133e-15   1.842252e-03   1.929345e-18   10641560
  2.840795e+00   4.084881e-15   1.839115e-03   1.925818e-18   10668452
  2.847169e+00   4.074886e-15   1.841467e-03   1.917289e-18   10729634
  2.853544e+00   4.073269e-15   1.839115e-03   1.917384e-18   10766520
  2.859920e+00   4.060883e-15   1.841423e-03   1.907815e-18   10825856
  2.866300e+00   4.056108e-15   1.842253e-03   1.903567e-18   10880090
  2.872679e+00   4.050767e-15   1.840348e-03   1.900856e-18   10918088
  2.879054e+00   4.041272e-15   1.840274e-03   1.893778e-18   10964474
  2.885431e+00   4.038159e-15   1.841464e-03   1.890872e-18   11021180
  2.891809e+00   4.027315e-15   1.840637e-03   1.881765e-18   11064248
  2.898185e+00   4.022310e-15   1.840651e-03   1.879814e-18   11114234
  2.904565e+00   4.025943e-15   1.842174e-03   1.879739e-18   11172872
  2.910943e+00   4.004015e-15   1.840078e-03   1.865609e-18   11206880
  2.917314e+00   4.005300e-15   1.838484e-03   1.866798e-18   11248130
  2.923689e+00   3.996812e-15   1.841523e-03   1.860849e-18   11316140
  2.930066e+00   3.994510e-15   1.840085e-03   1.859442e-18   11355554
  2.936443e+00   3.988952e-15   1.841835e-03   1.854621e-18   11417840
  2.942822e+00   3.977854e-15   1.840319e-03   1.849463e-18   11456528
  2.949199e+00   3.970424e-15   1.841526e-03   1.842516e-18   11512874
  2.955576e+00   3.972466e-15   1.840486e-03   1.841752e-18   11557272
  2.961950e+00   3.953052e-15   1.839582e-03   1.829552e-18   11600360
  2.968326e+00   3.960496e-15   1.841593e-03   1.833833e-18   11663678
  2.974703e+00   3.952557e-15   1.840371e-03   1.827687e-18   11705552
  2.981079e+00   3.943401e-15   1.840912e-03   1.821278e-18   11758658
  2.987457e+00   3.945054e-15   1.841605e-03   1.821728e-18   11815208
  2.993836e+00   3.931972e-15   1.841556e-03   1.812973e-18   11864000
  3.000212e+00   3.932717e-15   1.839938e-03   1.815732e-18   11904962
  3.006589e+00   3.929679e-15   1.840973e-03   1.809703e-18   11963696
  3.012966e+00   3.914943e-15   1.840866e-03   1.800896e-18   12011132
  3.019341e+00   3.918020e-15   1.840389e-03   1.804480e-18   12059450
  3.025718e+00   3.911087e-15   1.841438e-03   1.799495e-18   12118280
  3.032095e+00   3.903046e-15   1.840188e-03   1.792476e-18   12160562
  3.038470e+00   3.901882e-15   1.840247e-03   1.791019e-18   12212768
  3.044846e+00   3.897097e-15   1.841220e-03   1.789558e-18   12269504
  3.051223e+00   3.889771e-15   1.840948e-03   1.781306e-18   12319370
  3.057600e+00   3.887782e-15   1.840852e-03   1.781228e-18   12370140
  3.063975e+00   3.877884e-15   1.840437e-03   1.773644e-18   12417752
  3.070352e+00   3.879069e-15   1.841133e-03   1.778214e-18   12476882
  3.076731e+00   3.870741e-15   1.841502e-03   1.765936e-18   12530816
  3.083108e+00   3.864554e-15   1.840958e-03   1.764790e-18   12577658
  3.089485e+00   3.868005e-15   1.840591e-03   1.766973e-18   12629288
  3.095862e+00   3.858531e-15   1.841067e-03   1.759583e-18   12683828
  3.102237e+00   3.861966e-15   1.839537e-03   1.762055e-18   12725354
  3.108612e+00   3.854909e-15   1.841269e-03   1.754934e-18   12790616
  3.114989e+00   3.845102e-15   1.840010e-03   1.749755e-18   12833768
  3.121365e+00   3.849221e-15   1.841117e-03   1.752038e-18   12894194
  3.127743e+00   3.842123e-15   1.841676e-03   1.747526e-18   12950240
  3.134122e+00   3.831674e-15   1.840849e-03   1.740042e-18   12998714
  3.140498e+00   3.834433e-15   1.840244e-03   1.743327e-18   13048100
  3.146876e+00   3.823088e-15   1.841732e-03   1.732329e-18   13109120
  3.153254e+00   3.823225e-15   1.841032e-03   1.733116e-18   13158506
  3.159627e+00   3.822291e-15   1.838302e-03   1.735686e-18   13193040
  3.166002e+00   3.812811e-15   1.841969e-03   1.726097e-18   13271072
  3.172380e+00   3.817586e-15   1.840294e-03   1.729580e-18   13314242
  3.178754e+00   3.810507e-15   1.839703e-03   1.724145e-18   13363808
  3.185133e+00   3.802702e-15   1.842485e-03   1.717148e-18   13436822
  3.191512e+00   3.807369e-15   1.840487e-03   1.722989e-18   13476080
  3.197887e+00   3.797421e-15   1.840204e-03   1.716201e-18   13527296
  3.204264e+00   3.799776e-15   1.841161e-03   1.714379e-18   13589498
  3.210638e+00   3.792212e-15   1.838626e-03   1.712820e-18   13623704
  3.217016e+00   3.783028e-15   1.844054e-03   1.701168e-18   13717280
  3.223396e+00   3.790634e-15   1.839294e-03   1.708572e-18   13737914
  3.229770e+00   3.784938e-15   1.840743e-03   1.704768e-18   13801772
  3.236147e+00   3.782279e-15   1.841678e-03   1.701991e-18   13864298
  3.242524e+00   3.784165e-15   1.839451e-03   1.705634e-18   13904216
  3.248899e+00   3.775299e-15   1.840700e-03   1.699129e-18   13966064
  3.255276e+00   3.773903e-15   1.841492e-03   1.697624e-18   14027042
  3.261651e+00   3.768100e-15   1.838676e-03   1.692171e-18   14061048
  3.268027e+00   3.764663e-15   1.842396e-03   1.688198e-18   14143820
  3.274405e+00   3.765470e-15   1.840137e-03   1.689380e-18   14182442
  3.280782e+00   3.763764e-15   1.841285e-03   1.690578e-18   14245568
  3.287160e+00   3.759116e-15   1.841226e-03   1.684954e-18   14301338
  3.293537e+00   3.759172e-15   1.840394e-03   1.685861e-18   14350064
  3.299913e+00   3.755346e-15   1.841485e-03   1.682723e-18   14412488
  3.306292e+00   3.756068e-15   1.841397e-03   1.684618e-18   14470250
  3.312668e+00   3.754148e-15   1.839514e-03   1.682063e-18   14509484
  3.319039e+00   3.747400e-15   1.839618e-03   1.676236e-18   14564474
  3.325416e+00   3.754985e-15   1.842538e-03   1.680877e-18   14646632
  3.331795e+00   3.748015e-15   1.839978e-03   1.676954e-18   14681792
  3.338171e+00   3.742101e-15   1.841401e-03   1.672753e-18   14749946
  3.344548e+00   3.743818e-15   1.840482e-03   1.672402e-18   14799968
  3.350923e+00   3.740641e-15   1.839748e-03   1.673590e-18   14848808
  3.357300e+00   3.740044e-15   1.842276e-03   1.669146e-18   14925638
  3.363678e+00   3.743570e-15   1.840046e-03   1.672674e-18   14963016
  3.370053e+00   3.733919e-15   1.841263e-03   1.666995e-18   15031106
  3.376432e+00   3.735933e-15   1.841574e-03   1.667582e-18   15092384
  3.382808e+00   3.731739e-15   1.839899e-03   1.665151e-18   15132248
  3.389183e+00   3.730407e-15   1.841248e-03   1.663324e-18   15202322
  3.395560e+00   3.730861e-15   1.839985e-03   1.664781e-18   15250832
  3.401936e+00   3.725303e-15   1.841279e-03   1.661513e-18   15315692
  3.408315e+00   3.729359e-15   1.842099e-03   1.659682e-18   15382346
  3.414692e+00   3.729227e-15   1.839166e-03   1.661024e-18   15416024
  3.421065e+00   3.723385e-15   1.840590e-03   1.657735e-18   15483602
  3.427446e+00   3.729574e-15   1.843566e-03   1.660946e-18   15568424
  3.433825e+00   3.725151e-15   1.839187e-03   1.659293e-18   15589280
  3.440198e+00   3.721807e-15   1.839744e-03   1.656167e-18   15652502
  3.446575e+00   3.724677e-15   1.841959e-03   1.657843e-18   15728960
  3.452954e+00   3.719554e-15   1.840551e-03   1.655676e-18   15773168
  3.459328e+00   3.722476e-15   1.839940e-03   1.654007e-18   15828290
  3.465704e+00   3.722081e-15   1.840910e-03   1.659093e-18   15893184
  3.472081e+00   3.717327e-15   1.841157e-03   1.652768e-18   15954194
  3.478457e+00   3.723787e-15   1.839872e-03   1.657541e-18   16006016
  3.484831e+00   3.720284e-15   1.839639e-03   1.654574e-18   16058684
  3.491208e+00   3.719148e-15   1.842456e-03   1.651913e-18   16141898
  3.497590e+00   3.718627e-15   1.841864e-03   1.652927e-18   16197872
  3.503966e+00   3.717390e-15   1.839313e-03   1.652991e-18   16231640
  3.510341e+00   3.718986e-15   1.841313e-03   1.651707e-18   16310090
  3.516721e+00   3.722988e-15   1.841945e-03   1.654983e-18   16375136
  3.523097e+00   3.715306e-15   1.839457e-03   1.649881e-18   16412522
  3.529473e+00   3.722245e-15   1.841163e-03   1.654508e-18   16488308
  3.535850e+00   3.712748e-15   1.840616e-03   1.648741e-18   16539968
  3.542225e+00   3.716891e-15   1.839938e-03   1.651456e-18   16595714
  3.548602e+00   3.721851e-15   1.841625e-03   1.653880e-18   16671224
  3.554979e+00   3.715911e-15   1.840210e-03   1.652623e-18   16714064
  3.561354e+00   3.722788e-15   1.840955e-03   1.656428e-18   16783202
  3.567731e+00   3.720062e-15   1.840815e-03   1.652823e-18   16842504
  3.574108e+00   3.714105e-15   1.841084e-03   1.649071e-18   16904894
  3.580486e+00   3.721415e-15   1.841127e-03   1.652505e-18   16968656
  3.586865e+00   3.717795e-15   1.841521e-03   1.651525e-18   17030288
  3.593238e+00   3.719559e-15   1.838444e-03   1.652632e-18   17061482
  3.599615e+00   3.720353e-15   1.842988e-03   1.651683e-18   17164976
  3.605993e+00   3.716048e-15   1.840068e-03   1.651179e-18   17197184
  3.612368e+00   3.722027e-15   1.840756e-03   1.657493e-18   17267102
  3.618746e+00   3.720167e-15   1.841072e-03   1.653126e-18   17329928
  3.625121e+00   3.724773e-15   1.839901e-03   1.656898e-18   17378906
  3.631497e+00   3.727814e-15   1.841182e-03   1.658689e-18   17454776
  3.637873e+00   3.721626e-15   1.839972e-03   1.654999e-18   17501720
  3.644249e+00   3.722343e-15   1.842109e-03   1.655426e-18   17584826
  3.650631e+00   3.725225e-15   1.841819e-03   1.658822e-18   17646008
  3.657008e+00   3.726471e-15   1.840059e-03   1.660741e-18   17686412
  3.663381e+00   3.729268e-15   1.840228e-03   1.660629e-18   17751266
  3.669756e+00   3.729674e-15   1.840035e-03   1.660957e-18   17812848
  3.676130e+00   3.723798e-15   1.840074e-03   1.656903e-18   17874866
  3.682507e+00   3.729304e-15   1.841337e-03   1.662528e-18   17951720
  3.688886e+00   3.731907e-15   1.841134e-03   1.663947e-18   18009344
  3.695262e+00   3.735792e-15   1.840349e-03   1.665890e-18   18064730
  3.701640e+00   3.734258e-15   1.841339e-03   1.667698e-18   18137372
  3.708017e+00   3.730279e-15   1.840603e-03   1.663131e-18   18189632
  3.714392e+00   3.736978e-15   1.840457e-03   1.668159e-18   18254330
  3.720770e+00   3.733583e-15   1.841473e-03   1.667275e-18   18325808
  3.727148e+00   3.735368e-15   1.840737e-03   1.669570e-18   18379610
  3.733524e+00   3.738359e-15   1.840702e-03   1.671658e-18   18445760
  3.739901e+00   3.740332e-15   1.840479e-03   1.673683e-18   18504440
  3.746277e+00   3.739697e-15   1.840875e-03   1.674998e-18   18572198
  3.752657e+00   3.742784e-15   1.841895e-03   1.677772e-18   18647480
  3.759032e+00   3.738534e-15   1.838946e-03   1.676551e-18   18678152
  3.765406e+00   3.747751e-15   1.841061e-03   1.681863e-18   18764186
  3.771782e+00   3.705523e-15   1.840849e-03   1.655964e-18   18794103
  3.778158e+00   3.624266e-15   1.840297e-03   1.610933e-18   18760748
  3.784533e+00   3.540185e-15   1.840231e-03   1.559123e-18   18727940
  3.790912e+00   3.459837e-15   1.842073e-03   1.511052e-18   18712436
  3.797287e+00   3.381139e-15   1.838840e-03   1.467169e-18   18646616
  3.803663e+00   3.309087e-15   1.842455e-03   1.423157e-18   18651296
  3.810042e+00   3.235084e-15   1.840334e-03   1.381993e-18   18596096
  3.816418e+00   3.165886e-15   1.841121e-03   1.344474e-18   18571364
  3.822794e+00   3.096922e-15   1.839859e-03   1.302167e-18   18527096
  3.829170e+00   3.033091e-15   1.840846e-03   1.266162e-18   18501368
  3.835548e+00   2.972103e-15   1.841771e-03   1.232098e-18   18475040
  3.841927e+00   2.909203e-15   1.841481e-03   1.195781e-18   18439436
  3.848301e+00   2.850321e-15   1.838521e-03   1.166572e-18   18375752
  3.854674e+00   2.795109e-15   1.840584e-03   1.135507e-18   18361484
  3.861052e+00   2.742454e-15   1.842393e-03   1.106065e-18   18344504
  3.867430e+00   2.688549e-15   1.839817e-03   1.076217e-18   18284708
  3.873806e+00   2.639180e-15   1.841259e-03   1.048842e-18   18264048
  3.880183e+00   2.588403e-15   1.840629e-03   1.022594e-18   18220964
  3.886557e+00   2.539832e-15   1.839363e-03   9.971317e-19   18173528
  3.892935e+00   2.496466e-15   1.843046e-03   9.745884e-19   18173780
  3.899316e+00   2.448255e-15   1.841138e-03   9.484844e-19   18116660
  3.905693e+00   2.407324e-15   1.840842e-03   9.275544e-19   18078740
  3.912066e+00   2.363690e-15   1.838693e-03   9.050839e-19   18023108
  3.918439e+00   2.323658e-15   1.840734e-03   8.841991e-19   18005600
  3.924818e+00   2.284808e-15   1.842344e-03   8.642139e-19   17984552
  3.931198e+00   2.246360e-15   1.841062e-03   8.435058e-19   17934860
  3.937574e+00   2.210600e-15   1.840562e-03   8.264098e-19   17891468
  3.943950e+00   2.172739e-15   1.840945e-03   8.069857e-19   17857712
  3.950326e+00   2.136488e-15   1.840137e-03   7.887757e-19   17813108
  3.956702e+00   2.102608e-15   1.841074e-03   7.714537e-19   17784788
  3.963079e+00   2.069990e-15   1.840240e-03   7.557977e-19   17737268
  3.969455e+00   2.036875e-15   1.841773e-03   7.392047e-19   17713268
  3.975833e+00   2.005377e-15   1.840239e-03   7.237837e-19   17661912
  3.982208e+00   1.975401e-15   1.840290e-03   7.094327e-19   17622668
  3.988586e+00   1.945740e-15   1.842133e-03   6.948173e-19   17600552
  3.994964e+00   1.917812e-15   1.839951e-03   6.811883e-19   17542580
  4.001340e+00   1.889493e-15   1.840772e-03   6.679657e-19   17509112
  4.007717e+00   1.863559e-15   1.841501e-03   6.554814e-19   17475116
  4.014093e+00   1.835071e-15   1.839606e-03   6.421089e-19   17419964
  4.020469e+00   1.807898e-15   1.841433e-03   6.288157e-19   17397056
  4.026846e+00   1.783892e-15   1.840314e-03   6.177705e-19   17345336
  4.033223e+00   1.758972e-15   1.840964e-03   6.060602e-19   17310476
  4.039596e+00   1.734696e-15   1.838459e-03   5.955664e-19   17246360
  4.045972e+00   1.712447e-15   1.842582e-03   5.847481e-19   17244284
  4.052354e+00   1.688649e-15   1.842150e-03   5.733534e-19   17198240
  4.058731e+00   1.667590e-15   1.839271e-03   5.650333e-19   17130932
  4.065106e+00   1.645011e-15   1.841562e-03   5.541403e-19   17110040
  4.071484e+00   1.623305e-15   1.840722e-03   5.447672e-19   17058488
  4.077857e+00   1.603532e-15   1.839135e-03   5.364707e-19   17003664
  4.084233e+00   1.583459e-15   1.841446e-03   5.275170e-19   16983908
  4.090612e+00   1.565338e-15   1.841420e-03   5.195768e-19   16939220
  4.096989e+00   1.544836e-15   1.840515e-03   5.103147e-19   16888904
  4.103367e+00   1.526629e-15   1.841500e-03   5.024178e-19   16854920
  4.109743e+00   1.508713e-15   1.839861e-03   4.953023e-19   16795136
  4.116117e+00   1.490417e-15   1.840184e-03   4.866907e-19   16755860
  4.122495e+00   1.472696e-15   1.841913e-03   4.790748e-19   16729064
  4.128872e+00   1.455587e-15   1.840126e-03   4.722987e-19   16668260
  4.135248e+00   1.440230e-15   1.841092e-03   4.655085e-19   16631456
  4.141626e+00   1.423816e-15   1.841230e-03   4.580568e-19   16588208
  4.148001e+00   1.408539e-15   1.839635e-03   4.525397e-19   16531052
  4.154379e+00   1.393375e-15   1.842867e-03   4.461793e-19   16514456
  4.160755e+00   1.376870e-15   1.838861e-03   4.397985e-19   16432880
  4.167131e+00   1.364139e-15   1.842344e-03   4.344425e-19   16421120
  4.173510e+00   1.348213e-15   1.840051e-03   4.281702e-19   16354148
  4.179885e+00   1.334879e-15   1.841003e-03   4.227291e-19   16316184
  4.186264e+00   1.321917e-15   1.842179e-03   4.176965e-19   16283360
  4.192641e+00   1.307658e-15   1.839085e-03   4.121410e-19   16208756
  4.199016e+00   1.294693e-15   1.841765e-03   4.067911e-19   16184372
  4.205394e+00   1.282012e-15   1.840922e-03   4.017367e-19   16131116
  4.211767e+00   1.270172e-15   1.839273e-03   3.972559e-19   16070864
  4.218143e+00   1.257174e-15   1.841935e-03   3.921942e-19   16047596
  4.224522e+00   1.244591e-15   1.841132e-03   3.878617e-19   15993464
  4.230898e+00   1.234409e-15   1.839789e-03   3.838226e-19   15936116
  4.237274e+00   1.221333e-15   1.841227e-03   3.790964e-19   15899564
  4.243650e+00   1.210850e-15   1.840412e-03   3.748321e-19   15843188
  4.250027e+00   1.200243e-15   1.841430e-03   3.709676e-19   15806012
  4.256404e+00   1.189285e-15   1.840029e-03   3.672248e-19   15746972
  4.262780e+00   1.178293e-15   1.841029e-03   3.630437e-19   15706280
  4.269158e+00   1.168510e-15   1.841316e-03   3.598153e-19   15660560
  4.275534e+00   1.158172e-15   1.839976e-03   3.558848e-19   15601664
  4.281910e+00   1.148997e-15   1.840520e-03   3.527478e-19   15555936
  4.288286e+00   1.138276e-15   1.841154e-03   3.489152e-19   15511664
  4.294665e+00   1.129888e-15   1.841118e-03   3.461884e-19   15463688
  4.301042e+00   1.119139e-15   1.840371e-03   3.424636e-19   15406784
  4.307419e+00   1.110458e-15   1.841443e-03   3.393752e-19   15364076
  4.313795e+00   1.101732e-15   1.839853e-03   3.367854e-19   15302144
  4.320171e+00   1.093322e-15   1.841222e-03   3.339820e-19   15264716
  4.326549e+00   1.084883e-15   1.841061e-03   3.309560e-19   15212204
  4.332926e+00   1.076177e-15   1.840328e-03   3.279849e-19   15154664
  4.339301e+00   1.068209e-15   1.840391e-03   3.254083e-19   15104684
  4.345675e+00   1.060165e-15   1.839587e-03   3.232338e-19   15046256
  4.352051e+00   1.053127e-15   1.841370e-03   3.206471e-19   15009272
  4.358428e+00   1.044923e-15   1.840387e-03   3.185272e-19   14951624
  4.364807e+00   1.036659e-15   1.842302e-03   3.154638e-19   14915300
  4.371187e+00   1.029943e-15   1.840481e-03   3.134941e-19   14847140
  4.377560e+00   1.022325e-15   1.839457e-03   3.114885e-19   14786624
  4.383935e+00   1.015672e-15   1.840794e-03   3.093492e-19   14745252
  4.390313e+00   1.007728e-15   1.841504e-03   3.068965e-19   14697932
  4.396692e+00   1.001436e-15   1.841471e-03   3.051874e-19   14644448
  4.403070e+00   9.943221e-16   1.840856e-03   3.032597e-19   14586896
  4.409445e+00   9.885162e-16   1.839917e-03   3.015948e-19   14525000
  4.415820e+00   9.818761e-16   1.841355e-03   2.994900e-19   14482088
  4.422197e+00   9.753688e-16   1.840486e-03   2.975451e-19   14423696
  4.428574e+00   9.686296e-16   1.840927e-03   2.960532e-19   14373848
  4.434951e+00   9.633755e-16   1.841026e-03   2.945580e-19   14319188
  4.441328e+00   9.565461e-16   1.840720e-03   2.923526e-19   14262248
  4.447704e+00   9.509904e-16   1.840293e-03   2.911470e-19   14204780
  4.454079e+00   9.453856e-16   1.840780e-03   2.895895e-19   14153240
  4.460456e+00   9.393257e-16   1.840870e-03   2.882088e-19   14099048
  4.466833e+00   9.336179e-16   1.841305e-03   2.868321e-19   14048288
  4.473210e+00   9.285970e-16   1.840220e-03   2.854539e-19   13983860
  4.479586e+00   9.234527e-16   1.841413e-03   2.842651e-19   13935800
  4.485962e+00   9.177636e-16   1.839813e-03   2.829939e-19   13868784
  4.492338e+00   9.124898e-16   1.841245e-03   2.816249e-19   13824536
  4.498718e+00   9.083291e-16   1.842226e-03   2.806721e-19   13774364
  4.505095e+00   9.029159e-16   1.840286e-03   2.796001e-19   13702856
  4.511470e+00   8.981238e-16   1.840225e-03   2.786202e-19   13646648
  4.517844e+00   8.925564e-16   1.840082e-03   2.771363e-19   13588364
  4.524220e+00   8.884404e-16   1.841200e-03   2.764554e-19   13539920
  4.530597e+00   8.833600e-16   1.840383e-03   2.755382e-19   13478432
  4.536974e+00   8.797509e-16   1.840898e-03   2.747937e-19   13424264
  4.543353e+00   8.743412e-16   1.841656e-03   2.734408e-19   13370000
  4.549730e+00   8.706204e-16   1.840597e-03   2.731926e-19   13304432
  4.556105e+00   8.657204e-16   1.839697e-03   2.718924e-19   13241228
  4.562479e+00   8.622825e-16   1.840265e-03   2.715429e-19   13186508
  4.568858e+00   8.584927e-16   1.842616e-03   2.707734e-19   13144544
  4.575236e+00   8.531119e-16   1.839577e-03   2.699477e-19   13065032
  4.581610e+00   8.493809e-16   1.840140e-03   2.690801e-19   13008512
  4.587987e+00   8.459561e-16   1.841456e-03   2.685885e-19   12957360
  4.594365e+00   8.417076e-16   1.841180e-03   2.679466e-19   12897728
  4.600740e+00   8.374953e-16   1.838906e-03   2.673511e-19   12822884
  4.607118e+00   8.345919e-16   1.843186e-03   2.667476e-19   12790772
  4.613497e+00   8.297771e-16   1.839965e-03   2.661051e-19   12707960
  4.619871e+00   8.273621e-16   1.840055e-03   2.661434e-19   12650024
  4.626249e+00   8.230847e-16   1.841592e-03   2.653611e-19   12599360
  4.632627e+00   8.197643e-16   1.841060e-03   2.649416e-19   12533984
  4.639003e+00   8.169240e-16   1.840024e-03   2.651077e-19   12467036
  4.645379e+00   8.126830e-16   1.841105e-03   2.642326e-19   12412124
  4.651756e+00   8.097538e-16   1.840677e-03   2.639104e-19   12345776
  4.658131e+00   8.061728e-16   1.840856e-03   2.636149e-19   12286760
  4.664508e+00   8.027929e-16   1.840642e-03   2.633185e-19   12225452
  4.670885e+00   7.995225e-16   1.840694e-03   2.631355e-19   12162584
  4.677263e+00   7.968510e-16   1.841648e-03   2.630642e-19   12105824
  4.683640e+00   7.930454e-16   1.840444e-03   2.625327e-19   12036248
  4.690015e+00   7.904847e-16   1.840000e-03   2.625534e-19   11969736
  4.696391e+00   7.877113e-16   1.841517e-03   2.623893e-19   11916224
  4.702769e+00   7.844851e-16   1.840685e-03   2.622724e-19   11849312
  4.709145e+00   7.813641e-16   1.840274e-03   2.620244e-19   11783300
  4.715522e+00   7.785032e-16   1.841310e-03   2.620872e-19   11724800
  4.721898e+00   7.755138e-16   1.840639e-03   2.616335e-19   11657372
  4.728275e+00   7.726387e-16   1.840697e-03   2.616463e-19   11595320
  4.734652e+00   7.700422e-16   1.840360e-03   2.621060e-19   11527928
  4.741029e+00   7.683554e-16   1.841428e-03   2.622625e-19   11469008
  4.747404e+00   7.642714e-16   1.839492e-03   2.617961e-19   11392904
  4.753780e+00   7.623249e-16   1.841657e-03   2.621964e-19   11340476
  4.760155e+00   7.591603e-16   1.839780e-03   2.617905e-19   11263520
  4.766534e+00   7.574730e-16   1.842729e-03   2.625218e-19   11218472
  4.772911e+00   7.547922e-16   1.838731e-03   2.624037e-19   11129336
  4.779288e+00   7.520236e-16   1.842467e-03   2.621783e-19   11083964
  4.785665e+00   7.492803e-16   1.839931e-03   2.620496e-19   11001992
  4.792039e+00   7.463096e-16   1.840072e-03   2.622582e-19   10938228
  4.798414e+00   7.446503e-16   1.840560e-03   2.628319e-19   10874336
  4.804792e+00   7.424674e-16   1.841863e-03   2.633125e-19   10814828
  4.811169e+00   7.401660e-16   1.839739e-03   2.635131e-19   10736984
  4.817544e+00   7.375768e-16   1.840541e-03   2.635279e-19   10673948
  4.823923e+00   7.352154e-16   1.842721e-03   2.635165e-19   10617704
  4.830301e+00   7.330088e-16   1.840081e-03   2.640116e-19   10536416
  4.836675e+00   7.300045e-16   1.839468e-03   2.642328e-19   10466324
  4.843052e+00   7.277427e-16   1.842362e-03   2.643570e-19   10412984
  4.849431e+00   7.259582e-16   1.840724e-03   2.652086e-19   10334840
  4.855806e+00   7.238337e-16   1.840268e-03   2.656060e-19   10265528
  4.862183e+00   7.216283e-16   1.840956e-03   2.657903e-19   10200692
  4.868561e+00   7.190316e-16   1.841614e-03   2.660738e-19   10135292
  4.874938e+00   7.164825e-16   1.839941e-03   2.660520e-19   10058816
  4.881314e+00   7.150544e-16   1.840525e-03   2.672936e-19   9991772
  4.887691e+00   7.131538e-16   1.841575e-03   2.676702e-19   9925880
  4.894065e+00   7.109957e-16   1.838924e-03   2.680555e-19   9843288
  4.900441e+00   7.082496e-16   1.842306e-03   2.678836e-19   9792968
  4.906821e+00   7.062526e-16   1.840795e-03   2.686980e-19   9713612
  4.913196e+00   7.047016e-16   1.840365e-03   2.692719e-19   9640628
  4.919573e+00   7.016172e-16   1.840900e-03   2.694147e-19   9574256
  4.925949e+00   6.996564e-16   1.840276e-03   2.702889e-19   9499064
  4.932325e+00   6.983070e-16   1.841227e-03   2.710612e-19   9432296
  4.938702e+00   6.952054e-16   1.841040e-03   2.713080e-19   9362204
  4.945079e+00   6.935778e-16   1.840104e-03   2.718810e-19   9286052
  4.951457e+00   6.920073e-16   1.842090e-03   2.724082e-19   9222320
  4.957835e+00   6.899680e-16   1.841090e-03   2.732567e-19   9145976
  4.964211e+00   6.876574e-16   1.839895e-03   2.737921e-19   9070268
  4.970586e+00   6.853223e-16   1.840297e-03   2.745501e-19   8999720
  4.976964e+00   6.829307e-16   1.841617e-03   2.746223e-19   8932664
  4.983339e+00   6.814967e-16   1.838848e-03   2.759402e-19   8847344
  4.989712e+00   6.784002e-16   1.840809e-03   2.758084e-19   8782688
  4.996090e+00   6.768551e-16   1.841883e-03   2.763929e-19   8713440
  5.002468e+00   6.744867e-16   1.841131e-03   2.776650e-19   8638616
  5.008845e+00   6.720058e-16   1.839945e-03   2.777614e-19   8560856
  5.015220e+00   6.710986e-16   1.840402e-03   2.793954e-19   8487620
  5.021598e+00   6.683655e-16   1.842484e-03   2.794205e-19   8422796
  5.027976e+00   6.659974e-16   1.839559e-03   2.801646e-19   8336348
  5.034350e+00   6.639244e-16   1.840420e-03   2.808948e-19   8265176
  5.040727e+00   6.617277e-16   1.841761e-03   2.818460e-19   8196176
  5.047104e+00   6.589625e-16   1.839932e-03   2.819559e-19   8114636
  5.053478e+00   6.567149e-16   1.839889e-03   2.831783e-19   8038724
  5.059856e+00   6.552189e-16   1.842986e-03   2.842833e-19   7975460
  5.066235e+00   6.529444e-16   1.840210e-03   2.852832e-19   7889792
  5.072611e+00   6.495750e-16   1.840188e-03   2.852129e-19   7815728
  5.078987e+00   6.483594e-16   1.840544e-03   2.864993e-19   7739288
  5.085364e+00   6.454603e-16   1.841840e-03   2.865887e-19   7667432
  5.091741e+00   6.422619e-16   1.839798e-03   2.871654e-19   7583684
  5.098113e+00   6.400566e-16   1.839459e-03   2.881622e-19   7505172
  5.104490e+00   6.384464e-16   1.842916e-03   2.892952e-19   7442636
  5.110871e+00   6.345504e-16   1.841224e-03   2.893805e-19   7360676
  5.117246e+00   6.321697e-16   1.838532e-03   2.903045e-19   7272728
  5.123622e+00   6.306567e-16   1.842521e-03   2.912752e-19   7209140
  5.130001e+00   6.273326e-16   1.840984e-03   2.922561e-19   7125632
  5.136377e+00   6.240943e-16   1.840289e-03   2.922655e-19   7046924
  5.142753e+00   6.217142e-16   1.840046e-03   2.932823e-19   6966968
  5.149129e+00   6.180059e-16   1.841514e-03   2.936426e-19   6893408
  5.155505e+00   6.157730e-16   1.840118e-03   2.946186e-19   6811004
  5.161881e+00   6.118872e-16   1.840529e-03   2.944435e-19   6732944
  5.168258e+00   6.087141e-16   1.841885e-03   2.950074e-19   6658628
  5.174637e+00   6.062463e-16   1.841220e-03   2.960787e-19   6578804
  5.181014e+00   6.026675e-16   1.839505e-03   2.961451e-19   6493628
  5.187389e+00   5.996665e-16   1.841020e-03   2.967963e-19   6417476
  5.193767e+00   5.961178e-16   1.842303e-03   2.968720e-19   6341156
  5.200142e+00   5.915807e-16   1.838905e-03   2.973017e-19   6251676
  5.206515e+00   5.879857e-16   1.840100e-03   2.973142e-19   6176072
  5.212894e+00   5.852408e-16   1.842591e-03   2.978225e-19   6103028
  5.219273e+00   5.798535e-16   1.840028e-03   2.979005e-19   6015356
  5.225646e+00   5.757716e-16   1.838527e-03   2.976087e-19   5928908
  5.232022e+00   5.740445e-16   1.843529e-03   2.985723e-19   5861504
  5.238402e+00   5.671198e-16   1.840564e-03   2.970968e-19   5772440
  5.244776e+00   5.629460e-16   1.839302e-03   2.968532e-19   5688596
  5.251152e+00   5.597583e-16   1.841421e-03   2.976930e-19   5611412
  5.257531e+00   5.534072e-16   1.842425e-03   2.948642e-19   5532224
  5.263907e+00   5.476961e-16   1.838741e-03   2.940080e-19   5440748
  5.270281e+00   5.444085e-16   1.841068e-03   2.949866e-19   5364572
  5.276660e+00   5.387095e-16   1.842167e-03   2.932742e-19   5285204
  5.283039e+00   5.327115e-16   1.840147e-03   2.913534e-19   5197796
  5.289414e+00   5.263685e-16   1.840074e-03   2.893271e-19   5113244
  5.295789e+00   5.216883e-16   1.841509e-03   2.885582e-19   5032664
  5.302162e+00   5.139684e-16   1.838866e-03   2.853048e-19   4943484
  5.308538e+00   5.083385e-16   1.842083e-03   2.827917e-19   4869920
  5.314919e+00   5.016082e-16   1.840875e-03   2.805593e-19   4782608
  5.321298e+00   4.941519e-16   1.842000e-03   2.757420e-19   4700756
  5.327675e+00   4.866677e-16   1.839332e-03   2.721106e-19   4608920
  5.334047e+00   4.790156e-16   1.840509e-03   2.678405e-19   4528829
  5.340423e+00   4.732111e-16   1.840790e-03   2.641203e-19   4453172
  5.346801e+00   4.676129e-16   1.841398e-03   2.609534e-19   4381652
  5.353179e+00   4.621700e-16   1.840856e-03   2.591045e-19   4309628
  5.359558e+00   4.573356e-16   1.841542e-03   2.565592e-19   4242188
  5.365934e+00   4.525460e-16   1.840185e-03   2.551198e-19   4171796
  5.372309e+00   4.489487e-16   1.840332e-03   2.530358e-19   4107506
  5.378687e+00   4.436799e-16   1.841030e-03   2.510873e-19   4045694
  5.385067e+00   4.399375e-16   1.841878e-03   2.490328e-19   3984530
  5.391443e+00   4.360195e-16   1.839184e-03   2.483016e-19   3916622
  5.397815e+00   4.326278e-16   1.840413e-03   2.471760e-19   3858626
  5.404188e+00   4.286616e-16   1.839752e-03   2.455273e-19   3798918
  5.410566e+00   4.258714e-16   1.842453e-03   2.445812e-19   3747464
  5.416947e+00   4.226158e-16   1.840720e-03   2.439256e-19   3687278
  5.423327e+00   4.193038e-16   1.841755e-03   2.431961e-19   3632618
  5.429702e+00   4.164812e-16   1.839341e-03   2.421614e-19   3571766
  5.436076e+00   4.132553e-16   1.841405e-03   2.415402e-19   3521264
  5.442452e+00   4.096302e-16   1.840602e-03   2.403789e-19   3466964
  5.448828e+00   4.073796e-16   1.840149e-03   2.396733e-19   3414320
  5.455204e+00   4.047339e-16   1.840343e-03   2.398400e-19   3362948
  5.461581e+00   4.023286e-16   1.841385e-03   2.391471e-19   3313130
  5.467960e+00   3.990506e-16   1.841559e-03   2.383130e-19   3262766
  5.474335e+00   3.965781e-16   1.839552e-03   2.380462e-19   3210122
  5.480711e+00   3.944780e-16   1.841068e-03   2.380248e-19   3164282
  5.487089e+00   3.919860e-16   1.840871e-03   2.381829e-19   3115358
  5.493467e+00   3.902355e-16   1.841892e-03   2.379718e-19   3068642
  5.499842e+00   3.880327e-16   1.839367e-03   2.378198e-19   3017270
  5.506214e+00   3.861277e-16   1.840421e-03   2.383055e-19   2973396
  5.512592e+00   3.839789e-16   1.841795e-03   2.376420e-19   2930882
  5.518975e+00   3.816553e-16   1.842009e-03   2.377522e-19   2886296
  5.525354e+00   3.799493e-16   1.840110e-03   2.378842e-19   2838068
  5.531729e+00   3.778477e-16   1.840402e-03   2.378823e-19   2793680
  5.538103e+00   3.755783e-16   1.841057e-03   2.375526e-19   2750948
  5.544478e+00   3.742740e-16   1.840332e-03   2.386058e-19   2707712
  5.550852e+00   3.727947e-16   1.839444e-03   2.389300e-19   2665124
  5.557230e+00   3.705733e-16   1.841751e-03   2.389783e-19   2626712
  5.563610e+00   3.694414e-16   1.840829e-03   2.400865e-19   2583542
  5.569988e+00   3.669571e-16   1.841328e-03   2.393833e-19   2543108
  5.576363e+00   3.650975e-16   1.839426e-03   2.402914e-19   2500538
  5.582739e+00   3.642371e-16   1.841521e-03   2.408539e-19   2464052
  5.589119e+00   3.624038e-16   1.841364e-03   2.412310e-19   2424194
  5.595493e+00   3.616500e-16   1.839158e-03   2.427539e-19   2381732
  5.601866e+00   3.596781e-16   1.841683e-03   2.429752e-19   2346386
  5.608241e+00   3.589739e-16   1.839649e-03   2.443211e-19   2306598
  5.614618e+00   3.575639e-16   1.842029e-03   2.446793e-19   2273186
  5.621000e+00   3.559901e-16   1.840989e-03   2.451907e-19   2235188
  5.627378e+00   3.549323e-16   1.839949e-03   2.462585e-19   2196638
  5.633754e+00   3.528059e-16   1.841588e-03   2.466537e-19   2161706
  5.640129e+00   3.519641e-16   1.840261e-03   2.482780e-19   2124422
  5.646501e+00   3.508346e-16   1.838999e-03   2.488332e-19   2088578
  5.652879e+00   3.498393e-16   1.842650e-03   2.499665e-19   2058512
  5.659259e+00   3.489102e-16   1.839498e-03   2.513187e-19   2020202
  5.665635e+00   3.482029e-16   1.841528e-03   2.526995e-19   1987670
  5.672010e+00   3.472697e-16   1.840033e-03   2.539936e-19   1952114
  5.678381e+00   3.451645e-16   1.839290e-03   2.543939e-19   1918694
  5.684760e+00   3.446161e-16   1.843391e-03   2.556698e-19   1890932
  5.691143e+00   3.442581e-16   1.840482e-03   2.576542e-19   1855382
  5.697520e+00   3.428333e-16   1.841151e-03   2.588610e-19   1823276
  5.703897e+00   3.426075e-16   1.841467e-03   2.599712e-19   1791446
  5.710267e+00   3.414487e-16   1.837484e-03   2.613534e-19   1756566
  5.716642e+00   3.403227e-16   1.843486e-03   2.626292e-19   1732292
  5.723026e+00   3.393704e-16   1.841021e-03   2.636350e-19   1699718
  5.729405e+00   3.388463e-16   1.840666e-03   2.657163e-19   1668524
  5.735782e+00   3.379157e-16   1.841307e-03   2.682077e-19   1638656
  5.742152e+00   3.371284e-16   1.837941e-03   2.702425e-19   1606154
  5.748524e+00   3.362826e-16   1.841528e-03   2.712659e-19   1580984
  5.754907e+00   3.353516e-16   1.842158e-03   2.717786e-19   1553372
  5.761287e+00   3.349932e-16   1.839903e-03   2.748103e-19   1522502
  5.767663e+00   3.342933e-16   1.841211e-03   2.767464e-19   1494788
  5.774035e+00   3.343993e-16   1.839049e-03   2.796050e-19   1464992
  5.780407e+00   3.333968e-16   1.840885e-03   2.810744e-19   1439564
  5.786788e+00   3.319867e-16   1.842803e-03   2.817521e-19   1414766
  5.793173e+00   3.323065e-16   1.841316e-03   2.851641e-19   1386620
  5.799549e+00   3.315457e-16   1.839295e-03   2.875853e-19   1358024
  5.805920e+00   3.304408e-16   1.840494e-03   2.882399e-19   1332236
  5.812287e+00   3.302826e-16   1.837583e-03   2.916167e-19   1304568
  5.818666e+00   3.297436e-16   1.844995e-03   2.925224e-19   1285316
  5.825053e+00   3.290914e-16   1.840679e-03   2.957257e-19   1257272
  5.831429e+00   3.286810e-16   1.839591e-03   2.979250e-19   1231028
  5.837804e+00   3.288703e-16   1.841474e-03   3.006673e-19   1207136
  5.844175e+00   3.277375e-16   1.839197e-03   3.034556e-19   1181180
  5.850547e+00   3.265344e-16   1.841135e-03   3.047846e-19   1159352
  5.856931e+00   3.275266e-16   1.842986e-03   3.090231e-19   1137476
  5.863312e+00   3.268156e-16   1.839166e-03   3.107657e-19   1111280
  5.869686e+00   3.268824e-16   1.840689e-03   3.149379e-19   1088468
  5.876057e+00   3.269607e-16   1.840140e-03   3.178801e-19   1065008
  5.882427e+00   3.261057e-16   1.839713e-03   3.201766e-19   1042934
  5.888808e+00   3.254447e-16   1.843186e-03   3.230488e-19   1023488
  5.895195e+00   3.255673e-16   1.841961e-03   3.272440e-19   1000700
  5.901573e+00   3.251986e-16   1.839831e-03   3.306941e-19   977264
  5.907943e+00   3.251946e-16   1.839220e-03   3.340325e-19   955052
  5.914306e+00   3.249203e-16   1.837596e-03   3.372715e-19   933546
  5.920685e+00   3.246601e-16   1.845011e-03   3.392964e-19   917348
  5.927075e+00   3.235429e-16   1.841622e-03   3.429047e-19   895328
  5.933456e+00   3.233198e-16   1.840197e-03   3.470181e-19   873878
  5.939831e+00   3.236272e-16   1.841204e-03   3.508568e-19   853664
  5.946198e+00   3.245439e-16   1.838301e-03   3.567625e-19   832604
  5.952570e+00   3.231487e-16   1.841647e-03   3.587053e-19   815546
  5.958955e+00   3.235014e-16   1.841795e-03   3.632520e-19   797012
  5.965336e+00   3.239111e-16   1.838979e-03   3.696213e-19   776576
  5.971714e+00   3.239752e-16   1.842719e-03   3.726719e-19   758726
  5.978085e+00   3.229310e-16   1.838577e-03   3.758610e-19   738296
  5.984452e+00   3.246293e-16   1.839422e-03   3.839659e-19   721172
  5.990833e+00   3.230045e-16   1.842852e-03   3.844781e-19   705434
  5.997222e+00   3.226521e-16   1.841204e-03   3.915557e-19   687092
  6.003603e+00   3.236320e-16   1.841572e-03   3.960913e-19   669098
  6.009974e+00   3.236288e-16   1.839142e-03   4.017800e-19   650516
  6.016332e+00   3.235161e-16   1.836042e-03   4.075923e-19   632898
  6.022707e+00   3.228127e-16   1.844938e-03   4.106530e-19   620228
  6.029100e+00   3.228012e-16   1.842281e-03   4.168674e-19   603206
  6.035485e+00   3.235701e-16   1.841847e-03   4.227915e-19   586328
  6.041859e+00   3.237583e-16   1.840113e-03   4.288339e-19   569222
  6.048217e+00   3.240378e-16   1.835706e-03   4.365524e-19   552266
  6.054584e+00   3.242699e-16   1.843023e-03   4.429054e-19   539996
  6.060976e+00   3.229657e-16   1.843843e-03   4.459628e-19   525722
  6.067365e+00   3.226024e-16   1.839929e-03   4.519619e-19   509372
  6.073742e+00   3.237978e-16   1.840974e-03   4.620475e-19   494282
  6.080105e+00   3.244277e-16   1.836470e-03   4.701327e-19   478340
  6.086466e+00   3.246564e-16   1.839100e-03   4.764926e-19   465554
  6.092852e+00   3.243392e-16   1.844310e-03   4.826699e-19   453734
  6.099249e+00   3.240050e-16   1.841644e-03   4.876892e-19   439184
  6.105633e+00   3.251198e-16   1.841774e-03   4.984502e-19   424910
  6.112001e+00   3.241979e-16   1.839131e-03   5.064380e-19   410366
  6.118344e+00   3.238983e-16   1.830585e-03   5.165598e-19   395856
  6.124716e+00   3.255007e-16   1.849093e-03   5.216748e-19   387998
  6.131124e+00   3.245501e-16   1.844381e-03   5.306243e-19   374642
  6.137516e+00   3.258899e-16   1.841320e-03   5.422833e-19   361118
  6.143885e+00   3.276222e-16   1.838483e-03   5.570711e-19   347792
  6.150233e+00   3.257835e-16   1.833537e-03   5.638381e-19   335054
  6.156598e+00   3.265519e-16   1.843369e-03   5.735342e-19   326162
  6.163003e+00   3.280213e-16   1.845744e-03   5.835692e-19   315686
  6.169403e+00   3.277267e-16   1.839717e-03   5.951109e-19   302960
  6.175780e+00   3.265922e-16   1.841146e-03   6.027188e-19   291278
  6.182130e+00   3.301540e-16   1.834474e-03   6.238692e-19   278966
  6.188475e+00   3.284462e-16   1.838848e-03   6.341691e-19   269786
  6.194867e+00   3.295749e-16   1.848548e-03   6.421696e-19   261710
  6.201275e+00   3.286065e-16   1.841196e-03   6.561175e-19   250472
  6.207659e+00   3.282427e-16   1.840781e-03   6.681271e-19   239846
  6.214020e+00   3.305882e-16   1.837833e-03   6.943420e-19   229250
  6.220353e+00   3.298607e-16   1.827068e-03   7.033675e-19   218958
  6.226735e+00   3.310010e-16   1.853573e-03   7.166596e-19   213722
  6.233163e+00   3.324137e-16   1.842328e-03   7.325029e-19   203414
  6.239564e+00   3.306559e-16   1.844048e-03   7.514737e-19   193940
  6.245924e+00   3.337035e-16   1.836439e-03   7.796302e-19   183650
  6.252241e+00   3.336853e-16   1.829855e-03   8.018129e-19   174638
  6.258588e+00   3.356195e-16   1.843490e-03   8.182712e-19   168842
  6.265008e+00   3.337409e-16   1.847266e-03   8.303712e-19   161846
  6.271432e+00   3.355729e-16   1.841236e-03   8.618127e-19   153146
  6.277822e+00   3.375361e-16   1.840929e-03   8.850187e-19   144686
  6.284170e+00   3.381453e-16   1.837187e-03   9.123332e-19   136418
  6.290480e+00   3.362647e-16   1.823629e-03   9.417054e-19   128822
  6.296862e+00   3.377137e-16   1.856474e-03   9.587738e-19   124862
  6.303298e+00   3.363443e-16   1.842665e-03   9.817565e-19   117026
  6.309688e+00   3.389039e-16   1.840290e-03   1.025956e-18   109718
  6.316033e+00   3.392610e-16   1.835815e-03   1.061551e-18   102650
  6.322320e+00   3.374096e-16   1.808328e-03   1.090838e-18   95622
  6.328720e+00   3.410675e-16   1.871202e-03   1.123685e-18   93650
  6.335227e+00   3.424795e-16   1.849919e-03   1.161580e-18   86606
  6.341628e+00   3.422695e-16   1.828395e-03   1.218663e-18   79190
  6.347934e+00   3.421568e-16   1.839124e-03   1.253178e-18   73490
  6.354177e+00   3.417935e-16   1.810164e-03   1.322554e-18   67598
  6.360508e+00   3.458881e-16   1.844910e-03   1.362716e-18   65186
  6.367032e+00   3.400623e-16   1.858136e-03   1.374531e-18   61262
  6.373583e+00   3.408573e-16   1.851117e-03   1.441588e-18   55874
  6.379989e+00   3.489322e-16   1.823042e-03   1.570180e-18   49430
  6.386147e+00   3.471793e-16   1.803004e-03   1.674422e-18   43934
  6.392260e+00   3.499838e-16   1.790240e-03   1.733554e-18   41138
  6.398716e+00   3.499990e-16   1.870028e-03   1.768884e-18   40070
  6.405371e+00   3.459490e-16   1.854153e-03   1.811321e-18   35882
  6.411962e+00   3.513352e-16   1.842631e-03   1.955389e-18   31622
  6.418335e+00   3.500937e-16   1.817857e-03   2.141337e-18   26750
  6.424088e+00   3.501186e-16   1.593646e-03   2.403677e-18   21330
  6.430239e+00   3.516692e-16   1.860256e-03   2.254667e-18   23246
  6.436984e+00   3.505833e-16   1.855054e-03   2.465174e-18   20186
  6.443727e+00   3.567965e-16   1.848147e-03   2.700812e-18   17312
  6.450423e+00   3.529787e-16   1.830133e-03   2.923010e-18   14474
  6.456645e+00   3.682571e-16   1.688402e-03   3.614715e-18   10478
  6.462180e+00   3.572979e-16   1.692603e-03   3.690585e-18   9062
  6.468497e+00   3.568528e-16   1.842997e-03   3.747466e-18   8762
  6.475254e+00   3.587315e-16   1.841892e-03   4.282350e-18   6926
  6.482011e+00   3.672344e-16   1.840835e-03   4.765819e-18   5306
  6.488766e+00   3.663995e-16   1.839476e-03   5.728971e-18   3902
  6.494511e+00   3.682603e-16   1.128860e-03   8.665982e-18   1928
  6.500007e+00   3.408145e-16   1.834590e-03   7.534656e-18   2042
  6.506728e+00   3.574780e-16   1.826889e-03   1.031730e-17   1214
  6.513396e+00   3.653468e-16   1.806609e-03   1.426655e-17   602
  6.519909e+00   3.621975e-16   1.730042e-03   2.481941e-17   206
  6.525711e+00   5.251044e-16   9.814069e-04   8.076304e-17   24
