# power spectrum of phi_prime/H (dimensionless)
# redshift z=5.974173
# k              Pk             sigma(k)       sigma(Pk)      count
  5.011399e-03   1.863656e-14   7.667927e-04   4.154990e-15   18
  1.037418e-02   2.955645e-14   1.725047e-03   3.049932e-15   128
  1.616528e-02   3.100665e-14   1.646572e-03   1.623843e-15   314
  2.269071e-02   3.367518e-14   1.954354e-03   1.324418e-15   728
  2.897169e-02   4.931498e-14   1.717946e-03   1.588880e-15   1016
  3.518826e-02   6.116818e-14   1.880676e-03   1.632221e-15   1682
  4.169479e-02   7.347624e-14   1.831736e-03   1.568132e-15   2300
  4.790974e-02   8.028696e-14   1.770731e-03   1.507593e-15   2906
  5.429022e-02   9.388034e-14   1.892687e-03   1.450782e-15   4040
  6.068098e-02   9.233758e-14   1.775551e-03   1.350660e-15   4712
  6.698900e-02   1.076363e-13   1.857705e-03   1.332089e-15   6002
  7.346135e-02   1.082218e-13   1.857594e-03   1.314308e-15   7256
  7.977379e-02   1.157511e-13   1.772571e-03   1.306194e-15   8120
  8.609019e-02   1.211587e-13   1.864951e-03   1.216041e-15   9950
  9.253636e-02   1.228895e-13   1.853578e-03   1.162247e-15   11384
  9.885187e-02   1.232606e-13   1.809244e-03   1.092611e-15   12666
  1.052712e-01   1.236819e-13   1.889168e-03   1.028536e-15   15104
  1.117654e-01   1.235316e-13   1.850532e-03   9.585603e-16   16616
  1.180754e-01   1.266913e-13   1.799489e-03   9.361811e-16   18026
  1.244216e-01   1.246282e-13   1.853405e-03   8.585340e-16   20696
  1.308065e-01   1.216332e-13   1.827918e-03   8.096534e-16   22436
  1.371558e-01   1.238197e-13   1.845873e-03   7.887845e-16   24962
  1.435394e-01   1.220212e-13   1.831283e-03   7.443218e-16   27176
  1.499133e-01   1.200628e-13   1.847268e-03   6.991440e-16   29810
  1.562775e-01   1.201139e-13   1.828450e-03   6.706770e-16   32120
  1.626776e-01   1.172116e-13   1.865216e-03   6.227115e-16   35432
  1.690383e-01   1.183347e-13   1.814577e-03   6.214026e-16   37238
  1.754019e-01   1.152078e-13   1.856016e-03   5.664748e-16   41072
  1.817869e-01   1.133140e-13   1.834293e-03   5.438801e-16   43472
  1.881565e-01   1.109232e-13   1.848176e-03   5.096274e-16   47042
  1.945298e-01   1.109502e-13   1.829223e-03   5.005438e-16   49712
  2.008693e-01   1.088748e-13   1.840592e-03   4.734648e-16   53226
  2.072637e-01   1.073974e-13   1.853753e-03   4.472776e-16   57320
  2.136558e-01   1.059115e-13   1.831629e-03   4.329007e-16   60092
  2.200056e-01   1.030417e-13   1.839426e-03   4.051177e-16   63914
  2.263950e-01   1.009417e-13   1.849752e-03   3.873795e-16   68192
  2.327751e-01   9.950368e-14   1.833934e-03   3.681426e-16   71336
  2.391397e-01   9.730744e-14   1.845607e-03   3.559507e-16   75818
  2.455297e-01   9.595122e-14   1.844019e-03   3.391203e-16   79880
  2.518964e-01   9.537298e-14   1.834462e-03   3.270290e-16   83642
  2.582661e-01   9.331994e-14   1.840779e-03   3.195929e-16   88316
  2.646730e-01   9.105011e-14   1.859422e-03   3.004655e-16   93488
  2.710484e-01   9.024830e-14   1.827184e-03   2.923921e-16   96458
  2.773871e-01   8.853332e-14   1.829038e-03   2.769704e-16   101264
  2.837816e-01   8.703735e-14   1.862873e-03   2.654628e-16   107696
  2.901819e-01   8.507497e-14   1.837217e-03   2.537120e-16   111170
  2.965233e-01   8.471189e-14   1.822285e-03   2.486192e-16   115232
  3.028941e-01   8.182778e-14   1.855375e-03   2.342223e-16   122310
  3.093019e-01   8.084262e-14   1.843350e-03   2.247042e-16   126944
  3.156739e-01   8.011486e-14   1.828600e-03   2.214049e-16   131192
  3.220432e-01   7.852433e-14   1.844535e-03   2.115094e-16   137618
  3.284234e-01   7.653612e-14   1.836674e-03   2.024105e-16   142448
  3.347979e-01   7.608290e-14   1.844704e-03   1.971332e-16   148520
  3.411627e-01   7.490128e-14   1.831436e-03   1.911675e-16   153254
  3.475446e-01   7.333899e-14   1.852010e-03   1.817847e-16   160760
  3.539284e-01   7.166318e-14   1.835751e-03   1.762793e-16   165290
  3.603019e-01   7.104104e-14   1.840148e-03   1.711241e-16   171992
  3.666828e-01   6.986962e-14   1.840217e-03   1.657576e-16   177800
  3.730569e-01   6.882716e-14   1.843032e-03   1.611446e-16   184322
  3.794439e-01   6.791726e-14   1.841595e-03   1.563933e-16   190832
  3.858239e-01   6.688689e-14   1.839260e-03   1.505624e-16   196772
  3.921872e-01   6.585643e-14   1.836453e-03   1.464481e-16   202970
  3.985536e-01   6.481694e-14   1.839266e-03   1.410479e-16   210056
  4.049173e-01   6.357051e-14   1.832832e-03   1.364804e-16   216210
  4.112896e-01   6.276968e-14   1.841640e-03   1.331300e-16   224168
  4.176700e-01   6.188548e-14   1.840761e-03   1.288859e-16   230792
  4.240565e-01   6.094284e-14   1.846256e-03   1.242468e-16   238778
  4.304312e-01   6.017730e-14   1.831772e-03   1.223262e-16   243956
  4.367939e-01   5.903933e-14   1.845141e-03   1.179347e-16   252680
  4.431746e-01   5.819864e-14   1.842020e-03   1.148437e-16   260066
  4.495713e-01   5.745174e-14   1.849294e-03   1.110652e-16   268712
  4.559494e-01   5.689212e-14   1.834336e-03   1.086891e-16   274034
  4.623270e-01   5.572039e-14   1.847366e-03   1.051305e-16   283904
  4.687088e-01   5.499337e-14   1.837425e-03   1.020771e-16   290048
  4.750707e-01   5.400662e-14   1.836659e-03   9.923681e-17   297950
  4.814434e-01   5.361329e-14   1.842026e-03   9.690474e-17   306968
  4.878269e-01   5.303367e-14   1.843240e-03   9.444983e-17   315320
  4.942006e-01   5.181138e-14   1.835899e-03   9.149903e-17   322346
  5.005701e-01   5.140109e-14   1.842589e-03   8.934915e-17   331664
  5.069538e-01   5.085220e-14   1.844896e-03   8.702018e-17   340818
  5.133346e-01   5.009186e-14   1.837322e-03   8.511270e-17   348164
  5.197083e-01   4.934069e-14   1.843548e-03   8.234897e-17   357584
  5.260929e-01   4.868688e-14   1.846059e-03   8.040330e-17   367106
  5.324635e-01   4.817813e-14   1.832285e-03   7.921613e-17   373376
  5.388350e-01   4.759343e-14   1.848023e-03   7.676909e-17   385376
  5.452233e-01   4.691424e-14   1.842356e-03   7.508720e-17   393650
  5.516038e-01   4.635749e-14   1.840588e-03   7.299611e-17   402704
  5.579656e-01   4.567253e-14   1.830970e-03   7.159541e-17   409910
  5.643320e-01   4.503501e-14   1.843407e-03   6.926266e-17   422024
  5.707212e-01   4.445794e-14   1.846526e-03   6.766428e-17   432176
  5.771022e-01   4.400286e-14   1.837404e-03   6.625061e-17   440066
  5.834769e-01   4.362033e-14   1.841263e-03   6.521557e-17   450680
  5.898365e-01   4.287718e-14   1.831084e-03   6.345563e-17   457856
  5.962115e-01   4.255170e-14   1.848347e-03   6.183868e-17   472538
  6.026013e-01   4.190354e-14   1.839689e-03   6.052442e-17   480140
  6.089752e-01   4.138752e-14   1.841279e-03   5.909120e-17   490842
  6.153517e-01   4.100129e-14   1.838382e-03   5.822567e-17   500744
  6.217295e-01   4.060352e-14   1.842392e-03   5.666436e-17   511856
  6.281145e-01   3.996943e-14   1.844734e-03   5.541736e-17   523202
  6.344991e-01   3.959768e-14   1.840396e-03   5.442599e-17   532688
  6.408638e-01   3.913904e-14   1.834541e-03   5.328543e-17   541520
  6.472341e-01   3.868404e-14   1.842653e-03   5.204173e-17   555110
  6.536136e-01   3.828688e-14   1.839126e-03   5.109920e-17   564944
  6.599884e-01   3.778846e-14   1.839832e-03   4.989245e-17   576434
  6.663740e-01   3.735989e-14   1.844405e-03   4.886718e-17   588848
  6.727501e-01   3.710398e-14   1.838623e-03   4.794725e-17   597704
  6.791236e-01   3.656487e-14   1.842386e-03   4.696251e-17   610946
  6.855006e-01   3.623155e-14   1.837794e-03   4.607400e-17   620852
  6.918722e-01   3.592099e-14   1.841901e-03   4.521206e-17   633530
  6.982524e-01   3.554209e-14   1.841844e-03   4.423057e-17   645704
  7.046316e-01   3.514220e-14   1.840565e-03   4.361837e-17   656744
  7.110074e-01   3.471541e-14   1.841941e-03   4.245279e-17   669162
  7.173906e-01   3.445638e-14   1.843286e-03   4.176530e-17   681992
  7.237681e-01   3.403708e-14   1.838959e-03   4.104168e-17   692360
  7.301485e-01   3.370748e-14   1.844364e-03   4.022186e-17   707006
  7.365206e-01   3.340010e-14   1.834135e-03   3.960605e-17   714944
  7.428835e-01   3.300363e-14   1.841775e-03   3.869236e-17   730346
  7.492606e-01   3.272838e-14   1.838962e-03   3.813121e-17   742616
  7.556415e-01   3.244038e-14   1.843530e-03   3.747153e-17   756536
  7.620128e-01   3.203523e-14   1.836595e-03   3.680898e-17   766418
  7.683917e-01   3.175428e-14   1.845753e-03   3.598808e-17   783392
  7.747614e-01   3.146243e-14   1.833632e-03   3.545406e-17   790412
  7.811334e-01   3.113966e-14   1.848120e-03   3.469514e-17   810314
  7.875277e-01   3.087772e-14   1.843702e-03   3.415404e-17   821960
  7.938987e-01   3.059975e-14   1.834976e-03   3.372634e-17   831266
  8.002712e-01   3.024605e-14   1.843706e-03   3.298042e-17   848960
  8.066557e-01   3.001573e-14   1.842629e-03   3.245133e-17   861488
  8.130204e-01   2.974338e-14   1.833334e-03   3.206521e-17   871194
  8.193985e-01   2.957852e-14   1.847247e-03   3.143301e-17   891788
  8.257796e-01   2.921835e-14   1.838008e-03   3.090759e-17   900416
  8.321422e-01   2.903052e-14   1.836250e-03   3.046693e-17   914306
  8.385264e-01   2.867969e-14   1.847988e-03   2.979820e-17   933992
  8.449011e-01   2.845484e-14   1.834294e-03   2.956264e-17   940826
  8.512701e-01   2.826005e-14   1.842364e-03   2.905481e-17   960224
  8.576621e-01   2.797827e-14   1.846556e-03   2.849539e-17   976316
  8.640381e-01   2.771561e-14   1.835724e-03   2.810191e-17   985010
  8.704114e-01   2.748948e-14   1.843336e-03   2.758095e-17   1004024
  8.767898e-01   2.725705e-14   1.839706e-03   2.711449e-17   1016288
  8.831639e-01   2.701834e-14   1.840690e-03   2.675176e-17   1032290
  8.895470e-01   2.684227e-14   1.843156e-03   2.635903e-17   1048640
  8.959130e-01   2.655296e-14   1.831919e-03   2.603410e-17   1057250
  9.022937e-01   2.637719e-14   1.849588e-03   2.555697e-17   1083140
  9.086870e-01   2.616330e-14   1.840763e-03   2.517642e-17   1092248
  9.150555e-01   2.596834e-14   1.837510e-03   2.491301e-17   1105914
  9.214310e-01   2.571125e-14   1.841822e-03   2.440226e-17   1124744
  9.278120e-01   2.551321e-14   1.841202e-03   2.403041e-17   1139120
  9.341841e-01   2.532058e-14   1.838536e-03   2.379308e-17   1153490
  9.405650e-01   2.513245e-14   1.844187e-03   2.339000e-17   1172936
  9.469357e-01   2.495235e-14   1.834491e-03   2.321332e-17   1182158
  9.533110e-01   2.472385e-14   1.846126e-03   2.272464e-17   1206392
  9.596894e-01   2.456751e-14   1.835525e-03   2.250541e-17   1215224
  9.660641e-01   2.433078e-14   1.844936e-03   2.203769e-17   1237874
  9.724505e-01   2.413774e-14   1.841050e-03   2.178055e-17   1251800
  9.788233e-01   2.403227e-14   1.838619e-03   2.155195e-17   1265792
  9.851993e-01   2.384482e-14   1.843109e-03   2.120692e-17   1286306
  9.915793e-01   2.373790e-14   1.838809e-03   2.107083e-17   1299764
  9.979438e-01   2.343656e-14   1.836769e-03   2.068348e-17   1314554
  1.004319e+00   2.326360e-14   1.843595e-03   2.033353e-17   1337288
  1.010703e+00   2.305503e-14   1.840912e-03   2.008501e-17   1351304
  1.017077e+00   2.292041e-14   1.841769e-03   1.981926e-17   1369026
  1.023461e+00   2.281493e-14   1.843478e-03   1.962365e-17   1388456
  1.029842e+00   2.260003e-14   1.840406e-03   1.927823e-17   1402700
  1.036211e+00   2.246104e-14   1.837802e-03   1.906838e-17   1418282
  1.042587e+00   2.231474e-14   1.843596e-03   1.883078e-17   1440272
  1.048964e+00   2.218972e-14   1.838705e-03   1.864940e-17   1454114
  1.055341e+00   2.201026e-14   1.842603e-03   1.837005e-17   1475480
  1.061720e+00   2.186930e-14   1.840520e-03   1.817577e-17   1490936
  1.068091e+00   2.173264e-14   1.838519e-03   1.800556e-17   1507826
  1.074472e+00   2.158355e-14   1.844275e-03   1.773643e-17   1530764
  1.080850e+00   2.141973e-14   1.839052e-03   1.750674e-17   1543424
  1.087222e+00   2.132520e-14   1.841688e-03   1.734806e-17   1564946
  1.093594e+00   2.119555e-14   1.835875e-03   1.713617e-17   1578536
  1.099970e+00   2.102533e-14   1.845670e-03   1.689960e-17   1604882
  1.106358e+00   2.088532e-14   1.842454e-03   1.672961e-17   1621304
  1.112736e+00   2.071872e-14   1.839545e-03   1.649747e-17   1637024
  1.119103e+00   2.059743e-14   1.837794e-03   1.633013e-17   1654134
  1.125480e+00   2.049212e-14   1.844256e-03   1.614576e-17   1679168
  1.131864e+00   2.030528e-14   1.841903e-03   1.589459e-17   1695944
  1.138235e+00   2.021207e-14   1.836568e-03   1.579863e-17   1710602
  1.144612e+00   2.006687e-14   1.844777e-03   1.557358e-17   1737056
  1.150994e+00   1.998113e-14   1.840390e-03   1.544103e-17   1752602
  1.157370e+00   1.980011e-14   1.839227e-03   1.522500e-17   1772024
  1.163752e+00   1.971159e-14   1.844090e-03   1.506343e-17   1795364
  1.170126e+00   1.957682e-14   1.836467e-03   1.493229e-17   1807634
  1.176490e+00   1.945243e-14   1.836183e-03   1.471986e-17   1827608
  1.182859e+00   1.934698e-14   1.840789e-03   1.457232e-17   1850984
  1.189240e+00   1.925717e-14   1.844107e-03   1.444869e-17   1874618
  1.195619e+00   1.913453e-14   1.838445e-03   1.430853e-17   1889504
  1.202001e+00   1.899674e-14   1.845373e-03   1.412179e-17   1916870
  1.208383e+00   1.887851e-14   1.838254e-03   1.399299e-17   1929728
  1.214760e+00   1.877997e-14   1.843674e-03   1.381852e-17   1955408
  1.221131e+00   1.864358e-14   1.834427e-03   1.369695e-17   1966842
  1.227503e+00   1.850850e-14   1.843005e-03   1.353828e-17   1996640
  1.233886e+00   1.842345e-14   1.842690e-03   1.339325e-17   2016392
  1.240265e+00   1.835156e-14   1.839730e-03   1.330245e-17   2034722
  1.246641e+00   1.821557e-14   1.840813e-03   1.312013e-17   2056460
  1.253014e+00   1.810248e-14   1.838931e-03   1.299174e-17   2075186
  1.259388e+00   1.801104e-14   1.840566e-03   1.286447e-17   2099096
  1.265761e+00   1.793283e-14   1.837910e-03   1.278796e-17   2116832
  1.272138e+00   1.781728e-14   1.844119e-03   1.260528e-17   2145146
  1.278526e+00   1.772332e-14   1.844128e-03   1.248809e-17   2166776
  1.284904e+00   1.758640e-14   1.838822e-03   1.235655e-17   2181848
  1.291273e+00   1.751227e-14   1.838785e-03   1.226322e-17   2203766
  1.297646e+00   1.741870e-14   1.840619e-03   1.213490e-17   2227664
  1.304025e+00   1.732303e-14   1.842381e-03   1.201699e-17   2252138
  1.310403e+00   1.720654e-14   1.839825e-03   1.192377e-17   2271152
  1.316777e+00   1.712856e-14   1.840536e-03   1.178861e-17   2293256
  1.323154e+00   1.704799e-14   1.842085e-03   1.167899e-17   2318130
  1.329536e+00   1.697924e-14   1.841956e-03   1.158870e-17   2340824
  1.335910e+00   1.685726e-14   1.838342e-03   1.146842e-17   2357990
  1.342292e+00   1.673966e-14   1.846396e-03   1.131992e-17   2391176
  1.348671e+00   1.665303e-14   1.837209e-03   1.127319e-17   2401808
  1.355040e+00   1.655901e-14   1.840258e-03   1.112882e-17   2428442
  1.361418e+00   1.649672e-14   1.842645e-03   1.105321e-17   2454752
  1.367798e+00   1.638921e-14   1.841270e-03   1.093281e-17   2475872
  1.374172e+00   1.632661e-14   1.838763e-03   1.085902e-17   2495822
  1.380543e+00   1.623462e-14   1.839940e-03   1.076431e-17   2520248
  1.386922e+00   1.616544e-14   1.844043e-03   1.067389e-17   2549186
  1.393299e+00   1.609071e-14   1.837661e-03   1.060807e-17   2564768
  1.399672e+00   1.595874e-14   1.841284e-03   1.047839e-17   2592968
  1.406054e+00   1.590444e-14   1.843378e-03   1.038533e-17   2619818
  1.412431e+00   1.578844e-14   1.838027e-03   1.028528e-17   2636384
  1.418803e+00   1.574853e-14   1.840293e-03   1.022302e-17   2662220
  1.425180e+00   1.567049e-14   1.842524e-03   1.012369e-17   2689770
  1.431560e+00   1.557310e-14   1.840994e-03   1.002142e-17   2712296
  1.437933e+00   1.548781e-14   1.838431e-03   9.936155e-18   2732618
  1.444312e+00   1.541330e-14   1.843932e-03   9.858146e-18   2765264
  1.450695e+00   1.532404e-14   1.840894e-03   9.780008e-18   2784824
  1.457066e+00   1.525670e-14   1.837138e-03   9.706246e-18   2804162
  1.463445e+00   1.517732e-14   1.844971e-03   9.613675e-18   2840612
  1.469825e+00   1.510691e-14   1.839130e-03   9.529779e-18   2855576
  1.476198e+00   1.502066e-14   1.840533e-03   9.455773e-18   2883458
  1.482571e+00   1.496020e-14   1.838217e-03   9.412429e-18   2904128
  1.488946e+00   1.487696e-14   1.843378e-03   9.291063e-18   2937026
  1.495325e+00   1.482854e-14   1.839218e-03   9.261481e-18   2956976
  1.501703e+00   1.472415e-14   1.841967e-03   9.148373e-18   2986472
  1.508082e+00   1.466744e-14   1.840166e-03   9.077511e-18   3008918
  1.514460e+00   1.459870e-14   1.841773e-03   9.009931e-18   3036752
  1.520836e+00   1.453262e-14   1.839884e-03   8.954261e-18   3058376
  1.527209e+00   1.443856e-14   1.839616e-03   8.887037e-18   3084210
  1.533583e+00   1.438566e-14   1.840948e-03   8.815916e-18   3111848
  1.539960e+00   1.431014e-14   1.841348e-03   8.737892e-18   3138890
  1.546339e+00   1.425057e-14   1.840626e-03   8.684394e-18   3164516
  1.552719e+00   1.417631e-14   1.842638e-03   8.600562e-18   3192656
  1.559097e+00   1.414825e-14   1.840555e-03   8.564383e-18   3215618
  1.565473e+00   1.404985e-14   1.840732e-03   8.471536e-18   3242888
  1.571846e+00   1.396361e-14   1.839114e-03   8.418130e-18   3265448
  1.578224e+00   1.391042e-14   1.843575e-03   8.324516e-18   3300842
  1.584604e+00   1.384699e-14   1.839884e-03   8.288051e-18   3321008
  1.590977e+00   1.377862e-14   1.839336e-03   8.225414e-18   3346406
  1.597352e+00   1.372002e-14   1.841596e-03   8.162599e-18   3377984
  1.603728e+00   1.364703e-14   1.839551e-03   8.099132e-18   3400352
  1.610103e+00   1.356349e-14   1.841321e-03   8.013804e-18   3431450
  1.616483e+00   1.352427e-14   1.841519e-03   7.988083e-18   3458768
  1.622859e+00   1.344167e-14   1.841183e-03   7.892966e-18   3484088
  1.629231e+00   1.340766e-14   1.838425e-03   7.867337e-18   3508218
  1.635610e+00   1.333008e-14   1.843946e-03   7.806317e-18   3545924
  1.641992e+00   1.324199e-14   1.841053e-03   7.727196e-18   3567530
  1.648369e+00   1.321698e-14   1.840183e-03   7.704100e-18   3595040
  1.654744e+00   1.315800e-14   1.840167e-03   7.644492e-18   3621176
  1.661115e+00   1.309221e-14   1.839521e-03   7.579313e-18   3647738
  1.667490e+00   1.303419e-14   1.841438e-03   7.528184e-18   3680480
  1.673870e+00   1.296638e-14   1.842082e-03   7.469991e-18   3709712
  1.680248e+00   1.291675e-14   1.840008e-03   7.441270e-18   3734702
  1.686623e+00   1.287175e-14   1.840362e-03   7.378114e-18   3762776
  1.692996e+00   1.279162e-14   1.839854e-03   7.328921e-18   3790514
  1.699371e+00   1.274314e-14   1.839908e-03   7.266121e-18   3820352
  1.705752e+00   1.267818e-14   1.844068e-03   7.197616e-18   3856016
  1.712131e+00   1.263193e-14   1.839690e-03   7.172892e-18   3876818
  1.718506e+00   1.257037e-14   1.839874e-03   7.129763e-18   3906332
  1.724882e+00   1.250947e-14   1.841963e-03   7.066036e-18   3938216
  1.731260e+00   1.246352e-14   1.840685e-03   7.033532e-18   3966354
  1.737636e+00   1.237906e-14   1.839695e-03   6.967980e-18   3993536
  1.744011e+00   1.231954e-14   1.840344e-03   6.918848e-18   4024034
  1.750392e+00   1.229598e-14   1.843071e-03   6.888069e-18   4060208
  1.756773e+00   1.224058e-14   1.840812e-03   6.833994e-18   4083632
  1.763145e+00   1.217716e-14   1.837811e-03   6.789776e-18   4107062
  1.769521e+00   1.213723e-14   1.842771e-03   6.746964e-18   4148072
  1.775893e+00   1.205125e-14   1.836707e-03   6.688315e-18   4163456
  1.782267e+00   1.201997e-14   1.842476e-03   6.651254e-18   4207994
  1.788652e+00   1.195837e-14   1.843367e-03   6.602142e-18   4239152
  1.795029e+00   1.191516e-14   1.839132e-03   6.571276e-18   4259426
  1.801407e+00   1.185853e-14   1.842524e-03   6.518410e-18   4299488
  1.807788e+00   1.181573e-14   1.840660e-03   6.479302e-18   4323692
  1.814162e+00   1.176559e-14   1.840093e-03   6.442051e-18   4353242
  1.820541e+00   1.170807e-14   1.841694e-03   6.391634e-18   4388792
  1.826915e+00   1.167130e-14   1.838387e-03   6.371535e-18   4409912
  1.833288e+00   1.160518e-14   1.841592e-03   6.310482e-18   4449282
  1.839667e+00   1.155688e-14   1.840784e-03   6.269145e-18   4478504
  1.846041e+00   1.149986e-14   1.839106e-03   6.230287e-18   4505882
  1.852417e+00   1.144005e-14   1.841020e-03   6.182773e-18   4542044
  1.858793e+00   1.139395e-14   1.840344e-03   6.144468e-18   4569608
  1.865169e+00   1.135108e-14   1.841195e-03   6.101815e-18   4604426
  1.871550e+00   1.130474e-14   1.842311e-03   6.068886e-18   4638896
  1.877925e+00   1.123814e-14   1.838827e-03   6.024419e-18   4660088
  1.884299e+00   1.121063e-14   1.841797e-03   5.994012e-18   4701290
  1.890678e+00   1.116092e-14   1.840619e-03   5.950993e-18   4729292
  1.897054e+00   1.111215e-14   1.841565e-03   5.925739e-18   4762706
  1.903435e+00   1.106556e-14   1.842610e-03   5.888150e-18   4799336
  1.909810e+00   1.100859e-14   1.837970e-03   5.835139e-18   4818680
  1.916185e+00   1.097259e-14   1.842882e-03   5.796158e-18   4863962
  1.922563e+00   1.092314e-14   1.839027e-03   5.768326e-18   4886216
  1.928938e+00   1.086909e-14   1.841692e-03   5.724822e-18   4925360
  1.935312e+00   1.083148e-14   1.838487e-03   5.707834e-18   4950198
  1.941682e+00   1.077158e-14   1.839228e-03   5.676558e-18   4983776
  1.948062e+00   1.073462e-14   1.844717e-03   5.615242e-18   5032058
  1.954444e+00   1.069764e-14   1.839748e-03   5.596168e-18   5052296
  1.960816e+00   1.064039e-14   1.839118e-03   5.559349e-18   5081048
  1.967192e+00   1.060949e-14   1.843475e-03   5.528476e-18   5127146
  1.973574e+00   1.056916e-14   1.841069e-03   5.494237e-18   5155376
  1.979948e+00   1.050834e-14   1.838766e-03   5.456632e-18   5181068
  1.986324e+00   1.048228e-14   1.842536e-03   5.435757e-18   5225906
  1.992703e+00   1.043224e-14   1.840301e-03   5.398299e-18   5253224
  1.999075e+00   1.038573e-14   1.838471e-03   5.362940e-18   5281154
  2.005453e+00   1.034014e-14   1.843666e-03   5.326975e-18   5330336
  2.011834e+00   1.028328e-14   1.840278e-03   5.283333e-18   5354120
  2.018204e+00   1.025836e-14   1.837177e-03   5.278338e-18   5380154
  2.024582e+00   1.022013e-14   1.844004e-03   5.234386e-18   5433740
  2.030964e+00   1.017547e-14   1.841066e-03   5.210309e-18   5458202
  2.037337e+00   1.013919e-14   1.838473e-03   5.185240e-18   5486424
  2.043713e+00   1.009725e-14   1.842073e-03   5.146092e-18   5530640
  2.050092e+00   1.004272e-14   1.840865e-03   5.110745e-18   5561162
  2.056472e+00   1.000605e-14   1.842354e-03   5.087273e-18   5601512
  2.062848e+00   9.960893e-15   1.838550e-03   5.056880e-18   5623244
  2.069220e+00   9.919423e-15   1.840849e-03   5.024300e-18   5665346
  2.075598e+00   9.891791e-15   1.841113e-03   5.006638e-18   5702384
  2.081975e+00   9.846290e-15   1.840298e-03   4.965931e-18   5734706
  2.088353e+00   9.810637e-15   1.841301e-03   4.934782e-18   5773184
  2.094733e+00   9.778052e-15   1.841946e-03   4.919674e-18   5809568
  2.101105e+00   9.727185e-15   1.837552e-03   4.886540e-18   5831090
  2.107479e+00   9.692436e-15   1.842206e-03   4.862614e-18   5881964
  2.113859e+00   9.641748e-15   1.841213e-03   4.813940e-18   5913416
  2.120238e+00   9.612298e-15   1.841923e-03   4.801476e-18   5952290
  2.126616e+00   9.581388e-15   1.839865e-03   4.778101e-18   5981144
  2.132988e+00   9.537605e-15   1.839742e-03   4.742879e-18   6015290
  2.139364e+00   9.500207e-15   1.841927e-03   4.730760e-18   6059664
  2.145743e+00   9.440260e-15   1.840799e-03   4.684128e-18   6092336
  2.152122e+00   9.423179e-15   1.842086e-03   4.660445e-18   6132806
  2.158501e+00   9.384943e-15   1.841321e-03   4.640046e-18   6166832
  2.164873e+00   9.351612e-15   1.837443e-03   4.625085e-18   6189272
  2.171243e+00   9.313594e-15   1.841004e-03   4.591305e-18   6238154
  2.177621e+00   9.277860e-15   1.841080e-03   4.566097e-18   6275288
  2.184000e+00   9.236201e-15   1.842241e-03   4.531009e-18   6316322
  2.190379e+00   9.216129e-15   1.840641e-03   4.523134e-18   6348488
  2.196756e+00   9.165795e-15   1.841212e-03   4.490653e-18   6385868
  2.203134e+00   9.126519e-15   1.841850e-03   4.457650e-18   6425378
  2.209510e+00   9.098853e-15   1.839408e-03   4.445846e-18   6455360
  2.215886e+00   9.052188e-15   1.841392e-03   4.414728e-18   6498176
  2.222261e+00   9.029330e-15   1.840198e-03   4.397403e-18   6531674
  2.228637e+00   8.996770e-15   1.841209e-03   4.371223e-18   6573368
  2.235015e+00   8.951316e-15   1.841417e-03   4.337896e-18   6611246
  2.241392e+00   8.940250e-15   1.840803e-03   4.335384e-18   6647424
  2.247770e+00   8.897409e-15   1.841365e-03   4.305873e-18   6687488
  2.254147e+00   8.859381e-15   1.839919e-03   4.277462e-18   6721250
  2.260520e+00   8.822716e-15   1.839077e-03   4.254285e-18   6755816
  2.266897e+00   8.791523e-15   1.842933e-03   4.236469e-18   6806504
  2.273276e+00   8.755865e-15   1.840584e-03   4.209423e-18   6837506
  2.279651e+00   8.727791e-15   1.839474e-03   4.196043e-18   6871556
  2.286030e+00   8.688588e-15   1.843489e-03   4.162479e-18   6924938
  2.292407e+00   8.679859e-15   1.838210e-03   4.156652e-18   6945320
  2.298778e+00   8.631515e-15   1.839118e-03   4.124029e-18   6986072
  2.305158e+00   8.611169e-15   1.844888e-03   4.101052e-18   7046642
  2.311538e+00   8.574049e-15   1.838415e-03   4.094596e-18   7061168
  2.317910e+00   8.534759e-15   1.840538e-03   4.064508e-18   7108064
  2.324288e+00   8.513011e-15   1.841488e-03   4.043707e-18   7151822
  2.330666e+00   8.487634e-15   1.840837e-03   4.032824e-18   7187600
  2.337045e+00   8.456185e-15   1.841819e-03   4.007086e-18   7231418
  2.343420e+00   8.427952e-15   1.838266e-03   3.993625e-18   7257912
  2.349793e+00   8.387123e-15   1.841246e-03   3.956843e-18   7307840
  2.356171e+00   8.359579e-15   1.840707e-03   3.946482e-18   7346618
  2.362545e+00   8.333167e-15   1.838315e-03   3.940617e-18   7376552
  2.368920e+00   8.302824e-15   1.842635e-03   3.904243e-18   7431740
  2.375299e+00   8.279229e-15   1.840580e-03   3.890196e-18   7464458
  2.381675e+00   8.243594e-15   1.840724e-03   3.871544e-18   7505672
  2.388054e+00   8.211919e-15   1.841875e-03   3.851831e-18   7550906
  2.394430e+00   8.194810e-15   1.839274e-03   3.839937e-18   7580720
  2.400808e+00   8.155988e-15   1.843124e-03   3.808895e-18   7635944
  2.407183e+00   8.129135e-15   1.837385e-03   3.802019e-18   7653254
  2.413557e+00   8.105671e-15   1.842500e-03   3.780945e-18   7714712
  2.419937e+00   8.070332e-15   1.841714e-03   3.760560e-18   7751840
  2.426315e+00   8.054051e-15   1.840093e-03   3.750089e-18   7788170
  2.432690e+00   8.015673e-15   1.840288e-03   3.722845e-18   7828544
  2.439067e+00   7.991856e-15   1.841589e-03   3.705022e-18   7874474
  2.445442e+00   7.973530e-15   1.838917e-03   3.699311e-18   7906032
  2.451817e+00   7.941559e-15   1.841643e-03   3.680354e-18   7957580
  2.458195e+00   7.908377e-15   1.840967e-03   3.646759e-18   7995962
  2.464573e+00   7.890725e-15   1.841319e-03   3.649171e-18   8038976
  2.470951e+00   7.857475e-15   1.841937e-03   3.621717e-18   8082320
  2.477329e+00   7.835372e-15   1.840784e-03   3.609541e-18   8120450
  2.483701e+00   7.815521e-15   1.838200e-03   3.594107e-18   8150312
  2.490075e+00   7.780462e-15   1.842025e-03   3.571551e-18   8210450
  2.496455e+00   7.764171e-15   1.840554e-03   3.566387e-18   8246732
  2.502832e+00   7.733040e-15   1.841458e-03   3.543219e-18   8290256
  2.509210e+00   7.702000e-15   1.841232e-03   3.523878e-18   8333306
  2.515587e+00   7.685410e-15   1.840510e-03   3.510671e-18   8372312
  2.521962e+00   7.664070e-15   1.840644e-03   3.497927e-18   8413472
  2.528337e+00   7.644356e-15   1.840038e-03   3.486907e-18   8455634
  2.534714e+00   7.616674e-15   1.841410e-03   3.470534e-18   8503736
  2.541090e+00   7.584922e-15   1.840703e-03   3.446114e-18   8542814
  2.547468e+00   7.568722e-15   1.841283e-03   3.440747e-18   8589960
  2.553847e+00   7.532943e-15   1.841675e-03   3.414933e-18   8633912
  2.560223e+00   7.530464e-15   1.839336e-03   3.417133e-18   8666690
  2.566599e+00   7.507568e-15   1.842209e-03   3.399724e-18   8722544
  2.572977e+00   7.473755e-15   1.840585e-03   3.385557e-18   8758112
  2.579352e+00   7.456652e-15   1.839548e-03   3.369046e-18   8798750
  2.585728e+00   7.432977e-15   1.841277e-03   3.353529e-18   8848808
  2.592104e+00   7.409324e-15   1.840251e-03   3.340303e-18   8889170
  2.598481e+00   7.389318e-15   1.840227e-03   3.329328e-18   8934608
  2.604856e+00   7.357534e-15   1.839643e-03   3.307813e-18   8971640
  2.611232e+00   7.347216e-15   1.842388e-03   3.296988e-18   9029954
  2.617612e+00   7.326128e-15   1.840920e-03   3.291281e-18   9067856
  2.623987e+00   7.296538e-15   1.839672e-03   3.269918e-18   9104444
  2.630367e+00   7.287888e-15   1.843923e-03   3.260768e-18   9171242
  2.636745e+00   7.253489e-15   1.838017e-03   3.243787e-18   9185528
  2.643114e+00   7.235710e-15   1.839022e-03   3.235191e-18   9235394
  2.649494e+00   7.220568e-15   1.844050e-03   3.222295e-18   9305688
  2.655872e+00   7.187773e-15   1.838662e-03   3.201135e-18   9321824
  2.662249e+00   7.177274e-15   1.843226e-03   3.192056e-18   9392090
  2.668628e+00   7.156523e-15   1.839001e-03   3.184300e-18   9414332
  2.675000e+00   7.125557e-15   1.840415e-03   3.168357e-18   9465410
  2.681380e+00   7.125605e-15   1.842364e-03   3.162053e-18   9523760
  2.687758e+00   7.101421e-15   1.839771e-03   3.155361e-18   9553832
  2.694133e+00   7.077862e-15   1.840855e-03   3.139278e-18   9604298
  2.700510e+00   7.062701e-15   1.840893e-03   3.125311e-18   9651176
  2.706885e+00   7.033915e-15   1.839603e-03   3.107622e-18   9687704
  2.713262e+00   7.023243e-15   1.842393e-03   3.100209e-18   9748574
  2.719643e+00   7.001785e-15   1.842290e-03   3.086368e-18   9794624
  2.726015e+00   6.983570e-15   1.836766e-03   3.081948e-18   9811370
  2.732389e+00   6.972260e-15   1.842921e-03   3.069543e-18   9891320
  2.738770e+00   6.948181e-15   1.841218e-03   3.057523e-18   9926024
  2.745146e+00   6.926429e-15   1.840208e-03   3.045191e-18   9967586
  2.751522e+00   6.910491e-15   1.840755e-03   3.029753e-18   10018116
  2.757897e+00   6.889321e-15   1.840456e-03   3.019005e-18   10060280
  2.764274e+00   6.878727e-15   1.841667e-03   3.018499e-18   10115450
  2.770654e+00   6.864817e-15   1.841837e-03   3.002111e-18   10164368
  2.777028e+00   6.838237e-15   1.838094e-03   2.991175e-18   10188314
  2.783404e+00   6.827558e-15   1.843290e-03   2.984531e-18   10265168
  2.789784e+00   6.806279e-15   1.840160e-03   2.971772e-18   10294448
  2.796159e+00   6.793734e-15   1.840640e-03   2.967489e-18   10343918
  2.802537e+00   6.778438e-15   1.841730e-03   2.957787e-18   10397600
  2.808913e+00   6.753971e-15   1.840311e-03   2.942244e-18   10435328
  2.815285e+00   6.748510e-15   1.838957e-03   2.937424e-18   10476698
  2.821661e+00   6.731254e-15   1.842237e-03   2.921736e-18   10543184
  2.828039e+00   6.706444e-15   1.839935e-03   2.910611e-18   10577834
  2.834417e+00   6.702108e-15   1.842252e-03   2.905435e-18   10641560
  2.840795e+00   6.682739e-15   1.839115e-03   2.902516e-18   10668452
  2.847169e+00   6.667853e-15   1.841467e-03   2.891922e-18   10729634
  2.853544e+00   6.659231e-15   1.839115e-03   2.882002e-18   10766520
  2.859920e+00   6.639935e-15   1.841423e-03   2.869952e-18   10825856
  2.866300e+00   6.630035e-15   1.842253e-03   2.864166e-18   10880090
  2.872679e+00   6.618099e-15   1.840348e-03   2.863326e-18   10918088
  2.879054e+00   6.589682e-15   1.840274e-03   2.844144e-18   10964474
  2.885431e+00   6.585692e-15   1.841464e-03   2.840529e-18   11021180
  2.891809e+00   6.563538e-15   1.840637e-03   2.825816e-18   11064248
  2.898185e+00   6.554164e-15   1.840651e-03   2.818661e-18   11114234
  2.904565e+00   6.544225e-15   1.842174e-03   2.811791e-18   11172872
  2.910943e+00   6.518252e-15   1.840078e-03   2.799614e-18   11206880
  2.917314e+00   6.517436e-15   1.838484e-03   2.799912e-18   11248130
  2.923689e+00   6.498829e-15   1.841523e-03   2.787745e-18   11316140
  2.930066e+00   6.480731e-15   1.840085e-03   2.777588e-18   11355554
  2.936443e+00   6.475447e-15   1.841835e-03   2.772437e-18   11417840
  2.942822e+00   6.460025e-15   1.840319e-03   2.764397e-18   11456528
  2.949199e+00   6.448613e-15   1.841526e-03   2.760333e-18   11512874
  2.955576e+00   6.442612e-15   1.840486e-03   2.758836e-18   11557272
  2.961950e+00   6.419096e-15   1.839582e-03   2.742925e-18   11600360
  2.968326e+00   6.413563e-15   1.841593e-03   2.737232e-18   11663678
  2.974703e+00   6.398711e-15   1.840371e-03   2.730475e-18   11705552
  2.981079e+00   6.383755e-15   1.840912e-03   2.718708e-18   11758658
  2.987457e+00   6.374524e-15   1.841605e-03   2.712160e-18   11815208
  2.993836e+00   6.364309e-15   1.841556e-03   2.709114e-18   11864000
  3.000212e+00   6.352147e-15   1.839938e-03   2.707560e-18   11904962
  3.006589e+00   6.344778e-15   1.840973e-03   2.698349e-18   11963696
  3.012966e+00   6.328465e-15   1.840866e-03   2.688305e-18   12011132
  3.019341e+00   6.321592e-15   1.840389e-03   2.685319e-18   12059450
  3.025718e+00   6.308896e-15   1.841438e-03   2.675170e-18   12118280
  3.032095e+00   6.297694e-15   1.840188e-03   2.671188e-18   12160562
  3.038470e+00   6.289905e-15   1.840247e-03   2.671671e-18   12212768
  3.044846e+00   6.276719e-15   1.841220e-03   2.657190e-18   12269504
  3.051223e+00   6.267754e-15   1.840948e-03   2.655696e-18   12319370
  3.057600e+00   6.260574e-15   1.840852e-03   2.646028e-18   12370140
  3.063975e+00   6.234085e-15   1.840437e-03   2.633838e-18   12417752
  3.070352e+00   6.239068e-15   1.841133e-03   2.636003e-18   12476882
  3.076731e+00   6.229146e-15   1.841502e-03   2.627100e-18   12530816
  3.083108e+00   6.213167e-15   1.840958e-03   2.620754e-18   12577658
  3.089485e+00   6.215346e-15   1.840591e-03   2.626163e-18   12629288
  3.095862e+00   6.202571e-15   1.841067e-03   2.614776e-18   12683828
  3.102237e+00   6.188532e-15   1.839537e-03   2.610330e-18   12725354
  3.108612e+00   6.186204e-15   1.841269e-03   2.608523e-18   12790616
  3.114989e+00   6.169120e-15   1.840010e-03   2.596990e-18   12833768
  3.121365e+00   6.168688e-15   1.841117e-03   2.594765e-18   12894194
  3.127743e+00   6.153916e-15   1.841676e-03   2.588578e-18   12950240
  3.134122e+00   6.144846e-15   1.840849e-03   2.582269e-18   12998714
  3.140498e+00   6.141746e-15   1.840244e-03   2.580288e-18   13048100
  3.146876e+00   6.124735e-15   1.841732e-03   2.570851e-18   13109120
  3.153254e+00   6.124072e-15   1.841032e-03   2.567411e-18   13158506
  3.159627e+00   6.116839e-15   1.838302e-03   2.571461e-18   13193040
  3.166002e+00   6.103168e-15   1.841969e-03   2.555301e-18   13271072
  3.172380e+00   6.102779e-15   1.840294e-03   2.562093e-18   13314242
  3.178754e+00   6.095788e-15   1.839703e-03   2.557056e-18   13363808
  3.185133e+00   6.079138e-15   1.842485e-03   2.542683e-18   13436822
  3.191512e+00   6.078813e-15   1.840487e-03   2.547206e-18   13476080
  3.197887e+00   6.066240e-15   1.840204e-03   2.539767e-18   13527296
  3.204264e+00   6.063322e-15   1.841161e-03   2.537226e-18   13589498
  3.210638e+00   6.055949e-15   1.838626e-03   2.534582e-18   13623704
  3.217016e+00   6.045067e-15   1.844054e-03   2.523161e-18   13717280
  3.223396e+00   6.044097e-15   1.839294e-03   2.527241e-18   13737914
  3.229770e+00   6.035139e-15   1.840743e-03   2.521226e-18   13801772
  3.236147e+00   6.027086e-15   1.841678e-03   2.517393e-18   13864298
  3.242524e+00   6.032453e-15   1.839451e-03   2.525039e-18   13904216
  3.248899e+00   6.014039e-15   1.840700e-03   2.509084e-18   13966064
  3.255276e+00   6.008062e-15   1.841492e-03   2.506439e-18   14027042
  3.261651e+00   6.006699e-15   1.838676e-03   2.507055e-18   14061048
  3.268027e+00   6.000509e-15   1.842396e-03   2.498703e-18   14143820
  3.274405e+00   6.000761e-15   1.840137e-03   2.504388e-18   14182442
  3.280782e+00   5.988677e-15   1.841285e-03   2.500240e-18   14245568
  3.287160e+00   5.991179e-15   1.841226e-03   2.496374e-18   14301338
  3.293537e+00   5.982127e-15   1.840394e-03   2.492970e-18   14350064
  3.299913e+00   5.975056e-15   1.841485e-03   2.487458e-18   14412488
  3.306292e+00   5.972765e-15   1.841397e-03   2.487202e-18   14470250
  3.312668e+00   5.964288e-15   1.839514e-03   2.484001e-18   14509484
  3.319039e+00   5.962010e-15   1.839618e-03   2.480746e-18   14564474
  3.325416e+00   5.962809e-15   1.842538e-03   2.483960e-18   14646632
  3.331795e+00   5.950496e-15   1.839978e-03   2.476161e-18   14681792
  3.338171e+00   5.946443e-15   1.841401e-03   2.470951e-18   14749946
  3.344548e+00   5.943750e-15   1.840482e-03   2.471553e-18   14799968
  3.350923e+00   5.938667e-15   1.839748e-03   2.468836e-18   14848808
  3.357300e+00   5.940860e-15   1.842276e-03   2.467948e-18   14925638
  3.363678e+00   5.932532e-15   1.840046e-03   2.468654e-18   14963016
  3.370053e+00   5.922096e-15   1.841263e-03   2.460190e-18   15031106
  3.376432e+00   5.929526e-15   1.841574e-03   2.463900e-18   15092384
  3.382808e+00   5.924677e-15   1.839899e-03   2.464193e-18   15132248
  3.389183e+00   5.918464e-15   1.841248e-03   2.457858e-18   15202322
  3.395560e+00   5.922109e-15   1.839985e-03   2.460694e-18   15250832
  3.401936e+00   5.906904e-15   1.841279e-03   2.452441e-18   15315692
  3.408315e+00   5.908658e-15   1.842099e-03   2.454358e-18   15382346
  3.414692e+00   5.908350e-15   1.839166e-03   2.455141e-18   15416024
  3.421065e+00   5.899756e-15   1.840590e-03   2.447730e-18   15483602
  3.427446e+00   5.914340e-15   1.843566e-03   2.458658e-18   15568424
  3.433825e+00   5.901618e-15   1.839187e-03   2.452341e-18   15589280
  3.440198e+00   5.897175e-15   1.839744e-03   2.448804e-18   15652502
  3.446575e+00   5.897519e-15   1.841959e-03   2.447835e-18   15728960
  3.452954e+00   5.897712e-15   1.840551e-03   2.448016e-18   15773168
  3.459328e+00   5.901183e-15   1.839940e-03   2.451502e-18   15828290
  3.465704e+00   5.891411e-15   1.840910e-03   2.443186e-18   15893184
  3.472081e+00   5.880873e-15   1.841157e-03   2.436815e-18   15954194
  3.478457e+00   5.892444e-15   1.839872e-03   2.447307e-18   16006016
  3.484831e+00   5.886111e-15   1.839639e-03   2.446454e-18   16058684
  3.491208e+00   5.887632e-15   1.842456e-03   2.442354e-18   16141898
  3.497590e+00   5.889173e-15   1.841864e-03   2.445852e-18   16197872
  3.503966e+00   5.882793e-15   1.839313e-03   2.445248e-18   16231640
  3.510341e+00   5.885951e-15   1.841313e-03   2.447570e-18   16310090
  3.516721e+00   5.886085e-15   1.841945e-03   2.443618e-18   16375136
  3.523097e+00   5.885185e-15   1.839457e-03   2.445699e-18   16412522
  3.529473e+00   5.889399e-15   1.841163e-03   2.447216e-18   16488308
  3.535850e+00   5.883178e-15   1.840616e-03   2.445140e-18   16539968
  3.542225e+00   5.888506e-15   1.839938e-03   2.448455e-18   16595714
  3.548602e+00   5.883555e-15   1.841625e-03   2.444796e-18   16671224
  3.554979e+00   5.876209e-15   1.840210e-03   2.439853e-18   16714064
  3.561354e+00   5.884536e-15   1.840955e-03   2.448233e-18   16783202
  3.567731e+00   5.885548e-15   1.840815e-03   2.445828e-18   16842504
  3.574108e+00   5.879175e-15   1.841084e-03   2.447314e-18   16904894
  3.580486e+00   5.890628e-15   1.841127e-03   2.451843e-18   16968656
  3.586865e+00   5.891746e-15   1.841521e-03   2.453179e-18   17030288
  3.593238e+00   5.891445e-15   1.838444e-03   2.452004e-18   17061482
  3.599615e+00   5.894493e-15   1.842988e-03   2.453002e-18   17164976
  3.605993e+00   5.891682e-15   1.840068e-03   2.453779e-18   17197184
  3.612368e+00   5.898407e-15   1.840756e-03   2.460400e-18   17267102
  3.618746e+00   5.895388e-15   1.841072e-03   2.458200e-18   17329928
  3.625121e+00   5.897022e-15   1.839901e-03   2.461076e-18   17378906
  3.631497e+00   5.904600e-15   1.841182e-03   2.461210e-18   17454776
  3.637873e+00   5.900318e-15   1.839972e-03   2.461161e-18   17501720
  3.644249e+00   5.899848e-15   1.842109e-03   2.460911e-18   17584826
  3.650631e+00   5.912443e-15   1.841819e-03   2.467738e-18   17646008
  3.657008e+00   5.905088e-15   1.840059e-03   2.465023e-18   17686412
  3.663381e+00   5.914187e-15   1.840228e-03   2.469886e-18   17751266
  3.669756e+00   5.917646e-15   1.840035e-03   2.470354e-18   17812848
  3.676130e+00   5.913245e-15   1.840074e-03   2.467391e-18   17874866
  3.682507e+00   5.925600e-15   1.841337e-03   2.477855e-18   17951720
  3.688886e+00   5.919992e-15   1.841134e-03   2.473670e-18   18009344
  3.695262e+00   5.923353e-15   1.840349e-03   2.475628e-18   18064730
  3.701640e+00   5.937564e-15   1.841339e-03   2.485076e-18   18137372
  3.708017e+00   5.928948e-15   1.840603e-03   2.480995e-18   18189632
  3.714392e+00   5.947514e-15   1.840457e-03   2.491761e-18   18254330
  3.720770e+00   5.946781e-15   1.841473e-03   2.490902e-18   18325808
  3.727148e+00   5.942580e-15   1.840737e-03   2.489770e-18   18379610
  3.733524e+00   5.954588e-15   1.840702e-03   2.499036e-18   18445760
  3.739901e+00   5.957958e-15   1.840479e-03   2.499025e-18   18504440
  3.746277e+00   5.965342e-15   1.840875e-03   2.504902e-18   18572198
  3.752657e+00   5.972562e-15   1.841895e-03   2.508734e-18   18647480
  3.759032e+00   5.971395e-15   1.838946e-03   2.510532e-18   18678152
  3.765406e+00   5.987846e-15   1.841061e-03   2.521950e-18   18764186
  3.771782e+00   5.938317e-15   1.840849e-03   2.493241e-18   18794103
  3.778158e+00   5.823941e-15   1.840297e-03   2.428106e-18   18760748
  3.784533e+00   5.708158e-15   1.840231e-03   2.358402e-18   18727940
  3.790912e+00   5.592468e-15   1.842073e-03   2.290829e-18   18712436
  3.797287e+00   5.482742e-15   1.838840e-03   2.225686e-18   18646616
  3.803663e+00   5.376083e-15   1.842455e-03   2.162936e-18   18651296
  3.810042e+00   5.274710e-15   1.840334e-03   2.106693e-18   18596096
  3.816418e+00   5.173448e-15   1.841121e-03   2.050502e-18   18571364
  3.822794e+00   5.080971e-15   1.839859e-03   1.999633e-18   18527096
  3.829170e+00   4.981956e-15   1.840846e-03   1.944079e-18   18501368
  3.835548e+00   4.901420e-15   1.841771e-03   1.901549e-18   18475040
  3.841927e+00   4.808445e-15   1.841481e-03   1.851743e-18   18439436
  3.848301e+00   4.723678e-15   1.838521e-03   1.805514e-18   18375752
  3.854674e+00   4.644239e-15   1.840584e-03   1.760450e-18   18361484
  3.861052e+00   4.565201e-15   1.842393e-03   1.718402e-18   18344504
  3.867430e+00   4.486698e-15   1.839817e-03   1.680124e-18   18284708
  3.873806e+00   4.413493e-15   1.841259e-03   1.642296e-18   18264048
  3.880183e+00   4.345099e-15   1.840629e-03   1.605951e-18   18220964
  3.886557e+00   4.270971e-15   1.839363e-03   1.567698e-18   18173528
  3.892935e+00   4.206213e-15   1.843046e-03   1.534123e-18   18173780
  3.899316e+00   4.136216e-15   1.841138e-03   1.498975e-18   18116660
  3.905693e+00   4.076645e-15   1.840842e-03   1.469001e-18   18078740
  3.912066e+00   4.013135e-15   1.838693e-03   1.437430e-18   18023108
  3.918439e+00   3.951172e-15   1.840734e-03   1.405892e-18   18005600
  3.924818e+00   3.892877e-15   1.842344e-03   1.376606e-18   17984552
  3.931198e+00   3.836105e-15   1.841062e-03   1.347572e-18   17934860
  3.937574e+00   3.780964e-15   1.840562e-03   1.324917e-18   17891468
  3.943950e+00   3.728434e-15   1.840945e-03   1.297090e-18   17857712
  3.950326e+00   3.673697e-15   1.840137e-03   1.272099e-18   17813108
  3.956702e+00   3.625448e-15   1.841074e-03   1.246986e-18   17784788
  3.963079e+00   3.573423e-15   1.840240e-03   1.224034e-18   17737268
  3.969455e+00   3.526694e-15   1.841773e-03   1.200902e-18   17713268
  3.975833e+00   3.477758e-15   1.840239e-03   1.179074e-18   17661912
  3.982208e+00   3.432799e-15   1.840290e-03   1.158641e-18   17622668
  3.988586e+00   3.387115e-15   1.842133e-03   1.136597e-18   17600552
  3.994964e+00   3.344976e-15   1.839951e-03   1.118540e-18   17542580
  4.001340e+00   3.301574e-15   1.840772e-03   1.098051e-18   17509112
  4.007717e+00   3.259479e-15   1.841501e-03   1.079705e-18   17475116
  4.014093e+00   3.222125e-15   1.839606e-03   1.063475e-18   17419964
  4.020469e+00   3.180864e-15   1.841433e-03   1.044131e-18   17397056
  4.026846e+00   3.144272e-15   1.840314e-03   1.027880e-18   17345336
  4.033223e+00   3.104080e-15   1.840964e-03   1.009915e-18   17310476
  4.039596e+00   3.067168e-15   1.838459e-03   9.952929e-19   17246360
  4.045972e+00   3.029892e-15   1.842582e-03   9.783748e-19   17244284
  4.052354e+00   2.999161e-15   1.842150e-03   9.645006e-19   17198240
  4.058731e+00   2.961789e-15   1.839271e-03   9.486221e-19   17130932
  4.065106e+00   2.928772e-15   1.841562e-03   9.353114e-19   17110040
  4.071484e+00   2.898170e-15   1.840722e-03   9.230164e-19   17058488
  4.077857e+00   2.865861e-15   1.839135e-03   9.097920e-19   17003664
  4.084233e+00   2.834660e-15   1.841446e-03   8.967055e-19   16983908
  4.090612e+00   2.802748e-15   1.841420e-03   8.831650e-19   16939220
  4.096989e+00   2.775938e-15   1.840515e-03   8.728893e-19   16888904
  4.103367e+00   2.745817e-15   1.841500e-03   8.599256e-19   16854920
  4.109743e+00   2.717096e-15   1.839861e-03   8.481668e-19   16795136
  4.116117e+00   2.690640e-15   1.840184e-03   8.384817e-19   16755860
  4.122495e+00   2.662859e-15   1.841913e-03   8.273552e-19   16729064
  4.128872e+00   2.636223e-15   1.840126e-03   8.166482e-19   16668260
  4.135248e+00   2.610588e-15   1.841092e-03   8.063976e-19   16631456
  4.141626e+00   2.584138e-15   1.841230e-03   7.962505e-19   16588208
  4.148001e+00   2.559208e-15   1.839635e-03   7.871577e-19   16531052
  4.154379e+00   2.533856e-15   1.842867e-03   7.771621e-19   16514456
  4.160755e+00   2.510389e-15   1.838861e-03   7.693625e-19   16432880
  4.167131e+00   2.489731e-15   1.842344e-03   7.595416e-19   16421120
  4.173510e+00   2.465840e-15   1.840051e-03   7.526382e-19   16354148
  4.179885e+00   2.442984e-15   1.841003e-03   7.434954e-19   16316184
  4.186264e+00   2.422729e-15   1.842179e-03   7.359493e-19   16283360
  4.192641e+00   2.398555e-15   1.839085e-03   7.277045e-19   16208756
  4.199016e+00   2.380021e-15   1.841765e-03   7.202920e-19   16184372
  4.205394e+00   2.358055e-15   1.840922e-03   7.125509e-19   16131116
  4.211767e+00   2.340110e-15   1.839273e-03   7.068865e-19   16070864
  4.218143e+00   2.319147e-15   1.841935e-03   6.992890e-19   16047596
  4.224522e+00   2.299026e-15   1.841132e-03   6.916893e-19   15993464
  4.230898e+00   2.279086e-15   1.839789e-03   6.856918e-19   15936116
  4.237274e+00   2.262788e-15   1.841227e-03   6.799674e-19   15899564
  4.243650e+00   2.244492e-15   1.840412e-03   6.744000e-19   15843188
  4.250027e+00   2.226162e-15   1.841430e-03   6.674437e-19   15806012
  4.256404e+00   2.207375e-15   1.840029e-03   6.612722e-19   15746972
  4.262780e+00   2.192877e-15   1.841029e-03   6.559502e-19   15706280
  4.269158e+00   2.175881e-15   1.841316e-03   6.506803e-19   15660560
  4.275534e+00   2.159221e-15   1.839976e-03   6.452509e-19   15601664
  4.281910e+00   2.142706e-15   1.840520e-03   6.407217e-19   15555936
  4.288286e+00   2.127799e-15   1.841154e-03   6.358495e-19   15511664
  4.294665e+00   2.111820e-15   1.841118e-03   6.307781e-19   15463688
  4.301042e+00   2.096701e-15   1.840371e-03   6.262224e-19   15406784
  4.307419e+00   2.082133e-15   1.841443e-03   6.215783e-19   15364076
  4.313795e+00   2.065992e-15   1.839853e-03   6.164045e-19   15302144
  4.320171e+00   2.052867e-15   1.841222e-03   6.122066e-19   15264716
  4.326549e+00   2.037485e-15   1.841061e-03   6.075422e-19   15212204
  4.332926e+00   2.024208e-15   1.840328e-03   6.044190e-19   15154664
  4.339301e+00   2.011497e-15   1.840391e-03   6.003571e-19   15104684
  4.345675e+00   1.998386e-15   1.839587e-03   5.970228e-19   15046256
  4.352051e+00   1.984564e-15   1.841370e-03   5.923560e-19   15009272
  4.358428e+00   1.970572e-15   1.840387e-03   5.887251e-19   14951624
  4.364807e+00   1.958575e-15   1.842302e-03   5.857035e-19   14915300
  4.371187e+00   1.946547e-15   1.840481e-03   5.819624e-19   14847140
  4.377560e+00   1.934250e-15   1.839457e-03   5.793319e-19   14786624
  4.383935e+00   1.922972e-15   1.840794e-03   5.755777e-19   14745252
  4.390313e+00   1.911847e-15   1.841504e-03   5.728156e-19   14697932
  4.396692e+00   1.899311e-15   1.841471e-03   5.696540e-19   14644448
  4.403070e+00   1.889209e-15   1.840856e-03   5.671898e-19   14586896
  4.409445e+00   1.877198e-15   1.839917e-03   5.643873e-19   14525000
  4.415820e+00   1.866131e-15   1.841355e-03   5.610541e-19   14482088
  4.422197e+00   1.855416e-15   1.840486e-03   5.583136e-19   14423696
  4.428574e+00   1.844873e-15   1.840927e-03   5.565395e-19   14373848
  4.434951e+00   1.834982e-15   1.841026e-03   5.534754e-19   14319188
  4.441328e+00   1.823915e-15   1.840720e-03   5.510715e-19   14262248
  4.447704e+00   1.814795e-15   1.840293e-03   5.496675e-19   14204780
  4.454079e+00   1.803275e-15   1.840780e-03   5.465828e-19   14153240
  4.460456e+00   1.794418e-15   1.840870e-03   5.449367e-19   14099048
  4.466833e+00   1.785161e-15   1.841305e-03   5.429335e-19   14048288
  4.473210e+00   1.775764e-15   1.840220e-03   5.404443e-19   13983860
  4.479586e+00   1.767743e-15   1.841413e-03   5.391505e-19   13935800
  4.485962e+00   1.758299e-15   1.839813e-03   5.371594e-19   13868784
  4.492338e+00   1.748378e-15   1.841245e-03   5.347560e-19   13824536
  4.498718e+00   1.740308e-15   1.842226e-03   5.330981e-19   13774364
  4.505095e+00   1.732193e-15   1.840286e-03   5.324261e-19   13702856
  4.511470e+00   1.723406e-15   1.840225e-03   5.304937e-19   13646648
  4.517844e+00   1.714956e-15   1.840082e-03   5.290398e-19   13588364
  4.524220e+00   1.707032e-15   1.841200e-03   5.274318e-19   13539920
  4.530597e+00   1.698815e-15   1.840383e-03   5.256810e-19   13478432
  4.536974e+00   1.691365e-15   1.840898e-03   5.246263e-19   13424264
  4.543353e+00   1.682845e-15   1.841656e-03   5.232161e-19   13370000
  4.549730e+00   1.675607e-15   1.840597e-03   5.222721e-19   13304432
  4.556105e+00   1.667892e-15   1.839697e-03   5.211991e-19   13241228
  4.562479e+00   1.659570e-15   1.840265e-03   5.198655e-19   13186508
  4.568858e+00   1.653506e-15   1.842616e-03   5.183644e-19   13144544
  4.575236e+00   1.643804e-15   1.839577e-03   5.171148e-19   13065032
  4.581610e+00   1.638577e-15   1.840140e-03   5.169394e-19   13008512
  4.587987e+00   1.632141e-15   1.841456e-03   5.158301e-19   12957360
  4.594365e+00   1.625241e-15   1.841180e-03   5.155420e-19   12897728
  4.600740e+00   1.618368e-15   1.838906e-03   5.148417e-19   12822884
  4.607118e+00   1.611863e-15   1.843186e-03   5.133300e-19   12790772
  4.613497e+00   1.605678e-15   1.839965e-03   5.131440e-19   12707960
  4.619871e+00   1.597681e-15   1.840055e-03   5.119725e-19   12650024
  4.626249e+00   1.592027e-15   1.841592e-03   5.114407e-19   12599360
  4.632627e+00   1.585795e-15   1.841060e-03   5.112250e-19   12533984
  4.639003e+00   1.577756e-15   1.840024e-03   5.102005e-19   12467036
  4.645379e+00   1.574310e-15   1.841105e-03   5.107519e-19   12412124
  4.651756e+00   1.568310e-15   1.840677e-03   5.103942e-19   12345776
  4.658131e+00   1.563142e-15   1.840856e-03   5.100104e-19   12286760
  4.664508e+00   1.554975e-15   1.840642e-03   5.094560e-19   12225452
  4.670885e+00   1.549418e-15   1.840694e-03   5.087195e-19   12162584
  4.677263e+00   1.544401e-15   1.841648e-03   5.088131e-19   12105824
  4.683640e+00   1.537544e-15   1.840444e-03   5.080478e-19   12036248
  4.690015e+00   1.531476e-15   1.840000e-03   5.074486e-19   11969736
  4.696391e+00   1.526296e-15   1.841517e-03   5.076273e-19   11916224
  4.702769e+00   1.522380e-15   1.840685e-03   5.082678e-19   11849312
  4.709145e+00   1.515128e-15   1.840274e-03   5.077445e-19   11783300
  4.715522e+00   1.511140e-15   1.841310e-03   5.078531e-19   11724800
  4.721898e+00   1.505263e-15   1.840639e-03   5.078355e-19   11657372
  4.728275e+00   1.499944e-15   1.840697e-03   5.077364e-19   11595320
  4.734652e+00   1.496867e-15   1.840360e-03   5.087575e-19   11527928
  4.741029e+00   1.491031e-15   1.841428e-03   5.085870e-19   11469008
  4.747404e+00   1.486186e-15   1.839492e-03   5.086125e-19   11392904
  4.753780e+00   1.481570e-15   1.841657e-03   5.087801e-19   11340476
  4.760155e+00   1.476747e-15   1.839780e-03   5.097466e-19   11263520
  4.766534e+00   1.471218e-15   1.842729e-03   5.096409e-19   11218472
  4.772911e+00   1.467662e-15   1.838731e-03   5.106220e-19   11129336
  4.779288e+00   1.462510e-15   1.842467e-03   5.104883e-19   11083964
  4.785665e+00   1.458022e-15   1.839931e-03   5.110185e-19   11001992
  4.792039e+00   1.452226e-15   1.840072e-03   5.111891e-19   10938228
  4.798414e+00   1.448496e-15   1.840560e-03   5.118136e-19   10874336
  4.804792e+00   1.444364e-15   1.841863e-03   5.128216e-19   10814828
  4.811169e+00   1.439805e-15   1.839739e-03   5.134429e-19   10736984
  4.817544e+00   1.434228e-15   1.840541e-03   5.130676e-19   10673948
  4.823923e+00   1.430029e-15   1.842721e-03   5.137540e-19   10617704
  4.830301e+00   1.425645e-15   1.840081e-03   5.146761e-19   10536416
  4.836675e+00   1.421053e-15   1.839468e-03   5.154677e-19   10466324
  4.843052e+00   1.419470e-15   1.842362e-03   5.170420e-19   10412984
  4.849431e+00   1.413768e-15   1.840724e-03   5.175450e-19   10334840
  4.855806e+00   1.408970e-15   1.840268e-03   5.176913e-19   10265528
  4.862183e+00   1.405326e-15   1.840956e-03   5.181560e-19   10200692
  4.868561e+00   1.401727e-15   1.841614e-03   5.198850e-19   10135292
  4.874938e+00   1.397550e-15   1.839941e-03   5.204614e-19   10058816
  4.881314e+00   1.391370e-15   1.840525e-03   5.204214e-19   9991772
  4.887691e+00   1.390987e-15   1.841575e-03   5.233555e-19   9925880
  4.894065e+00   1.383547e-15   1.838924e-03   5.230021e-19   9843288
  4.900441e+00   1.379934e-15   1.842306e-03   5.233807e-19   9792968
  4.906821e+00   1.375509e-15   1.840795e-03   5.243720e-19   9713612
  4.913196e+00   1.372451e-15   1.840365e-03   5.265815e-19   9640628
  4.919573e+00   1.367488e-15   1.840900e-03   5.269614e-19   9574256
  4.925949e+00   1.363688e-15   1.840276e-03   5.282410e-19   9499064
  4.932325e+00   1.358882e-15   1.841227e-03   5.284968e-19   9432296
  4.938702e+00   1.354884e-15   1.841040e-03   5.298988e-19   9362204
  4.945079e+00   1.352816e-15   1.840104e-03   5.327605e-19   9286052
  4.951457e+00   1.348965e-15   1.842090e-03   5.333285e-19   9222320
  4.957835e+00   1.343482e-15   1.841090e-03   5.338045e-19   9145976
  4.964211e+00   1.339614e-15   1.839895e-03   5.352136e-19   9070268
  4.970586e+00   1.335433e-15   1.840297e-03   5.365559e-19   8999720
  4.976964e+00   1.333231e-15   1.841617e-03   5.376574e-19   8932664
  4.983339e+00   1.326204e-15   1.838848e-03   5.388327e-19   8847344
  4.989712e+00   1.321440e-15   1.840809e-03   5.392459e-19   8782688
  4.996090e+00   1.320039e-15   1.841883e-03   5.425532e-19   8713440
  5.002468e+00   1.314203e-15   1.841131e-03   5.431057e-19   8638616
  5.008845e+00   1.310312e-15   1.839945e-03   5.440190e-19   8560856
  5.015220e+00   1.306716e-15   1.840402e-03   5.462712e-19   8487620
  5.021598e+00   1.303493e-15   1.842484e-03   5.477049e-19   8422796
  5.027976e+00   1.296939e-15   1.839559e-03   5.480543e-19   8336348
  5.034350e+00   1.293425e-15   1.840420e-03   5.499754e-19   8265176
  5.040727e+00   1.290041e-15   1.841761e-03   5.516607e-19   8196176
  5.047104e+00   1.283985e-15   1.839932e-03   5.525957e-19   8114636
  5.053478e+00   1.279495e-15   1.839889e-03   5.537860e-19   8038724
  5.059856e+00   1.277013e-15   1.842986e-03   5.553932e-19   7975460
  5.066235e+00   1.272379e-15   1.840210e-03   5.579812e-19   7889792
  5.072611e+00   1.265666e-15   1.840188e-03   5.573835e-19   7815728
  5.078987e+00   1.265015e-15   1.840544e-03   5.613242e-19   7739288
  5.085364e+00   1.258286e-15   1.841840e-03   5.616540e-19   7667432
  5.091741e+00   1.251451e-15   1.839798e-03   5.622708e-19   7583684
  5.098113e+00   1.247945e-15   1.839459e-03   5.652957e-19   7505172
  5.104490e+00   1.243990e-15   1.842916e-03   5.664739e-19   7442636
  5.110871e+00   1.236784e-15   1.841224e-03   5.666772e-19   7360676
  5.117246e+00   1.230917e-15   1.838532e-03   5.674047e-19   7272728
  5.123622e+00   1.227173e-15   1.842521e-03   5.704214e-19   7209140
  5.130001e+00   1.221089e-15   1.840984e-03   5.708558e-19   7125632
  5.136377e+00   1.215220e-15   1.840289e-03   5.716934e-19   7046924
  5.142753e+00   1.208516e-15   1.840046e-03   5.728384e-19   6966968
  5.149129e+00   1.205333e-15   1.841514e-03   5.752307e-19   6893408
  5.155505e+00   1.198010e-15   1.840118e-03   5.753241e-19   6811004
  5.161881e+00   1.191187e-15   1.840529e-03   5.758616e-19   6732944
  5.168258e+00   1.186878e-15   1.841885e-03   5.786786e-19   6658628
  5.174637e+00   1.178276e-15   1.841220e-03   5.779428e-19   6578804
  5.181014e+00   1.172341e-15   1.839505e-03   5.793094e-19   6493628
  5.187389e+00   1.167333e-15   1.841020e-03   5.803766e-19   6417476
  5.193767e+00   1.159839e-15   1.842303e-03   5.803845e-19   6341156
  5.200142e+00   1.151679e-15   1.838905e-03   5.823503e-19   6251676
  5.206515e+00   1.144322e-15   1.840100e-03   5.819755e-19   6176072
  5.212894e+00   1.139546e-15   1.842591e-03   5.825261e-19   6103028
  5.219273e+00   1.127025e-15   1.840028e-03   5.817935e-19   6015356
  5.225646e+00   1.119740e-15   1.838527e-03   5.809164e-19   5928908
  5.232022e+00   1.114022e-15   1.843529e-03   5.834342e-19   5861504
  5.238402e+00   1.102592e-15   1.840564e-03   5.799868e-19   5772440
  5.244776e+00   1.091986e-15   1.839302e-03   5.774373e-19   5688596
  5.251152e+00   1.087416e-15   1.841421e-03   5.801005e-19   5611412
  5.257531e+00   1.077502e-15   1.842425e-03   5.784400e-19   5532224
  5.263907e+00   1.065867e-15   1.838741e-03   5.764941e-19   5440748
  5.270281e+00   1.056426e-15   1.841068e-03   5.750097e-19   5364572
  5.276660e+00   1.046914e-15   1.842167e-03   5.729178e-19   5285204
  5.283039e+00   1.032456e-15   1.840147e-03   5.674263e-19   5197796
  5.289414e+00   1.022180e-15   1.840074e-03   5.645318e-19   5113244
  5.295789e+00   1.012405e-15   1.841509e-03   5.621379e-19   5032664
  5.302162e+00   9.975391e-16   1.838866e-03   5.566369e-19   4943484
  5.308538e+00   9.852545e-16   1.842083e-03   5.500993e-19   4869920
  5.314919e+00   9.725409e-16   1.840875e-03   5.445629e-19   4782608
  5.321298e+00   9.585828e-16   1.842000e-03   5.361848e-19   4700756
  5.327675e+00   9.438907e-16   1.839332e-03   5.279401e-19   4608920
  5.334047e+00   9.291254e-16   1.840509e-03   5.181932e-19   4528829
  5.340423e+00   9.163672e-16   1.840790e-03   5.113626e-19   4453172
  5.346801e+00   9.057509e-16   1.841398e-03   5.075580e-19   4381652
  5.353179e+00   8.957791e-16   1.840856e-03   5.016406e-19   4309628
  5.359558e+00   8.857693e-16   1.841542e-03   4.974387e-19   4242188
  5.365934e+00   8.774611e-16   1.840185e-03   4.930450e-19   4171796
  5.372309e+00   8.677432e-16   1.840332e-03   4.904907e-19   4107506
  5.378687e+00   8.590512e-16   1.841030e-03   4.851175e-19   4045694
  5.385067e+00   8.525709e-16   1.841878e-03   4.843485e-19   3984530
  5.391443e+00   8.449913e-16   1.839184e-03   4.795844e-19   3916622
  5.397815e+00   8.379009e-16   1.840413e-03   4.779700e-19   3858626
  5.404188e+00   8.309777e-16   1.839752e-03   4.758289e-19   3798918
  5.410566e+00   8.226257e-16   1.842453e-03   4.711350e-19   3747464
  5.416947e+00   8.171735e-16   1.840720e-03   4.704913e-19   3687278
  5.423327e+00   8.110539e-16   1.841755e-03   4.685625e-19   3632618
  5.429702e+00   8.051818e-16   1.839341e-03   4.676956e-19   3571766
  5.436076e+00   7.989682e-16   1.841405e-03   4.654170e-19   3521264
  5.442452e+00   7.936519e-16   1.840602e-03   4.644028e-19   3466964
  5.448828e+00   7.882316e-16   1.840149e-03   4.641036e-19   3414320
  5.455204e+00   7.833443e-16   1.840343e-03   4.622666e-19   3362948
  5.461581e+00   7.780284e-16   1.841385e-03   4.616969e-19   3313130
  5.467960e+00   7.735956e-16   1.841559e-03   4.610304e-19   3262766
  5.474335e+00   7.686424e-16   1.839552e-03   4.600437e-19   3210122
  5.480711e+00   7.652749e-16   1.841068e-03   4.605948e-19   3164282
  5.487089e+00   7.594652e-16   1.840871e-03   4.596601e-19   3115358
  5.493467e+00   7.548453e-16   1.841892e-03   4.595182e-19   3068642
  5.499842e+00   7.513621e-16   1.839367e-03   4.591641e-19   3017270
  5.506214e+00   7.475217e-16   1.840421e-03   4.594580e-19   2973396
  5.512592e+00   7.426046e-16   1.841795e-03   4.585774e-19   2930882
  5.518975e+00   7.397550e-16   1.842009e-03   4.594856e-19   2886296
  5.525354e+00   7.353056e-16   1.840110e-03   4.591768e-19   2838068
  5.531729e+00   7.321197e-16   1.840402e-03   4.601804e-19   2793680
  5.538103e+00   7.279982e-16   1.841057e-03   4.602172e-19   2750948
  5.544478e+00   7.243682e-16   1.840332e-03   4.597854e-19   2707712
  5.550852e+00   7.221796e-16   1.839444e-03   4.623876e-19   2665124
  5.557230e+00   7.186303e-16   1.841751e-03   4.622652e-19   2626712
  5.563610e+00   7.156916e-16   1.840829e-03   4.631459e-19   2583542
  5.569988e+00   7.126311e-16   1.841328e-03   4.638901e-19   2543108
  5.576363e+00   7.096593e-16   1.839426e-03   4.663504e-19   2500538
  5.582739e+00   7.069168e-16   1.841521e-03   4.662460e-19   2464052
  5.589119e+00   7.048810e-16   1.841364e-03   4.691434e-19   2424194
  5.595493e+00   7.003504e-16   1.839158e-03   4.694843e-19   2381732
  5.601866e+00   6.980740e-16   1.841683e-03   4.701457e-19   2346386
  5.608241e+00   6.968568e-16   1.839649e-03   4.729522e-19   2306598
  5.614618e+00   6.929309e-16   1.842029e-03   4.726315e-19   2273186
  5.621000e+00   6.913074e-16   1.840989e-03   4.747808e-19   2235188
  5.627378e+00   6.878148e-16   1.839949e-03   4.765252e-19   2196638
  5.633754e+00   6.859234e-16   1.841588e-03   4.785067e-19   2161706
  5.640129e+00   6.840866e-16   1.840261e-03   4.808541e-19   2124422
  5.646501e+00   6.826735e-16   1.838999e-03   4.844415e-19   2088578
  5.652879e+00   6.798548e-16   1.842650e-03   4.840604e-19   2058512
  5.659259e+00   6.777679e-16   1.839498e-03   4.860378e-19   2020202
  5.665635e+00   6.753827e-16   1.841528e-03   4.895690e-19   1987670
  5.672010e+00   6.739635e-16   1.840033e-03   4.923909e-19   1952114
  5.678381e+00   6.721050e-16   1.839290e-03   4.951183e-19   1918694
  5.684760e+00   6.705230e-16   1.843391e-03   4.949248e-19   1890932
  5.691143e+00   6.679450e-16   1.840482e-03   4.994396e-19   1855382
  5.697520e+00   6.666848e-16   1.841151e-03   5.018484e-19   1823276
  5.703897e+00   6.658257e-16   1.841467e-03   5.049873e-19   1791446
  5.710267e+00   6.637976e-16   1.837484e-03   5.089215e-19   1756566
  5.716642e+00   6.613623e-16   1.843486e-03   5.095596e-19   1732292
  5.723026e+00   6.610268e-16   1.841021e-03   5.148585e-19   1699718
  5.729405e+00   6.603458e-16   1.840666e-03   5.184259e-19   1668524
  5.735782e+00   6.579191e-16   1.841307e-03   5.212593e-19   1638656
  5.742152e+00   6.566631e-16   1.837941e-03   5.239746e-19   1606154
  5.748524e+00   6.544083e-16   1.841528e-03   5.268318e-19   1580984
  5.754907e+00   6.545318e-16   1.842158e-03   5.307336e-19   1553372
  5.761287e+00   6.543775e-16   1.839903e-03   5.348574e-19   1522502
  5.767663e+00   6.506690e-16   1.841211e-03   5.368757e-19   1494788
  5.774035e+00   6.509901e-16   1.839049e-03   5.433535e-19   1464992
  5.780407e+00   6.495457e-16   1.840885e-03   5.456712e-19   1439564
  5.786788e+00   6.473177e-16   1.842803e-03   5.486774e-19   1414766
  5.793173e+00   6.476502e-16   1.841316e-03   5.545928e-19   1386620
  5.799549e+00   6.460082e-16   1.839295e-03   5.585823e-19   1358024
  5.805920e+00   6.461064e-16   1.840494e-03   5.647703e-19   1332236
  5.812287e+00   6.444857e-16   1.837583e-03   5.676689e-19   1304568
  5.818666e+00   6.436663e-16   1.844995e-03   5.718515e-19   1285316
  5.825053e+00   6.435507e-16   1.840679e-03   5.760584e-19   1257272
  5.831429e+00   6.424459e-16   1.839591e-03   5.832452e-19   1231028
  5.837804e+00   6.419182e-16   1.841474e-03   5.883061e-19   1207136
  5.844175e+00   6.403144e-16   1.839197e-03   5.916622e-19   1181180
  5.850547e+00   6.408727e-16   1.841135e-03   5.978106e-19   1159352
  5.856931e+00   6.398909e-16   1.842986e-03   6.027547e-19   1137476
  5.863312e+00   6.386718e-16   1.839166e-03   6.073635e-19   1111280
  5.869686e+00   6.376412e-16   1.840689e-03   6.148308e-19   1088468
  5.876057e+00   6.399275e-16   1.840140e-03   6.218538e-19   1065008
  5.882427e+00   6.395860e-16   1.839713e-03   6.300403e-19   1042934
  5.888808e+00   6.385751e-16   1.843186e-03   6.335540e-19   1023488
  5.895195e+00   6.385500e-16   1.841961e-03   6.410880e-19   1000700
  5.901573e+00   6.350906e-16   1.839831e-03   6.434108e-19   977264
  5.907943e+00   6.361670e-16   1.839220e-03   6.529749e-19   955052
  5.914306e+00   6.347142e-16   1.837596e-03   6.595910e-19   933546
  5.920685e+00   6.333964e-16   1.845011e-03   6.629922e-19   917348
  5.927075e+00   6.356391e-16   1.841622e-03   6.736572e-19   895328
  5.933456e+00   6.364817e-16   1.840197e-03   6.829998e-19   873878
  5.939831e+00   6.358849e-16   1.841204e-03   6.925613e-19   853664
  5.946198e+00   6.348179e-16   1.838301e-03   6.976524e-19   832604
  5.952570e+00   6.327235e-16   1.841647e-03   7.023037e-19   815546
  5.958955e+00   6.370447e-16   1.841795e-03   7.176435e-19   797012
  5.965336e+00   6.332805e-16   1.838979e-03   7.207780e-19   776576
  5.971714e+00   6.364761e-16   1.842719e-03   7.316241e-19   758726
  5.978085e+00   6.324380e-16   1.838577e-03   7.375156e-19   738296
  5.984452e+00   6.345763e-16   1.839422e-03   7.495341e-19   721172
  5.990833e+00   6.369414e-16   1.842852e-03   7.595841e-19   705434
  5.997222e+00   6.349095e-16   1.841204e-03   7.651676e-19   687092
  6.003603e+00   6.344091e-16   1.841572e-03   7.773779e-19   669098
  6.009974e+00   6.348358e-16   1.839142e-03   7.883303e-19   650516
  6.016332e+00   6.325176e-16   1.836042e-03   7.956968e-19   632898
  6.022707e+00   6.340853e-16   1.844938e-03   8.061852e-19   620228
  6.029100e+00   6.366595e-16   1.842281e-03   8.195854e-19   603206
  6.035485e+00   6.358954e-16   1.841847e-03   8.326171e-19   586328
  6.041859e+00   6.347862e-16   1.840113e-03   8.432294e-19   569222
  6.048217e+00   6.347811e-16   1.835706e-03   8.539907e-19   552266
  6.054584e+00   6.393382e-16   1.843023e-03   8.702222e-19   539996
  6.060976e+00   6.381253e-16   1.843843e-03   8.797324e-19   525722
  6.067365e+00   6.374486e-16   1.839929e-03   8.941056e-19   509372
  6.073742e+00   6.407920e-16   1.840974e-03   9.098013e-19   494282
  6.080105e+00   6.369281e-16   1.836470e-03   9.190480e-19   478340
  6.086466e+00   6.379368e-16   1.839100e-03   9.361963e-19   465554
  6.092852e+00   6.365917e-16   1.844310e-03   9.491713e-19   453734
  6.099249e+00   6.395676e-16   1.841644e-03   9.635028e-19   439184
  6.105633e+00   6.398153e-16   1.841774e-03   9.832287e-19   424910
  6.112001e+00   6.413408e-16   1.839131e-03   9.972430e-19   410366
  6.118344e+00   6.396958e-16   1.830585e-03   1.018989e-18   395856
  6.124716e+00   6.413728e-16   1.849093e-03   1.032491e-18   387998
  6.131124e+00   6.425713e-16   1.844381e-03   1.052956e-18   374642
  6.137516e+00   6.448640e-16   1.841320e-03   1.075741e-18   361118
  6.143885e+00   6.443218e-16   1.838483e-03   1.090302e-18   347792
  6.150233e+00   6.433942e-16   1.833537e-03   1.111377e-18   335054
  6.156598e+00   6.455095e-16   1.843369e-03   1.129776e-18   326162
  6.163003e+00   6.440450e-16   1.845744e-03   1.145131e-18   315686
  6.169403e+00   6.471145e-16   1.839717e-03   1.179787e-18   302960
  6.175780e+00   6.492509e-16   1.841146e-03   1.205459e-18   291278
  6.182130e+00   6.476695e-16   1.834474e-03   1.223375e-18   278966
  6.188475e+00   6.531752e-16   1.838848e-03   1.264021e-18   269786
  6.194867e+00   6.489342e-16   1.848548e-03   1.267613e-18   261710
  6.201275e+00   6.527747e-16   1.841196e-03   1.306233e-18   250472
  6.207659e+00   6.517914e-16   1.840781e-03   1.331203e-18   239846
  6.214020e+00   6.564327e-16   1.837833e-03   1.374331e-18   229250
  6.220353e+00   6.580969e-16   1.827068e-03   1.407076e-18   218958
  6.226735e+00   6.543031e-16   1.853573e-03   1.418949e-18   213722
  6.233163e+00   6.591387e-16   1.842328e-03   1.453856e-18   203414
  6.239564e+00   6.572234e-16   1.844048e-03   1.486823e-18   193940
  6.245924e+00   6.590059e-16   1.836439e-03   1.549341e-18   183650
  6.252241e+00   6.597242e-16   1.829855e-03   1.577927e-18   174638
  6.258588e+00   6.596354e-16   1.843490e-03   1.596663e-18   168842
  6.265008e+00   6.593440e-16   1.847266e-03   1.635746e-18   161846
  6.271432e+00   6.573021e-16   1.841236e-03   1.683677e-18   153146
  6.277822e+00   6.643395e-16   1.840929e-03   1.752602e-18   144686
  6.284170e+00   6.666482e-16   1.837187e-03   1.827441e-18   136418
  6.290480e+00   6.684595e-16   1.823629e-03   1.864284e-18   128822
  6.296862e+00   6.694361e-16   1.856474e-03   1.889463e-18   124862
  6.303298e+00   6.689940e-16   1.842665e-03   1.950643e-18   117026
  6.309688e+00   6.734197e-16   1.840290e-03   2.042076e-18   109718
  6.316033e+00   6.753715e-16   1.835815e-03   2.117645e-18   102650
  6.322320e+00   6.749466e-16   1.808328e-03   2.193122e-18   95622
  6.328720e+00   6.778761e-16   1.871202e-03   2.216968e-18   93650
  6.335227e+00   6.687383e-16   1.849919e-03   2.262703e-18   86606
  6.341628e+00   6.753374e-16   1.828395e-03   2.388184e-18   79190
  6.347934e+00   6.867016e-16   1.839124e-03   2.544165e-18   73490
  6.354177e+00   6.828172e-16   1.810164e-03   2.614124e-18   67598
  6.360508e+00   6.814004e-16   1.844910e-03   2.694073e-18   65186
  6.367032e+00   6.866186e-16   1.858136e-03   2.749577e-18   61262
  6.373583e+00   6.876287e-16   1.851117e-03   2.886761e-18   55874
  6.379989e+00   6.788807e-16   1.823042e-03   3.059387e-18   49430
  6.386147e+00   6.900554e-16   1.803004e-03   3.266485e-18   43934
  6.392260e+00   6.884557e-16   1.790240e-03   3.400646e-18   41138
  6.398716e+00   7.002569e-16   1.870028e-03   3.495739e-18   40070
  6.405371e+00   6.900870e-16   1.854153e-03   3.659241e-18   35882
  6.411962e+00   6.981986e-16   1.842631e-03   3.968661e-18   31622
  6.418335e+00   7.065444e-16   1.817857e-03   4.348308e-18   26750
  6.424088e+00   7.081915e-16   1.593646e-03   4.864954e-18   21330
  6.430239e+00   6.956522e-16   1.860256e-03   4.569998e-18   23246
  6.436984e+00   6.939190e-16   1.855054e-03   4.816380e-18   20186
  6.443727e+00   7.100586e-16   1.848147e-03   5.327328e-18   17312
  6.450423e+00   7.041824e-16   1.830133e-03   5.834209e-18   14474
  6.456645e+00   7.059510e-16   1.688402e-03   6.864966e-18   10478
  6.462180e+00   7.124619e-16   1.692603e-03   7.331301e-18   9062
  6.468497e+00   7.072474e-16   1.842997e-03   7.399045e-18   8762
  6.475254e+00   7.245612e-16   1.841892e-03   9.229858e-18   6926
  6.482011e+00   7.084443e-16   1.840835e-03   9.649869e-18   5306
  6.488766e+00   7.092304e-16   1.839476e-03   1.158493e-17   3902
  6.494511e+00   7.410903e-16   1.128860e-03   1.721879e-17   1928
  6.500007e+00   7.300038e-16   1.834590e-03   1.664529e-17   2042
  6.506728e+00   7.671016e-16   1.826889e-03   2.240160e-17   1214
  6.513396e+00   7.706271e-16   1.806609e-03   3.211488e-17   602
  6.519909e+00   7.261308e-16   1.730042e-03   4.748340e-17   206
  6.525711e+00   7.014697e-16   9.814069e-04   1.209177e-16   24
