# power spectrum of delta_kessence
# redshift z=48.322258
# k              Pk             sigma(k)       sigma(Pk)      count
  5.011399e-03   8.177439e-11   7.667927e-04   1.512552e-11   18
  1.037418e-02   1.065951e-09   1.725047e-03   1.188687e-10   128
  1.616528e-02   4.075370e-09   1.646572e-03   2.276795e-10   314
  2.269071e-02   9.207417e-09   1.954354e-03   3.550309e-10   728
  2.897169e-02   1.723221e-08   1.717946e-03   5.783797e-10   1016
  3.518826e-02   2.364824e-08   1.880676e-03   5.829094e-10   1682
  4.169479e-02   3.518112e-08   1.831736e-03   7.409869e-10   2300
  4.790974e-02   4.441217e-08   1.770731e-03   8.344250e-10   2906
  5.429022e-02   5.950262e-08   1.892687e-03   9.811590e-10   4040
  6.068098e-02   7.614912e-08   1.775551e-03   1.150080e-09   4712
  6.698900e-02   9.685202e-08   1.857705e-03   1.245388e-09   6002
  7.346135e-02   1.142037e-07   1.857594e-03   1.356762e-09   7256
  7.977379e-02   1.351876e-07   1.772571e-03   1.525731e-09   8120
  8.609019e-02   1.481051e-07   1.864951e-03   1.485768e-09   9950
  9.253636e-02   1.629897e-07   1.853578e-03   1.506738e-09   11384
  9.885187e-02   1.733669e-07   1.809244e-03   1.557857e-09   12666
  1.052712e-01   1.905270e-07   1.889168e-03   1.527495e-09   15104
  1.117654e-01   2.098948e-07   1.850532e-03   1.647505e-09   16616
  1.180754e-01   2.380542e-07   1.799489e-03   1.787213e-09   18026
  1.244216e-01   2.607615e-07   1.853405e-03   1.786940e-09   20696
  1.308065e-01   2.826336e-07   1.827918e-03   1.901569e-09   22436
  1.371558e-01   3.100759e-07   1.845873e-03   1.980871e-09   24962
  1.435394e-01   3.246588e-07   1.831283e-03   1.948005e-09   27176
  1.499133e-01   3.346987e-07   1.847268e-03   1.947764e-09   29810
  1.562775e-01   3.480894e-07   1.828450e-03   1.966473e-09   32120
  1.626776e-01   3.600503e-07   1.865216e-03   1.918050e-09   35432
  1.690383e-01   3.832742e-07   1.814577e-03   1.989292e-09   37238
  1.754019e-01   4.049319e-07   1.856016e-03   1.998581e-09   41072
  1.817869e-01   4.254988e-07   1.834293e-03   2.062051e-09   43472
  1.881565e-01   4.550700e-07   1.848176e-03   2.104223e-09   47042
  1.945298e-01   4.852329e-07   1.829223e-03   2.198194e-09   49712
  2.008693e-01   5.025590e-07   1.840592e-03   2.199354e-09   53226
  2.072637e-01   5.088845e-07   1.853753e-03   2.119200e-09   57320
  2.136558e-01   5.269922e-07   1.831629e-03   2.159694e-09   60092
  2.200056e-01   5.422088e-07   1.839426e-03   2.150395e-09   63914
  2.263950e-01   5.536986e-07   1.849752e-03   2.112207e-09   68192
  2.327751e-01   5.721430e-07   1.833934e-03   2.145336e-09   71336
  2.391397e-01   5.897614e-07   1.845607e-03   2.142332e-09   75818
  2.455297e-01   6.111867e-07   1.844019e-03   2.169090e-09   79880
  2.518964e-01   6.367344e-07   1.834462e-03   2.197011e-09   83642
  2.582661e-01   6.615465e-07   1.840779e-03   2.220761e-09   88316
  2.646730e-01   6.777429e-07   1.859422e-03   2.223582e-09   93488
  2.710484e-01   6.921382e-07   1.827184e-03   2.227174e-09   96458
  2.773871e-01   7.066992e-07   1.829038e-03   2.251050e-09   101264
  2.837816e-01   7.180668e-07   1.862873e-03   2.182948e-09   107696
  2.901819e-01   7.271106e-07   1.837217e-03   2.181434e-09   111170
  2.965233e-01   7.533342e-07   1.822285e-03   2.215454e-09   115232
  3.028941e-01   7.678220e-07   1.855375e-03   2.196491e-09   122310
  3.093019e-01   7.844667e-07   1.843350e-03   2.202696e-09   126944
  3.156739e-01   8.079270e-07   1.828600e-03   2.231940e-09   131192
  3.220432e-01   8.263394e-07   1.844535e-03   2.240737e-09   137618
  3.284234e-01   8.431836e-07   1.836674e-03   2.231686e-09   142448
  3.347979e-01   8.530861e-07   1.844704e-03   2.208422e-09   148520
  3.411627e-01   8.697815e-07   1.831436e-03   2.238825e-09   153254
  3.475446e-01   8.863078e-07   1.852010e-03   2.218689e-09   160760
  3.539284e-01   8.885653e-07   1.835751e-03   2.171068e-09   165290
  3.603019e-01   9.106365e-07   1.840148e-03   2.200152e-09   171992
  3.666828e-01   9.257149e-07   1.840217e-03   2.204200e-09   177800
  3.730569e-01   9.442482e-07   1.843032e-03   2.207410e-09   184322
  3.794439e-01   9.592542e-07   1.841595e-03   2.205647e-09   190832
  3.858239e-01   9.728002e-07   1.839260e-03   2.209744e-09   196772
  3.921872e-01   9.924987e-07   1.836453e-03   2.209705e-09   202970
  3.985536e-01   1.009247e-06   1.839266e-03   2.204050e-09   210056
  4.049173e-01   1.023416e-06   1.832832e-03   2.201284e-09   216210
  4.112896e-01   1.035538e-06   1.841640e-03   2.182501e-09   224168
  4.176700e-01   1.041595e-06   1.840761e-03   2.178839e-09   230792
  4.240565e-01   1.062803e-06   1.846256e-03   2.180167e-09   238778
  4.304312e-01   1.067902e-06   1.831772e-03   2.159671e-09   243956
  4.367939e-01   1.089003e-06   1.845141e-03   2.166024e-09   252680
  4.431746e-01   1.100957e-06   1.842020e-03   2.161841e-09   260066
  4.495713e-01   1.115987e-06   1.849294e-03   2.152835e-09   268712
  4.559494e-01   1.133485e-06   1.834336e-03   2.164871e-09   274034
  4.623270e-01   1.135832e-06   1.847366e-03   2.135549e-09   283904
  4.687088e-01   1.151701e-06   1.837425e-03   2.135653e-09   290048
  4.750707e-01   1.160788e-06   1.836659e-03   2.136287e-09   297950
  4.814434e-01   1.176409e-06   1.842026e-03   2.138286e-09   306968
  4.878269e-01   1.197222e-06   1.843240e-03   2.137309e-09   315320
  4.942006e-01   1.197385e-06   1.835899e-03   2.108181e-09   322346
  5.005701e-01   1.213398e-06   1.842589e-03   2.103044e-09   331664
  5.069538e-01   1.222694e-06   1.844896e-03   2.090549e-09   340818
  5.133346e-01   1.243738e-06   1.837322e-03   2.107885e-09   348164
  5.197083e-01   1.252151e-06   1.843548e-03   2.094096e-09   357584
  5.260929e-01   1.262738e-06   1.846059e-03   2.079274e-09   367106
  5.324635e-01   1.274497e-06   1.832285e-03   2.080711e-09   373376
  5.388350e-01   1.282620e-06   1.848023e-03   2.060692e-09   385376
  5.452233e-01   1.297154e-06   1.842356e-03   2.067006e-09   393650
  5.516038e-01   1.303725e-06   1.840588e-03   2.052284e-09   402704
  5.579656e-01   1.314842e-06   1.830970e-03   2.055296e-09   409910
  5.643320e-01   1.329660e-06   1.843407e-03   2.054650e-09   422024
  5.707212e-01   1.335668e-06   1.846526e-03   2.026960e-09   432176
  5.771022e-01   1.349973e-06   1.837404e-03   2.040375e-09   440066
  5.834769e-01   1.363038e-06   1.841263e-03   2.027232e-09   450680
  5.898365e-01   1.370054e-06   1.831084e-03   2.026111e-09   457856
  5.962115e-01   1.385805e-06   1.848347e-03   2.008043e-09   472538
  6.026013e-01   1.397844e-06   1.839689e-03   2.021090e-09   480140
  6.089752e-01   1.402404e-06   1.841279e-03   2.005976e-09   490842
  6.153517e-01   1.415824e-06   1.838382e-03   2.002065e-09   500744
  6.217295e-01   1.423903e-06   1.842392e-03   1.991273e-09   511856
  6.281145e-01   1.433974e-06   1.844734e-03   1.984519e-09   523202
  6.344991e-01   1.443673e-06   1.840396e-03   1.982896e-09   532688
  6.408638e-01   1.454221e-06   1.834541e-03   1.989142e-09   541520
  6.472341e-01   1.462622e-06   1.842653e-03   1.968616e-09   555110
  6.536136e-01   1.473623e-06   1.839126e-03   1.958541e-09   564944
  6.599884e-01   1.476167e-06   1.839832e-03   1.950487e-09   576434
  6.663740e-01   1.487447e-06   1.844405e-03   1.941024e-09   588848
  6.727501e-01   1.499041e-06   1.838623e-03   1.942014e-09   597704
  6.791236e-01   1.505027e-06   1.842386e-03   1.928217e-09   610946
  6.855006e-01   1.517493e-06   1.837794e-03   1.927931e-09   620852
  6.918722e-01   1.523886e-06   1.841901e-03   1.919613e-09   633530
  6.982524e-01   1.530867e-06   1.841844e-03   1.909970e-09   645704
  7.046316e-01   1.539977e-06   1.840565e-03   1.907697e-09   656744
  7.110074e-01   1.551754e-06   1.841941e-03   1.896338e-09   669162
  7.173906e-01   1.560939e-06   1.843286e-03   1.889365e-09   681992
  7.237681e-01   1.565669e-06   1.838959e-03   1.888125e-09   692360
  7.301485e-01   1.573034e-06   1.844364e-03   1.876095e-09   707006
  7.365206e-01   1.581184e-06   1.834135e-03   1.872530e-09   714944
  7.428835e-01   1.595336e-06   1.841775e-03   1.866578e-09   730346
  7.492606e-01   1.599960e-06   1.838962e-03   1.861476e-09   742616
  7.556415e-01   1.608826e-06   1.843530e-03   1.849166e-09   756536
  7.620128e-01   1.611892e-06   1.836595e-03   1.844601e-09   766418
  7.683917e-01   1.618917e-06   1.845753e-03   1.829428e-09   783392
  7.747614e-01   1.627742e-06   1.833632e-03   1.836692e-09   790412
  7.811334e-01   1.635255e-06   1.848120e-03   1.817424e-09   810314
  7.875277e-01   1.644005e-06   1.843702e-03   1.813375e-09   821960
  7.938987e-01   1.653399e-06   1.834976e-03   1.811410e-09   831266
  8.002712e-01   1.652965e-06   1.843706e-03   1.796545e-09   848960
  8.066557e-01   1.661572e-06   1.842629e-03   1.792984e-09   861488
  8.130204e-01   1.668717e-06   1.833334e-03   1.793776e-09   871194
  8.193985e-01   1.675411e-06   1.847247e-03   1.773401e-09   891788
  8.257796e-01   1.683393e-06   1.838008e-03   1.775456e-09   900416
  8.321422e-01   1.693495e-06   1.836250e-03   1.769436e-09   914306
  8.385264e-01   1.694524e-06   1.847988e-03   1.754747e-09   933992
  8.449011e-01   1.699902e-06   1.834294e-03   1.754489e-09   940826
  8.512701e-01   1.710619e-06   1.842364e-03   1.753609e-09   960224
  8.576621e-01   1.714319e-06   1.846556e-03   1.736032e-09   976316
  8.640381e-01   1.716777e-06   1.835724e-03   1.726822e-09   985010
  8.704114e-01   1.725507e-06   1.843336e-03   1.723889e-09   1004024
  8.767898e-01   1.725656e-06   1.839706e-03   1.718210e-09   1016288
  8.831639e-01   1.739415e-06   1.840690e-03   1.712388e-09   1032290
  8.895470e-01   1.742187e-06   1.843156e-03   1.703338e-09   1048640
  8.959130e-01   1.743592e-06   1.831919e-03   1.697187e-09   1057250
  9.022937e-01   1.756972e-06   1.849588e-03   1.689431e-09   1083140
  9.086870e-01   1.762213e-06   1.840763e-03   1.690521e-09   1092248
  9.150555e-01   1.762244e-06   1.837510e-03   1.677712e-09   1105914
  9.214310e-01   1.767049e-06   1.841822e-03   1.664738e-09   1124744
  9.278120e-01   1.774701e-06   1.841202e-03   1.665256e-09   1139120
  9.341841e-01   1.781226e-06   1.838536e-03   1.655979e-09   1153490
  9.405650e-01   1.782855e-06   1.844187e-03   1.648051e-09   1172936
  9.469357e-01   1.790692e-06   1.834491e-03   1.649815e-09   1182158
  9.533110e-01   1.791508e-06   1.846126e-03   1.626355e-09   1206392
  9.596894e-01   1.794926e-06   1.835525e-03   1.626882e-09   1215224
  9.660641e-01   1.800756e-06   1.844936e-03   1.616324e-09   1237874
  9.724505e-01   1.807636e-06   1.841050e-03   1.616472e-09   1251800
  9.788233e-01   1.807546e-06   1.838619e-03   1.605778e-09   1265792
  9.851993e-01   1.819496e-06   1.843109e-03   1.607748e-09   1286306
  9.915793e-01   1.819355e-06   1.838809e-03   1.600028e-09   1299764
  9.979438e-01   1.825319e-06   1.836769e-03   1.591463e-09   1314554
  1.004319e+00   1.824637e-06   1.843595e-03   1.579205e-09   1337288
  1.010703e+00   1.830801e-06   1.840912e-03   1.573097e-09   1351304
  1.017077e+00   1.833173e-06   1.841769e-03   1.560276e-09   1369026
  1.023461e+00   1.836492e-06   1.843478e-03   1.558164e-09   1388456
  1.029842e+00   1.843076e-06   1.840406e-03   1.560827e-09   1402700
  1.036211e+00   1.844909e-06   1.837802e-03   1.551210e-09   1418282
  1.042587e+00   1.849778e-06   1.843596e-03   1.542056e-09   1440272
  1.048964e+00   1.853073e-06   1.838705e-03   1.537417e-09   1454114
  1.055341e+00   1.853789e-06   1.842603e-03   1.525592e-09   1475480
  1.061720e+00   1.860710e-06   1.840520e-03   1.522883e-09   1490936
  1.068091e+00   1.859238e-06   1.838519e-03   1.514276e-09   1507826
  1.074472e+00   1.864918e-06   1.844275e-03   1.511573e-09   1530764
  1.080850e+00   1.865012e-06   1.839052e-03   1.499318e-09   1543424
  1.087222e+00   1.872800e-06   1.841688e-03   1.497433e-09   1564946
  1.093594e+00   1.875010e-06   1.835875e-03   1.489963e-09   1578536
  1.099970e+00   1.876787e-06   1.845670e-03   1.479976e-09   1604882
  1.106358e+00   1.879900e-06   1.842454e-03   1.476581e-09   1621304
  1.112736e+00   1.879716e-06   1.839545e-03   1.473423e-09   1637024
  1.119103e+00   1.884891e-06   1.837794e-03   1.468566e-09   1654134
  1.125480e+00   1.886763e-06   1.844256e-03   1.457681e-09   1679168
  1.131864e+00   1.889604e-06   1.841903e-03   1.450398e-09   1695944
  1.138235e+00   1.893608e-06   1.836568e-03   1.447501e-09   1710602
  1.144612e+00   1.895857e-06   1.844777e-03   1.440470e-09   1737056
  1.150994e+00   1.897809e-06   1.840390e-03   1.434386e-09   1752602
  1.157370e+00   1.896695e-06   1.839227e-03   1.425879e-09   1772024
  1.163752e+00   1.900165e-06   1.844090e-03   1.420433e-09   1795364
  1.170126e+00   1.901646e-06   1.836467e-03   1.416199e-09   1807634
  1.176490e+00   1.904716e-06   1.836183e-03   1.409021e-09   1827608
  1.182859e+00   1.905153e-06   1.840789e-03   1.400509e-09   1850984
  1.189240e+00   1.905344e-06   1.844107e-03   1.390434e-09   1874618
  1.195619e+00   1.908475e-06   1.838445e-03   1.388829e-09   1889504
  1.202001e+00   1.910937e-06   1.845373e-03   1.381065e-09   1916870
  1.208383e+00   1.909746e-06   1.838254e-03   1.375284e-09   1929728
  1.214760e+00   1.916073e-06   1.843674e-03   1.370545e-09   1955408
  1.221131e+00   1.914977e-06   1.834427e-03   1.363730e-09   1966842
  1.227503e+00   1.915276e-06   1.843005e-03   1.355941e-09   1996640
  1.233886e+00   1.918415e-06   1.842690e-03   1.354273e-09   2016392
  1.240265e+00   1.920095e-06   1.839730e-03   1.344061e-09   2034722
  1.246641e+00   1.916866e-06   1.840813e-03   1.336490e-09   2056460
  1.253014e+00   1.920309e-06   1.838931e-03   1.333651e-09   2075186
  1.259388e+00   1.921088e-06   1.840566e-03   1.327686e-09   2099096
  1.265761e+00   1.924011e-06   1.837910e-03   1.323095e-09   2116832
  1.272138e+00   1.922095e-06   1.844119e-03   1.312129e-09   2145146
  1.278526e+00   1.921198e-06   1.844128e-03   1.305070e-09   2166776
  1.284904e+00   1.924872e-06   1.838822e-03   1.302237e-09   2181848
  1.291273e+00   1.925727e-06   1.838785e-03   1.298501e-09   2203766
  1.297646e+00   1.924906e-06   1.840619e-03   1.288000e-09   2227664
  1.304025e+00   1.925974e-06   1.842381e-03   1.284061e-09   2252138
  1.310403e+00   1.923727e-06   1.839825e-03   1.277514e-09   2271152
  1.316777e+00   1.926626e-06   1.840536e-03   1.271336e-09   2293256
  1.323154e+00   1.927649e-06   1.842085e-03   1.269345e-09   2318130
  1.329536e+00   1.929767e-06   1.841956e-03   1.262725e-09   2340824
  1.335910e+00   1.926667e-06   1.838342e-03   1.255979e-09   2357990
  1.342292e+00   1.927622e-06   1.846396e-03   1.246767e-09   2391176
  1.348671e+00   1.929338e-06   1.837209e-03   1.243960e-09   2401808
  1.355040e+00   1.930547e-06   1.840258e-03   1.238363e-09   2428442
  1.361418e+00   1.928328e-06   1.842645e-03   1.230288e-09   2454752
  1.367798e+00   1.925254e-06   1.841270e-03   1.224212e-09   2475872
  1.374172e+00   1.925645e-06   1.838763e-03   1.219501e-09   2495822
  1.380543e+00   1.925297e-06   1.839940e-03   1.212182e-09   2520248
  1.386922e+00   1.923884e-06   1.844043e-03   1.206760e-09   2549186
  1.393299e+00   1.926310e-06   1.837661e-03   1.201849e-09   2564768
  1.399672e+00   1.927596e-06   1.841284e-03   1.198824e-09   2592968
  1.406054e+00   1.923969e-06   1.843378e-03   1.191139e-09   2619818
  1.412431e+00   1.926946e-06   1.838027e-03   1.188773e-09   2636384
  1.418803e+00   1.922704e-06   1.840293e-03   1.180123e-09   2662220
  1.425180e+00   1.924001e-06   1.842524e-03   1.173582e-09   2689770
  1.431560e+00   1.923462e-06   1.840994e-03   1.167983e-09   2712296
  1.437933e+00   1.921213e-06   1.838431e-03   1.162486e-09   2732618
  1.444312e+00   1.919384e-06   1.843932e-03   1.153479e-09   2765264
  1.450695e+00   1.922524e-06   1.840894e-03   1.151756e-09   2784824
  1.457066e+00   1.919114e-06   1.837138e-03   1.144855e-09   2804162
  1.463445e+00   1.920847e-06   1.844971e-03   1.139318e-09   2840612
  1.469825e+00   1.919016e-06   1.839130e-03   1.136323e-09   2855576
  1.476198e+00   1.914597e-06   1.840533e-03   1.127524e-09   2883458
  1.482571e+00   1.916802e-06   1.838217e-03   1.125257e-09   2904128
  1.488946e+00   1.915559e-06   1.843378e-03   1.118483e-09   2937026
  1.495325e+00   1.914049e-06   1.839218e-03   1.112892e-09   2956976
  1.501703e+00   1.911506e-06   1.841967e-03   1.105871e-09   2986472
  1.508082e+00   1.912622e-06   1.840166e-03   1.102456e-09   3008918
  1.514460e+00   1.908185e-06   1.841773e-03   1.094882e-09   3036752
  1.520836e+00   1.909835e-06   1.839884e-03   1.091908e-09   3058376
  1.527209e+00   1.909495e-06   1.839616e-03   1.087189e-09   3084210
  1.533583e+00   1.906193e-06   1.840948e-03   1.079968e-09   3111848
  1.539960e+00   1.905019e-06   1.841348e-03   1.074766e-09   3138890
  1.546339e+00   1.903147e-06   1.840626e-03   1.071278e-09   3164516
  1.552719e+00   1.901528e-06   1.842638e-03   1.063388e-09   3192656
  1.559097e+00   1.898641e-06   1.840555e-03   1.058246e-09   3215618
  1.565473e+00   1.897933e-06   1.840732e-03   1.054226e-09   3242888
  1.571846e+00   1.896811e-06   1.839114e-03   1.048618e-09   3265448
  1.578224e+00   1.894610e-06   1.843575e-03   1.043253e-09   3300842
  1.584604e+00   1.890989e-06   1.839884e-03   1.038115e-09   3321008
  1.590977e+00   1.888759e-06   1.839336e-03   1.033177e-09   3346406
  1.597352e+00   1.887094e-06   1.841596e-03   1.026583e-09   3377984
  1.603728e+00   1.885604e-06   1.839551e-03   1.021292e-09   3400352
  1.610103e+00   1.886718e-06   1.841321e-03   1.018429e-09   3431450
  1.616483e+00   1.881476e-06   1.841519e-03   1.010899e-09   3458768
  1.622859e+00   1.879543e-06   1.841183e-03   1.007022e-09   3484088
  1.629231e+00   1.880426e-06   1.838425e-03   1.004177e-09   3508218
  1.635610e+00   1.876972e-06   1.843946e-03   9.977073e-10   3545924
  1.641992e+00   1.873128e-06   1.841053e-03   9.925897e-10   3567530
  1.648369e+00   1.872137e-06   1.840183e-03   9.874498e-10   3595040
  1.654744e+00   1.871121e-06   1.840167e-03   9.844676e-10   3621176
  1.661115e+00   1.866362e-06   1.839521e-03   9.765688e-10   3647738
  1.667490e+00   1.864962e-06   1.841438e-03   9.714583e-10   3680480
  1.673870e+00   1.861440e-06   1.842082e-03   9.669731e-10   3709712
  1.680248e+00   1.859784e-06   1.840008e-03   9.626874e-10   3734702
  1.686623e+00   1.855813e-06   1.840362e-03   9.563102e-10   3762776
  1.692996e+00   1.853267e-06   1.839854e-03   9.532050e-10   3790514
  1.699371e+00   1.850850e-06   1.839908e-03   9.469455e-10   3820352
  1.705752e+00   1.848489e-06   1.844068e-03   9.415102e-10   3856016
  1.712131e+00   1.846778e-06   1.839690e-03   9.394844e-10   3876818
  1.718506e+00   1.845162e-06   1.839874e-03   9.334256e-10   3906332
  1.724882e+00   1.841855e-06   1.841963e-03   9.283234e-10   3938216
  1.731260e+00   1.836322e-06   1.840685e-03   9.222124e-10   3966354
  1.737636e+00   1.833582e-06   1.839695e-03   9.175602e-10   3993536
  1.744011e+00   1.830972e-06   1.840344e-03   9.140507e-10   4024034
  1.750392e+00   1.830550e-06   1.843071e-03   9.086745e-10   4060208
  1.756773e+00   1.823812e-06   1.840812e-03   9.026826e-10   4083632
  1.763145e+00   1.825256e-06   1.837811e-03   9.015573e-10   4107062
  1.769521e+00   1.818921e-06   1.842771e-03   8.929522e-10   4148072
  1.775893e+00   1.816407e-06   1.836707e-03   8.906803e-10   4163456
  1.782267e+00   1.813015e-06   1.842476e-03   8.836453e-10   4207994
  1.788652e+00   1.809462e-06   1.843367e-03   8.793919e-10   4239152
  1.795029e+00   1.807845e-06   1.839132e-03   8.767450e-10   4259426
  1.801407e+00   1.803879e-06   1.842524e-03   8.703514e-10   4299488
  1.807788e+00   1.801969e-06   1.840660e-03   8.664173e-10   4323692
  1.814162e+00   1.796852e-06   1.840093e-03   8.621929e-10   4353242
  1.820541e+00   1.796069e-06   1.841694e-03   8.572846e-10   4388792
  1.826915e+00   1.792252e-06   1.838387e-03   8.535249e-10   4409912
  1.833288e+00   1.787391e-06   1.841592e-03   8.481626e-10   4449282
  1.839667e+00   1.782014e-06   1.840784e-03   8.430020e-10   4478504
  1.846041e+00   1.781690e-06   1.839106e-03   8.390835e-10   4505882
  1.852417e+00   1.778708e-06   1.841020e-03   8.344372e-10   4542044
  1.858793e+00   1.773652e-06   1.840344e-03   8.304222e-10   4569608
  1.865169e+00   1.770731e-06   1.841195e-03   8.255612e-10   4604426
  1.871550e+00   1.767368e-06   1.842311e-03   8.202051e-10   4638896
  1.877925e+00   1.763926e-06   1.838827e-03   8.171195e-10   4660088
  1.884299e+00   1.758659e-06   1.841797e-03   8.122582e-10   4701290
  1.890678e+00   1.755240e-06   1.840619e-03   8.081670e-10   4729292
  1.897054e+00   1.753595e-06   1.841565e-03   8.040968e-10   4762706
  1.903435e+00   1.749876e-06   1.842610e-03   7.987995e-10   4799336
  1.909810e+00   1.746003e-06   1.837970e-03   7.956780e-10   4818680
  1.916185e+00   1.743552e-06   1.842882e-03   7.908710e-10   4863962
  1.922563e+00   1.738474e-06   1.839027e-03   7.875043e-10   4886216
  1.928938e+00   1.732322e-06   1.841692e-03   7.811479e-10   4925360
  1.935312e+00   1.729787e-06   1.838487e-03   7.771456e-10   4950198
  1.941682e+00   1.728635e-06   1.839228e-03   7.749072e-10   4983776
  1.948062e+00   1.725441e-06   1.844717e-03   7.690876e-10   5032058
  1.954444e+00   1.717126e-06   1.839748e-03   7.645864e-10   5052296
  1.960816e+00   1.716265e-06   1.839118e-03   7.617765e-10   5081048
  1.967192e+00   1.711786e-06   1.843475e-03   7.566713e-10   5127146
  1.973574e+00   1.707508e-06   1.841069e-03   7.524744e-10   5155376
  1.979948e+00   1.704818e-06   1.838766e-03   7.492828e-10   5181068
  1.986324e+00   1.700130e-06   1.842536e-03   7.444420e-10   5225906
  1.992703e+00   1.694289e-06   1.840301e-03   7.404119e-10   5253224
  1.999075e+00   1.691138e-06   1.838471e-03   7.359167e-10   5281154
  2.005453e+00   1.688106e-06   1.843666e-03   7.304177e-10   5330336
  2.011834e+00   1.683170e-06   1.840278e-03   7.277563e-10   5354120
  2.018204e+00   1.680256e-06   1.837177e-03   7.241199e-10   5380154
  2.024582e+00   1.677271e-06   1.844004e-03   7.195706e-10   5433740
  2.030964e+00   1.672248e-06   1.841066e-03   7.160538e-10   5458202
  2.037337e+00   1.667615e-06   1.838473e-03   7.127343e-10   5486424
  2.043713e+00   1.664210e-06   1.842073e-03   7.077536e-10   5530640
  2.050092e+00   1.659252e-06   1.840865e-03   7.045560e-10   5561162
  2.056472e+00   1.655434e-06   1.842354e-03   6.995803e-10   5601512
  2.062848e+00   1.651266e-06   1.838550e-03   6.970206e-10   5623244
  2.069220e+00   1.646377e-06   1.840849e-03   6.918092e-10   5665346
  2.075598e+00   1.641810e-06   1.841113e-03   6.871063e-10   5702384
  2.081975e+00   1.639658e-06   1.840298e-03   6.849430e-10   5734706
  2.088353e+00   1.634435e-06   1.841301e-03   6.801215e-10   5773184
  2.094733e+00   1.631713e-06   1.841946e-03   6.765022e-10   5809568
  2.101105e+00   1.625720e-06   1.837552e-03   6.739425e-10   5831090
  2.107479e+00   1.621274e-06   1.842206e-03   6.694745e-10   5881964
  2.113859e+00   1.618749e-06   1.841213e-03   6.665909e-10   5913416
  2.120238e+00   1.611892e-06   1.841923e-03   6.608008e-10   5952290
  2.126616e+00   1.609347e-06   1.839865e-03   6.582970e-10   5981144
  2.132988e+00   1.604392e-06   1.839742e-03   6.549081e-10   6015290
  2.139364e+00   1.599293e-06   1.841927e-03   6.499445e-10   6059664
  2.145743e+00   1.595924e-06   1.840799e-03   6.466647e-10   6092336
  2.152122e+00   1.592000e-06   1.842086e-03   6.431116e-10   6132806
  2.158501e+00   1.586929e-06   1.841321e-03   6.395568e-10   6166832
  2.164873e+00   1.583050e-06   1.837443e-03   6.367626e-10   6189272
  2.171243e+00   1.577831e-06   1.841004e-03   6.325312e-10   6238154
  2.177621e+00   1.573608e-06   1.841080e-03   6.279059e-10   6275288
  2.184000e+00   1.569773e-06   1.842241e-03   6.248350e-10   6316322
  2.190379e+00   1.565865e-06   1.840641e-03   6.216954e-10   6348488
  2.196756e+00   1.558376e-06   1.841212e-03   6.171400e-10   6385868
  2.203134e+00   1.556642e-06   1.841850e-03   6.140695e-10   6425378
  2.209510e+00   1.550972e-06   1.839408e-03   6.101245e-10   6455360
  2.215886e+00   1.547098e-06   1.841392e-03   6.070269e-10   6498176
  2.222261e+00   1.542131e-06   1.840198e-03   6.038287e-10   6531674
  2.228637e+00   1.538917e-06   1.841209e-03   6.012831e-10   6573368
  2.235015e+00   1.532557e-06   1.841417e-03   5.961481e-10   6611246
  2.241392e+00   1.528539e-06   1.840803e-03   5.929285e-10   6647424
  2.247770e+00   1.523846e-06   1.841365e-03   5.896181e-10   6687488
  2.254147e+00   1.520377e-06   1.839919e-03   5.872539e-10   6721250
  2.260520e+00   1.514948e-06   1.839077e-03   5.831975e-10   6755816
  2.266897e+00   1.510430e-06   1.842933e-03   5.791298e-10   6806504
  2.273276e+00   1.505591e-06   1.840584e-03   5.766339e-10   6837506
  2.279651e+00   1.502546e-06   1.839474e-03   5.739890e-10   6871556
  2.286030e+00   1.496058e-06   1.843489e-03   5.687522e-10   6924938
  2.292407e+00   1.491700e-06   1.838210e-03   5.656612e-10   6945320
  2.298778e+00   1.486313e-06   1.839118e-03   5.625070e-10   6986072
  2.305158e+00   1.482738e-06   1.844888e-03   5.590197e-10   7046642
  2.311538e+00   1.479178e-06   1.838415e-03   5.572439e-10   7061168
  2.317910e+00   1.472454e-06   1.840538e-03   5.528801e-10   7108064
  2.324288e+00   1.468894e-06   1.841488e-03   5.497534e-10   7151822
  2.330666e+00   1.464723e-06   1.840837e-03   5.469561e-10   7187600
  2.337045e+00   1.459153e-06   1.841819e-03   5.430072e-10   7231418
  2.343420e+00   1.454596e-06   1.838266e-03   5.402060e-10   7257912
  2.349793e+00   1.449655e-06   1.841246e-03   5.362238e-10   7307840
  2.356171e+00   1.445289e-06   1.840707e-03   5.336610e-10   7346618
  2.362545e+00   1.441018e-06   1.838315e-03   5.312225e-10   7376552
  2.368920e+00   1.435640e-06   1.842635e-03   5.275786e-10   7431740
  2.375299e+00   1.431874e-06   1.840580e-03   5.241902e-10   7464458
  2.381675e+00   1.426543e-06   1.840724e-03   5.211621e-10   7505672
  2.388054e+00   1.422291e-06   1.841875e-03   5.180499e-10   7550906
  2.394430e+00   1.418629e-06   1.839274e-03   5.156536e-10   7580720
  2.400808e+00   1.413349e-06   1.843124e-03   5.118142e-10   7635944
  2.407183e+00   1.408140e-06   1.837385e-03   5.095218e-10   7653254
  2.413557e+00   1.404373e-06   1.842500e-03   5.062741e-10   7714712
  2.419937e+00   1.399891e-06   1.841714e-03   5.029951e-10   7751840
  2.426315e+00   1.394123e-06   1.840093e-03   4.999327e-10   7788170
  2.432690e+00   1.389830e-06   1.840288e-03   4.970480e-10   7828544
  2.439067e+00   1.384737e-06   1.841589e-03   4.940375e-10   7874474
  2.445442e+00   1.380437e-06   1.838917e-03   4.917033e-10   7906032
  2.451817e+00   1.374741e-06   1.841643e-03   4.877999e-10   7957580
  2.458195e+00   1.371464e-06   1.840967e-03   4.856401e-10   7995962
  2.464573e+00   1.367660e-06   1.841319e-03   4.824520e-10   8038976
  2.470951e+00   1.361684e-06   1.841937e-03   4.795393e-10   8082320
  2.477329e+00   1.357477e-06   1.840784e-03   4.772601e-10   8120450
  2.483701e+00   1.352286e-06   1.838200e-03   4.742003e-10   8150312
  2.490075e+00   1.346690e-06   1.842025e-03   4.704561e-10   8210450
  2.496455e+00   1.342337e-06   1.840554e-03   4.680560e-10   8246732
  2.502832e+00   1.338077e-06   1.841458e-03   4.648009e-10   8290256
  2.509210e+00   1.333630e-06   1.841232e-03   4.626317e-10   8333306
  2.515587e+00   1.327902e-06   1.840510e-03   4.589571e-10   8372312
  2.521962e+00   1.323929e-06   1.840644e-03   4.569539e-10   8413472
  2.528337e+00   1.320823e-06   1.840038e-03   4.544715e-10   8455634
  2.534714e+00   1.314237e-06   1.841410e-03   4.512236e-10   8503736
  2.541090e+00   1.311532e-06   1.840703e-03   4.494038e-10   8542814
  2.547468e+00   1.304912e-06   1.841283e-03   4.455347e-10   8589960
  2.553847e+00   1.299348e-06   1.841675e-03   4.429487e-10   8633912
  2.560223e+00   1.295435e-06   1.839336e-03   4.406402e-10   8666690
  2.566599e+00   1.289779e-06   1.842209e-03   4.369927e-10   8722544
  2.572977e+00   1.285746e-06   1.840585e-03   4.349727e-10   8758112
  2.579352e+00   1.280292e-06   1.839548e-03   4.320321e-10   8798750
  2.585728e+00   1.277354e-06   1.841277e-03   4.301659e-10   8848808
  2.592104e+00   1.272031e-06   1.840251e-03   4.274162e-10   8889170
  2.598481e+00   1.267028e-06   1.840227e-03   4.243624e-10   8934608
  2.604856e+00   1.263524e-06   1.839643e-03   4.222415e-10   8971640
  2.611232e+00   1.259263e-06   1.842388e-03   4.193575e-10   9029954
  2.617612e+00   1.253873e-06   1.840920e-03   4.168060e-10   9067856
  2.623987e+00   1.249500e-06   1.839672e-03   4.145134e-10   9104444
  2.630367e+00   1.243684e-06   1.843923e-03   4.111306e-10   9171242
  2.636745e+00   1.239749e-06   1.838017e-03   4.099433e-10   9185528
  2.643114e+00   1.235220e-06   1.839022e-03   4.073623e-10   9235394
  2.649494e+00   1.229970e-06   1.844050e-03   4.039922e-10   9305688
  2.655872e+00   1.225379e-06   1.838662e-03   4.019087e-10   9321824
  2.662249e+00   1.221346e-06   1.843226e-03   3.989532e-10   9392090
  2.668628e+00   1.216071e-06   1.839001e-03   3.971920e-10   9414332
  2.675000e+00   1.211976e-06   1.840415e-03   3.945415e-10   9465410
  2.681380e+00   1.207156e-06   1.842364e-03   3.913962e-10   9523760
  2.687758e+00   1.201627e-06   1.839771e-03   3.895538e-10   9553832
  2.694133e+00   1.198054e-06   1.840855e-03   3.865391e-10   9604298
  2.700510e+00   1.192703e-06   1.840893e-03   3.845448e-10   9651176
  2.706885e+00   1.187974e-06   1.839603e-03   3.820415e-10   9687704
  2.713262e+00   1.184116e-06   1.842393e-03   3.796937e-10   9748574
  2.719643e+00   1.180587e-06   1.842290e-03   3.778144e-10   9794624
  2.726015e+00   1.173673e-06   1.836766e-03   3.755337e-10   9811370
  2.732389e+00   1.170874e-06   1.842921e-03   3.729565e-10   9891320
  2.738770e+00   1.165453e-06   1.841218e-03   3.707267e-10   9926024
  2.745146e+00   1.161468e-06   1.840208e-03   3.683733e-10   9967586
  2.751522e+00   1.157982e-06   1.840755e-03   3.662506e-10   10018116
  2.757897e+00   1.151379e-06   1.840456e-03   3.635584e-10   10060280
  2.764274e+00   1.146398e-06   1.841667e-03   3.611207e-10   10115450
  2.770654e+00   1.142456e-06   1.841837e-03   3.591340e-10   10164368
  2.777028e+00   1.137960e-06   1.838094e-03   3.569703e-10   10188314
  2.783404e+00   1.133171e-06   1.843290e-03   3.542550e-10   10265168
  2.789784e+00   1.130001e-06   1.840160e-03   3.531809e-10   10294448
  2.796159e+00   1.124161e-06   1.840640e-03   3.502387e-10   10343918
  2.802537e+00   1.120106e-06   1.841730e-03   3.480568e-10   10397600
  2.808913e+00   1.116218e-06   1.840311e-03   3.463133e-10   10435328
  2.815285e+00   1.111255e-06   1.838957e-03   3.438688e-10   10476698
  2.821661e+00   1.106184e-06   1.842237e-03   3.413174e-10   10543184
  2.828039e+00   1.102166e-06   1.839935e-03   3.395606e-10   10577834
  2.834417e+00   1.096872e-06   1.842252e-03   3.371093e-10   10641560
  2.840795e+00   1.093352e-06   1.839115e-03   3.355098e-10   10668452
  2.847169e+00   1.088905e-06   1.841467e-03   3.332077e-10   10729634
  2.853544e+00   1.083476e-06   1.839115e-03   3.310185e-10   10766520
  2.859920e+00   1.079815e-06   1.841423e-03   3.289082e-10   10825856
  2.866300e+00   1.075335e-06   1.842253e-03   3.268473e-10   10880090
  2.872679e+00   1.070206e-06   1.840348e-03   3.243942e-10   10918088
  2.879054e+00   1.066753e-06   1.840274e-03   3.228344e-10   10964474
  2.885431e+00   1.061929e-06   1.841464e-03   3.207109e-10   11021180
  2.891809e+00   1.057524e-06   1.840637e-03   3.185979e-10   11064248
  2.898185e+00   1.053203e-06   1.840651e-03   3.168188e-10   11114234
  2.904565e+00   1.048714e-06   1.842174e-03   3.144683e-10   11172872
  2.910943e+00   1.044266e-06   1.840078e-03   3.129414e-10   11206880
  2.917314e+00   1.039295e-06   1.838484e-03   3.107863e-10   11248130
  2.923689e+00   1.036847e-06   1.841523e-03   3.090908e-10   11316140
  2.930066e+00   1.030741e-06   1.840085e-03   3.068988e-10   11355554
  2.936443e+00   1.026645e-06   1.841835e-03   3.047234e-10   11417840
  2.942822e+00   1.022285e-06   1.840319e-03   3.029429e-10   11456528
  2.949199e+00   1.018243e-06   1.841526e-03   3.011752e-10   11512874
  2.955576e+00   1.014215e-06   1.840486e-03   2.992731e-10   11557272
  2.961950e+00   1.009427e-06   1.839582e-03   2.972873e-10   11600360
  2.968326e+00   1.005899e-06   1.841593e-03   2.958024e-10   11663678
  2.974703e+00   1.000908e-06   1.840371e-03   2.934753e-10   11705552
  2.981079e+00   9.971065e-07   1.840912e-03   2.916753e-10   11758658
  2.987457e+00   9.925914e-07   1.841605e-03   2.896076e-10   11815208
  2.993836e+00   9.882861e-07   1.841556e-03   2.878809e-10   11864000
  3.000212e+00   9.844707e-07   1.839938e-03   2.863073e-10   11904962
  3.006589e+00   9.798121e-07   1.840973e-03   2.842865e-10   11963696
  3.012966e+00   9.748762e-07   1.840866e-03   2.826036e-10   12011132
  3.019341e+00   9.710033e-07   1.840389e-03   2.805038e-10   12059450
  3.025718e+00   9.672931e-07   1.841438e-03   2.788345e-10   12118280
  3.032095e+00   9.633665e-07   1.840188e-03   2.772181e-10   12160562
  3.038470e+00   9.584127e-07   1.840247e-03   2.752614e-10   12212768
  3.044846e+00   9.543867e-07   1.841220e-03   2.736176e-10   12269504
  3.051223e+00   9.506169e-07   1.840948e-03   2.720169e-10   12319370
  3.057600e+00   9.454179e-07   1.840852e-03   2.698164e-10   12370140
  3.063975e+00   9.427925e-07   1.840437e-03   2.686755e-10   12417752
  3.070352e+00   9.376118e-07   1.841133e-03   2.665471e-10   12476882
  3.076731e+00   9.337747e-07   1.841502e-03   2.649506e-10   12530816
  3.083108e+00   9.306861e-07   1.840958e-03   2.635259e-10   12577658
  3.089485e+00   9.254987e-07   1.840591e-03   2.615097e-10   12629288
  3.095862e+00   9.211124e-07   1.841067e-03   2.596268e-10   12683828
  3.102237e+00   9.176779e-07   1.839537e-03   2.584380e-10   12725354
  3.108612e+00   9.136553e-07   1.841269e-03   2.566227e-10   12790616
  3.114989e+00   9.099371e-07   1.840010e-03   2.550892e-10   12833768
  3.121365e+00   9.055259e-07   1.841117e-03   2.532453e-10   12894194
  3.127743e+00   9.011620e-07   1.841676e-03   2.516088e-10   12950240
  3.134122e+00   8.972110e-07   1.840849e-03   2.499633e-10   12998714
  3.140498e+00   8.936230e-07   1.840244e-03   2.486714e-10   13048100
  3.146876e+00   8.891332e-07   1.841732e-03   2.467068e-10   13109120
  3.153254e+00   8.853900e-07   1.841032e-03   2.453169e-10   13158506
  3.159627e+00   8.816557e-07   1.838302e-03   2.438477e-10   13193040
  3.166002e+00   8.781048e-07   1.841969e-03   2.424368e-10   13271072
  3.172380e+00   8.736574e-07   1.840294e-03   2.406512e-10   13314242
  3.178754e+00   8.698917e-07   1.839703e-03   2.392897e-10   13363808
  3.185133e+00   8.661163e-07   1.842485e-03   2.374135e-10   13436822
  3.191512e+00   8.621734e-07   1.840487e-03   2.361798e-10   13476080
  3.197887e+00   8.579513e-07   1.840204e-03   2.345702e-10   13527296
  3.204264e+00   8.542483e-07   1.841161e-03   2.331085e-10   13589498
  3.210638e+00   8.499787e-07   1.838626e-03   2.316657e-10   13623704
  3.217016e+00   8.459777e-07   1.844054e-03   2.296980e-10   13717280
  3.223396e+00   8.420945e-07   1.839294e-03   2.284599e-10   13737914
  3.229770e+00   8.388471e-07   1.840743e-03   2.270209e-10   13801772
  3.236147e+00   8.344229e-07   1.841678e-03   2.254639e-10   13864298
  3.242524e+00   8.317553e-07   1.839451e-03   2.243043e-10   13904216
  3.248899e+00   8.277083e-07   1.840700e-03   2.227726e-10   13966064
  3.255276e+00   8.234436e-07   1.841492e-03   2.211123e-10   14027042
  3.261651e+00   8.193421e-07   1.838676e-03   2.198550e-10   14061048
  3.268027e+00   8.155256e-07   1.842396e-03   2.181791e-10   14143820
  3.274405e+00   8.122201e-07   1.840137e-03   2.169824e-10   14182442
  3.280782e+00   8.087090e-07   1.841285e-03   2.155142e-10   14245568
  3.287160e+00   8.054589e-07   1.841226e-03   2.143818e-10   14301338
  3.293537e+00   8.012988e-07   1.840394e-03   2.129821e-10   14350064
  3.299913e+00   7.977066e-07   1.841485e-03   2.115018e-10   14412488
  3.306292e+00   7.938026e-07   1.841397e-03   2.101179e-10   14470250
  3.312668e+00   7.904427e-07   1.839514e-03   2.090409e-10   14509484
  3.319039e+00   7.861825e-07   1.839618e-03   2.075271e-10   14564474
  3.325416e+00   7.824280e-07   1.842538e-03   2.057825e-10   14646632
  3.331795e+00   7.794667e-07   1.839978e-03   2.048956e-10   14681792
  3.338171e+00   7.756631e-07   1.841401e-03   2.035007e-10   14749946
  3.344548e+00   7.724206e-07   1.840482e-03   2.022529e-10   14799968
  3.350923e+00   7.685875e-07   1.839748e-03   2.009198e-10   14848808
  3.357300e+00   7.648005e-07   1.842276e-03   1.994859e-10   14925638
  3.363678e+00   7.613540e-07   1.840046e-03   1.983306e-10   14963016
  3.370053e+00   7.578176e-07   1.841263e-03   1.969959e-10   15031106
  3.376432e+00   7.542568e-07   1.841574e-03   1.956726e-10   15092384
  3.382808e+00   7.505448e-07   1.839899e-03   1.945303e-10   15132248
  3.389183e+00   7.469634e-07   1.841248e-03   1.931582e-10   15202322
  3.395560e+00   7.434150e-07   1.839985e-03   1.919809e-10   15250832
  3.401936e+00   7.404234e-07   1.841279e-03   1.907591e-10   15315692
  3.408315e+00   7.369019e-07   1.842099e-03   1.894570e-10   15382346
  3.414692e+00   7.331968e-07   1.839166e-03   1.882112e-10   15416024
  3.421065e+00   7.292395e-07   1.840590e-03   1.869296e-10   15483602
  3.427446e+00   7.265380e-07   1.843566e-03   1.857413e-10   15568424
  3.433825e+00   7.231697e-07   1.839187e-03   1.848129e-10   15589280
  3.440198e+00   7.195757e-07   1.839744e-03   1.834971e-10   15652502
  3.446575e+00   7.164656e-07   1.841959e-03   1.822934e-10   15728960
  3.452954e+00   7.127319e-07   1.840551e-03   1.810333e-10   15773168
  3.459328e+00   7.093279e-07   1.839940e-03   1.800251e-10   15828290
  3.465704e+00   7.060477e-07   1.840910e-03   1.787013e-10   15893184
  3.472081e+00   7.025412e-07   1.841157e-03   1.776665e-10   15954194
  3.478457e+00   6.991226e-07   1.839872e-03   1.764013e-10   16006016
  3.484831e+00   6.953735e-07   1.839639e-03   1.752580e-10   16058684
  3.491208e+00   6.924394e-07   1.842456e-03   1.740414e-10   16141898
  3.497590e+00   6.887498e-07   1.841864e-03   1.727096e-10   16197872
  3.503966e+00   6.859131e-07   1.839313e-03   1.720044e-10   16231640
  3.510341e+00   6.826659e-07   1.841313e-03   1.708169e-10   16310090
  3.516721e+00   6.792074e-07   1.841945e-03   1.694415e-10   16375136
  3.523097e+00   6.757403e-07   1.839457e-03   1.686049e-10   16412522
  3.529473e+00   6.727646e-07   1.841163e-03   1.674582e-10   16488308
  3.535850e+00   6.700077e-07   1.840616e-03   1.664723e-10   16539968
  3.542225e+00   6.663014e-07   1.839938e-03   1.654534e-10   16595714
  3.548602e+00   6.627320e-07   1.841625e-03   1.641120e-10   16671224
  3.554979e+00   6.596234e-07   1.840210e-03   1.630080e-10   16714064
  3.561354e+00   6.566592e-07   1.840955e-03   1.620318e-10   16783202
  3.567731e+00   6.535412e-07   1.840815e-03   1.610492e-10   16842504
  3.574108e+00   6.502561e-07   1.841084e-03   1.598748e-10   16904894
  3.580486e+00   6.470081e-07   1.841127e-03   1.588282e-10   16968656
  3.586865e+00   6.437083e-07   1.841521e-03   1.578107e-10   17030288
  3.593238e+00   6.406699e-07   1.838444e-03   1.569210e-10   17061482
  3.599615e+00   6.374365e-07   1.842988e-03   1.557906e-10   17164976
  3.605993e+00   6.346390e-07   1.840068e-03   1.549625e-10   17197184
  3.612368e+00   6.312878e-07   1.840756e-03   1.537872e-10   17267102
  3.618746e+00   6.280449e-07   1.841072e-03   1.526655e-10   17329928
  3.625121e+00   6.251802e-07   1.839901e-03   1.519117e-10   17378906
  3.631497e+00   6.222237e-07   1.841182e-03   1.508854e-10   17454776
  3.637873e+00   6.189008e-07   1.839972e-03   1.498349e-10   17501720
  3.644249e+00   6.161986e-07   1.842109e-03   1.488772e-10   17584826
  3.650631e+00   6.128598e-07   1.841819e-03   1.478873e-10   17646008
  3.657008e+00   6.093856e-07   1.840059e-03   1.468167e-10   17686412
  3.663381e+00   6.066907e-07   1.840228e-03   1.460001e-10   17751266
  3.669756e+00   6.035501e-07   1.840035e-03   1.449171e-10   17812848
  3.676130e+00   6.004552e-07   1.840074e-03   1.439787e-10   17874866
  3.682507e+00   5.975639e-07   1.841337e-03   1.430239e-10   17951720
  3.688886e+00   5.941168e-07   1.841134e-03   1.420656e-10   18009344
  3.695262e+00   5.913548e-07   1.840349e-03   1.411100e-10   18064730
  3.701640e+00   5.884657e-07   1.841339e-03   1.402277e-10   18137372
  3.708017e+00   5.849110e-07   1.840603e-03   1.391562e-10   18189632
  3.714392e+00   5.820207e-07   1.840457e-03   1.383433e-10   18254330
  3.720770e+00   5.788992e-07   1.841473e-03   1.373110e-10   18325808
  3.727148e+00   5.756287e-07   1.840737e-03   1.364311e-10   18379610
  3.733524e+00   5.724995e-07   1.840702e-03   1.354141e-10   18445760
  3.739901e+00   5.692065e-07   1.840479e-03   1.344906e-10   18504440
  3.746277e+00   5.657993e-07   1.840875e-03   1.335252e-10   18572198
  3.752657e+00   5.618583e-07   1.841895e-03   1.323126e-10   18647480
  3.759032e+00   5.577508e-07   1.838946e-03   1.313398e-10   18678152
  3.765406e+00   3.309948e-07   1.841061e-03   1.176157e-10   18764186
  3.771782e+00   9.574984e-09   1.840849e-03   2.828063e-12   18794103
  3.778158e+00   8.427842e-09   1.840297e-03   2.509717e-12   18760748
  3.784533e+00   7.498794e-09   1.840231e-03   2.238004e-12   18727940
  3.790912e+00   6.754493e-09   1.842073e-03   2.010700e-12   18712436
  3.797287e+00   6.167378e-09   1.838840e-03   1.833978e-12   18646616
  3.803663e+00   5.695980e-09   1.842455e-03   1.688731e-12   18651296
  3.810042e+00   5.299346e-09   1.840334e-03   1.568145e-12   18596096
  3.816418e+00   4.952224e-09   1.841121e-03   1.459022e-12   18571364
  3.822794e+00   4.648198e-09   1.839859e-03   1.366935e-12   18527096
  3.829170e+00   4.375997e-09   1.840846e-03   1.279376e-12   18501368
  3.835548e+00   4.139238e-09   1.841771e-03   1.204975e-12   18475040
  3.841927e+00   3.931401e-09   1.841481e-03   1.140443e-12   18439436
  3.848301e+00   3.743064e-09   1.838521e-03   1.082769e-12   18375752
  3.854674e+00   3.582859e-09   1.840584e-03   1.032032e-12   18361484
  3.861052e+00   3.430742e-09   1.842393e-03   9.832453e-13   18344504
  3.867430e+00   3.298723e-09   1.839817e-03   9.425307e-13   18284708
  3.873806e+00   3.175248e-09   1.841259e-03   9.033721e-13   18264048
  3.880183e+00   3.060526e-09   1.840629e-03   8.683398e-13   18220964
  3.886557e+00   2.956481e-09   1.839363e-03   8.357125e-13   18173528
  3.892935e+00   2.859340e-09   1.843046e-03   8.036066e-13   18173780
  3.899316e+00   2.770724e-09   1.841138e-03   7.771210e-13   18116660
  3.905693e+00   2.685137e-09   1.840842e-03   7.497463e-13   18078740
  3.912066e+00   2.609722e-09   1.838693e-03   7.267780e-13   18023108
  3.918439e+00   2.540063e-09   1.840734e-03   7.041227e-13   18005600
  3.924818e+00   2.471639e-09   1.842344e-03   6.827516e-13   17984552
  3.931198e+00   2.409184e-09   1.841062e-03   6.634285e-13   17934860
  3.937574e+00   2.351821e-09   1.840562e-03   6.457047e-13   17891468
  3.943950e+00   2.294416e-09   1.840945e-03   6.280567e-13   17857712
  3.950326e+00   2.241800e-09   1.840137e-03   6.117051e-13   17813108
  3.956702e+00   2.192468e-09   1.841074e-03   5.965821e-13   17784788
  3.963079e+00   2.146231e-09   1.840240e-03   5.824699e-13   17737268
  3.969455e+00   2.100953e-09   1.841773e-03   5.685345e-13   17713268
  3.975833e+00   2.058601e-09   1.840239e-03   5.556020e-13   17661912
  3.982208e+00   2.019926e-09   1.840290e-03   5.435374e-13   17622668
  3.988586e+00   1.980214e-09   1.842133e-03   5.314472e-13   17600552
  3.994964e+00   1.944061e-09   1.839951e-03   5.207597e-13   17542580
  4.001340e+00   1.909092e-09   1.840772e-03   5.102281e-13   17509112
  4.007717e+00   1.876701e-09   1.841501e-03   5.001308e-13   17475116
  4.014093e+00   1.846004e-09   1.839606e-03   4.913340e-13   17419964
  4.020469e+00   1.814721e-09   1.841433e-03   4.812737e-13   17397056
  4.026846e+00   1.785714e-09   1.840314e-03   4.725562e-13   17345336
  4.033223e+00   1.757211e-09   1.840964e-03   4.645930e-13   17310476
  4.039596e+00   1.730102e-09   1.838459e-03   4.564941e-13   17246360
  4.045972e+00   1.705135e-09   1.842582e-03   4.488949e-13   17244284
  4.052354e+00   1.680115e-09   1.842150e-03   4.416027e-13   17198240
  4.058731e+00   1.656845e-09   1.839271e-03   4.345962e-13   17130932
  4.065106e+00   1.634820e-09   1.841562e-03   4.280957e-13   17110040
  4.071484e+00   1.611580e-09   1.840722e-03   4.212626e-13   17058488
  4.077857e+00   1.589645e-09   1.839135e-03   4.153525e-13   17003664
  4.084233e+00   1.568865e-09   1.841446e-03   4.091908e-13   16983908
  4.090612e+00   1.549108e-09   1.841420e-03   4.034060e-13   16939220
  4.096989e+00   1.529754e-09   1.840515e-03   3.978901e-13   16888904
  4.103367e+00   1.510890e-09   1.841500e-03   3.927685e-13   16854920
  4.109743e+00   1.492526e-09   1.839861e-03   3.877978e-13   16795136
  4.116117e+00   1.475341e-09   1.840184e-03   3.830908e-13   16755860
  4.122495e+00   1.457898e-09   1.841913e-03   3.779738e-13   16729064
  4.128872e+00   1.442305e-09   1.840126e-03   3.738895e-13   16668260
  4.135248e+00   1.426160e-09   1.841092e-03   3.692803e-13   16631456
  4.141626e+00   1.410885e-09   1.841230e-03   3.651676e-13   16588208
  4.148001e+00   1.393325e-09   1.839635e-03   3.607061e-13   16531052
  4.154379e+00   1.379392e-09   1.842867e-03   3.566592e-13   16514456
  4.160755e+00   1.365125e-09   1.838861e-03   3.532533e-13   16432880
  4.167131e+00   1.350706e-09   1.842344e-03   3.493386e-13   16421120
  4.173510e+00   1.338451e-09   1.840051e-03   3.464214e-13   16354148
  4.179885e+00   1.324295e-09   1.841003e-03   3.423995e-13   16316184
  4.186264e+00   1.310492e-09   1.842179e-03   3.390220e-13   16283360
  4.192641e+00   1.298333e-09   1.839085e-03   3.362367e-13   16208756
  4.199016e+00   1.285842e-09   1.841765e-03   3.329649e-13   16184372
  4.205394e+00   1.274169e-09   1.840922e-03   3.300654e-13   16131116
  4.211767e+00   1.261970e-09   1.839273e-03   3.270826e-13   16070864
  4.218143e+00   1.250536e-09   1.841935e-03   3.242024e-13   16047596
  4.224522e+00   1.239543e-09   1.841132e-03   3.215096e-13   15993464
  4.230898e+00   1.227487e-09   1.839789e-03   3.186895e-13   15936116
  4.237274e+00   1.216960e-09   1.841227e-03   3.164033e-13   15899564
  4.243650e+00   1.205685e-09   1.840412e-03   3.138073e-13   15843188
  4.250027e+00   1.195544e-09   1.841430e-03   3.112665e-13   15806012
  4.256404e+00   1.185710e-09   1.840029e-03   3.093401e-13   15746972
  4.262780e+00   1.174918e-09   1.841029e-03   3.066063e-13   15706280
  4.269158e+00   1.165947e-09   1.841316e-03   3.045062e-13   15660560
  4.275534e+00   1.155769e-09   1.839976e-03   3.024477e-13   15601664
  4.281910e+00   1.146457e-09   1.840520e-03   3.003316e-13   15555936
  4.288286e+00   1.136222e-09   1.841154e-03   2.979826e-13   15511664
  4.294665e+00   1.127821e-09   1.841118e-03   2.964869e-13   15463688
  4.301042e+00   1.118208e-09   1.840371e-03   2.945627e-13   15406784
  4.307419e+00   1.109903e-09   1.841443e-03   2.927673e-13   15364076
  4.313795e+00   1.100468e-09   1.839853e-03   2.908396e-13   15302144
  4.320171e+00   1.091340e-09   1.841222e-03   2.888447e-13   15264716
  4.326549e+00   1.083140e-09   1.841061e-03   2.872494e-13   15212204
  4.332926e+00   1.075328e-09   1.840328e-03   2.858030e-13   15154664
  4.339301e+00   1.066058e-09   1.840391e-03   2.839516e-13   15104684
  4.345675e+00   1.058793e-09   1.839587e-03   2.825332e-13   15046256
  4.352051e+00   1.050890e-09   1.841370e-03   2.810555e-13   15009272
  4.358428e+00   1.042404e-09   1.840387e-03   2.793537e-13   14951624
  4.364807e+00   1.034374e-09   1.842302e-03   2.779589e-13   14915300
  4.371187e+00   1.026857e-09   1.840481e-03   2.763927e-13   14847140
  4.377560e+00   1.020022e-09   1.839457e-03   2.754660e-13   14786624
  4.383935e+00   1.012024e-09   1.840794e-03   2.739685e-13   14745252
  4.390313e+00   1.004947e-09   1.841504e-03   2.727861e-13   14697932
  4.396692e+00   9.977040e-10   1.841471e-03   2.714409e-13   14644448
  4.403070e+00   9.900629e-10   1.840856e-03   2.700804e-13   14586896
  4.409445e+00   9.829003e-10   1.839917e-03   2.689585e-13   14525000
  4.415820e+00   9.758644e-10   1.841355e-03   2.676973e-13   14482088
  4.422197e+00   9.687615e-10   1.840486e-03   2.665967e-13   14423696
  4.428574e+00   9.624432e-10   1.840927e-03   2.655475e-13   14373848
  4.434951e+00   9.547500e-10   1.841026e-03   2.641830e-13   14319188
  4.441328e+00   9.487232e-10   1.840720e-03   2.633682e-13   14262248
  4.447704e+00   9.413516e-10   1.840293e-03   2.619479e-13   14204780
  4.454079e+00   9.352570e-10   1.840780e-03   2.609113e-13   14153240
  4.460456e+00   9.288161e-10   1.840870e-03   2.602491e-13   14099048
  4.466833e+00   9.216838e-10   1.841305e-03   2.588490e-13   14048288
  4.473210e+00   9.159115e-10   1.840220e-03   2.581465e-13   13983860
  4.479586e+00   9.099093e-10   1.841413e-03   2.573128e-13   13935800
  4.485962e+00   9.030493e-10   1.839813e-03   2.564072e-13   13868784
  4.492338e+00   8.967197e-10   1.841245e-03   2.552856e-13   13824536
  4.498718e+00   8.913292e-10   1.842226e-03   2.544222e-13   13774364
  4.505095e+00   8.851011e-10   1.840286e-03   2.538120e-13   13702856
  4.511470e+00   8.783546e-10   1.840225e-03   2.525131e-13   13646648
  4.517844e+00   8.729782e-10   1.840082e-03   2.519705e-13   13588364
  4.524220e+00   8.672924e-10   1.841200e-03   2.512614e-13   13539920
  4.530597e+00   8.608051e-10   1.840383e-03   2.503108e-13   13478432
  4.536974e+00   8.552420e-10   1.840898e-03   2.495280e-13   13424264
  4.543353e+00   8.495009e-10   1.841656e-03   2.486927e-13   13370000
  4.549730e+00   8.438136e-10   1.840597e-03   2.477055e-13   13304432
  4.556105e+00   8.380857e-10   1.839697e-03   2.471699e-13   13241228
  4.562479e+00   8.326513e-10   1.840265e-03   2.465954e-13   13186508
  4.568858e+00   8.266720e-10   1.842616e-03   2.457049e-13   13144544
  4.575236e+00   8.214598e-10   1.839577e-03   2.452191e-13   13065032
  4.581610e+00   8.157325e-10   1.840140e-03   2.444876e-13   13008512
  4.587987e+00   8.104262e-10   1.841456e-03   2.436152e-13   12957360
  4.594365e+00   8.055142e-10   1.841180e-03   2.430418e-13   12897728
  4.600740e+00   8.005157e-10   1.838906e-03   2.429141e-13   12822884
  4.607118e+00   7.946477e-10   1.843186e-03   2.416201e-13   12790772
  4.613497e+00   7.891381e-10   1.839965e-03   2.411859e-13   12707960
  4.619871e+00   7.840790e-10   1.840055e-03   2.406357e-13   12650024
  4.626249e+00   7.785489e-10   1.841592e-03   2.399805e-13   12599360
  4.632627e+00   7.737213e-10   1.841060e-03   2.396710e-13   12533984
  4.639003e+00   7.695239e-10   1.840024e-03   2.394157e-13   12467036
  4.645379e+00   7.636069e-10   1.841105e-03   2.385041e-13   12412124
  4.651756e+00   7.598324e-10   1.840677e-03   2.383709e-13   12345776
  4.658131e+00   7.542634e-10   1.840856e-03   2.374817e-13   12286760
  4.664508e+00   7.486855e-10   1.840642e-03   2.368084e-13   12225452
  4.670885e+00   7.444904e-10   1.840694e-03   2.365101e-13   12162584
  4.677263e+00   7.394157e-10   1.841648e-03   2.359021e-13   12105824
  4.683640e+00   7.337745e-10   1.840444e-03   2.354453e-13   12036248
  4.690015e+00   7.292503e-10   1.840000e-03   2.350127e-13   11969736
  4.696391e+00   7.253261e-10   1.841517e-03   2.348776e-13   11916224
  4.702769e+00   7.209181e-10   1.840685e-03   2.344377e-13   11849312
  4.709145e+00   7.154505e-10   1.840274e-03   2.339191e-13   11783300
  4.715522e+00   7.114588e-10   1.841310e-03   2.335158e-13   11724800
  4.721898e+00   7.061120e-10   1.840639e-03   2.329927e-13   11657372
  4.728275e+00   7.010531e-10   1.840697e-03   2.322522e-13   11595320
  4.734652e+00   6.971319e-10   1.840360e-03   2.323217e-13   11527928
  4.741029e+00   6.926543e-10   1.841428e-03   2.320046e-13   11469008
  4.747404e+00   6.879953e-10   1.839492e-03   2.316740e-13   11392904
  4.753780e+00   6.835322e-10   1.841657e-03   2.309916e-13   11340476
  4.760155e+00   6.794360e-10   1.839780e-03   2.309890e-13   11263520
  4.766534e+00   6.745490e-10   1.842729e-03   2.302302e-13   11218472
  4.772911e+00   6.702373e-10   1.838731e-03   2.301069e-13   11129336
  4.779288e+00   6.666370e-10   1.842467e-03   2.299492e-13   11083964
  4.785665e+00   6.615892e-10   1.839931e-03   2.295858e-13   11001992
  4.792039e+00   6.576143e-10   1.840072e-03   2.293962e-13   10938228
  4.798414e+00   6.528852e-10   1.840560e-03   2.290212e-13   10874336
  4.804792e+00   6.489001e-10   1.841863e-03   2.285952e-13   10814828
  4.811169e+00   6.448265e-10   1.839739e-03   2.287494e-13   10736984
  4.817544e+00   6.403908e-10   1.840541e-03   2.283470e-13   10673948
  4.823923e+00   6.370461e-10   1.842721e-03   2.282960e-13   10617704
  4.830301e+00   6.319573e-10   1.840081e-03   2.279169e-13   10536416
  4.836675e+00   6.277420e-10   1.839468e-03   2.279697e-13   10466324
  4.843052e+00   6.236714e-10   1.842362e-03   2.273747e-13   10412984
  4.849431e+00   6.198333e-10   1.840724e-03   2.273982e-13   10334840
  4.855806e+00   6.156732e-10   1.840268e-03   2.271238e-13   10265528
  4.862183e+00   6.126643e-10   1.840956e-03   2.273956e-13   10200692
  4.868561e+00   6.082196e-10   1.841614e-03   2.268512e-13   10135292
  4.874938e+00   6.031987e-10   1.839941e-03   2.265879e-13   10058816
  4.881314e+00   5.997510e-10   1.840525e-03   2.266006e-13   9991772
  4.887691e+00   5.962738e-10   1.841575e-03   2.269111e-13   9925880
  4.894065e+00   5.914580e-10   1.838924e-03   2.264284e-13   9843288
  4.900441e+00   5.879792e-10   1.842306e-03   2.262041e-13   9792968
  4.906821e+00   5.843863e-10   1.840795e-03   2.265246e-13   9713612
  4.913196e+00   5.803246e-10   1.840365e-03   2.264504e-13   9640628
  4.919573e+00   5.763064e-10   1.840900e-03   2.264208e-13   9574256
  4.925949e+00   5.720787e-10   1.840276e-03   2.264070e-13   9499064
  4.932325e+00   5.687819e-10   1.841227e-03   2.263049e-13   9432296
  4.938702e+00   5.645337e-10   1.841040e-03   2.262227e-13   9362204
  4.945079e+00   5.602951e-10   1.840104e-03   2.260347e-13   9286052
  4.951457e+00   5.567258e-10   1.842090e-03   2.262023e-13   9222320
  4.957835e+00   5.535222e-10   1.841090e-03   2.265759e-13   9145976
  4.964211e+00   5.492106e-10   1.839895e-03   2.262822e-13   9070268
  4.970586e+00   5.453152e-10   1.840297e-03   2.262488e-13   8999720
  4.976964e+00   5.422092e-10   1.841617e-03   2.267847e-13   8932664
  4.983339e+00   5.380220e-10   1.838848e-03   2.265659e-13   8847344
  4.989712e+00   5.342679e-10   1.840809e-03   2.270396e-13   8782688
  4.996090e+00   5.309866e-10   1.841883e-03   2.270206e-13   8713440
  5.002468e+00   5.264970e-10   1.841131e-03   2.266783e-13   8638616
  5.008845e+00   5.225177e-10   1.839945e-03   2.266863e-13   8560856
  5.015220e+00   5.195557e-10   1.840402e-03   2.271265e-13   8487620
  5.021598e+00   5.157411e-10   1.842484e-03   2.272518e-13   8422796
  5.027976e+00   5.114042e-10   1.839559e-03   2.274126e-13   8336348
  5.034350e+00   5.082654e-10   1.840420e-03   2.279720e-13   8265176
  5.040727e+00   5.039917e-10   1.841761e-03   2.275811e-13   8196176
  5.047104e+00   5.000759e-10   1.839932e-03   2.279835e-13   8114636
  5.053478e+00   4.957690e-10   1.839889e-03   2.276352e-13   8038724
  5.059856e+00   4.926928e-10   1.842986e-03   2.279880e-13   7975460
  5.066235e+00   4.889206e-10   1.840210e-03   2.280689e-13   7889792
  5.072611e+00   4.841471e-10   1.840188e-03   2.278472e-13   7815728
  5.078987e+00   4.814663e-10   1.840544e-03   2.285312e-13   7739288
  5.085364e+00   4.767066e-10   1.841840e-03   2.282318e-13   7667432
  5.091741e+00   4.727076e-10   1.839798e-03   2.284872e-13   7583684
  5.098113e+00   4.693314e-10   1.839459e-03   2.287503e-13   7505172
  5.104490e+00   4.648785e-10   1.842916e-03   2.285753e-13   7442636
  5.110871e+00   4.610355e-10   1.841224e-03   2.290665e-13   7360676
  5.117246e+00   4.564693e-10   1.838532e-03   2.287518e-13   7272728
  5.123622e+00   4.531789e-10   1.842521e-03   2.289713e-13   7209140
  5.130001e+00   4.485720e-10   1.840984e-03   2.286392e-13   7125632
  5.136377e+00   4.445952e-10   1.840289e-03   2.291669e-13   7046924
  5.142753e+00   4.401205e-10   1.840046e-03   2.285879e-13   6966968
  5.149129e+00   4.365754e-10   1.841514e-03   2.294785e-13   6893408
  5.155505e+00   4.320121e-10   1.840118e-03   2.296573e-13   6811004
  5.161881e+00   4.275507e-10   1.840529e-03   2.289699e-13   6732944
  5.168258e+00   4.237673e-10   1.841885e-03   2.296321e-13   6658628
  5.174637e+00   4.184252e-10   1.841220e-03   2.288096e-13   6578804
  5.181014e+00   4.139595e-10   1.839505e-03   2.290101e-13   6493628
  5.187389e+00   4.098291e-10   1.841020e-03   2.288800e-13   6417476
  5.193767e+00   4.052795e-10   1.842303e-03   2.283505e-13   6341156
  5.200142e+00   4.000630e-10   1.838905e-03   2.282059e-13   6251676
  5.206515e+00   3.947265e-10   1.840100e-03   2.268885e-13   6176072
  5.212894e+00   3.915530e-10   1.842591e-03   2.281402e-13   6103028
  5.219273e+00   3.851124e-10   1.840028e-03   2.267732e-13   6015356
  5.225646e+00   3.789235e-10   1.838527e-03   2.253551e-13   5928908
  5.232022e+00   3.759521e-10   1.843529e-03   2.261045e-13   5861504
  5.238402e+00   3.691311e-10   1.840564e-03   2.244889e-13   5772440
  5.244776e+00   3.628103e-10   1.839302e-03   2.224288e-13   5688596
  5.251152e+00   3.594094e-10   1.841421e-03   2.235128e-13   5611412
  5.257531e+00   3.524388e-10   1.842425e-03   2.212882e-13   5532224
  5.263907e+00   3.456988e-10   1.838741e-03   2.187241e-13   5440748
  5.270281e+00   3.405395e-10   1.841068e-03   2.180166e-13   5364572
  5.276660e+00   3.341810e-10   1.842167e-03   2.158854e-13   5285204
  5.283039e+00   3.272815e-10   1.840147e-03   2.135671e-13   5197796
  5.289414e+00   3.210968e-10   1.840074e-03   2.113255e-13   5113244
  5.295789e+00   3.150328e-10   1.841509e-03   2.095757e-13   5032664
  5.302162e+00   3.073913e-10   1.838866e-03   2.055832e-13   4943484
  5.308538e+00   3.003082e-10   1.842083e-03   2.019373e-13   4869920
  5.314919e+00   2.924434e-10   1.840875e-03   1.981828e-13   4782608
  5.321298e+00   2.850058e-10   1.842000e-03   1.932584e-13   4700756
  5.327675e+00   2.771418e-10   1.839332e-03   1.882563e-13   4608920
  5.334047e+00   2.689432e-10   1.840509e-03   1.826345e-13   4528829
  5.340423e+00   2.621603e-10   1.840790e-03   1.783931e-13   4453172
  5.346801e+00   2.554154e-10   1.841398e-03   1.737678e-13   4381652
  5.353179e+00   2.494187e-10   1.840856e-03   1.702836e-13   4309628
  5.359558e+00   2.434299e-10   1.841542e-03   1.662728e-13   4242188
  5.365934e+00   2.378988e-10   1.840185e-03   1.627719e-13   4171796
  5.372309e+00   2.328217e-10   1.840332e-03   1.596233e-13   4107506
  5.378687e+00   2.278313e-10   1.841030e-03   1.565991e-13   4045694
  5.385067e+00   2.231206e-10   1.841878e-03   1.538026e-13   3984530
  5.391443e+00   2.183204e-10   1.839184e-03   1.512450e-13   3916622
  5.397815e+00   2.140050e-10   1.840413e-03   1.484961e-13   3858626
  5.404188e+00   2.096052e-10   1.839752e-03   1.457253e-13   3798918
  5.410566e+00   2.054003e-10   1.842453e-03   1.434966e-13   3747464
  5.416947e+00   2.014931e-10   1.840720e-03   1.410009e-13   3687278
  5.423327e+00   1.969265e-10   1.841755e-03   1.381336e-13   3632618
  5.429702e+00   1.930028e-10   1.839341e-03   1.358423e-13   3571766
  5.436076e+00   1.893261e-10   1.841405e-03   1.342735e-13   3521264
  5.442452e+00   1.855205e-10   1.840602e-03   1.318155e-13   3466964
  5.448828e+00   1.824799e-10   1.840149e-03   1.303477e-13   3414320
  5.455204e+00   1.783185e-10   1.840343e-03   1.270739e-13   3362948
  5.461581e+00   1.750495e-10   1.841385e-03   1.253204e-13   3313130
  5.467960e+00   1.717860e-10   1.841559e-03   1.237477e-13   3262766
  5.474335e+00   1.684559e-10   1.839552e-03   1.217544e-13   3210122
  5.480711e+00   1.652755e-10   1.841068e-03   1.198145e-13   3164282
  5.487089e+00   1.625184e-10   1.840871e-03   1.181927e-13   3115358
  5.493467e+00   1.589839e-10   1.841892e-03   1.159935e-13   3068642
  5.499842e+00   1.560801e-10   1.839367e-03   1.142297e-13   3017270
  5.506214e+00   1.531985e-10   1.840421e-03   1.125296e-13   2973396
  5.512592e+00   1.504146e-10   1.841795e-03   1.109943e-13   2930882
  5.518975e+00   1.475590e-10   1.842009e-03   1.094763e-13   2886296
  5.525354e+00   1.444511e-10   1.840110e-03   1.075816e-13   2838068
  5.531729e+00   1.420481e-10   1.840402e-03   1.061804e-13   2793680
  5.538103e+00   1.395178e-10   1.841057e-03   1.050942e-13   2750948
  5.544478e+00   1.368567e-10   1.840332e-03   1.030280e-13   2707712
  5.550852e+00   1.343123e-10   1.839444e-03   1.014971e-13   2665124
  5.557230e+00   1.320668e-10   1.841751e-03   1.005428e-13   2626712
  5.563610e+00   1.296533e-10   1.840829e-03   9.918116e-14   2583542
  5.569988e+00   1.274565e-10   1.841328e-03   9.775009e-14   2543108
  5.576363e+00   1.250283e-10   1.839426e-03   9.622310e-14   2500538
  5.582739e+00   1.225420e-10   1.841521e-03   9.482263e-14   2464052
  5.589119e+00   1.206662e-10   1.841364e-03   9.402406e-14   2424194
  5.595493e+00   1.181102e-10   1.839158e-03   9.220299e-14   2381732
  5.601866e+00   1.163238e-10   1.841683e-03   9.109582e-14   2346386
  5.608241e+00   1.141586e-10   1.839649e-03   9.027737e-14   2306598
  5.614618e+00   1.122905e-10   1.842029e-03   8.879360e-14   2273186
  5.621000e+00   1.104644e-10   1.840989e-03   8.823362e-14   2235188
  5.627378e+00   1.085800e-10   1.839949e-03   8.678546e-14   2196638
  5.633754e+00   1.066550e-10   1.841588e-03   8.565648e-14   2161706
  5.640129e+00   1.047817e-10   1.840261e-03   8.455529e-14   2124422
  5.646501e+00   1.026771e-10   1.838999e-03   8.322255e-14   2088578
  5.652879e+00   1.010714e-10   1.842650e-03   8.236239e-14   2058512
  5.659259e+00   9.947735e-11   1.839498e-03   8.151585e-14   2020202
  5.665635e+00   9.767423e-11   1.841528e-03   8.033437e-14   1987670
  5.672010e+00   9.619720e-11   1.840033e-03   7.956884e-14   1952114
  5.678381e+00   9.434711e-11   1.839290e-03   7.863603e-14   1918694
  5.684760e+00   9.268734e-11   1.843391e-03   7.764671e-14   1890932
  5.691143e+00   9.130727e-11   1.840482e-03   7.689032e-14   1855382
  5.697520e+00   8.982358e-11   1.841151e-03   7.601337e-14   1823276
  5.703897e+00   8.832749e-11   1.841467e-03   7.523784e-14   1791446
  5.710267e+00   8.690584e-11   1.837484e-03   7.432965e-14   1756566
  5.716642e+00   8.544979e-11   1.843486e-03   7.361751e-14   1732292
  5.723026e+00   8.418565e-11   1.841021e-03   7.281868e-14   1699718
  5.729405e+00   8.292347e-11   1.840666e-03   7.223728e-14   1668524
  5.735782e+00   8.149163e-11   1.841307e-03   7.139675e-14   1638656
  5.742152e+00   8.012511e-11   1.837941e-03   7.061969e-14   1606154
  5.748524e+00   7.881318e-11   1.841528e-03   6.994286e-14   1580984
  5.754907e+00   7.765813e-11   1.842158e-03   6.922565e-14   1553372
  5.761287e+00   7.635412e-11   1.839903e-03   6.866323e-14   1522502
  5.767663e+00   7.511225e-11   1.841211e-03   6.786754e-14   1494788
  5.774035e+00   7.409175e-11   1.839049e-03   6.767943e-14   1464992
  5.780407e+00   7.283453e-11   1.840885e-03   6.667697e-14   1439564
  5.786788e+00   7.178655e-11   1.842803e-03   6.614504e-14   1414766
  5.793173e+00   7.063105e-11   1.841316e-03   6.572748e-14   1386620
  5.799549e+00   6.960152e-11   1.839295e-03   6.511946e-14   1358024
  5.805920e+00   6.857470e-11   1.840494e-03   6.475603e-14   1332236
  5.812287e+00   6.773004e-11   1.837583e-03   6.446619e-14   1304568
  5.818666e+00   6.661500e-11   1.844995e-03   6.351729e-14   1285316
  5.825053e+00   6.550080e-11   1.840679e-03   6.318667e-14   1257272
  5.831429e+00   6.474605e-11   1.839591e-03   6.279832e-14   1231028
  5.837804e+00   6.380090e-11   1.841474e-03   6.242957e-14   1207136
  5.844175e+00   6.288807e-11   1.839197e-03   6.203682e-14   1181180
  5.850547e+00   6.183860e-11   1.841135e-03   6.121117e-14   1159352
  5.856931e+00   6.114366e-11   1.842986e-03   6.126801e-14   1137476
  5.863312e+00   6.014856e-11   1.839166e-03   6.080213e-14   1111280
  5.869686e+00   5.953911e-11   1.840689e-03   6.052059e-14   1088468
  5.876057e+00   5.874809e-11   1.840140e-03   6.026809e-14   1065008
  5.882427e+00   5.785170e-11   1.839713e-03   5.973014e-14   1042934
  5.888808e+00   5.705328e-11   1.843186e-03   5.936989e-14   1023488
  5.895195e+00   5.633767e-11   1.841961e-03   5.933471e-14   1000700
  5.901573e+00   5.561579e-11   1.839831e-03   5.921543e-14   977264
  5.907943e+00   5.500792e-11   1.839220e-03   5.896816e-14   955052
  5.914306e+00   5.432563e-11   1.837596e-03   5.881920e-14   933546
  5.920685e+00   5.351797e-11   1.845011e-03   5.828293e-14   917348
  5.927075e+00   5.291045e-11   1.841622e-03   5.844320e-14   895328
  5.933456e+00   5.225584e-11   1.840197e-03   5.803605e-14   873878
  5.939831e+00   5.162835e-11   1.841204e-03   5.805949e-14   853664
  5.946198e+00   5.102248e-11   1.838301e-03   5.808541e-14   832604
  5.952570e+00   5.045401e-11   1.841647e-03   5.768798e-14   815546
  5.958955e+00   4.970543e-11   1.841795e-03   5.761606e-14   797012
  5.965336e+00   4.919681e-11   1.838979e-03   5.763522e-14   776576
  5.971714e+00   4.867323e-11   1.842719e-03   5.768313e-14   758726
  5.978085e+00   4.814067e-11   1.838577e-03   5.757471e-14   738296
  5.984452e+00   4.753447e-11   1.839422e-03   5.738049e-14   721172
  5.990833e+00   4.716983e-11   1.842852e-03   5.773193e-14   705434
  5.997222e+00   4.661639e-11   1.841204e-03   5.774934e-14   687092
  6.003603e+00   4.599942e-11   1.841572e-03   5.749097e-14   669098
  6.009974e+00   4.561477e-11   1.839142e-03   5.772570e-14   650516
  6.016332e+00   4.522697e-11   1.836042e-03   5.810273e-14   632898
  6.022707e+00   4.481023e-11   1.844938e-03   5.824489e-14   620228
  6.029100e+00   4.423925e-11   1.842281e-03   5.823170e-14   603206
  6.035485e+00   4.388495e-11   1.841847e-03   5.803559e-14   586328
  6.041859e+00   4.353086e-11   1.840113e-03   5.863301e-14   569222
  6.048217e+00   4.311103e-11   1.835706e-03   5.893014e-14   552266
  6.054584e+00   4.269829e-11   1.843023e-03   5.914140e-14   539996
  6.060976e+00   4.224259e-11   1.843843e-03   5.899815e-14   525722
  6.067365e+00   4.192928e-11   1.839929e-03   5.939319e-14   509372
  6.073742e+00   4.151903e-11   1.840974e-03   5.982568e-14   494282
  6.080105e+00   4.129501e-11   1.836470e-03   6.045974e-14   478340
  6.086466e+00   4.099192e-11   1.839100e-03   6.077365e-14   465554
  6.092852e+00   4.070675e-11   1.844310e-03   6.097628e-14   453734
  6.099249e+00   4.020609e-11   1.841644e-03   6.131422e-14   439184
  6.105633e+00   3.975768e-11   1.841774e-03   6.165022e-14   424910
  6.112001e+00   3.967923e-11   1.839131e-03   6.233661e-14   410366
  6.118344e+00   3.952491e-11   1.830585e-03   6.310462e-14   395856
  6.124716e+00   3.896459e-11   1.849093e-03   6.276877e-14   387998
  6.131124e+00   3.892301e-11   1.844381e-03   6.396778e-14   374642
  6.137516e+00   3.859375e-11   1.841320e-03   6.501392e-14   361118
  6.143885e+00   3.842969e-11   1.838483e-03   6.538633e-14   347792
  6.150233e+00   3.802471e-11   1.833537e-03   6.655150e-14   335054
  6.156598e+00   3.779257e-11   1.843369e-03   6.629690e-14   326162
  6.163003e+00   3.765107e-11   1.845744e-03   6.744390e-14   315686
  6.169403e+00   3.749168e-11   1.839717e-03   6.827022e-14   302960
  6.175780e+00   3.735041e-11   1.841146e-03   6.967140e-14   291278
  6.182130e+00   3.713862e-11   1.834474e-03   7.081142e-14   278966
  6.188475e+00   3.697081e-11   1.838848e-03   7.154841e-14   269786
  6.194867e+00   3.660613e-11   1.848548e-03   7.179766e-14   261710
  6.201275e+00   3.627209e-11   1.841196e-03   7.282872e-14   250472
  6.207659e+00   3.634861e-11   1.840781e-03   7.439990e-14   239846
  6.214020e+00   3.625536e-11   1.837833e-03   7.554243e-14   229250
  6.220353e+00   3.603640e-11   1.827068e-03   7.687538e-14   218958
  6.226735e+00   3.587740e-11   1.853573e-03   7.771899e-14   213722
  6.233163e+00   3.573860e-11   1.842328e-03   7.937923e-14   203414
  6.239564e+00   3.557852e-11   1.844048e-03   8.055385e-14   193940
  6.245924e+00   3.543452e-11   1.836439e-03   8.237411e-14   183650
  6.252241e+00   3.557853e-11   1.829855e-03   8.493611e-14   174638
  6.258588e+00   3.515611e-11   1.843490e-03   8.554675e-14   168842
  6.265008e+00   3.489153e-11   1.847266e-03   8.680160e-14   161846
  6.271432e+00   3.508343e-11   1.841236e-03   8.963605e-14   153146
  6.277822e+00   3.485950e-11   1.840929e-03   9.165203e-14   144686
  6.284170e+00   3.491569e-11   1.837187e-03   9.426908e-14   136418
  6.290480e+00   3.498831e-11   1.823629e-03   9.805258e-14   128822
  6.296862e+00   3.475460e-11   1.856474e-03   9.819258e-14   124862
  6.303298e+00   3.468269e-11   1.842665e-03   1.017051e-13   117026
  6.309688e+00   3.431216e-11   1.840290e-03   1.035445e-13   109718
  6.316033e+00   3.431845e-11   1.835815e-03   1.070367e-13   102650
  6.322320e+00   3.460456e-11   1.808328e-03   1.123209e-13   95622
  6.328720e+00   3.421851e-11   1.871202e-03   1.114523e-13   93650
  6.335227e+00   3.425414e-11   1.849919e-03   1.158927e-13   86606
  6.341628e+00   3.446295e-11   1.828395e-03   1.223869e-13   79190
  6.347934e+00   3.441563e-11   1.839124e-03   1.262722e-13   73490
  6.354177e+00   3.432923e-11   1.810164e-03   1.320370e-13   67598
  6.360508e+00   3.410787e-11   1.844910e-03   1.346364e-13   65186
  6.367032e+00   3.440279e-11   1.858136e-03   1.401541e-13   61262
  6.373583e+00   3.404818e-11   1.851117e-03   1.451567e-13   55874
  6.379989e+00   3.426862e-11   1.823042e-03   1.543665e-13   49430
  6.386147e+00   3.424898e-11   1.803004e-03   1.627574e-13   43934
  6.392260e+00   3.410446e-11   1.790240e-03   1.693859e-13   41138
  6.398716e+00   3.398598e-11   1.870028e-03   1.676147e-13   40070
  6.405371e+00   3.415694e-11   1.854153e-03   1.797003e-13   35882
  6.411962e+00   3.427356e-11   1.842631e-03   1.925510e-13   31622
  6.418335e+00   3.406370e-11   1.817857e-03   2.087041e-13   26750
  6.424088e+00   3.430668e-11   1.593646e-03   2.363028e-13   21330
  6.430239e+00   3.472720e-11   1.860256e-03   2.271052e-13   23246
  6.436984e+00   3.431230e-11   1.855054e-03   2.409488e-13   20186
  6.443727e+00   3.435729e-11   1.848147e-03   2.662610e-13   17312
  6.450423e+00   3.402773e-11   1.830133e-03   2.831279e-13   14474
  6.456645e+00   3.470262e-11   1.688402e-03   3.421343e-13   10478
  6.462180e+00   3.443425e-11   1.692603e-03   3.563907e-13   9062
  6.468497e+00   3.477076e-11   1.842997e-03   3.692784e-13   8762
  6.475254e+00   3.491792e-11   1.841892e-03   4.112578e-13   6926
  6.482011e+00   3.457537e-11   1.840835e-03   4.720748e-13   5306
  6.488766e+00   3.467560e-11   1.839476e-03   5.533260e-13   3902
  6.494511e+00   3.561440e-11   1.128860e-03   8.244437e-13   1928
  6.500007e+00   3.330067e-11   1.834590e-03   7.453891e-13   2042
  6.506728e+00   3.504157e-11   1.826889e-03   9.283152e-13   1214
  6.513396e+00   3.343907e-11   1.806609e-03   1.395345e-12   602
  6.519909e+00   3.357962e-11   1.730042e-03   2.143654e-12   206
  6.525711e+00   3.586950e-11   9.814069e-04   6.661811e-12   24
