# power spectrum of delta_kessence
# redshift z=5.974173
# k              Pk             sigma(k)       sigma(Pk)      count
  5.011399e-03   1.589510e-09   7.667927e-04   3.056412e-10   18
  1.037418e-02   4.099137e-08   1.725047e-03   4.720571e-09   128
  1.616528e-02   1.794820e-07   1.646572e-03   1.012463e-08   314
  2.269071e-02   4.278044e-07   1.954354e-03   1.657307e-08   728
  2.897169e-02   8.164072e-07   1.717946e-03   2.741526e-08   1016
  3.518826e-02   1.132118e-06   1.880676e-03   2.793976e-08   1682
  4.169479e-02   1.694849e-06   1.831736e-03   3.566061e-08   2300
  4.790974e-02   2.151636e-06   1.770731e-03   4.042188e-08   2906
  5.429022e-02   2.890443e-06   1.892687e-03   4.761551e-08   4040
  6.068098e-02   3.719571e-06   1.775551e-03   5.612763e-08   4712
  6.698900e-02   4.732852e-06   1.857705e-03   6.096121e-08   6002
  7.346135e-02   5.585432e-06   1.857594e-03   6.641497e-08   7256
  7.977379e-02   6.611510e-06   1.772571e-03   7.470894e-08   8120
  8.609019e-02   7.224957e-06   1.864951e-03   7.247567e-08   9950
  9.253636e-02   7.937424e-06   1.853578e-03   7.340374e-08   11384
  9.885187e-02   8.430453e-06   1.809244e-03   7.580804e-08   12666
  1.052712e-01   9.268168e-06   1.889168e-03   7.435766e-08   15104
  1.117654e-01   1.020478e-05   1.850532e-03   8.014807e-08   16616
  1.180754e-01   1.157838e-05   1.799489e-03   8.689193e-08   18026
  1.244216e-01   1.267907e-05   1.853405e-03   8.689776e-08   20696
  1.308065e-01   1.373608e-05   1.827918e-03   9.242402e-08   22436
  1.371558e-01   1.503906e-05   1.845873e-03   9.588412e-08   24962
  1.435394e-01   1.572636e-05   1.831283e-03   9.427824e-08   27176
  1.499133e-01   1.617095e-05   1.847268e-03   9.409076e-08   29810
  1.562775e-01   1.678484e-05   1.828450e-03   9.473589e-08   32120
  1.626776e-01   1.735203e-05   1.865216e-03   9.246593e-08   35432
  1.690383e-01   1.841710e-05   1.814577e-03   9.537777e-08   37238
  1.754019e-01   1.943462e-05   1.856016e-03   9.599730e-08   41072
  1.817869e-01   2.040806e-05   1.834293e-03   9.890797e-08   43472
  1.881565e-01   2.180438e-05   1.848176e-03   1.008222e-07   47042
  1.945298e-01   2.316568e-05   1.829223e-03   1.051725e-07   49712
  2.008693e-01   2.400292e-05   1.840592e-03   1.048494e-07   53226
  2.072637e-01   2.420636e-05   1.853753e-03   1.008679e-07   57320
  2.136558e-01   2.499951e-05   1.831629e-03   1.024246e-07   60092
  2.200056e-01   2.566589e-05   1.839426e-03   1.018265e-07   63914
  2.263950e-01   2.614711e-05   1.849752e-03   9.968690e-08   68192
  2.327751e-01   2.694249e-05   1.833934e-03   1.009147e-07   71336
  2.391397e-01   2.773519e-05   1.845607e-03   1.007408e-07   75818
  2.455297e-01   2.870178e-05   1.844019e-03   1.019947e-07   79880
  2.518964e-01   2.978266e-05   1.834462e-03   1.027731e-07   83642
  2.582661e-01   3.092546e-05   1.840779e-03   1.040181e-07   88316
  2.646730e-01   3.157648e-05   1.859422e-03   1.036535e-07   93488
  2.710484e-01   3.213863e-05   1.827184e-03   1.036319e-07   96458
  2.773871e-01   3.269422e-05   1.829038e-03   1.039814e-07   101264
  2.837816e-01   3.309544e-05   1.862873e-03   1.007109e-07   107696
  2.901819e-01   3.348782e-05   1.837217e-03   1.006300e-07   111170
  2.965233e-01   3.452853e-05   1.822285e-03   1.018039e-07   115232
  3.028941e-01   3.512325e-05   1.855375e-03   1.003916e-07   122310
  3.093019e-01   3.574278e-05   1.843350e-03   1.004137e-07   126944
  3.156739e-01   3.668071e-05   1.828600e-03   1.014130e-07   131192
  3.220432e-01   3.735467e-05   1.844535e-03   1.012924e-07   137618
  3.284234e-01   3.807295e-05   1.836674e-03   1.007306e-07   142448
  3.347979e-01   3.835154e-05   1.844704e-03   9.934127e-08   148520
  3.411627e-01   3.889090e-05   1.831436e-03   1.000708e-07   153254
  3.475446e-01   3.951900e-05   1.852010e-03   9.878965e-08   160760
  3.539284e-01   3.953346e-05   1.835751e-03   9.671733e-08   165290
  3.603019e-01   4.041986e-05   1.840148e-03   9.760798e-08   171992
  3.666828e-01   4.087041e-05   1.840217e-03   9.742340e-08   177800
  3.730569e-01   4.150731e-05   1.843032e-03   9.684413e-08   184322
  3.794439e-01   4.202844e-05   1.841595e-03   9.659163e-08   190832
  3.858239e-01   4.242918e-05   1.839260e-03   9.635987e-08   196772
  3.921872e-01   4.319774e-05   1.836453e-03   9.615290e-08   202970
  3.985536e-01   4.368123e-05   1.839266e-03   9.560331e-08   210056
  4.049173e-01   4.411845e-05   1.832832e-03   9.508693e-08   216210
  4.112896e-01   4.437617e-05   1.841640e-03   9.358119e-08   224168
  4.176700e-01   4.443783e-05   1.840761e-03   9.296684e-08   230792
  4.240565e-01   4.523086e-05   1.846256e-03   9.287096e-08   238778
  4.304312e-01   4.522990e-05   1.831772e-03   9.140841e-08   243956
  4.367939e-01   4.588993e-05   1.845141e-03   9.132184e-08   252680
  4.431746e-01   4.628478e-05   1.842020e-03   9.100282e-08   260066
  4.495713e-01   4.664181e-05   1.849294e-03   9.001915e-08   268712
  4.559494e-01   4.705651e-05   1.834336e-03   8.986811e-08   274034
  4.623270e-01   4.703064e-05   1.847366e-03   8.839567e-08   283904
  4.687088e-01   4.742245e-05   1.837425e-03   8.813490e-08   290048
  4.750707e-01   4.756191e-05   1.836659e-03   8.754513e-08   297950
  4.814434e-01   4.798299e-05   1.842026e-03   8.717418e-08   306968
  4.878269e-01   4.861489e-05   1.843240e-03   8.683914e-08   315320
  4.942006e-01   4.835231e-05   1.835899e-03   8.525075e-08   322346
  5.005701e-01   4.876101e-05   1.842589e-03   8.453612e-08   331664
  5.069538e-01   4.888421e-05   1.844896e-03   8.363535e-08   340818
  5.133346e-01   4.943444e-05   1.837322e-03   8.383621e-08   348164
  5.197083e-01   4.957147e-05   1.843548e-03   8.297284e-08   357584
  5.260929e-01   4.978750e-05   1.846059e-03   8.202405e-08   367106
  5.324635e-01   4.977387e-05   1.832285e-03   8.121961e-08   373376
  5.388350e-01   4.988695e-05   1.848023e-03   8.020729e-08   385376
  5.452233e-01   5.016534e-05   1.842356e-03   7.976574e-08   393650
  5.516038e-01   5.017639e-05   1.840588e-03   7.906147e-08   402704
  5.579656e-01   5.026531e-05   1.830970e-03   7.843389e-08   409910
  5.643320e-01   5.057045e-05   1.843407e-03   7.799869e-08   422024
  5.707212e-01   5.047848e-05   1.846526e-03   7.674153e-08   432176
  5.771022e-01   5.069488e-05   1.837404e-03   7.655048e-08   440066
  5.834769e-01   5.077330e-05   1.841263e-03   7.566774e-08   450680
  5.898365e-01   5.089325e-05   1.831084e-03   7.519217e-08   457856
  5.962115e-01   5.104571e-05   1.848347e-03   7.417494e-08   472538
  6.026013e-01   5.125445e-05   1.839689e-03   7.393875e-08   480140
  6.089752e-01   5.108273e-05   1.841279e-03   7.308737e-08   490842
  6.153517e-01   5.130058e-05   1.838382e-03   7.255770e-08   500744
  6.217295e-01   5.117081e-05   1.842392e-03   7.147412e-08   511856
  6.281145e-01   5.130700e-05   1.844734e-03   7.094116e-08   523202
  6.344991e-01   5.136344e-05   1.840396e-03   7.063465e-08   532688
  6.408638e-01   5.135889e-05   1.834541e-03   6.998207e-08   541520
  6.472341e-01   5.135159e-05   1.842653e-03   6.914006e-08   555110
  6.536136e-01   5.126239e-05   1.839126e-03   6.796976e-08   564944
  6.599884e-01   5.110011e-05   1.839832e-03   6.757244e-08   576434
  6.663740e-01   5.113399e-05   1.844405e-03   6.677446e-08   588848
  6.727501e-01   5.110765e-05   1.838623e-03   6.621332e-08   597704
  6.791236e-01   5.115864e-05   1.842386e-03   6.574309e-08   610946
  6.855006e-01   5.114412e-05   1.837794e-03   6.493360e-08   620852
  6.918722e-01   5.093539e-05   1.841901e-03   6.429248e-08   633530
  6.982524e-01   5.084700e-05   1.841844e-03   6.339060e-08   645704
  7.046316e-01   5.084918e-05   1.840565e-03   6.282443e-08   656744
  7.110074e-01   5.079250e-05   1.841941e-03   6.229502e-08   669162
  7.173906e-01   5.075523e-05   1.843286e-03   6.137573e-08   681992
  7.237681e-01   5.052043e-05   1.838959e-03   6.097463e-08   692360
  7.301485e-01   5.046969e-05   1.844364e-03   6.010679e-08   707006
  7.365206e-01   5.031792e-05   1.834135e-03   5.944908e-08   714944
  7.428835e-01   5.041112e-05   1.841775e-03   5.900853e-08   730346
  7.492606e-01   5.021902e-05   1.838962e-03   5.844540e-08   742616
  7.556415e-01   5.004535e-05   1.843530e-03   5.761670e-08   756536
  7.620128e-01   4.985641e-05   1.836595e-03   5.701463e-08   766418
  7.683917e-01   4.965549e-05   1.845753e-03   5.604429e-08   783392
  7.747614e-01   4.961422e-05   1.833632e-03   5.586175e-08   790412
  7.811334e-01   4.938751e-05   1.848120e-03   5.484321e-08   810314
  7.875277e-01   4.925611e-05   1.843702e-03   5.439256e-08   821960
  7.938987e-01   4.917930e-05   1.834976e-03   5.398417e-08   831266
  8.002712e-01   4.876218e-05   1.843706e-03   5.304183e-08   848960
  8.066557e-01   4.865358e-05   1.842629e-03   5.260133e-08   861488
  8.130204e-01   4.850048e-05   1.833334e-03   5.222080e-08   871194
  8.193985e-01   4.824312e-05   1.847247e-03   5.106373e-08   891788
  8.257796e-01   4.801500e-05   1.838008e-03   5.065050e-08   900416
  8.321422e-01   4.795413e-05   1.836250e-03   5.016247e-08   914306
  8.385264e-01   4.770469e-05   1.847988e-03   4.941445e-08   933992
  8.449011e-01   4.745368e-05   1.834294e-03   4.902842e-08   940826
  8.512701e-01   4.733478e-05   1.842364e-03   4.845668e-08   960224
  8.576621e-01   4.703459e-05   1.846556e-03   4.776199e-08   976316
  8.640381e-01   4.682681e-05   1.835724e-03   4.725372e-08   985010
  8.704114e-01   4.663169e-05   1.843336e-03   4.665843e-08   1004024
  8.767898e-01   4.630231e-05   1.839706e-03   4.617568e-08   1016288
  8.831639e-01   4.619536e-05   1.840690e-03   4.559213e-08   1032290
  8.895470e-01   4.585823e-05   1.843156e-03   4.492370e-08   1048640
  8.959130e-01   4.556085e-05   1.831919e-03   4.428145e-08   1057250
  9.022937e-01   4.545028e-05   1.849588e-03   4.376901e-08   1083140
  9.086870e-01   4.518699e-05   1.840763e-03   4.347545e-08   1092248
  9.150555e-01   4.486538e-05   1.837510e-03   4.281594e-08   1105914
  9.214310e-01   4.457540e-05   1.841822e-03   4.213210e-08   1124744
  9.278120e-01   4.442836e-05   1.841202e-03   4.173186e-08   1139120
  9.341841e-01   4.413390e-05   1.838536e-03   4.117118e-08   1153490
  9.405650e-01   4.388861e-05   1.844187e-03   4.072132e-08   1172936
  9.469357e-01   4.366169e-05   1.834491e-03   4.039058e-08   1182158
  9.533110e-01   4.333297e-05   1.846126e-03   3.950207e-08   1206392
  9.596894e-01   4.295228e-05   1.835525e-03   3.901735e-08   1215224
  9.660641e-01   4.278487e-05   1.844936e-03   3.849936e-08   1237874
  9.724505e-01   4.250367e-05   1.841050e-03   3.807688e-08   1251800
  9.788233e-01   4.210941e-05   1.838619e-03   3.758929e-08   1265792
  9.851993e-01   4.195031e-05   1.843109e-03   3.716394e-08   1286306
  9.915793e-01   4.162362e-05   1.838809e-03   3.665355e-08   1299764
  9.979438e-01   4.137553e-05   1.836769e-03   3.621186e-08   1314554
  1.004319e+00   4.105059e-05   1.843595e-03   3.562194e-08   1337288
  1.010703e+00   4.084796e-05   1.840912e-03   3.523353e-08   1351304
  1.017077e+00   4.048774e-05   1.841769e-03   3.466197e-08   1369026
  1.023461e+00   4.023070e-05   1.843478e-03   3.426505e-08   1388456
  1.029842e+00   3.995989e-05   1.840406e-03   3.395662e-08   1402700
  1.036211e+00   3.965820e-05   1.837802e-03   3.345066e-08   1418282
  1.042587e+00   3.943527e-05   1.843596e-03   3.300210e-08   1440272
  1.048964e+00   3.907346e-05   1.838705e-03   3.252315e-08   1454114
  1.055341e+00   3.877813e-05   1.842603e-03   3.206531e-08   1475480
  1.061720e+00   3.858678e-05   1.840520e-03   3.169083e-08   1490936
  1.068091e+00   3.814813e-05   1.838519e-03   3.117536e-08   1507826
  1.074472e+00   3.798549e-05   1.844275e-03   3.087469e-08   1530764
  1.080850e+00   3.753531e-05   1.839052e-03   3.034430e-08   1543424
  1.087222e+00   3.733101e-05   1.841688e-03   3.000229e-08   1564946
  1.093594e+00   3.705220e-05   1.835875e-03   2.962646e-08   1578536
  1.099970e+00   3.670162e-05   1.845670e-03   2.911423e-08   1604882
  1.106358e+00   3.637509e-05   1.842454e-03   2.871681e-08   1621304
  1.112736e+00   3.610428e-05   1.839545e-03   2.841794e-08   1637024
  1.119103e+00   3.592281e-05   1.837794e-03   2.804441e-08   1654134
  1.125480e+00   3.558770e-05   1.844256e-03   2.762914e-08   1679168
  1.131864e+00   3.521549e-05   1.841903e-03   2.716827e-08   1695944
  1.138235e+00   3.494020e-05   1.836568e-03   2.689249e-08   1710602
  1.144612e+00   3.468217e-05   1.844777e-03   2.644983e-08   1737056
  1.150994e+00   3.440932e-05   1.840390e-03   2.614919e-08   1752602
  1.157370e+00   3.404120e-05   1.839227e-03   2.570549e-08   1772024
  1.163752e+00   3.378494e-05   1.844090e-03   2.537252e-08   1795364
  1.170126e+00   3.346751e-05   1.836467e-03   2.506868e-08   1807634
  1.176490e+00   3.316774e-05   1.836183e-03   2.468877e-08   1827608
  1.182859e+00   3.294083e-05   1.840789e-03   2.442529e-08   1850984
  1.189240e+00   3.261282e-05   1.844107e-03   2.398834e-08   1874618
  1.195619e+00   3.234984e-05   1.838445e-03   2.369468e-08   1889504
  1.202001e+00   3.206747e-05   1.845373e-03   2.334737e-08   1916870
  1.208383e+00   3.169000e-05   1.838254e-03   2.298552e-08   1929728
  1.214760e+00   3.149201e-05   1.843674e-03   2.266183e-08   1955408
  1.221131e+00   3.115791e-05   1.834427e-03   2.237167e-08   1966842
  1.227503e+00   3.082622e-05   1.843005e-03   2.196579e-08   1996640
  1.233886e+00   3.055774e-05   1.842690e-03   2.169591e-08   2016392
  1.240265e+00   3.032736e-05   1.839730e-03   2.145216e-08   2034722
  1.246641e+00   3.003972e-05   1.840813e-03   2.115129e-08   2056460
  1.253014e+00   2.974535e-05   1.838931e-03   2.086693e-08   2075186
  1.259388e+00   2.944649e-05   1.840566e-03   2.054289e-08   2099096
  1.265761e+00   2.917898e-05   1.837910e-03   2.025254e-08   2116832
  1.272138e+00   2.893748e-05   1.844119e-03   1.993866e-08   2145146
  1.278526e+00   2.863175e-05   1.844128e-03   1.964280e-08   2166776
  1.284904e+00   2.837082e-05   1.838822e-03   1.939820e-08   2181848
  1.291273e+00   2.813561e-05   1.838785e-03   1.916476e-08   2203766
  1.297646e+00   2.785284e-05   1.840619e-03   1.887021e-08   2227664
  1.304025e+00   2.752793e-05   1.842381e-03   1.854729e-08   2252138
  1.310403e+00   2.729636e-05   1.839825e-03   1.833442e-08   2271152
  1.316777e+00   2.704196e-05   1.840536e-03   1.804642e-08   2293256
  1.323154e+00   2.674331e-05   1.842085e-03   1.777900e-08   2318130
  1.329536e+00   2.652815e-05   1.841956e-03   1.756744e-08   2340824
  1.335910e+00   2.626043e-05   1.838342e-03   1.729482e-08   2357990
  1.342292e+00   2.597776e-05   1.846396e-03   1.701752e-08   2391176
  1.348671e+00   2.574925e-05   1.837209e-03   1.685277e-08   2401808
  1.355040e+00   2.552713e-05   1.840258e-03   1.658522e-08   2428442
  1.361418e+00   2.522931e-05   1.842645e-03   1.631843e-08   2454752
  1.367798e+00   2.495406e-05   1.841270e-03   1.609083e-08   2475872
  1.374172e+00   2.471480e-05   1.838763e-03   1.587019e-08   2495822
  1.380543e+00   2.448239e-05   1.839940e-03   1.567642e-08   2520248
  1.386922e+00   2.418392e-05   1.844043e-03   1.538797e-08   2549186
  1.393299e+00   2.400689e-05   1.837661e-03   1.520918e-08   2564768
  1.399672e+00   2.375382e-05   1.841284e-03   1.499959e-08   2592968
  1.406054e+00   2.348589e-05   1.843378e-03   1.476106e-08   2619818
  1.412431e+00   2.327589e-05   1.838027e-03   1.457259e-08   2636384
  1.418803e+00   2.302592e-05   1.840293e-03   1.436468e-08   2662220
  1.425180e+00   2.279432e-05   1.842524e-03   1.414235e-08   2689770
  1.431560e+00   2.254783e-05   1.840994e-03   1.394600e-08   2712296
  1.437933e+00   2.232923e-05   1.838431e-03   1.376064e-08   2732618
  1.444312e+00   2.208943e-05   1.843932e-03   1.349759e-08   2765264
  1.450695e+00   2.185343e-05   1.840894e-03   1.334334e-08   2784824
  1.457066e+00   2.163911e-05   1.837138e-03   1.319456e-08   2804162
  1.463445e+00   2.142897e-05   1.844971e-03   1.295476e-08   2840612
  1.469825e+00   2.122575e-05   1.839130e-03   1.282695e-08   2855576
  1.476198e+00   2.098081e-05   1.840533e-03   1.260439e-08   2883458
  1.482571e+00   2.074380e-05   1.838217e-03   1.243297e-08   2904128
  1.488946e+00   2.054283e-05   1.843378e-03   1.223021e-08   2937026
  1.495325e+00   2.033363e-05   1.839218e-03   1.208233e-08   2956976
  1.501703e+00   2.011426e-05   1.841967e-03   1.189919e-08   2986472
  1.508082e+00   1.992713e-05   1.840166e-03   1.174510e-08   3008918
  1.514460e+00   1.970810e-05   1.841773e-03   1.157467e-08   3036752
  1.520836e+00   1.948210e-05   1.839884e-03   1.139390e-08   3058376
  1.527209e+00   1.932755e-05   1.839616e-03   1.127010e-08   3084210
  1.533583e+00   1.908381e-05   1.840948e-03   1.108829e-08   3111848
  1.539960e+00   1.888168e-05   1.841348e-03   1.091966e-08   3138890
  1.546339e+00   1.871483e-05   1.840626e-03   1.079260e-08   3164516
  1.552719e+00   1.850615e-05   1.842638e-03   1.061947e-08   3192656
  1.559097e+00   1.831517e-05   1.840555e-03   1.048931e-08   3215618
  1.565473e+00   1.810535e-05   1.840732e-03   1.033163e-08   3242888
  1.571846e+00   1.790684e-05   1.839114e-03   1.018165e-08   3265448
  1.578224e+00   1.774058e-05   1.843575e-03   1.003758e-08   3300842
  1.584604e+00   1.755475e-05   1.839884e-03   9.916198e-09   3321008
  1.590977e+00   1.734220e-05   1.839336e-03   9.761154e-09   3346406
  1.597352e+00   1.717789e-05   1.841596e-03   9.644204e-09   3377984
  1.603728e+00   1.696155e-05   1.839551e-03   9.485544e-09   3400352
  1.610103e+00   1.682393e-05   1.841321e-03   9.359568e-09   3431450
  1.616483e+00   1.662301e-05   1.841519e-03   9.224200e-09   3458768
  1.622859e+00   1.646824e-05   1.841183e-03   9.109238e-09   3484088
  1.629231e+00   1.629241e-05   1.838425e-03   8.983741e-09   3508218
  1.635610e+00   1.610309e-05   1.843946e-03   8.835130e-09   3545924
  1.641992e+00   1.594649e-05   1.841053e-03   8.734105e-09   3567530
  1.648369e+00   1.579889e-05   1.840183e-03   8.624254e-09   3595040
  1.654744e+00   1.560887e-05   1.840167e-03   8.487002e-09   3621176
  1.661115e+00   1.546014e-05   1.839521e-03   8.375398e-09   3647738
  1.667490e+00   1.527301e-05   1.841438e-03   8.244656e-09   3680480
  1.673870e+00   1.511749e-05   1.842082e-03   8.145788e-09   3709712
  1.680248e+00   1.496485e-05   1.840008e-03   8.034267e-09   3734702
  1.686623e+00   1.482330e-05   1.840362e-03   7.939730e-09   3762776
  1.692996e+00   1.465978e-05   1.839854e-03   7.832036e-09   3790514
  1.699371e+00   1.448137e-05   1.839908e-03   7.702312e-09   3820352
  1.705752e+00   1.432351e-05   1.844068e-03   7.592265e-09   3856016
  1.712131e+00   1.418079e-05   1.839690e-03   7.497207e-09   3876818
  1.718506e+00   1.403349e-05   1.839874e-03   7.401624e-09   3906332
  1.724882e+00   1.389152e-05   1.841963e-03   7.298957e-09   3938216
  1.731260e+00   1.375257e-05   1.840685e-03   7.201109e-09   3966354
  1.737636e+00   1.356139e-05   1.839695e-03   7.095231e-09   3993536
  1.744011e+00   1.343711e-05   1.840344e-03   7.004409e-09   4024034
  1.750392e+00   1.331283e-05   1.843071e-03   6.909385e-09   4060208
  1.756773e+00   1.316256e-05   1.840812e-03   6.815658e-09   4083632
  1.763145e+00   1.302287e-05   1.837811e-03   6.729119e-09   4107062
  1.769521e+00   1.287713e-05   1.842771e-03   6.624950e-09   4148072
  1.775893e+00   1.275341e-05   1.836707e-03   6.550929e-09   4163456
  1.782267e+00   1.261610e-05   1.842476e-03   6.460216e-09   4207994
  1.788652e+00   1.247057e-05   1.843367e-03   6.355744e-09   4239152
  1.795029e+00   1.235478e-05   1.839132e-03   6.295200e-09   4259426
  1.801407e+00   1.224146e-05   1.842524e-03   6.211674e-09   4299488
  1.807788e+00   1.209187e-05   1.840660e-03   6.118808e-09   4323692
  1.814162e+00   1.196290e-05   1.840093e-03   6.038690e-09   4353242
  1.820541e+00   1.184461e-05   1.841694e-03   5.955449e-09   4388792
  1.826915e+00   1.170878e-05   1.838387e-03   5.882486e-09   4409912
  1.833288e+00   1.158826e-05   1.841592e-03   5.803174e-09   4449282
  1.839667e+00   1.147690e-05   1.840784e-03   5.738887e-09   4478504
  1.846041e+00   1.135058e-05   1.839106e-03   5.657824e-09   4505882
  1.852417e+00   1.124127e-05   1.841020e-03   5.582651e-09   4542044
  1.858793e+00   1.112420e-05   1.840344e-03   5.514425e-09   4569608
  1.865169e+00   1.098491e-05   1.841195e-03   5.431922e-09   4604426
  1.871550e+00   1.088774e-05   1.842311e-03   5.374507e-09   4638896
  1.877925e+00   1.077583e-05   1.838827e-03   5.309538e-09   4660088
  1.884299e+00   1.065858e-05   1.841797e-03   5.225687e-09   4701290
  1.890678e+00   1.053878e-05   1.840619e-03   5.159655e-09   4729292
  1.897054e+00   1.044559e-05   1.841565e-03   5.104982e-09   4762706
  1.903435e+00   1.033312e-05   1.842610e-03   5.039449e-09   4799336
  1.909810e+00   1.022822e-05   1.837970e-03   4.971571e-09   4818680
  1.916185e+00   1.011719e-05   1.842882e-03   4.899342e-09   4863962
  1.922563e+00   1.002169e-05   1.839027e-03   4.854873e-09   4886216
  1.928938e+00   9.909866e-06   1.841692e-03   4.778502e-09   4925360
  1.935312e+00   9.803858e-06   1.838487e-03   4.726606e-09   4950198
  1.941682e+00   9.701255e-06   1.839228e-03   4.656743e-09   4983776
  1.948062e+00   9.599557e-06   1.844717e-03   4.594804e-09   5032058
  1.954444e+00   9.504657e-06   1.839748e-03   4.543021e-09   5052296
  1.960816e+00   9.402826e-06   1.839118e-03   4.486567e-09   5081048
  1.967192e+00   9.325033e-06   1.843475e-03   4.440716e-09   5127146
  1.973574e+00   9.223422e-06   1.841069e-03   4.386963e-09   5155376
  1.979948e+00   9.121171e-06   1.838766e-03   4.322944e-09   5181068
  1.986324e+00   9.041887e-06   1.842536e-03   4.277089e-09   5225906
  1.992703e+00   8.942795e-06   1.840301e-03   4.218592e-09   5253224
  1.999075e+00   8.858194e-06   1.838471e-03   4.168716e-09   5281154
  2.005453e+00   8.768247e-06   1.843666e-03   4.117479e-09   5330336
  2.011834e+00   8.667562e-06   1.840278e-03   4.067121e-09   5354120
  2.018204e+00   8.593552e-06   1.837177e-03   4.023196e-09   5380154
  2.024582e+00   8.498741e-06   1.844004e-03   3.970288e-09   5433740
  2.030964e+00   8.412899e-06   1.841066e-03   3.920294e-09   5458202
  2.037337e+00   8.332169e-06   1.838473e-03   3.878580e-09   5486424
  2.043713e+00   8.246217e-06   1.842073e-03   3.822576e-09   5530640
  2.050092e+00   8.165092e-06   1.840865e-03   3.782312e-09   5561162
  2.056472e+00   8.079666e-06   1.842354e-03   3.731107e-09   5601512
  2.062848e+00   7.998885e-06   1.838550e-03   3.696160e-09   5623244
  2.069220e+00   7.917340e-06   1.840849e-03   3.652999e-09   5665346
  2.075598e+00   7.837716e-06   1.841113e-03   3.603731e-09   5702384
  2.081975e+00   7.759064e-06   1.840298e-03   3.560974e-09   5734706
  2.088353e+00   7.688265e-06   1.841301e-03   3.521561e-09   5773184
  2.094733e+00   7.606841e-06   1.841946e-03   3.472160e-09   5809568
  2.101105e+00   7.529571e-06   1.837552e-03   3.437180e-09   5831090
  2.107479e+00   7.455295e-06   1.842206e-03   3.396021e-09   5881964
  2.113859e+00   7.384707e-06   1.841213e-03   3.356409e-09   5913416
  2.120238e+00   7.306976e-06   1.841923e-03   3.312438e-09   5952290
  2.126616e+00   7.237046e-06   1.839865e-03   3.275474e-09   5981144
  2.132988e+00   7.172746e-06   1.839742e-03   3.245989e-09   6015290
  2.139364e+00   7.095071e-06   1.841927e-03   3.201138e-09   6059664
  2.145743e+00   7.024330e-06   1.840799e-03   3.165990e-09   6092336
  2.152122e+00   6.954663e-06   1.842086e-03   3.126190e-09   6132806
  2.158501e+00   6.888515e-06   1.841321e-03   3.093746e-09   6166832
  2.164873e+00   6.817231e-06   1.837443e-03   3.060874e-09   6189272
  2.171243e+00   6.763781e-06   1.841004e-03   3.027562e-09   6238154
  2.177621e+00   6.693316e-06   1.841080e-03   2.993114e-09   6275288
  2.184000e+00   6.621548e-06   1.842241e-03   2.950323e-09   6316322
  2.190379e+00   6.559704e-06   1.840641e-03   2.923024e-09   6348488
  2.196756e+00   6.492930e-06   1.841212e-03   2.883149e-09   6385868
  2.203134e+00   6.437983e-06   1.841850e-03   2.855323e-09   6425378
  2.209510e+00   6.370532e-06   1.839408e-03   2.827212e-09   6455360
  2.215886e+00   6.306231e-06   1.841392e-03   2.793790e-09   6498176
  2.222261e+00   6.251766e-06   1.840198e-03   2.765246e-09   6531674
  2.228637e+00   6.190583e-06   1.841209e-03   2.732844e-09   6573368
  2.235015e+00   6.125928e-06   1.841417e-03   2.696432e-09   6611246
  2.241392e+00   6.072146e-06   1.840803e-03   2.673653e-09   6647424
  2.247770e+00   6.010421e-06   1.841365e-03   2.639966e-09   6687488
  2.254147e+00   5.954298e-06   1.839919e-03   2.610349e-09   6721250
  2.260520e+00   5.902016e-06   1.839077e-03   2.586138e-09   6755816
  2.266897e+00   5.833913e-06   1.842933e-03   2.553849e-09   6806504
  2.273276e+00   5.785226e-06   1.840584e-03   2.529959e-09   6837506
  2.279651e+00   5.734057e-06   1.839474e-03   2.503232e-09   6871556
  2.286030e+00   5.676591e-06   1.843489e-03   2.472454e-09   6924938
  2.292407e+00   5.621118e-06   1.838210e-03   2.445702e-09   6945320
  2.298778e+00   5.568532e-06   1.839118e-03   2.418602e-09   6986072
  2.305158e+00   5.525260e-06   1.844888e-03   2.397789e-09   7046642
  2.311538e+00   5.461142e-06   1.838415e-03   2.369312e-09   7061168
  2.317910e+00   5.415597e-06   1.840538e-03   2.343635e-09   7108064
  2.324288e+00   5.368968e-06   1.841488e-03   2.316705e-09   7151822
  2.330666e+00   5.314783e-06   1.840837e-03   2.296484e-09   7187600
  2.337045e+00   5.259563e-06   1.841819e-03   2.266738e-09   7231418
  2.343420e+00   5.219302e-06   1.838266e-03   2.251434e-09   7257912
  2.349793e+00   5.167618e-06   1.841246e-03   2.222591e-09   7307840
  2.356171e+00   5.121268e-06   1.840707e-03   2.205341e-09   7346618
  2.362545e+00   5.070999e-06   1.838315e-03   2.176876e-09   7376552
  2.368920e+00   5.022272e-06   1.842635e-03   2.154025e-09   7431740
  2.375299e+00   4.981791e-06   1.840580e-03   2.135916e-09   7464458
  2.381675e+00   4.935747e-06   1.840724e-03   2.112445e-09   7505672
  2.388054e+00   4.889438e-06   1.841875e-03   2.091747e-09   7550906
  2.394430e+00   4.845583e-06   1.839274e-03   2.074195e-09   7580720
  2.400808e+00   4.796177e-06   1.843124e-03   2.043943e-09   7635944
  2.407183e+00   4.750061e-06   1.837385e-03   2.023465e-09   7653254
  2.413557e+00   4.704857e-06   1.842500e-03   1.999883e-09   7714712
  2.419937e+00   4.666015e-06   1.841714e-03   1.984339e-09   7751840
  2.426315e+00   4.623832e-06   1.840093e-03   1.965056e-09   7788170
  2.432690e+00   4.585847e-06   1.840288e-03   1.947590e-09   7828544
  2.439067e+00   4.536272e-06   1.841589e-03   1.922065e-09   7874474
  2.445442e+00   4.507669e-06   1.838917e-03   1.911169e-09   7906032
  2.451817e+00   4.456595e-06   1.841643e-03   1.886381e-09   7957580
  2.458195e+00   4.417670e-06   1.840967e-03   1.867214e-09   7995962
  2.464573e+00   4.379347e-06   1.841319e-03   1.849872e-09   8038976
  2.470951e+00   4.335932e-06   1.841937e-03   1.828018e-09   8082320
  2.477329e+00   4.300021e-06   1.840784e-03   1.813827e-09   8120450
  2.483701e+00   4.261435e-06   1.838200e-03   1.795801e-09   8150312
  2.490075e+00   4.223102e-06   1.842025e-03   1.776166e-09   8210450
  2.496455e+00   4.185183e-06   1.840554e-03   1.761199e-09   8246732
  2.502832e+00   4.147060e-06   1.841458e-03   1.743046e-09   8290256
  2.509210e+00   4.112372e-06   1.841232e-03   1.728799e-09   8333306
  2.515587e+00   4.075929e-06   1.840510e-03   1.712605e-09   8372312
  2.521962e+00   4.037715e-06   1.840644e-03   1.693056e-09   8413472
  2.528337e+00   4.009172e-06   1.840038e-03   1.682392e-09   8455634
  2.534714e+00   3.963938e-06   1.841410e-03   1.658247e-09   8503736
  2.541090e+00   3.934391e-06   1.840703e-03   1.646077e-09   8542814
  2.547468e+00   3.897395e-06   1.841283e-03   1.631527e-09   8589960
  2.553847e+00   3.865358e-06   1.841675e-03   1.618566e-09   8633912
  2.560223e+00   3.832605e-06   1.839336e-03   1.600724e-09   8666690
  2.566599e+00   3.797592e-06   1.842209e-03   1.584328e-09   8722544
  2.572977e+00   3.767214e-06   1.840585e-03   1.570173e-09   8758112
  2.579352e+00   3.732404e-06   1.839548e-03   1.555175e-09   8798750
  2.585728e+00   3.696516e-06   1.841277e-03   1.538477e-09   8848808
  2.592104e+00   3.662110e-06   1.840251e-03   1.523162e-09   8889170
  2.598481e+00   3.635072e-06   1.840227e-03   1.511140e-09   8934608
  2.604856e+00   3.602578e-06   1.839643e-03   1.498290e-09   8971640
  2.611232e+00   3.573469e-06   1.842388e-03   1.485723e-09   9029954
  2.617612e+00   3.544544e-06   1.840920e-03   1.470272e-09   9067856
  2.623987e+00   3.505880e-06   1.839672e-03   1.454300e-09   9104444
  2.630367e+00   3.483359e-06   1.843923e-03   1.445114e-09   9171242
  2.636745e+00   3.455478e-06   1.838017e-03   1.434235e-09   9185528
  2.643114e+00   3.419602e-06   1.839022e-03   1.417050e-09   9235394
  2.649494e+00   3.391829e-06   1.844050e-03   1.402259e-09   9305688
  2.655872e+00   3.365753e-06   1.838662e-03   1.394012e-09   9321824
  2.662249e+00   3.336594e-06   1.843226e-03   1.378967e-09   9392090
  2.668628e+00   3.305955e-06   1.839001e-03   1.367728e-09   9414332
  2.675000e+00   3.277590e-06   1.840415e-03   1.352183e-09   9465410
  2.681380e+00   3.254571e-06   1.842364e-03   1.343355e-09   9523760
  2.687758e+00   3.223509e-06   1.839771e-03   1.331102e-09   9553832
  2.694133e+00   3.197803e-06   1.840855e-03   1.320988e-09   9604298
  2.700510e+00   3.173019e-06   1.840893e-03   1.308369e-09   9651176
  2.706885e+00   3.143230e-06   1.839603e-03   1.297872e-09   9687704
  2.713262e+00   3.118389e-06   1.842393e-03   1.285101e-09   9748574
  2.719643e+00   3.092809e-06   1.842290e-03   1.275702e-09   9794624
  2.726015e+00   3.064605e-06   1.836766e-03   1.263028e-09   9811370
  2.732389e+00   3.043580e-06   1.842921e-03   1.254488e-09   9891320
  2.738770e+00   3.014559e-06   1.841218e-03   1.240077e-09   9926024
  2.745146e+00   2.991119e-06   1.840208e-03   1.231021e-09   9967586
  2.751522e+00   2.968257e-06   1.840755e-03   1.220905e-09   10018116
  2.757897e+00   2.941736e-06   1.840456e-03   1.208538e-09   10060280
  2.764274e+00   2.918878e-06   1.841667e-03   1.200592e-09   10115450
  2.770654e+00   2.891535e-06   1.841837e-03   1.189055e-09   10164368
  2.777028e+00   2.868092e-06   1.838094e-03   1.179047e-09   10188314
  2.783404e+00   2.849458e-06   1.843290e-03   1.171861e-09   10265168
  2.789784e+00   2.825016e-06   1.840160e-03   1.161937e-09   10294448
  2.796159e+00   2.798406e-06   1.840640e-03   1.149156e-09   10343918
  2.802537e+00   2.780543e-06   1.841730e-03   1.141885e-09   10397600
  2.808913e+00   2.757173e-06   1.840311e-03   1.131748e-09   10435328
  2.815285e+00   2.734812e-06   1.838957e-03   1.122999e-09   10476698
  2.821661e+00   2.710831e-06   1.842237e-03   1.112878e-09   10543184
  2.828039e+00   2.685602e-06   1.839935e-03   1.100446e-09   10577834
  2.834417e+00   2.672502e-06   1.842252e-03   1.097112e-09   10641560
  2.840795e+00   2.647513e-06   1.839115e-03   1.086460e-09   10668452
  2.847169e+00   2.627027e-06   1.841467e-03   1.077020e-09   10729634
  2.853544e+00   2.607368e-06   1.839115e-03   1.070162e-09   10766520
  2.859920e+00   2.585871e-06   1.841423e-03   1.061711e-09   10825856
  2.866300e+00   2.565806e-06   1.842253e-03   1.052714e-09   10880090
  2.872679e+00   2.545519e-06   1.840348e-03   1.044418e-09   10918088
  2.879054e+00   2.522102e-06   1.840274e-03   1.033909e-09   10964474
  2.885431e+00   2.505946e-06   1.841464e-03   1.027450e-09   11021180
  2.891809e+00   2.484676e-06   1.840637e-03   1.019544e-09   11064248
  2.898185e+00   2.464419e-06   1.840651e-03   1.011936e-09   11114234
  2.904565e+00   2.444028e-06   1.842174e-03   1.000512e-09   11172872
  2.910943e+00   2.424918e-06   1.840078e-03   9.945215e-10   11206880
  2.917314e+00   2.408698e-06   1.838484e-03   9.883791e-10   11248130
  2.923689e+00   2.391221e-06   1.841523e-03   9.812876e-10   11316140
  2.930066e+00   2.371540e-06   1.840085e-03   9.722238e-10   11355554
  2.936443e+00   2.352481e-06   1.841835e-03   9.648588e-10   11417840
  2.942822e+00   2.334851e-06   1.840319e-03   9.579542e-10   11456528
  2.949199e+00   2.316794e-06   1.841526e-03   9.515016e-10   11512874
  2.955576e+00   2.300530e-06   1.840486e-03   9.441502e-10   11557272
  2.961950e+00   2.279851e-06   1.839582e-03   9.349703e-10   11600360
  2.968326e+00   2.266522e-06   1.841593e-03   9.313983e-10   11663678
  2.974703e+00   2.244475e-06   1.840371e-03   9.215481e-10   11705552
  2.981079e+00   2.231040e-06   1.840912e-03   9.157399e-10   11758658
  2.987457e+00   2.215463e-06   1.841605e-03   9.095500e-10   11815208
  2.993836e+00   2.197918e-06   1.841556e-03   9.024870e-10   11864000
  3.000212e+00   2.178794e-06   1.839938e-03   8.948473e-10   11904962
  3.006589e+00   2.165908e-06   1.840973e-03   8.897907e-10   11963696
  3.012966e+00   2.145847e-06   1.840866e-03   8.806655e-10   12011132
  3.019341e+00   2.133063e-06   1.840389e-03   8.769861e-10   12059450
  3.025718e+00   2.116871e-06   1.841438e-03   8.703163e-10   12118280
  3.032095e+00   2.099643e-06   1.840188e-03   8.639376e-10   12160562
  3.038470e+00   2.085194e-06   1.840247e-03   8.588997e-10   12212768
  3.044846e+00   2.071140e-06   1.841220e-03   8.528398e-10   12269504
  3.051223e+00   2.054110e-06   1.840948e-03   8.459476e-10   12319370
  3.057600e+00   2.042671e-06   1.840852e-03   8.412301e-10   12370140
  3.063975e+00   2.022650e-06   1.840437e-03   8.321451e-10   12417752
  3.070352e+00   2.013855e-06   1.841133e-03   8.310775e-10   12476882
  3.076731e+00   1.996132e-06   1.841502e-03   8.237905e-10   12530816
  3.083108e+00   1.982992e-06   1.840958e-03   8.181021e-10   12577658
  3.089485e+00   1.970341e-06   1.840591e-03   8.149482e-10   12629288
  3.095862e+00   1.953001e-06   1.841067e-03   8.058274e-10   12683828
  3.102237e+00   1.939968e-06   1.839537e-03   8.007595e-10   12725354
  3.108612e+00   1.928220e-06   1.841269e-03   7.972726e-10   12790616
  3.114989e+00   1.911960e-06   1.840010e-03   7.901060e-10   12833768
  3.121365e+00   1.899698e-06   1.841117e-03   7.847118e-10   12894194
  3.127743e+00   1.885262e-06   1.841676e-03   7.793173e-10   12950240
  3.134122e+00   1.871382e-06   1.840849e-03   7.751909e-10   12998714
  3.140498e+00   1.862206e-06   1.840244e-03   7.724478e-10   13048100
  3.146876e+00   1.845771e-06   1.841732e-03   7.639971e-10   13109120
  3.153254e+00   1.833123e-06   1.841032e-03   7.594171e-10   13158506
  3.159627e+00   1.821182e-06   1.838302e-03   7.561984e-10   13193040
  3.166002e+00   1.805556e-06   1.841969e-03   7.492319e-10   13271072
  3.172380e+00   1.797104e-06   1.840294e-03   7.466219e-10   13314242
  3.178754e+00   1.784852e-06   1.839703e-03   7.423810e-10   13363808
  3.185133e+00   1.770528e-06   1.842485e-03   7.361349e-10   13436822
  3.191512e+00   1.760030e-06   1.840487e-03   7.330811e-10   13476080
  3.197887e+00   1.746678e-06   1.840204e-03   7.271216e-10   13527296
  3.204264e+00   1.734722e-06   1.841161e-03   7.233436e-10   13589498
  3.210638e+00   1.724513e-06   1.838626e-03   7.205899e-10   13623704
  3.217016e+00   1.710412e-06   1.844054e-03   7.134496e-10   13717280
  3.223396e+00   1.701653e-06   1.839294e-03   7.108047e-10   13737914
  3.229770e+00   1.689166e-06   1.840743e-03   7.061518e-10   13801772
  3.236147e+00   1.677994e-06   1.841678e-03   7.026612e-10   13864298
  3.242524e+00   1.668712e-06   1.839451e-03   6.985348e-10   13904216
  3.248899e+00   1.655049e-06   1.840700e-03   6.938406e-10   13966064
  3.255276e+00   1.645040e-06   1.841492e-03   6.884844e-10   14027042
  3.261651e+00   1.635101e-06   1.838676e-03   6.872035e-10   14061048
  3.268027e+00   1.623064e-06   1.842396e-03   6.812955e-10   14143820
  3.274405e+00   1.615268e-06   1.840137e-03   6.798405e-10   14182442
  3.280782e+00   1.603203e-06   1.841285e-03   6.752703e-10   14245568
  3.287160e+00   1.591989e-06   1.841226e-03   6.699552e-10   14301338
  3.293537e+00   1.583524e-06   1.840394e-03   6.674499e-10   14350064
  3.299913e+00   1.571747e-06   1.841485e-03   6.626441e-10   14412488
  3.306292e+00   1.562769e-06   1.841397e-03   6.606391e-10   14470250
  3.312668e+00   1.552980e-06   1.839514e-03   6.577146e-10   14509484
  3.319039e+00   1.540614e-06   1.839618e-03   6.522716e-10   14564474
  3.325416e+00   1.535262e-06   1.842538e-03   6.513451e-10   14646632
  3.331795e+00   1.523496e-06   1.839978e-03   6.470187e-10   14681792
  3.338171e+00   1.512656e-06   1.841401e-03   6.413973e-10   14749946
  3.344548e+00   1.506359e-06   1.840482e-03   6.411212e-10   14799968
  3.350923e+00   1.494511e-06   1.839748e-03   6.372009e-10   14848808
  3.357300e+00   1.487776e-06   1.842276e-03   6.344698e-10   14925638
  3.363678e+00   1.477955e-06   1.840046e-03   6.311527e-10   14963016
  3.370053e+00   1.466116e-06   1.841263e-03   6.266130e-10   15031106
  3.376432e+00   1.459870e-06   1.841574e-03   6.247589e-10   15092384
  3.382808e+00   1.450664e-06   1.839899e-03   6.213972e-10   15132248
  3.389183e+00   1.440291e-06   1.841248e-03   6.164895e-10   15202322
  3.395560e+00   1.433765e-06   1.839985e-03   6.152661e-10   15250832
  3.401936e+00   1.424393e-06   1.841279e-03   6.127337e-10   15315692
  3.408315e+00   1.417397e-06   1.842099e-03   6.092384e-10   15382346
  3.414692e+00   1.408385e-06   1.839166e-03   6.067155e-10   15416024
  3.421065e+00   1.398770e-06   1.840590e-03   6.036176e-10   15483602
  3.427446e+00   1.394119e-06   1.843566e-03   6.031962e-10   15568424
  3.433825e+00   1.383152e-06   1.839187e-03   5.993154e-10   15589280
  3.440198e+00   1.376722e-06   1.839744e-03   5.968818e-10   15652502
  3.446575e+00   1.369302e-06   1.841959e-03   5.955170e-10   15728960
  3.452954e+00   1.361398e-06   1.840551e-03   5.916544e-10   15773168
  3.459328e+00   1.353871e-06   1.839940e-03   5.904695e-10   15828290
  3.465704e+00   1.345281e-06   1.840910e-03   5.870716e-10   15893184
  3.472081e+00   1.335975e-06   1.841157e-03   5.835126e-10   15954194
  3.478457e+00   1.332232e-06   1.839872e-03   5.841280e-10   16006016
  3.484831e+00   1.323559e-06   1.839639e-03   5.808135e-10   16058684
  3.491208e+00   1.316315e-06   1.842456e-03   5.774645e-10   16141898
  3.497590e+00   1.309753e-06   1.841864e-03   5.767939e-10   16197872
  3.503966e+00   1.300649e-06   1.839313e-03   5.736223e-10   16231640
  3.510341e+00   1.296073e-06   1.841313e-03   5.727401e-10   16310090
  3.516721e+00   1.290858e-06   1.841945e-03   5.715015e-10   16375136
  3.523097e+00   1.281310e-06   1.839457e-03   5.677176e-10   16412522
  3.529473e+00   1.276219e-06   1.841163e-03   5.665069e-10   16488308
  3.535850e+00   1.269915e-06   1.840616e-03   5.652050e-10   16539968
  3.542225e+00   1.263721e-06   1.839938e-03   5.641519e-10   16595714
  3.548602e+00   1.257524e-06   1.841625e-03   5.615011e-10   16671224
  3.554979e+00   1.249131e-06   1.840210e-03   5.593112e-10   16714064
  3.561354e+00   1.246176e-06   1.840955e-03   5.596296e-10   16783202
  3.567731e+00   1.238784e-06   1.840815e-03   5.565618e-10   16842504
  3.574108e+00   1.232352e-06   1.841084e-03   5.548833e-10   16904894
  3.580486e+00   1.227490e-06   1.841127e-03   5.540444e-10   16968656
  3.586865e+00   1.219938e-06   1.841521e-03   5.515688e-10   17030288
  3.593238e+00   1.215501e-06   1.838444e-03   5.513015e-10   17061482
  3.599615e+00   1.208978e-06   1.842988e-03   5.478060e-10   17164976
  3.605993e+00   1.204067e-06   1.840068e-03   5.482712e-10   17197184
  3.612368e+00   1.199830e-06   1.840756e-03   5.484973e-10   17267102
  3.618746e+00   1.193367e-06   1.841072e-03   5.449947e-10   17329928
  3.625121e+00   1.187294e-06   1.839901e-03   5.438403e-10   17378906
  3.631497e+00   1.184243e-06   1.841182e-03   5.439388e-10   17454776
  3.637873e+00   1.177597e-06   1.839972e-03   5.428274e-10   17501720
  3.644249e+00   1.173637e-06   1.842109e-03   5.420058e-10   17584826
  3.650631e+00   1.169527e-06   1.841819e-03   5.403895e-10   17646008
  3.657008e+00   1.164049e-06   1.840059e-03   5.400489e-10   17686412
  3.663381e+00   1.160770e-06   1.840228e-03   5.407836e-10   17751266
  3.669756e+00   1.155977e-06   1.840035e-03   5.389332e-10   17812848
  3.676130e+00   1.150245e-06   1.840074e-03   5.377956e-10   17874866
  3.682507e+00   1.147801e-06   1.841337e-03   5.379715e-10   17951720
  3.688886e+00   1.142334e-06   1.841134e-03   5.370697e-10   18009344
  3.695262e+00   1.138703e-06   1.840349e-03   5.362575e-10   18064730
  3.701640e+00   1.135538e-06   1.841339e-03   5.366882e-10   18137372
  3.708017e+00   1.129265e-06   1.840603e-03   5.349883e-10   18189632
  3.714392e+00   1.128157e-06   1.840457e-03   5.362629e-10   18254330
  3.720770e+00   1.123577e-06   1.841473e-03   5.349005e-10   18325808
  3.727148e+00   1.119209e-06   1.840737e-03   5.349872e-10   18379610
  3.733524e+00   1.118195e-06   1.840702e-03   5.363827e-10   18445760
  3.739901e+00   1.113173e-06   1.840479e-03   5.343756e-10   18504440
  3.746277e+00   1.110807e-06   1.840875e-03   5.353363e-10   18572198
  3.752657e+00   1.107762e-06   1.841895e-03   5.356922e-10   18647480
  3.759032e+00   1.103594e-06   1.838946e-03   5.354898e-10   18678152
  3.765406e+00   1.103555e-06   1.841061e-03   5.367678e-10   18764186
  3.771782e+00   1.087011e-06   1.840849e-03   5.277480e-10   18794103
  3.778158e+00   1.053163e-06   1.840297e-03   5.056275e-10   18760748
  3.784533e+00   1.019335e-06   1.840231e-03   4.842864e-10   18727940
  3.790912e+00   9.878699e-07   1.842073e-03   4.649426e-10   18712436
  3.797287e+00   9.569232e-07   1.838840e-03   4.449393e-10   18646616
  3.803663e+00   9.283728e-07   1.842455e-03   4.277567e-10   18651296
  3.810042e+00   8.990317e-07   1.840334e-03   4.096971e-10   18596096
  3.816418e+00   8.722120e-07   1.841121e-03   3.934665e-10   18571364
  3.822794e+00   8.457814e-07   1.839859e-03   3.771947e-10   18527096
  3.829170e+00   8.219122e-07   1.840846e-03   3.633951e-10   18501368
  3.835548e+00   7.983084e-07   1.841771e-03   3.488857e-10   18475040
  3.841927e+00   7.750847e-07   1.841481e-03   3.353032e-10   18439436
  3.848301e+00   7.537842e-07   1.838521e-03   3.234865e-10   18375752
  3.854674e+00   7.340765e-07   1.840584e-03   3.116806e-10   18361484
  3.861052e+00   7.131221e-07   1.842393e-03   2.994724e-10   18344504
  3.867430e+00   6.938716e-07   1.839817e-03   2.895433e-10   18284708
  3.873806e+00   6.762707e-07   1.841259e-03   2.795140e-10   18264048
  3.880183e+00   6.578863e-07   1.840629e-03   2.694449e-10   18220964
  3.886557e+00   6.415265e-07   1.839363e-03   2.607474e-10   18173528
  3.892935e+00   6.247535e-07   1.843046e-03   2.510376e-10   18173780
  3.899316e+00   6.090623e-07   1.841138e-03   2.426738e-10   18116660
  3.905693e+00   5.942226e-07   1.840842e-03   2.347592e-10   18078740
  3.912066e+00   5.794432e-07   1.838693e-03   2.275664e-10   18023108
  3.918439e+00   5.653401e-07   1.840734e-03   2.201445e-10   18005600
  3.924818e+00   5.523188e-07   1.842344e-03   2.132500e-10   17984552
  3.931198e+00   5.390637e-07   1.841062e-03   2.064623e-10   17934860
  3.937574e+00   5.269197e-07   1.840562e-03   2.003241e-10   17891468
  3.943950e+00   5.142366e-07   1.840945e-03   1.939497e-10   17857712
  3.950326e+00   5.027438e-07   1.840137e-03   1.883643e-10   17813108
  3.956702e+00   4.916982e-07   1.841074e-03   1.827440e-10   17784788
  3.963079e+00   4.803211e-07   1.840240e-03   1.771791e-10   17737268
  3.969455e+00   4.699439e-07   1.841773e-03   1.722135e-10   17713268
  3.975833e+00   4.599848e-07   1.840239e-03   1.674774e-10   17661912
  3.982208e+00   4.501764e-07   1.840290e-03   1.626534e-10   17622668
  3.988586e+00   4.405346e-07   1.842133e-03   1.581964e-10   17600552
  3.994964e+00   4.312380e-07   1.839951e-03   1.538856e-10   17542580
  4.001340e+00   4.223639e-07   1.840772e-03   1.497924e-10   17509112
  4.007717e+00   4.143655e-07   1.841501e-03   1.463430e-10   17475116
  4.014093e+00   4.054716e-07   1.839606e-03   1.421344e-10   17419964
  4.020469e+00   3.972002e-07   1.841433e-03   1.383194e-10   17397056
  4.026846e+00   3.895630e-07   1.840314e-03   1.351101e-10   17345336
  4.033223e+00   3.822226e-07   1.840964e-03   1.318096e-10   17310476
  4.039596e+00   3.743874e-07   1.838459e-03   1.283222e-10   17246360
  4.045972e+00   3.676530e-07   1.842582e-03   1.253982e-10   17244284
  4.052354e+00   3.604831e-07   1.842150e-03   1.222933e-10   17198240
  4.058731e+00   3.538051e-07   1.839271e-03   1.195646e-10   17130932
  4.065106e+00   3.473949e-07   1.841562e-03   1.169049e-10   17110040
  4.071484e+00   3.408954e-07   1.840722e-03   1.139142e-10   17058488
  4.077857e+00   3.348726e-07   1.839135e-03   1.115039e-10   17003664
  4.084233e+00   3.291949e-07   1.841446e-03   1.091122e-10   16983908
  4.090612e+00   3.230202e-07   1.841420e-03   1.066998e-10   16939220
  4.096989e+00   3.176402e-07   1.840515e-03   1.043712e-10   16888904
  4.103367e+00   3.121333e-07   1.841500e-03   1.022711e-10   16854920
  4.109743e+00   3.067524e-07   1.839861e-03   1.001110e-10   16795136
  4.116117e+00   3.016112e-07   1.840184e-03   9.809354e-11   16755860
  4.122495e+00   2.961945e-07   1.841913e-03   9.582817e-11   16729064
  4.128872e+00   2.913245e-07   1.840126e-03   9.406085e-11   16668260
  4.135248e+00   2.867969e-07   1.841092e-03   9.221370e-11   16631456
  4.141626e+00   2.820566e-07   1.841230e-03   9.034107e-11   16588208
  4.148001e+00   2.775610e-07   1.839635e-03   8.858617e-11   16531052
  4.154379e+00   2.731832e-07   1.842867e-03   8.692959e-11   16514456
  4.160755e+00   2.686496e-07   1.838861e-03   8.527820e-11   16432880
  4.167131e+00   2.647921e-07   1.842344e-03   8.379299e-11   16421120
  4.173510e+00   2.604900e-07   1.840051e-03   8.229982e-11   16354148
  4.179885e+00   2.564494e-07   1.841003e-03   8.080591e-11   16316184
  4.186264e+00   2.527085e-07   1.842179e-03   7.940148e-11   16283360
  4.192641e+00   2.487107e-07   1.839085e-03   7.799568e-11   16208756
  4.199016e+00   2.450538e-07   1.841765e-03   7.661256e-11   16184372
  4.205394e+00   2.414913e-07   1.840922e-03   7.532830e-11   16131116
  4.211767e+00   2.377178e-07   1.839273e-03   7.402246e-11   16070864
  4.218143e+00   2.346451e-07   1.841935e-03   7.288062e-11   16047596
  4.224522e+00   2.309245e-07   1.841132e-03   7.158325e-11   15993464
  4.230898e+00   2.278395e-07   1.839789e-03   7.053454e-11   15936116
  4.237274e+00   2.245313e-07   1.841227e-03   6.941119e-11   15899564
  4.243650e+00   2.212495e-07   1.840412e-03   6.826715e-11   15843188
  4.250027e+00   2.184717e-07   1.841430e-03   6.729556e-11   15806012
  4.256404e+00   2.153979e-07   1.840029e-03   6.628624e-11   15746972
  4.262780e+00   2.123606e-07   1.841029e-03   6.527603e-11   15706280
  4.269158e+00   2.096183e-07   1.841316e-03   6.434474e-11   15660560
  4.275534e+00   2.068810e-07   1.839976e-03   6.344420e-11   15601664
  4.281910e+00   2.041418e-07   1.840520e-03   6.259128e-11   15555936
  4.288286e+00   2.013192e-07   1.841154e-03   6.162564e-11   15511664
  4.294665e+00   1.987586e-07   1.841118e-03   6.083881e-11   15463688
  4.301042e+00   1.962329e-07   1.840371e-03   5.998605e-11   15406784
  4.307419e+00   1.938290e-07   1.841443e-03   5.924099e-11   15364076
  4.313795e+00   1.913436e-07   1.839853e-03   5.840401e-11   15302144
  4.320171e+00   1.889340e-07   1.841222e-03   5.760726e-11   15264716
  4.326549e+00   1.864589e-07   1.841061e-03   5.685215e-11   15212204
  4.332926e+00   1.842950e-07   1.840328e-03   5.624547e-11   15154664
  4.339301e+00   1.817831e-07   1.840391e-03   5.537114e-11   15104684
  4.345675e+00   1.797302e-07   1.839587e-03   5.487324e-11   15046256
  4.352051e+00   1.776282e-07   1.841370e-03   5.418767e-11   15009272
  4.358428e+00   1.754823e-07   1.840387e-03   5.353673e-11   14951624
  4.364807e+00   1.734879e-07   1.842302e-03   5.289942e-11   14915300
  4.371187e+00   1.714182e-07   1.840481e-03   5.228346e-11   14847140
  4.377560e+00   1.693242e-07   1.839457e-03   5.170592e-11   14786624
  4.383935e+00   1.673813e-07   1.840794e-03   5.107738e-11   14745252
  4.390313e+00   1.653889e-07   1.841504e-03   5.047020e-11   14697932
  4.396692e+00   1.636124e-07   1.841471e-03   5.004841e-11   14644448
  4.403070e+00   1.619288e-07   1.840856e-03   4.952253e-11   14586896
  4.409445e+00   1.600336e-07   1.839917e-03   4.896620e-11   14525000
  4.415820e+00   1.581767e-07   1.841355e-03   4.844084e-11   14482088
  4.422197e+00   1.564599e-07   1.840486e-03   4.799060e-11   14423696
  4.428574e+00   1.547551e-07   1.840927e-03   4.753653e-11   14373848
  4.434951e+00   1.531082e-07   1.841026e-03   4.704642e-11   14319188
  4.441328e+00   1.515217e-07   1.840720e-03   4.656695e-11   14262248
  4.447704e+00   1.499167e-07   1.840293e-03   4.615370e-11   14204780
  4.454079e+00   1.482857e-07   1.840780e-03   4.571050e-11   14153240
  4.460456e+00   1.467466e-07   1.840870e-03   4.530349e-11   14099048
  4.466833e+00   1.451994e-07   1.841305e-03   4.485423e-11   14048288
  4.473210e+00   1.436568e-07   1.840220e-03   4.447676e-11   13983860
  4.479586e+00   1.421911e-07   1.841413e-03   4.408653e-11   13935800
  4.485962e+00   1.407777e-07   1.839813e-03   4.372099e-11   13868784
  4.492338e+00   1.392850e-07   1.841245e-03   4.335577e-11   13824536
  4.498718e+00   1.380118e-07   1.842226e-03   4.293909e-11   13774364
  4.505095e+00   1.366297e-07   1.840286e-03   4.266688e-11   13702856
  4.511470e+00   1.351969e-07   1.840225e-03   4.232234e-11   13646648
  4.517844e+00   1.340010e-07   1.840082e-03   4.196787e-11   13588364
  4.524220e+00   1.326467e-07   1.841200e-03   4.165578e-11   13539920
  4.530597e+00   1.314665e-07   1.840383e-03   4.141935e-11   13478432
  4.536974e+00   1.301603e-07   1.840898e-03   4.104804e-11   13424264
  4.543353e+00   1.289174e-07   1.841656e-03   4.072820e-11   13370000
  4.549730e+00   1.277327e-07   1.840597e-03   4.047595e-11   13304432
  4.556105e+00   1.265555e-07   1.839697e-03   4.023422e-11   13241228
  4.562479e+00   1.253916e-07   1.840265e-03   3.995771e-11   13186508
  4.568858e+00   1.242969e-07   1.842616e-03   3.965201e-11   13144544
  4.575236e+00   1.230041e-07   1.839577e-03   3.938082e-11   13065032
  4.581610e+00   1.219183e-07   1.840140e-03   3.914261e-11   13008512
  4.587987e+00   1.209196e-07   1.841456e-03   3.889304e-11   12957360
  4.594365e+00   1.197365e-07   1.841180e-03   3.862700e-11   12897728
  4.600740e+00   1.187817e-07   1.838906e-03   3.847280e-11   12822884
  4.607118e+00   1.176525e-07   1.843186e-03   3.814822e-11   12790772
  4.613497e+00   1.166639e-07   1.839965e-03   3.797601e-11   12707960
  4.619871e+00   1.156523e-07   1.840055e-03   3.775767e-11   12650024
  4.626249e+00   1.146528e-07   1.841592e-03   3.753725e-11   12599360
  4.632627e+00   1.137292e-07   1.841060e-03   3.737355e-11   12533984
  4.639003e+00   1.128061e-07   1.840024e-03   3.719696e-11   12467036
  4.645379e+00   1.118909e-07   1.841105e-03   3.703304e-11   12412124
  4.651756e+00   1.109661e-07   1.840677e-03   3.681595e-11   12345776
  4.658131e+00   1.099572e-07   1.840856e-03   3.659967e-11   12286760
  4.664508e+00   1.090740e-07   1.840642e-03   3.643591e-11   12225452
  4.670885e+00   1.082110e-07   1.840694e-03   3.626875e-11   12162584
  4.677263e+00   1.072884e-07   1.841648e-03   3.604919e-11   12105824
  4.683640e+00   1.065102e-07   1.840444e-03   3.596810e-11   12036248
  4.690015e+00   1.056606e-07   1.840000e-03   3.580434e-11   11969736
  4.696391e+00   1.047760e-07   1.841517e-03   3.562620e-11   11916224
  4.702769e+00   1.039461e-07   1.840685e-03   3.550027e-11   11849312
  4.709145e+00   1.031951e-07   1.840274e-03   3.538130e-11   11783300
  4.715522e+00   1.024531e-07   1.841310e-03   3.525675e-11   11724800
  4.721898e+00   1.015996e-07   1.840639e-03   3.512780e-11   11657372
  4.728275e+00   1.007302e-07   1.840697e-03   3.496474e-11   11595320
  4.734652e+00   1.001053e-07   1.840360e-03   3.489075e-11   11527928
  4.741029e+00   9.936302e-08   1.841428e-03   3.478049e-11   11469008
  4.747404e+00   9.844802e-08   1.839492e-03   3.462720e-11   11392904
  4.753780e+00   9.784573e-08   1.841657e-03   3.457203e-11   11340476
  4.760155e+00   9.707544e-08   1.839780e-03   3.446467e-11   11263520
  4.766534e+00   9.641692e-08   1.842729e-03   3.435188e-11   11218472
  4.772911e+00   9.562259e-08   1.838731e-03   3.425240e-11   11129336
  4.779288e+00   9.503496e-08   1.842467e-03   3.417623e-11   11083964
  4.785665e+00   9.423574e-08   1.839931e-03   3.402765e-11   11001992
  4.792039e+00   9.356224e-08   1.840072e-03   3.398143e-11   10938228
  4.798414e+00   9.294455e-08   1.840560e-03   3.392145e-11   10874336
  4.804792e+00   9.220557e-08   1.841863e-03   3.374520e-11   10814828
  4.811169e+00   9.174760e-08   1.839739e-03   3.379175e-11   10736984
  4.817544e+00   9.101404e-08   1.840541e-03   3.370691e-11   10673948
  4.823923e+00   9.037825e-08   1.842721e-03   3.357308e-11   10617704
  4.830301e+00   8.971229e-08   1.840081e-03   3.353558e-11   10536416
  4.836675e+00   8.906550e-08   1.839468e-03   3.348142e-11   10466324
  4.843052e+00   8.849305e-08   1.842362e-03   3.336386e-11   10412984
  4.849431e+00   8.791979e-08   1.840724e-03   3.335775e-11   10334840
  4.855806e+00   8.732759e-08   1.840268e-03   3.335961e-11   10265528
  4.862183e+00   8.678901e-08   1.840956e-03   3.331490e-11   10200692
  4.868561e+00   8.613110e-08   1.841614e-03   3.323601e-11   10135292
  4.874938e+00   8.542563e-08   1.839941e-03   3.313435e-11   10058816
  4.881314e+00   8.490727e-08   1.840525e-03   3.312549e-11   9991772
  4.887691e+00   8.450699e-08   1.841575e-03   3.319567e-11   9925880
  4.894065e+00   8.382209e-08   1.838924e-03   3.308905e-11   9843288
  4.900441e+00   8.323489e-08   1.842306e-03   3.303558e-11   9792968
  4.906821e+00   8.282597e-08   1.840795e-03   3.307118e-11   9713612
  4.913196e+00   8.220929e-08   1.840365e-03   3.306972e-11   9640628
  4.919573e+00   8.176032e-08   1.840900e-03   3.304899e-11   9574256
  4.925949e+00   8.110083e-08   1.840276e-03   3.297046e-11   9499064
  4.932325e+00   8.063378e-08   1.841227e-03   3.295558e-11   9432296
  4.938702e+00   8.006528e-08   1.841040e-03   3.292588e-11   9362204
  4.945079e+00   7.943662e-08   1.840104e-03   3.291666e-11   9286052
  4.951457e+00   7.910403e-08   1.842090e-03   3.295092e-11   9222320
  4.957835e+00   7.846604e-08   1.841090e-03   3.290098e-11   9145976
  4.964211e+00   7.800381e-08   1.839895e-03   3.292235e-11   9070268
  4.970586e+00   7.752293e-08   1.840297e-03   3.294212e-11   8999720
  4.976964e+00   7.697968e-08   1.841617e-03   3.290745e-11   8932664
  4.983339e+00   7.650890e-08   1.838848e-03   3.295441e-11   8847344
  4.989712e+00   7.591703e-08   1.840809e-03   3.288524e-11   8782688
  4.996090e+00   7.548654e-08   1.841883e-03   3.292956e-11   8713440
  5.002468e+00   7.493227e-08   1.841131e-03   3.290891e-11   8638616
  5.008845e+00   7.441985e-08   1.839945e-03   3.294037e-11   8560856
  5.015220e+00   7.406065e-08   1.840402e-03   3.298372e-11   8487620
  5.021598e+00   7.341032e-08   1.842484e-03   3.285785e-11   8422796
  5.027976e+00   7.295862e-08   1.839559e-03   3.296577e-11   8336348
  5.034350e+00   7.254555e-08   1.840420e-03   3.305161e-11   8265176
  5.040727e+00   7.208438e-08   1.841761e-03   3.303354e-11   8196176
  5.047104e+00   7.136126e-08   1.839932e-03   3.288858e-11   8114636
  5.053478e+00   7.092323e-08   1.839889e-03   3.297076e-11   8038724
  5.059856e+00   7.059403e-08   1.842986e-03   3.305463e-11   7975460
  5.066235e+00   6.997815e-08   1.840210e-03   3.301596e-11   7889792
  5.072611e+00   6.948402e-08   1.840188e-03   3.305159e-11   7815728
  5.078987e+00   6.911288e-08   1.840544e-03   3.313532e-11   7739288
  5.085364e+00   6.857054e-08   1.841840e-03   3.312305e-11   7667432
  5.091741e+00   6.798466e-08   1.839798e-03   3.311986e-11   7583684
  5.098113e+00   6.763291e-08   1.839459e-03   3.325367e-11   7505172
  5.104490e+00   6.705039e-08   1.842916e-03   3.313572e-11   7442636
  5.110871e+00   6.655587e-08   1.841224e-03   3.321981e-11   7360676
  5.117246e+00   6.597921e-08   1.838532e-03   3.326074e-11   7272728
  5.123622e+00   6.553593e-08   1.842521e-03   3.322716e-11   7209140
  5.130001e+00   6.495617e-08   1.840984e-03   3.322065e-11   7125632
  5.136377e+00   6.429518e-08   1.840289e-03   3.309957e-11   7046924
  5.142753e+00   6.390543e-08   1.840046e-03   3.320895e-11   6966968
  5.149129e+00   6.339405e-08   1.841514e-03   3.321773e-11   6893408
  5.155505e+00   6.279079e-08   1.840118e-03   3.309851e-11   6811004
  5.161881e+00   6.223817e-08   1.840529e-03   3.313934e-11   6732944
  5.168258e+00   6.171985e-08   1.841885e-03   3.309967e-11   6658628
  5.174637e+00   6.109815e-08   1.841220e-03   3.309713e-11   6578804
  5.181014e+00   6.056562e-08   1.839505e-03   3.313095e-11   6493628
  5.187389e+00   6.010340e-08   1.841020e-03   3.317604e-11   6417476
  5.193767e+00   5.949828e-08   1.842303e-03   3.313344e-11   6341156
  5.200142e+00   5.878853e-08   1.838905e-03   3.307826e-11   6251676
  5.206515e+00   5.808372e-08   1.840100e-03   3.291878e-11   6176072
  5.212894e+00   5.766444e-08   1.842591e-03   3.296844e-11   6103028
  5.219273e+00   5.687601e-08   1.840028e-03   3.279688e-11   6015356
  5.225646e+00   5.612079e-08   1.838527e-03   3.262872e-11   5928908
  5.232022e+00   5.579690e-08   1.843529e-03   3.267949e-11   5861504
  5.238402e+00   5.491977e-08   1.840564e-03   3.245825e-11   5772440
  5.244776e+00   5.405611e-08   1.839302e-03   3.223997e-11   5688596
  5.251152e+00   5.361094e-08   1.841421e-03   3.227189e-11   5611412
  5.257531e+00   5.270383e-08   1.842425e-03   3.191464e-11   5532224
  5.263907e+00   5.191915e-08   1.838741e-03   3.168942e-11   5440748
  5.270281e+00   5.126478e-08   1.841068e-03   3.150100e-11   5364572
  5.276660e+00   5.040747e-08   1.842167e-03   3.119713e-11   5285204
  5.283039e+00   4.945051e-08   1.840147e-03   3.074098e-11   5197796
  5.289414e+00   4.866127e-08   1.840074e-03   3.054929e-11   5113244
  5.295789e+00   4.787217e-08   1.841509e-03   3.015771e-11   5032664
  5.302162e+00   4.686704e-08   1.838866e-03   2.958224e-11   4943484
  5.308538e+00   4.592807e-08   1.842083e-03   2.904240e-11   4869920
  5.314919e+00   4.503199e-08   1.840875e-03   2.863057e-11   4782608
  5.321298e+00   4.392810e-08   1.842000e-03   2.772258e-11   4700756
  5.327675e+00   4.288056e-08   1.839332e-03   2.693766e-11   4608920
  5.334047e+00   4.188556e-08   1.840509e-03   2.615481e-11   4528829
  5.340423e+00   4.098644e-08   1.840790e-03   2.543817e-11   4453172
  5.346801e+00   4.012870e-08   1.841398e-03   2.475525e-11   4381652
  5.353179e+00   3.949033e-08   1.840856e-03   2.437576e-11   4309628
  5.359558e+00   3.878657e-08   1.841542e-03   2.395854e-11   4242188
  5.365934e+00   3.811812e-08   1.840185e-03   2.347439e-11   4171796
  5.372309e+00   3.751955e-08   1.840332e-03   2.302627e-11   4107506
  5.378687e+00   3.691891e-08   1.841030e-03   2.273312e-11   4045694
  5.385067e+00   3.639270e-08   1.841878e-03   2.236757e-11   3984530
  5.391443e+00   3.580000e-08   1.839184e-03   2.197449e-11   3916622
  5.397815e+00   3.532603e-08   1.840413e-03   2.180285e-11   3858626
  5.404188e+00   3.486591e-08   1.839752e-03   2.148360e-11   3798918
  5.410566e+00   3.435272e-08   1.842453e-03   2.109446e-11   3747464
  5.416947e+00   3.397645e-08   1.840720e-03   2.102398e-11   3687278
  5.423327e+00   3.352068e-08   1.841755e-03   2.071321e-11   3632618
  5.429702e+00   3.303241e-08   1.839341e-03   2.043840e-11   3571766
  5.436076e+00   3.266421e-08   1.841405e-03   2.023044e-11   3521264
  5.442452e+00   3.227165e-08   1.840602e-03   2.007332e-11   3466964
  5.448828e+00   3.189260e-08   1.840149e-03   1.987564e-11   3414320
  5.455204e+00   3.153762e-08   1.840343e-03   1.968603e-11   3362948
  5.461581e+00   3.119129e-08   1.841385e-03   1.948631e-11   3313130
  5.467960e+00   3.083970e-08   1.841559e-03   1.934576e-11   3262766
  5.474335e+00   3.044629e-08   1.839552e-03   1.913565e-11   3210122
  5.480711e+00   3.017292e-08   1.841068e-03   1.904267e-11   3164282
  5.487089e+00   2.985090e-08   1.840871e-03   1.891132e-11   3115358
  5.493467e+00   2.961216e-08   1.841892e-03   1.884922e-11   3068642
  5.499842e+00   2.923792e-08   1.839367e-03   1.865685e-11   3017270
  5.506214e+00   2.902817e-08   1.840421e-03   1.859657e-11   2973396
  5.512592e+00   2.873659e-08   1.841795e-03   1.849034e-11   2930882
  5.518975e+00   2.849543e-08   1.842009e-03   1.838070e-11   2886296
  5.525354e+00   2.818713e-08   1.840110e-03   1.824840e-11   2838068
  5.531729e+00   2.796770e-08   1.840402e-03   1.821778e-11   2793680
  5.538103e+00   2.769288e-08   1.841057e-03   1.810438e-11   2750948
  5.544478e+00   2.745251e-08   1.840332e-03   1.803841e-11   2707712
  5.550852e+00   2.724078e-08   1.839444e-03   1.800296e-11   2665124
  5.557230e+00   2.699917e-08   1.841751e-03   1.786654e-11   2626712
  5.563610e+00   2.679813e-08   1.840829e-03   1.784853e-11   2583542
  5.569988e+00   2.661101e-08   1.841328e-03   1.780946e-11   2543108
  5.576363e+00   2.641206e-08   1.839426e-03   1.780085e-11   2500538
  5.582739e+00   2.616147e-08   1.841521e-03   1.767406e-11   2464052
  5.589119e+00   2.598349e-08   1.841364e-03   1.766342e-11   2424194
  5.595493e+00   2.579411e-08   1.839158e-03   1.765115e-11   2381732
  5.601866e+00   2.559899e-08   1.841683e-03   1.760230e-11   2346386
  5.608241e+00   2.546267e-08   1.839649e-03   1.761246e-11   2306598
  5.614618e+00   2.525640e-08   1.842029e-03   1.757638e-11   2273186
  5.621000e+00   2.507065e-08   1.840989e-03   1.751588e-11   2235188
  5.627378e+00   2.490758e-08   1.839949e-03   1.754682e-11   2196638
  5.633754e+00   2.474845e-08   1.841588e-03   1.756017e-11   2161706
  5.640129e+00   2.462150e-08   1.840261e-03   1.756942e-11   2124422
  5.646501e+00   2.443044e-08   1.838999e-03   1.757145e-11   2088578
  5.652879e+00   2.431202e-08   1.842650e-03   1.756891e-11   2058512
  5.659259e+00   2.417268e-08   1.839498e-03   1.761459e-11   2020202
  5.665635e+00   2.406081e-08   1.841528e-03   1.760860e-11   1987670
  5.672010e+00   2.395185e-08   1.840033e-03   1.764502e-11   1952114
  5.678381e+00   2.376769e-08   1.839290e-03   1.767516e-11   1918694
  5.684760e+00   2.366187e-08   1.843391e-03   1.770094e-11   1890932
  5.691143e+00   2.355548e-08   1.840482e-03   1.778601e-11   1855382
  5.697520e+00   2.345338e-08   1.841151e-03   1.783777e-11   1823276
  5.703897e+00   2.332488e-08   1.841467e-03   1.786885e-11   1791446
  5.710267e+00   2.323035e-08   1.837484e-03   1.792157e-11   1756566
  5.716642e+00   2.306611e-08   1.843486e-03   1.795948e-11   1732292
  5.723026e+00   2.299944e-08   1.841021e-03   1.805900e-11   1699718
  5.729405e+00   2.290030e-08   1.840666e-03   1.808876e-11   1668524
  5.735782e+00   2.282135e-08   1.841307e-03   1.818315e-11   1638656
  5.742152e+00   2.272132e-08   1.837941e-03   1.822750e-11   1606154
  5.748524e+00   2.258563e-08   1.841528e-03   1.824944e-11   1580984
  5.754907e+00   2.251367e-08   1.842158e-03   1.836635e-11   1553372
  5.761287e+00   2.238309e-08   1.839903e-03   1.844593e-11   1522502
  5.767663e+00   2.231171e-08   1.841211e-03   1.853477e-11   1494788
  5.774035e+00   2.225549e-08   1.839049e-03   1.864186e-11   1464992
  5.780407e+00   2.221636e-08   1.840885e-03   1.875811e-11   1439564
  5.786788e+00   2.215815e-08   1.842803e-03   1.884430e-11   1414766
  5.793173e+00   2.206224e-08   1.841316e-03   1.896706e-11   1386620
  5.799549e+00   2.197584e-08   1.839295e-03   1.906080e-11   1358024
  5.805920e+00   2.192834e-08   1.840494e-03   1.919505e-11   1332236
  5.812287e+00   2.185381e-08   1.837583e-03   1.935373e-11   1304568
  5.818666e+00   2.174497e-08   1.844995e-03   1.939308e-11   1285316
  5.825053e+00   2.170250e-08   1.840679e-03   1.953684e-11   1257272
  5.831429e+00   2.171623e-08   1.839591e-03   1.976948e-11   1231028
  5.837804e+00   2.159956e-08   1.841474e-03   1.981783e-11   1207136
  5.844175e+00   2.156898e-08   1.839197e-03   2.004316e-11   1181180
  5.850547e+00   2.149031e-08   1.841135e-03   2.008134e-11   1159352
  5.856931e+00   2.142196e-08   1.842986e-03   2.023409e-11   1137476
  5.863312e+00   2.139669e-08   1.839166e-03   2.042229e-11   1111280
  5.869686e+00   2.137601e-08   1.840689e-03   2.064456e-11   1088468
  5.876057e+00   2.130588e-08   1.840140e-03   2.072625e-11   1065008
  5.882427e+00   2.127508e-08   1.839713e-03   2.095666e-11   1042934
  5.888808e+00   2.126466e-08   1.843186e-03   2.116066e-11   1023488
  5.895195e+00   2.120344e-08   1.841961e-03   2.131680e-11   1000700
  5.901573e+00   2.112987e-08   1.839831e-03   2.151765e-11   977264
  5.907943e+00   2.114893e-08   1.839220e-03   2.177124e-11   955052
  5.914306e+00   2.105658e-08   1.837596e-03   2.192299e-11   933546
  5.920685e+00   2.107489e-08   1.845011e-03   2.203705e-11   917348
  5.927075e+00   2.104867e-08   1.841622e-03   2.236885e-11   895328
  5.933456e+00   2.104130e-08   1.840197e-03   2.256845e-11   873878
  5.939831e+00   2.100901e-08   1.841204e-03   2.280800e-11   853664
  5.946198e+00   2.093742e-08   1.838301e-03   2.302695e-11   832604
  5.952570e+00   2.089642e-08   1.841647e-03   2.323507e-11   815546
  5.958955e+00   2.088349e-08   1.841795e-03   2.346360e-11   797012
  5.965336e+00   2.095310e-08   1.838979e-03   2.383694e-11   776576
  5.971714e+00   2.093165e-08   1.842719e-03   2.408407e-11   758726
  5.978085e+00   2.090646e-08   1.838577e-03   2.434771e-11   738296
  5.984452e+00   2.084768e-08   1.839422e-03   2.464330e-11   721172
  5.990833e+00   2.086583e-08   1.842852e-03   2.492764e-11   705434
  5.997222e+00   2.083271e-08   1.841204e-03   2.516852e-11   687092
  6.003603e+00   2.084916e-08   1.841572e-03   2.559614e-11   669098
  6.009974e+00   2.084503e-08   1.839142e-03   2.584470e-11   650516
  6.016332e+00   2.078497e-08   1.836042e-03   2.617913e-11   632898
  6.022707e+00   2.080522e-08   1.844938e-03   2.642929e-11   620228
  6.029100e+00   2.082303e-08   1.842281e-03   2.681851e-11   603206
  6.035485e+00   2.071371e-08   1.841847e-03   2.717851e-11   586328
  6.041859e+00   2.077374e-08   1.840113e-03   2.761902e-11   569222
  6.048217e+00   2.079341e-08   1.835706e-03   2.805124e-11   552266
  6.054584e+00   2.076614e-08   1.843023e-03   2.832652e-11   539996
  6.060976e+00   2.084704e-08   1.843843e-03   2.876695e-11   525722
  6.067365e+00   2.080080e-08   1.839929e-03   2.926607e-11   509372
  6.073742e+00   2.079844e-08   1.840974e-03   2.960577e-11   494282
  6.080105e+00   2.079722e-08   1.836470e-03   3.015812e-11   478340
  6.086466e+00   2.072323e-08   1.839100e-03   3.027878e-11   465554
  6.092852e+00   2.080141e-08   1.844310e-03   3.087239e-11   453734
  6.099249e+00   2.090033e-08   1.841644e-03   3.147499e-11   439184
  6.105633e+00   2.082247e-08   1.841774e-03   3.204446e-11   424910
  6.112001e+00   2.086804e-08   1.839131e-03   3.269535e-11   410366
  6.118344e+00   2.084645e-08   1.830585e-03   3.314153e-11   395856
  6.124716e+00   2.084422e-08   1.849093e-03   3.353905e-11   387998
  6.131124e+00   2.086802e-08   1.844381e-03   3.407913e-11   374642
  6.137516e+00   2.088983e-08   1.841320e-03   3.477664e-11   361118
  6.143885e+00   2.101894e-08   1.838483e-03   3.583041e-11   347792
  6.150233e+00   2.090945e-08   1.833537e-03   3.614010e-11   335054
  6.156598e+00   2.095585e-08   1.843369e-03   3.672951e-11   326162
  6.163003e+00   2.091110e-08   1.845744e-03   3.713039e-11   315686
  6.169403e+00   2.101165e-08   1.839717e-03   3.824941e-11   302960
  6.175780e+00   2.099090e-08   1.841146e-03   3.896964e-11   291278
  6.182130e+00   2.117497e-08   1.834474e-03   4.020565e-11   278966
  6.188475e+00   2.109458e-08   1.838848e-03   4.054566e-11   269786
  6.194867e+00   2.114452e-08   1.848548e-03   4.132546e-11   261710
  6.201275e+00   2.116715e-08   1.841196e-03   4.226395e-11   250472
  6.207659e+00   2.114282e-08   1.840781e-03   4.307648e-11   239846
  6.214020e+00   2.129403e-08   1.837833e-03   4.453999e-11   229250
  6.220353e+00   2.121732e-08   1.827068e-03   4.541325e-11   218958
  6.226735e+00   2.124648e-08   1.853573e-03   4.606775e-11   213722
  6.233163e+00   2.126154e-08   1.842328e-03   4.693945e-11   203414
  6.239564e+00   2.138289e-08   1.844048e-03   4.888351e-11   193940
  6.245924e+00   2.141724e-08   1.836439e-03   4.994509e-11   183650
  6.252241e+00   2.151072e-08   1.829855e-03   5.170805e-11   174638
  6.258588e+00   2.144810e-08   1.843490e-03   5.223699e-11   168842
  6.265008e+00   2.143588e-08   1.847266e-03   5.334678e-11   161846
  6.271432e+00   2.146343e-08   1.841236e-03   5.449066e-11   153146
  6.277822e+00   2.162471e-08   1.840929e-03   5.706794e-11   144686
  6.284170e+00   2.155741e-08   1.837187e-03   5.811296e-11   136418
  6.290480e+00   2.150185e-08   1.823629e-03   5.997735e-11   128822
  6.296862e+00   2.153886e-08   1.856474e-03   6.089424e-11   124862
  6.303298e+00   2.161576e-08   1.842665e-03   6.271276e-11   117026
  6.309688e+00   2.170621e-08   1.840290e-03   6.520715e-11   109718
  6.316033e+00   2.176221e-08   1.835815e-03   6.771630e-11   102650
  6.322320e+00   2.190904e-08   1.808328e-03   7.141737e-11   95622
  6.328720e+00   2.182522e-08   1.871202e-03   7.166749e-11   93650
  6.335227e+00   2.190499e-08   1.849919e-03   7.402329e-11   86606
  6.341628e+00   2.198098e-08   1.828395e-03   7.844907e-11   79190
  6.347934e+00   2.194506e-08   1.839124e-03   8.049855e-11   73490
  6.354177e+00   2.205182e-08   1.810164e-03   8.514185e-11   67598
  6.360508e+00   2.209739e-08   1.844910e-03   8.655279e-11   65186
  6.367032e+00   2.209582e-08   1.858136e-03   8.993226e-11   61262
  6.373583e+00   2.207410e-08   1.851117e-03   9.303903e-11   55874
  6.379989e+00   2.210860e-08   1.823042e-03   1.001659e-10   49430
  6.386147e+00   2.209005e-08   1.803004e-03   1.054590e-10   43934
  6.392260e+00   2.215725e-08   1.790240e-03   1.092548e-10   41138
  6.398716e+00   2.251173e-08   1.870028e-03   1.134859e-10   40070
  6.405371e+00   2.264711e-08   1.854153e-03   1.184188e-10   35882
  6.411962e+00   2.257979e-08   1.842631e-03   1.276756e-10   31622
  6.418335e+00   2.216378e-08   1.817857e-03   1.358165e-10   26750
  6.424088e+00   2.265896e-08   1.593646e-03   1.522190e-10   21330
  6.430239e+00   2.266170e-08   1.860256e-03   1.470299e-10   23246
  6.436984e+00   2.278490e-08   1.855054e-03   1.608335e-10   20186
  6.443727e+00   2.305475e-08   1.848147e-03   1.737910e-10   17312
  6.450423e+00   2.288062e-08   1.830133e-03   1.891219e-10   14474
  6.456645e+00   2.273554e-08   1.688402e-03   2.189288e-10   10478
  6.462180e+00   2.276797e-08   1.692603e-03   2.393165e-10   9062
  6.468497e+00   2.336607e-08   1.842997e-03   2.532384e-10   8762
  6.475254e+00   2.361180e-08   1.841892e-03   2.876705e-10   6926
  6.482011e+00   2.378590e-08   1.840835e-03   3.303092e-10   5306
  6.488766e+00   2.364023e-08   1.839476e-03   3.656441e-10   3902
  6.494511e+00   2.277211e-08   1.128860e-03   5.134096e-10   1928
  6.500007e+00   2.409483e-08   1.834590e-03   5.190739e-10   2042
  6.506728e+00   2.305031e-08   1.826889e-03   6.009765e-10   1214
  6.513396e+00   2.196504e-08   1.806609e-03   9.379739e-10   602
  6.519909e+00   2.353685e-08   1.730042e-03   1.665235e-09   206
  6.525711e+00   1.745379e-08   9.814069e-04   3.778376e-09   24
