# power spectrum of delta
# redshift z=99.597220
# k              Pk             sigma(k)       sigma(Pk)      count
  5.011399e-03   3.062480e-08   7.667927e-04   5.692236e-09   18
  1.037418e-02   3.353922e-07   1.725047e-03   3.695632e-08   128
  1.616528e-02   1.212863e-06   1.646572e-03   6.749020e-08   314
  2.269071e-02   2.673447e-06   1.954354e-03   1.028774e-07   728
  2.897169e-02   4.948542e-06   1.717946e-03   1.660581e-07   1016
  3.518826e-02   6.748519e-06   1.880676e-03   1.663123e-07   1682
  4.169479e-02   1.000680e-05   1.831736e-03   2.107323e-07   2300
  4.790974e-02   1.262497e-05   1.770731e-03   2.372060e-07   2906
  5.429022e-02   1.692841e-05   1.892687e-03   2.791407e-07   4040
  6.068098e-02   2.169157e-05   1.775551e-03   3.276039e-07   4712
  6.698900e-02   2.760661e-05   1.857705e-03   3.550054e-07   6002
  7.346135e-02   3.254494e-05   1.857594e-03   3.866411e-07   7256
  7.977379e-02   3.847907e-05   1.772571e-03   4.342757e-07   8120
  8.609019e-02   4.208184e-05   1.864951e-03   4.221441e-07   9950
  9.253636e-02   4.623085e-05   1.853578e-03   4.273490e-07   11384
  9.885187e-02   4.912986e-05   1.809244e-03   4.414696e-07   12666
  1.052712e-01   5.400611e-05   1.889168e-03   4.329816e-07   15104
  1.117654e-01   5.957089e-05   1.850532e-03   4.676262e-07   16616
  1.180754e-01   6.767920e-05   1.799489e-03   5.081104e-07   18026
  1.244216e-01   7.425019e-05   1.853405e-03   5.088363e-07   20696
  1.308065e-01   8.054945e-05   1.827918e-03   5.419413e-07   22436
  1.371558e-01   8.837951e-05   1.845873e-03   5.645932e-07   24962
  1.435394e-01   9.248394e-05   1.831283e-03   5.548927e-07   27176
  1.499133e-01   9.525950e-05   1.847268e-03   5.543483e-07   29810
  1.562775e-01   9.899499e-05   1.828450e-03   5.592430e-07   32120
  1.626776e-01   1.023747e-04   1.865216e-03   5.453855e-07   35432
  1.690383e-01   1.090298e-04   1.814577e-03   5.658811e-07   37238
  1.754019e-01   1.153141e-04   1.856016e-03   5.691779e-07   41072
  1.817869e-01   1.213373e-04   1.834293e-03   5.880328e-07   43472
  1.881565e-01   1.299283e-04   1.848176e-03   6.007710e-07   47042
  1.945298e-01   1.386462e-04   1.829223e-03   6.281447e-07   49712
  2.008693e-01   1.436630e-04   1.840592e-03   6.286854e-07   53226
  2.072637e-01   1.454731e-04   1.853753e-03   6.058145e-07   57320
  2.136558e-01   1.506128e-04   1.831629e-03   6.172461e-07   60092
  2.200056e-01   1.549489e-04   1.839426e-03   6.145311e-07   63914
  2.263950e-01   1.582517e-04   1.849752e-03   6.036597e-07   68192
  2.327751e-01   1.636178e-04   1.833934e-03   6.134567e-07   71336
  2.391397e-01   1.688181e-04   1.845607e-03   6.132479e-07   75818
  2.455297e-01   1.751287e-04   1.844019e-03   6.215390e-07   79880
  2.518964e-01   1.826369e-04   1.834462e-03   6.301874e-07   83642
  2.582661e-01   1.899247e-04   1.840779e-03   6.375886e-07   88316
  2.646730e-01   1.946867e-04   1.859422e-03   6.387612e-07   93488
  2.710484e-01   1.988943e-04   1.827184e-03   6.400233e-07   96458
  2.773871e-01   2.031497e-04   1.829038e-03   6.470954e-07   101264
  2.837816e-01   2.064819e-04   1.862873e-03   6.277198e-07   107696
  2.901819e-01   2.091952e-04   1.837217e-03   6.276187e-07   111170
  2.965233e-01   2.168684e-04   1.822285e-03   6.378146e-07   115232
  3.028941e-01   2.212361e-04   1.855375e-03   6.328735e-07   122310
  3.093019e-01   2.262312e-04   1.843350e-03   6.352466e-07   126944
  3.156739e-01   2.332204e-04   1.828600e-03   6.442976e-07   131192
  3.220432e-01   2.387420e-04   1.844535e-03   6.473996e-07   137618
  3.284234e-01   2.438227e-04   1.836674e-03   6.453337e-07   142448
  3.347979e-01   2.468543e-04   1.844704e-03   6.390437e-07   148520
  3.411627e-01   2.518397e-04   1.831436e-03   6.482593e-07   153254
  3.475446e-01   2.567995e-04   1.852010e-03   6.428406e-07   160760
  3.539284e-01   2.576435e-04   1.835751e-03   6.295026e-07   165290
  3.603019e-01   2.642535e-04   1.840148e-03   6.384460e-07   171992
  3.666828e-01   2.688644e-04   1.840217e-03   6.401930e-07   177800
  3.730569e-01   2.745128e-04   1.843032e-03   6.417319e-07   184322
  3.794439e-01   2.791313e-04   1.841595e-03   6.418036e-07   190832
  3.858239e-01   2.833591e-04   1.839260e-03   6.436640e-07   196772
  3.921872e-01   2.893916e-04   1.836453e-03   6.443022e-07   202970
  3.985536e-01   2.945358e-04   1.839266e-03   6.432537e-07   210056
  4.049173e-01   2.989333e-04   1.832832e-03   6.430152e-07   216210
  4.112896e-01   3.027219e-04   1.841640e-03   6.380478e-07   224168
  4.176700e-01   3.047805e-04   1.840761e-03   6.375600e-07   230792
  4.240565e-01   3.113074e-04   1.846256e-03   6.386188e-07   238778
  4.304312e-01   3.131065e-04   1.831772e-03   6.331804e-07   243956
  4.367939e-01   3.196275e-04   1.845141e-03   6.357447e-07   252680
  4.431746e-01   3.234887e-04   1.842020e-03   6.352672e-07   260066
  4.495713e-01   3.282528e-04   1.849294e-03   6.332496e-07   268712
  4.559494e-01   3.337651e-04   1.834336e-03   6.374724e-07   274034
  4.623270e-01   3.348276e-04   1.847366e-03   6.294958e-07   283904
  4.687088e-01   3.398578e-04   1.837425e-03   6.302572e-07   290048
  4.750707e-01   3.428952e-04   1.836659e-03   6.310439e-07   297950
  4.814434e-01   3.478999e-04   1.842026e-03   6.323745e-07   306968
  4.878269e-01   3.544661e-04   1.843240e-03   6.328044e-07   315320
  4.942006e-01   3.549130e-04   1.835899e-03   6.248962e-07   322346
  5.005701e-01   3.600731e-04   1.842589e-03   6.240765e-07   331664
  5.069538e-01   3.632792e-04   1.844896e-03   6.211517e-07   340818
  5.133346e-01   3.699768e-04   1.837322e-03   6.270561e-07   348164
  5.197083e-01   3.729301e-04   1.843548e-03   6.236897e-07   357584
  5.260929e-01   3.765454e-04   1.846059e-03   6.200129e-07   367106
  5.324635e-01   3.805194e-04   1.832285e-03   6.212111e-07   373376
  5.388350e-01   3.834352e-04   1.848023e-03   6.160367e-07   385376
  5.452233e-01   3.882763e-04   1.842356e-03   6.187069e-07   393650
  5.516038e-01   3.907289e-04   1.840588e-03   6.150832e-07   402704
  5.579656e-01   3.945639e-04   1.830970e-03   6.167229e-07   409910
  5.643320e-01   3.995443e-04   1.843407e-03   6.173714e-07   422024
  5.707212e-01   4.018709e-04   1.846526e-03   6.098774e-07   432176
  5.771022e-01   4.066971e-04   1.837404e-03   6.146952e-07   440066
  5.834769e-01   4.111967e-04   1.841263e-03   6.116103e-07   450680
  5.898365e-01   4.138986e-04   1.831084e-03   6.120988e-07   457856
  5.962115e-01   4.192371e-04   1.848347e-03   6.074935e-07   472538
  6.026013e-01   4.234848e-04   1.839689e-03   6.123131e-07   480140
  6.089752e-01   4.254599e-04   1.841279e-03   6.085515e-07   490842
  6.153517e-01   4.301448e-04   1.838382e-03   6.082160e-07   500744
  6.217295e-01   4.332028e-04   1.842392e-03   6.057941e-07   511856
  6.281145e-01   4.369171e-04   1.844734e-03   6.046884e-07   523202
  6.344991e-01   4.405413e-04   1.840396e-03   6.050842e-07   532688
  6.408638e-01   4.444090e-04   1.834541e-03   6.078520e-07   541520
  6.472341e-01   4.476539e-04   1.842653e-03   6.025481e-07   555110
  6.536136e-01   4.516946e-04   1.839126e-03   6.002980e-07   564944
  6.599884e-01   4.531713e-04   1.839832e-03   5.988045e-07   576434
  6.663740e-01   4.573529e-04   1.844405e-03   5.968215e-07   588848
  6.727501e-01   4.616263e-04   1.838623e-03   5.980390e-07   597704
  6.791236e-01   4.642299e-04   1.842386e-03   5.947719e-07   610946
  6.855006e-01   4.687975e-04   1.837794e-03   5.955849e-07   620852
  6.918722e-01   4.715158e-04   1.841901e-03   5.939676e-07   633530
  6.982524e-01   4.744417e-04   1.841844e-03   5.919429e-07   645704
  7.046316e-01   4.780390e-04   1.840565e-03   5.921678e-07   656744
  7.110074e-01   4.824730e-04   1.841941e-03   5.896258e-07   669162
  7.173906e-01   4.861661e-04   1.843286e-03   5.884773e-07   681992
  7.237681e-01   4.884484e-04   1.838959e-03   5.890336e-07   692360
  7.301485e-01   4.915786e-04   1.844364e-03   5.862888e-07   707006
  7.365206e-01   4.949659e-04   1.834135e-03   5.861012e-07   714944
  7.428835e-01   5.002848e-04   1.841775e-03   5.853294e-07   730346
  7.492606e-01   5.025826e-04   1.838962e-03   5.847421e-07   742616
  7.556415e-01   5.062485e-04   1.843530e-03   5.818778e-07   756536
  7.620128e-01   5.081280e-04   1.836595e-03   5.815282e-07   766418
  7.683917e-01   5.112453e-04   1.845753e-03   5.777017e-07   783392
  7.747614e-01   5.149431e-04   1.833632e-03   5.810270e-07   790412
  7.811334e-01   5.182324e-04   1.848120e-03   5.759255e-07   810314
  7.875277e-01   5.219637e-04   1.843702e-03   5.757487e-07   821960
  7.938987e-01   5.259175e-04   1.834976e-03   5.761893e-07   831266
  8.002712e-01   5.267396e-04   1.843706e-03   5.724951e-07   848960
  8.066557e-01   5.304933e-04   1.842629e-03   5.724592e-07   861488
  8.130204e-01   5.337624e-04   1.833334e-03   5.737928e-07   871194
  8.193985e-01   5.369375e-04   1.847247e-03   5.683286e-07   891788
  8.257796e-01   5.404747e-04   1.838008e-03   5.700259e-07   900416
  8.321422e-01   5.447994e-04   1.836250e-03   5.692286e-07   914306
  8.385264e-01   5.461901e-04   1.847988e-03   5.655927e-07   933992
  8.449011e-01   5.489811e-04   1.834294e-03   5.666172e-07   940826
  8.512701e-01   5.535257e-04   1.842364e-03   5.674057e-07   960224
  8.576621e-01   5.558180e-04   1.846556e-03   5.628537e-07   976316
  8.640381e-01   5.577375e-04   1.835724e-03   5.610355e-07   985010
  8.704114e-01   5.616510e-04   1.843336e-03   5.611239e-07   1004024
  8.767898e-01   5.628667e-04   1.839706e-03   5.604865e-07   1016288
  8.831639e-01   5.685266e-04   1.840690e-03   5.596791e-07   1032290
  8.895470e-01   5.705901e-04   1.843156e-03   5.578991e-07   1048640
  8.959130e-01   5.722346e-04   1.831919e-03   5.569861e-07   1057250
  9.022937e-01   5.778126e-04   1.849588e-03   5.555916e-07   1083140
  9.086870e-01   5.807387e-04   1.840763e-03   5.571463e-07   1092248
  9.150555e-01   5.820060e-04   1.837510e-03   5.541113e-07   1105914
  9.214310e-01   5.847965e-04   1.841822e-03   5.509082e-07   1124744
  9.278120e-01   5.886094e-04   1.841202e-03   5.523273e-07   1139120
  9.341841e-01   5.920217e-04   1.838536e-03   5.504087e-07   1153490
  9.405650e-01   5.938662e-04   1.844187e-03   5.489609e-07   1172936
  9.469357e-01   5.977366e-04   1.834491e-03   5.507075e-07   1182158
  9.533110e-01   5.993349e-04   1.846126e-03   5.440938e-07   1206392
  9.596894e-01   6.017672e-04   1.835525e-03   5.454253e-07   1215224
  9.660641e-01   6.050781e-04   1.844936e-03   5.431227e-07   1237874
  9.724505e-01   6.087426e-04   1.841050e-03   5.443782e-07   1251800
  9.788233e-01   6.100596e-04   1.838619e-03   5.419810e-07   1265792
  9.851993e-01   6.155003e-04   1.843109e-03   5.438904e-07   1286306
  9.915793e-01   6.168292e-04   1.838809e-03   5.424318e-07   1299764
  9.979438e-01   6.202975e-04   1.836769e-03   5.408237e-07   1314554
  1.004319e+00   6.214891e-04   1.843595e-03   5.378584e-07   1337288
  1.010703e+00   6.250440e-04   1.840912e-03   5.370691e-07   1351304
  1.017077e+00   6.272866e-04   1.841769e-03   5.339475e-07   1369026
  1.023461e+00   6.299155e-04   1.843478e-03   5.344671e-07   1388456
  1.029842e+00   6.336768e-04   1.840406e-03   5.366196e-07   1402700
  1.036211e+00   6.357856e-04   1.837802e-03   5.345711e-07   1418282
  1.042587e+00   6.390005e-04   1.843596e-03   5.326947e-07   1440272
  1.048964e+00   6.416906e-04   1.838705e-03   5.323640e-07   1454114
  1.055341e+00   6.434721e-04   1.842603e-03   5.295323e-07   1475480
  1.061720e+00   6.474446e-04   1.840520e-03   5.298997e-07   1490936
  1.068091e+00   6.484983e-04   1.838519e-03   5.281702e-07   1507826
  1.074472e+00   6.521167e-04   1.844275e-03   5.285635e-07   1530764
  1.080850e+00   6.537190e-04   1.839052e-03   5.255492e-07   1543424
  1.087222e+00   6.580688e-04   1.841688e-03   5.262186e-07   1564946
  1.093594e+00   6.604873e-04   1.835875e-03   5.248545e-07   1578536
  1.099970e+00   6.627603e-04   1.845670e-03   5.226598e-07   1604882
  1.106358e+00   6.655259e-04   1.842454e-03   5.227484e-07   1621304
  1.112736e+00   6.671595e-04   1.839545e-03   5.229606e-07   1637024
  1.119103e+00   6.706914e-04   1.837794e-03   5.225338e-07   1654134
  1.125480e+00   6.730642e-04   1.844256e-03   5.199869e-07   1679168
  1.131864e+00   6.758127e-04   1.841903e-03   5.187207e-07   1695944
  1.138235e+00   6.789505e-04   1.836568e-03   5.189833e-07   1710602
  1.144612e+00   6.815240e-04   1.844777e-03   5.178082e-07   1737056
  1.150994e+00   6.840381e-04   1.840390e-03   5.169980e-07   1752602
  1.157370e+00   6.853797e-04   1.839227e-03   5.152620e-07   1772024
  1.163752e+00   6.884672e-04   1.844090e-03   5.146347e-07   1795364
  1.170126e+00   6.908064e-04   1.836467e-03   5.144444e-07   1807634
  1.176490e+00   6.937684e-04   1.836183e-03   5.132280e-07   1827608
  1.182859e+00   6.958298e-04   1.840789e-03   5.115388e-07   1850984
  1.189240e+00   6.977516e-04   1.844107e-03   5.091819e-07   1874618
  1.195619e+00   7.008074e-04   1.838445e-03   5.099763e-07   1889504
  1.202001e+00   7.035688e-04   1.845373e-03   5.084644e-07   1916870
  1.208383e+00   7.050753e-04   1.838254e-03   5.077540e-07   1929728
  1.214760e+00   7.093788e-04   1.843674e-03   5.074310e-07   1955408
  1.221131e+00   7.109095e-04   1.834427e-03   5.062459e-07   1966842
  1.227503e+00   7.129704e-04   1.843005e-03   5.047732e-07   1996640
  1.233886e+00   7.161709e-04   1.842690e-03   5.055578e-07   2016392
  1.240265e+00   7.187991e-04   1.839730e-03   5.031438e-07   2034722
  1.246641e+00   7.196539e-04   1.840813e-03   5.017508e-07   2056460
  1.253014e+00   7.229944e-04   1.838931e-03   5.021278e-07   2075186
  1.259388e+00   7.253280e-04   1.840566e-03   5.012787e-07   2099096
  1.265761e+00   7.285085e-04   1.837910e-03   5.009671e-07   2116832
  1.272138e+00   7.298593e-04   1.844119e-03   4.982347e-07   2145146
  1.278526e+00   7.316441e-04   1.844128e-03   4.970046e-07   2166776
  1.284904e+00   7.351751e-04   1.838822e-03   4.973793e-07   2181848
  1.291273e+00   7.376381e-04   1.838785e-03   4.973573e-07   2203766
  1.297646e+00   7.395133e-04   1.840619e-03   4.948482e-07   2227664
  1.304025e+00   7.420821e-04   1.842381e-03   4.947384e-07   2252138
  1.310403e+00   7.433970e-04   1.839825e-03   4.936921e-07   2271152
  1.316777e+00   7.467825e-04   1.840536e-03   4.928067e-07   2293256
  1.323154e+00   7.493490e-04   1.842085e-03   4.934511e-07   2318130
  1.329536e+00   7.524434e-04   1.841956e-03   4.923618e-07   2340824
  1.335910e+00   7.534885e-04   1.838342e-03   4.911891e-07   2357990
  1.342292e+00   7.560780e-04   1.846396e-03   4.890297e-07   2391176
  1.348671e+00   7.590589e-04   1.837209e-03   4.894245e-07   2401808
  1.355040e+00   7.618725e-04   1.840258e-03   4.887275e-07   2428442
  1.361418e+00   7.632492e-04   1.842645e-03   4.869675e-07   2454752
  1.367798e+00   7.643600e-04   1.841270e-03   4.860339e-07   2475872
  1.374172e+00   7.668678e-04   1.838763e-03   4.856255e-07   2495822
  1.380543e+00   7.691138e-04   1.839940e-03   4.842551e-07   2520248
  1.386922e+00   7.709514e-04   1.844043e-03   4.835927e-07   2549186
  1.393299e+00   7.742835e-04   1.837661e-03   4.831119e-07   2564768
  1.399672e+00   7.772241e-04   1.841284e-03   4.833750e-07   2592968
  1.406054e+00   7.781830e-04   1.843378e-03   4.817922e-07   2619818
  1.412431e+00   7.818067e-04   1.838027e-03   4.823057e-07   2636384
  1.418803e+00   7.825627e-04   1.840293e-03   4.803223e-07   2662220
  1.425180e+00   7.855890e-04   1.842524e-03   4.792083e-07   2689770
  1.431560e+00   7.878262e-04   1.840994e-03   4.783908e-07   2712296
  1.437933e+00   7.894620e-04   1.838431e-03   4.776924e-07   2732618
  1.444312e+00   7.912063e-04   1.843932e-03   4.754822e-07   2765264
  1.450695e+00   7.950396e-04   1.840894e-03   4.762888e-07   2784824
  1.457066e+00   7.962174e-04   1.837138e-03   4.749841e-07   2804162
  1.463445e+00   7.994853e-04   1.844971e-03   4.742344e-07   2840612
  1.469825e+00   8.013994e-04   1.839130e-03   4.744978e-07   2855576
  1.476198e+00   8.021446e-04   1.840533e-03   4.724039e-07   2883458
  1.482571e+00   8.056639e-04   1.838217e-03   4.729739e-07   2904128
  1.488946e+00   8.078231e-04   1.843378e-03   4.716903e-07   2937026
  1.495325e+00   8.098667e-04   1.839218e-03   4.708919e-07   2956976
  1.501703e+00   8.115067e-04   1.841967e-03   4.694858e-07   2986472
  1.508082e+00   8.146606e-04   1.840166e-03   4.695732e-07   3008918
  1.514460e+00   8.154856e-04   1.841773e-03   4.679226e-07   3036752
  1.520836e+00   8.189779e-04   1.839884e-03   4.682156e-07   3058376
  1.527209e+00   8.215555e-04   1.839616e-03   4.677542e-07   3084210
  1.533583e+00   8.229254e-04   1.840948e-03   4.662533e-07   3111848
  1.539960e+00   8.252298e-04   1.841348e-03   4.655721e-07   3138890
  1.546339e+00   8.272330e-04   1.840626e-03   4.656314e-07   3164516
  1.552719e+00   8.294090e-04   1.842638e-03   4.638462e-07   3192656
  1.559097e+00   8.309891e-04   1.840555e-03   4.631507e-07   3215618
  1.565473e+00   8.335253e-04   1.840732e-03   4.629976e-07   3242888
  1.571846e+00   8.359605e-04   1.839114e-03   4.621563e-07   3265448
  1.578224e+00   8.378921e-04   1.843575e-03   4.613751e-07   3300842
  1.584604e+00   8.392131e-04   1.839884e-03   4.607070e-07   3321008
  1.590977e+00   8.411071e-04   1.839336e-03   4.600813e-07   3346406
  1.597352e+00   8.433731e-04   1.841596e-03   4.587844e-07   3377984
  1.603728e+00   8.456829e-04   1.839551e-03   4.580531e-07   3400352
  1.610103e+00   8.492060e-04   1.841321e-03   4.583612e-07   3431450
  1.616483e+00   8.498004e-04   1.841519e-03   4.565804e-07   3458768
  1.622859e+00   8.519956e-04   1.841183e-03   4.565075e-07   3484088
  1.629231e+00   8.554358e-04   1.838425e-03   4.568368e-07   3508218
  1.635610e+00   8.569703e-04   1.843946e-03   4.555467e-07   3545924
  1.641992e+00   8.582901e-04   1.841053e-03   4.548196e-07   3567530
  1.648369e+00   8.608787e-04   1.840183e-03   4.540702e-07   3595040
  1.654744e+00   8.635831e-04   1.840167e-03   4.543504e-07   3621176
  1.661115e+00   8.644846e-04   1.839521e-03   4.523478e-07   3647738
  1.667490e+00   8.669889e-04   1.841438e-03   4.516105e-07   3680480
  1.673870e+00   8.685298e-04   1.842082e-03   4.511819e-07   3709712
  1.680248e+00   8.709232e-04   1.840008e-03   4.508605e-07   3734702
  1.686623e+00   8.723051e-04   1.840362e-03   4.495063e-07   3762776
  1.692996e+00   8.743115e-04   1.839854e-03   4.496565e-07   3790514
  1.699371e+00   8.763154e-04   1.839908e-03   4.483085e-07   3820352
  1.705752e+00   8.784914e-04   1.844068e-03   4.474496e-07   3856016
  1.712131e+00   8.809848e-04   1.839690e-03   4.481927e-07   3876818
  1.718506e+00   8.834573e-04   1.839874e-03   4.469229e-07   3906332
  1.724882e+00   8.851708e-04   1.841963e-03   4.461570e-07   3938216
  1.731260e+00   8.858320e-04   1.840685e-03   4.448473e-07   3966354
  1.737636e+00   8.877850e-04   1.839695e-03   4.442341e-07   3993536
  1.744011e+00   8.899476e-04   1.840344e-03   4.442905e-07   4024034
  1.750392e+00   8.930416e-04   1.843071e-03   4.432910e-07   4060208
  1.756773e+00   8.932025e-04   1.840812e-03   4.420749e-07   4083632
  1.763145e+00   8.972775e-04   1.837811e-03   4.431842e-07   4107062
  1.769521e+00   8.975755e-04   1.842771e-03   4.406135e-07   4148072
  1.775893e+00   8.998284e-04   1.836707e-03   4.412354e-07   4163456
  1.782267e+00   9.015175e-04   1.842476e-03   4.393901e-07   4207994
  1.788652e+00   9.032607e-04   1.843367e-03   4.389731e-07   4239152
  1.795029e+00   9.059586e-04   1.839132e-03   4.393225e-07   4259426
  1.801407e+00   9.074792e-04   1.842524e-03   4.378350e-07   4299488
  1.807788e+00   9.100396e-04   1.840660e-03   4.375858e-07   4323692
  1.814162e+00   9.109560e-04   1.840093e-03   4.370864e-07   4353242
  1.820541e+00   9.141379e-04   1.841694e-03   4.363170e-07   4388792
  1.826915e+00   9.157762e-04   1.838387e-03   4.360807e-07   4409912
  1.833288e+00   9.169294e-04   1.841592e-03   4.350999e-07   4449282
  1.839667e+00   9.177475e-04   1.840784e-03   4.341353e-07   4478504
  1.846041e+00   9.212193e-04   1.839106e-03   4.338241e-07   4505882
  1.852417e+00   9.233273e-04   1.841020e-03   4.331249e-07   4542044
  1.858793e+00   9.243782e-04   1.840344e-03   4.327966e-07   4569608
  1.865169e+00   9.265104e-04   1.841195e-03   4.319738e-07   4604426
  1.871550e+00   9.285093e-04   1.842311e-03   4.308635e-07   4638896
  1.877925e+00   9.304153e-04   1.838827e-03   4.309797e-07   4660088
  1.884299e+00   9.313276e-04   1.841797e-03   4.301309e-07   4701290
  1.890678e+00   9.333134e-04   1.840619e-03   4.297107e-07   4729292
  1.897054e+00   9.362290e-04   1.841565e-03   4.292701e-07   4762706
  1.903435e+00   9.379728e-04   1.842610e-03   4.281573e-07   4799336
  1.909810e+00   9.397560e-04   1.837970e-03   4.282482e-07   4818680
  1.916185e+00   9.422248e-04   1.842882e-03   4.273495e-07   4863962
  1.922563e+00   9.433586e-04   1.839027e-03   4.273072e-07   4886216
  1.928938e+00   9.439269e-04   1.841692e-03   4.256054e-07   4925360
  1.935312e+00   9.464008e-04   1.838487e-03   4.251595e-07   4950198
  1.941682e+00   9.496736e-04   1.839228e-03   4.257075e-07   4983776
  1.948062e+00   9.518541e-04   1.844717e-03   4.242242e-07   5032058
  1.954444e+00   9.512115e-04   1.839748e-03   4.235455e-07   5052296
  1.960816e+00   9.546726e-04   1.839118e-03   4.236972e-07   5081048
  1.967192e+00   9.561661e-04   1.843475e-03   4.226202e-07   5127146
  1.973574e+00   9.577755e-04   1.841069e-03   4.220278e-07   5155376
  1.979948e+00   9.602822e-04   1.838766e-03   4.219986e-07   5181068
  1.986324e+00   9.616737e-04   1.842536e-03   4.210881e-07   5225906
  1.992703e+00   9.624004e-04   1.840301e-03   4.205020e-07   5253224
  1.999075e+00   9.646716e-04   1.838471e-03   4.197523e-07   5281154
  2.005453e+00   9.670581e-04   1.843666e-03   4.183889e-07   5330336
  2.011834e+00   9.683509e-04   1.840278e-03   4.186744e-07   5354120
  2.018204e+00   9.707492e-04   1.837177e-03   4.183157e-07   5380154
  2.024582e+00   9.732261e-04   1.844004e-03   4.174855e-07   5433740
  2.030964e+00   9.744447e-04   1.841066e-03   4.171983e-07   5458202
  2.037337e+00   9.758713e-04   1.838473e-03   4.170279e-07   5486424
  2.043713e+00   9.781065e-04   1.842073e-03   4.159102e-07   5530640
  2.050092e+00   9.793925e-04   1.840865e-03   4.158350e-07   5561162
  2.056472e+00   9.813513e-04   1.842354e-03   4.146901e-07   5601512
  2.062848e+00   9.831234e-04   1.838550e-03   4.149184e-07   5623244
  2.069220e+00   9.844759e-04   1.840849e-03   4.136173e-07   5665346
  2.075598e+00   9.859957e-04   1.841113e-03   4.125451e-07   5702384
  2.081975e+00   9.890691e-04   1.840298e-03   4.131131e-07   5734706
  2.088353e+00   9.901827e-04   1.841301e-03   4.119725e-07   5773184
  2.094733e+00   9.928656e-04   1.841946e-03   4.115540e-07   5809568
  2.101105e+00   9.935762e-04   1.837552e-03   4.118087e-07   5831090
  2.107479e+00   9.952630e-04   1.842206e-03   4.109032e-07   5881964
  2.113859e+00   9.980331e-04   1.841213e-03   4.109098e-07   5913416
  2.120238e+00   9.981633e-04   1.841923e-03   4.091159e-07   5952290
  2.126616e+00   1.001044e-03   1.839865e-03   4.094102e-07   5981144
  2.132988e+00   1.002406e-03   1.839742e-03   4.090907e-07   6015290
  2.139364e+00   1.003628e-03   1.841927e-03   4.077869e-07   6059664
  2.145743e+00   1.005961e-03   1.840799e-03   4.075092e-07   6092336
  2.152122e+00   1.008015e-03   1.842086e-03   4.070960e-07   6132806
  2.158501e+00   1.009306e-03   1.841321e-03   4.066920e-07   6166832
  2.164873e+00   1.011311e-03   1.837443e-03   4.067144e-07   6189272
  2.171243e+00   1.012495e-03   1.841004e-03   4.058050e-07   6238154
  2.177621e+00   1.014359e-03   1.841080e-03   4.046787e-07   6275288
  2.184000e+00   1.016444e-03   1.842241e-03   4.045070e-07   6316322
  2.190379e+00   1.018454e-03   1.840641e-03   4.042931e-07   6348488
  2.196756e+00   1.018238e-03   1.841212e-03   4.031172e-07   6385868
  2.203134e+00   1.021703e-03   1.841850e-03   4.029435e-07   6425378
  2.209510e+00   1.022607e-03   1.839408e-03   4.021521e-07   6455360
  2.215886e+00   1.024755e-03   1.841392e-03   4.019959e-07   6498176
  2.222261e+00   1.026099e-03   1.840198e-03   4.016735e-07   6531674
  2.228637e+00   1.028610e-03   1.841209e-03   4.017873e-07   6573368
  2.235015e+00   1.029112e-03   1.841417e-03   4.002268e-07   6611246
  2.241392e+00   1.031083e-03   1.840803e-03   3.998283e-07   6647424
  2.247770e+00   1.032698e-03   1.841365e-03   3.994486e-07   6687488
  2.254147e+00   1.035085e-03   1.839919e-03   3.996970e-07   6721250
  2.260520e+00   1.036150e-03   1.839077e-03   3.987063e-07   6755816
  2.266897e+00   1.037883e-03   1.842933e-03   3.978117e-07   6806504
  2.273276e+00   1.039286e-03   1.840584e-03   3.978951e-07   6837506
  2.279651e+00   1.042031e-03   1.839474e-03   3.979036e-07   6871556
  2.286030e+00   1.042478e-03   1.843489e-03   3.961812e-07   6924938
  2.292407e+00   1.044236e-03   1.838210e-03   3.958553e-07   6945320
  2.298778e+00   1.045318e-03   1.839118e-03   3.954702e-07   6986072
  2.305158e+00   1.047709e-03   1.844888e-03   3.948258e-07   7046642
  2.311538e+00   1.050095e-03   1.838415e-03   3.954378e-07   7061168
  2.317910e+00   1.050233e-03   1.840538e-03   3.941754e-07   7108064
  2.324288e+00   1.052597e-03   1.841488e-03   3.937734e-07   7151822
  2.330666e+00   1.054661e-03   1.840837e-03   3.936690e-07   7187600
  2.337045e+00   1.055614e-03   1.841819e-03   3.926578e-07   7231418
  2.343420e+00   1.057295e-03   1.838266e-03   3.924586e-07   7257912
  2.349793e+00   1.058742e-03   1.841246e-03   3.914886e-07   7307840
  2.356171e+00   1.060605e-03   1.840707e-03   3.914577e-07   7346618
  2.362545e+00   1.062425e-03   1.838315e-03   3.914608e-07   7376552
  2.368920e+00   1.063584e-03   1.842635e-03   3.906414e-07   7431740
  2.375299e+00   1.065920e-03   1.840580e-03   3.900450e-07   7464458
  2.381675e+00   1.067023e-03   1.840724e-03   3.896147e-07   7505672
  2.388054e+00   1.068993e-03   1.841875e-03   3.891620e-07   7550906
  2.394430e+00   1.071346e-03   1.839274e-03   3.892007e-07   7580720
  2.400808e+00   1.072496e-03   1.843124e-03   3.881612e-07   7635944
  2.407183e+00   1.073677e-03   1.837385e-03   3.882640e-07   7653254
  2.413557e+00   1.076063e-03   1.842500e-03   3.876861e-07   7714712
  2.419937e+00   1.077838e-03   1.841714e-03   3.870658e-07   7751840
  2.426315e+00   1.078585e-03   1.840093e-03   3.865695e-07   7788170
  2.432690e+00   1.080559e-03   1.840288e-03   3.862153e-07   7828544
  2.439067e+00   1.081913e-03   1.841589e-03   3.857739e-07   7874474
  2.445442e+00   1.083745e-03   1.838917e-03   3.857798e-07   7906032
  2.451817e+00   1.084586e-03   1.841643e-03   3.845661e-07   7957580
  2.458195e+00   1.087338e-03   1.840967e-03   3.847994e-07   7995962
  2.464573e+00   1.089658e-03   1.841319e-03   3.841472e-07   8038976
  2.470951e+00   1.090218e-03   1.841937e-03   3.836624e-07   8082320
  2.477329e+00   1.092182e-03   1.840784e-03   3.837056e-07   8120450
  2.483701e+00   1.093461e-03   1.838200e-03   3.831498e-07   8150312
  2.490075e+00   1.094348e-03   1.842025e-03   3.820431e-07   8210450
  2.496455e+00   1.096159e-03   1.840554e-03   3.819612e-07   8246732
  2.502832e+00   1.098235e-03   1.841458e-03   3.812143e-07   8290256
  2.509210e+00   1.099913e-03   1.841232e-03   3.812667e-07   8333306
  2.515587e+00   1.100663e-03   1.840510e-03   3.801174e-07   8372312
  2.521962e+00   1.102887e-03   1.840644e-03   3.803321e-07   8413472
  2.528337e+00   1.105750e-03   1.840038e-03   3.801548e-07   8455634
  2.534714e+00   1.105845e-03   1.841410e-03   3.793654e-07   8503736
  2.541090e+00   1.109125e-03   1.840703e-03   3.797561e-07   8542814
  2.547468e+00   1.109021e-03   1.841283e-03   3.783296e-07   8589960
  2.553847e+00   1.109906e-03   1.841675e-03   3.780287e-07   8633912
  2.560223e+00   1.112104e-03   1.839336e-03   3.779311e-07   8666690
  2.566599e+00   1.112812e-03   1.842209e-03   3.766773e-07   8722544
  2.572977e+00   1.114979e-03   1.840585e-03   3.768341e-07   8758112
  2.579352e+00   1.115803e-03   1.839548e-03   3.761736e-07   8798750
  2.585728e+00   1.118980e-03   1.841277e-03   3.764953e-07   8848808
  2.592104e+00   1.119997e-03   1.840251e-03   3.759285e-07   8889170
  2.598481e+00   1.121177e-03   1.840227e-03   3.751140e-07   8934608
  2.604856e+00   1.123885e-03   1.839643e-03   3.751705e-07   8971640
  2.611232e+00   1.125817e-03   1.842388e-03   3.745538e-07   9029954
  2.617612e+00   1.126662e-03   1.840920e-03   3.740849e-07   9067856
  2.623987e+00   1.128507e-03   1.839672e-03   3.739484e-07   9104444
  2.630367e+00   1.129065e-03   1.843923e-03   3.728085e-07   9171242
  2.636745e+00   1.131229e-03   1.838017e-03   3.736077e-07   9185528
  2.643114e+00   1.132912e-03   1.839022e-03   3.731826e-07   9235394
  2.649494e+00   1.133872e-03   1.844050e-03   3.719667e-07   9305688
  2.655872e+00   1.135499e-03   1.838662e-03   3.719695e-07   9321824
  2.662249e+00   1.137551e-03   1.843226e-03   3.711174e-07   9392090
  2.668628e+00   1.138511e-03   1.839001e-03   3.713822e-07   9414332
  2.675000e+00   1.140577e-03   1.840415e-03   3.707690e-07   9465410
  2.681380e+00   1.141885e-03   1.842364e-03   3.697260e-07   9523760
  2.687758e+00   1.142609e-03   1.839771e-03   3.699360e-07   9553832
  2.694133e+00   1.145110e-03   1.840855e-03   3.689285e-07   9604298
  2.700510e+00   1.145888e-03   1.840893e-03   3.689278e-07   9651176
  2.706885e+00   1.147382e-03   1.839603e-03   3.684911e-07   9687704
  2.713262e+00   1.149604e-03   1.842393e-03   3.680839e-07   9748574
  2.719643e+00   1.152082e-03   1.842290e-03   3.681320e-07   9794624
  2.726015e+00   1.151388e-03   1.836766e-03   3.678140e-07   9811370
  2.732389e+00   1.154589e-03   1.842921e-03   3.671974e-07   9891320
  2.738770e+00   1.155383e-03   1.841218e-03   3.669357e-07   9926024
  2.745146e+00   1.157414e-03   1.840208e-03   3.665206e-07   9967586
  2.751522e+00   1.160010e-03   1.840755e-03   3.663034e-07   10018116
  2.757897e+00   1.159555e-03   1.840456e-03   3.655552e-07   10060280
  2.764274e+00   1.160493e-03   1.841667e-03   3.649270e-07   10115450
  2.770654e+00   1.162673e-03   1.841837e-03   3.648444e-07   10164368
  2.777028e+00   1.164339e-03   1.838094e-03   3.646072e-07   10188314
  2.783404e+00   1.165387e-03   1.843290e-03   3.636659e-07   10265168
  2.789784e+00   1.168335e-03   1.840160e-03   3.644701e-07   10294448
  2.796159e+00   1.168484e-03   1.840640e-03   3.633427e-07   10343918
  2.802537e+00   1.170421e-03   1.841730e-03   3.629506e-07   10397600
  2.808913e+00   1.172723e-03   1.840311e-03   3.631431e-07   10435328
  2.815285e+00   1.173583e-03   1.838957e-03   3.624768e-07   10476698
  2.821661e+00   1.174540e-03   1.842237e-03   3.616696e-07   10543184
  2.828039e+00   1.176582e-03   1.839935e-03   3.617580e-07   10577834
  2.834417e+00   1.177034e-03   1.842252e-03   3.609949e-07   10641560
  2.840795e+00   1.179612e-03   1.839115e-03   3.612333e-07   10668452
  2.847169e+00   1.181103e-03   1.841467e-03   3.606348e-07   10729634
  2.853544e+00   1.181440e-03   1.839115e-03   3.601338e-07   10766520
  2.859920e+00   1.183916e-03   1.841423e-03   3.598175e-07   10825856
  2.866300e+00   1.185277e-03   1.842253e-03   3.593909e-07   10880090
  2.872679e+00   1.186088e-03   1.840348e-03   3.587032e-07   10918088
  2.879054e+00   1.188626e-03   1.840274e-03   3.588746e-07   10964474
  2.885431e+00   1.189521e-03   1.841464e-03   3.583881e-07   11021180
  2.891809e+00   1.191082e-03   1.840637e-03   3.579736e-07   11064248
  2.898185e+00   1.192617e-03   1.840651e-03   3.578465e-07   11114234
  2.904565e+00   1.193893e-03   1.842174e-03   3.570982e-07   11172872
  2.910943e+00   1.195382e-03   1.840078e-03   3.572938e-07   11206880
  2.917314e+00   1.196124e-03   1.838484e-03   3.567791e-07   11248130
  2.923689e+00   1.199794e-03   1.841523e-03   3.567290e-07   11316140
  2.930066e+00   1.199277e-03   1.840085e-03   3.561348e-07   11355554
  2.936443e+00   1.200944e-03   1.841835e-03   3.555006e-07   11417840
  2.942822e+00   1.202368e-03   1.840319e-03   3.552850e-07   11456528
  2.949199e+00   1.204231e-03   1.841526e-03   3.551405e-07   11512874
  2.955576e+00   1.205980e-03   1.840486e-03   3.548463e-07   11557272
  2.961950e+00   1.206893e-03   1.839582e-03   3.544327e-07   11600360
  2.968326e+00   1.209231e-03   1.841593e-03   3.545096e-07   11663678
  2.974703e+00   1.209869e-03   1.840371e-03   3.536653e-07   11705552
  2.981079e+00   1.211901e-03   1.840912e-03   3.533933e-07   11758658
  2.987457e+00   1.213031e-03   1.841605e-03   3.528221e-07   11815208
  2.993836e+00   1.214473e-03   1.841556e-03   3.526240e-07   11864000
  3.000212e+00   1.216518e-03   1.839938e-03   3.526416e-07   11904962
  3.006589e+00   1.217356e-03   1.840973e-03   3.520789e-07   11963696
  3.012966e+00   1.218046e-03   1.840866e-03   3.519722e-07   12011132
  3.019341e+00   1.219771e-03   1.840389e-03   3.511759e-07   12059450
  3.025718e+00   1.221937e-03   1.841438e-03   3.510884e-07   12118280
  3.032095e+00   1.223684e-03   1.840188e-03   3.509121e-07   12160562
  3.038470e+00   1.224138e-03   1.840247e-03   3.503266e-07   12212768
  3.044846e+00   1.225747e-03   1.841220e-03   3.501789e-07   12269504
  3.051223e+00   1.227721e-03   1.840948e-03   3.500668e-07   12319370
  3.057600e+00   1.227845e-03   1.840852e-03   3.491295e-07   12370140
  3.063975e+00   1.231279e-03   1.840437e-03   3.495758e-07   12417752
  3.070352e+00   1.231271e-03   1.841133e-03   3.487018e-07   12476882
  3.076731e+00   1.233136e-03   1.841502e-03   3.485416e-07   12530816
  3.083108e+00   1.235894e-03   1.840958e-03   3.485345e-07   12577658
  3.089485e+00   1.235864e-03   1.840591e-03   3.478750e-07   12629288
  3.095862e+00   1.236953e-03   1.841067e-03   3.472837e-07   12683828
  3.102237e+00   1.239162e-03   1.839537e-03   3.475387e-07   12725354
  3.108612e+00   1.240724e-03   1.841269e-03   3.470623e-07   12790616
  3.114989e+00   1.242634e-03   1.840010e-03   3.468620e-07   12833768
  3.121365e+00   1.243493e-03   1.841117e-03   3.462797e-07   12894194
  3.127743e+00   1.244481e-03   1.841676e-03   3.459277e-07   12950240
  3.134122e+00   1.246130e-03   1.840849e-03   3.456595e-07   12998714
  3.140498e+00   1.248021e-03   1.840244e-03   3.457389e-07   13048100
  3.146876e+00   1.248925e-03   1.841732e-03   3.449730e-07   13109120
  3.153254e+00   1.250593e-03   1.841032e-03   3.449262e-07   13158506
  3.159627e+00   1.252326e-03   1.838302e-03   3.447058e-07   13193040
  3.166002e+00   1.254333e-03   1.841969e-03   3.446214e-07   13271072
  3.172380e+00   1.255007e-03   1.840294e-03   3.440342e-07   13314242
  3.178754e+00   1.256700e-03   1.839703e-03   3.439711e-07   13363808
  3.185133e+00   1.258426e-03   1.842485e-03   3.432348e-07   13436822
  3.191512e+00   1.259762e-03   1.840487e-03   3.433364e-07   13476080
  3.197887e+00   1.260701e-03   1.840204e-03   3.429074e-07   13527296
  3.204264e+00   1.262448e-03   1.841161e-03   3.426862e-07   13589498
  3.210638e+00   1.263318e-03   1.838626e-03   3.425055e-07   13623704
  3.217016e+00   1.264517e-03   1.844054e-03   3.414932e-07   13717280
  3.223396e+00   1.265795e-03   1.839294e-03   3.415751e-07   13737914
  3.229770e+00   1.268221e-03   1.840743e-03   3.413351e-07   13801772
  3.236147e+00   1.268722e-03   1.841678e-03   3.408710e-07   13864298
  3.242524e+00   1.271796e-03   1.839451e-03   3.410001e-07   13904216
  3.248899e+00   1.273035e-03   1.840700e-03   3.406679e-07   13966064
  3.255276e+00   1.273668e-03   1.841492e-03   3.400018e-07   14027042
  3.261651e+00   1.274527e-03   1.838676e-03   3.399914e-07   14061048
  3.268027e+00   1.275900e-03   1.842396e-03   3.393031e-07   14143820
  3.274405e+00   1.278046e-03   1.840137e-03   3.394389e-07   14182442
  3.280782e+00   1.279748e-03   1.841285e-03   3.389180e-07   14245568
  3.287160e+00   1.281859e-03   1.841226e-03   3.390345e-07   14301338
  3.293537e+00   1.282593e-03   1.840394e-03   3.386802e-07   14350064
  3.299913e+00   1.284289e-03   1.841485e-03   3.382905e-07   14412488
  3.306292e+00   1.285289e-03   1.841397e-03   3.379790e-07   14470250
  3.312668e+00   1.287282e-03   1.839514e-03   3.381518e-07   14509484
  3.319039e+00   1.287800e-03   1.839618e-03   3.376748e-07   14564474
  3.325416e+00   1.288894e-03   1.842538e-03   3.366752e-07   14646632
  3.331795e+00   1.291517e-03   1.839978e-03   3.371732e-07   14681792
  3.338171e+00   1.292705e-03   1.841401e-03   3.367983e-07   14749946
  3.344548e+00   1.294647e-03   1.840482e-03   3.366339e-07   14799968
  3.350923e+00   1.295738e-03   1.839748e-03   3.363495e-07   14848808
  3.357300e+00   1.296694e-03   1.842276e-03   3.358014e-07   14925638
  3.363678e+00   1.298385e-03   1.840046e-03   3.357194e-07   14963016
  3.370053e+00   1.299918e-03   1.841263e-03   3.354711e-07   15031106
  3.376432e+00   1.301148e-03   1.841574e-03   3.350050e-07   15092384
  3.382808e+00   1.302352e-03   1.839899e-03   3.350030e-07   15132248
  3.389183e+00   1.303763e-03   1.841248e-03   3.345466e-07   15202322
  3.395560e+00   1.305044e-03   1.839985e-03   3.344511e-07   15250832
  3.401936e+00   1.307371e-03   1.841279e-03   3.340839e-07   15315692
  3.408315e+00   1.308662e-03   1.842099e-03   3.337776e-07   15382346
  3.414692e+00   1.309574e-03   1.839166e-03   3.334420e-07   15416024
  3.421065e+00   1.310259e-03   1.840590e-03   3.330714e-07   15483602
  3.427446e+00   1.312885e-03   1.843566e-03   3.327940e-07   15568424
  3.433825e+00   1.314586e-03   1.839187e-03   3.331784e-07   15589280
  3.440198e+00   1.315654e-03   1.839744e-03   3.326845e-07   15652502
  3.446575e+00   1.317453e-03   1.841959e-03   3.322619e-07   15728960
  3.452954e+00   1.318399e-03   1.840551e-03   3.319513e-07   15773168
  3.459328e+00   1.319571e-03   1.839940e-03   3.318782e-07   15828290
  3.465704e+00   1.321311e-03   1.840910e-03   3.315058e-07   15893184
  3.472081e+00   1.322567e-03   1.841157e-03   3.314363e-07   15954194
  3.478457e+00   1.323696e-03   1.839872e-03   3.309554e-07   16006016
  3.484831e+00   1.324361e-03   1.839639e-03   3.306513e-07   16058684
  3.491208e+00   1.326502e-03   1.842456e-03   3.302844e-07   16141898
  3.497590e+00   1.327091e-03   1.841864e-03   3.296273e-07   16197872
  3.503966e+00   1.329438e-03   1.839313e-03   3.301934e-07   16231640
  3.510341e+00   1.330913e-03   1.841313e-03   3.297744e-07   16310090
  3.516721e+00   1.331890e-03   1.841945e-03   3.289766e-07   16375136
  3.523097e+00   1.332940e-03   1.839457e-03   3.292591e-07   16412522
  3.529473e+00   1.334799e-03   1.841163e-03   3.288847e-07   16488308
  3.535850e+00   1.337185e-03   1.840616e-03   3.287864e-07   16539968
  3.542225e+00   1.337568e-03   1.839938e-03   3.287156e-07   16595714
  3.548602e+00   1.338219e-03   1.841625e-03   3.278635e-07   16671224
  3.554979e+00   1.340008e-03   1.840210e-03   3.276419e-07   16714064
  3.561354e+00   1.341592e-03   1.840955e-03   3.275376e-07   16783202
  3.567731e+00   1.343197e-03   1.840815e-03   3.275108e-07   16842504
  3.574108e+00   1.344525e-03   1.841084e-03   3.270349e-07   16904894
  3.580486e+00   1.345445e-03   1.841127e-03   3.265974e-07   16968656
  3.586865e+00   1.346576e-03   1.841521e-03   3.264212e-07   17030288
  3.593238e+00   1.348142e-03   1.838444e-03   3.265151e-07   17061482
  3.599615e+00   1.349059e-03   1.842988e-03   3.258910e-07   17164976
  3.605993e+00   1.351251e-03   1.840068e-03   3.261054e-07   17197184
  3.612368e+00   1.351897e-03   1.840756e-03   3.254234e-07   17267102
  3.618746e+00   1.353025e-03   1.841072e-03   3.249784e-07   17329928
  3.625121e+00   1.354858e-03   1.839901e-03   3.251994e-07   17378906
  3.631497e+00   1.356305e-03   1.841182e-03   3.248694e-07   17454776
  3.637873e+00   1.357140e-03   1.839972e-03   3.245143e-07   17501720
  3.644249e+00   1.359130e-03   1.842109e-03   3.242716e-07   17584826
  3.650631e+00   1.359726e-03   1.841819e-03   3.239046e-07   17646008
  3.657008e+00   1.360128e-03   1.840059e-03   3.234634e-07   17686412
  3.663381e+00   1.361902e-03   1.840228e-03   3.234768e-07   17751266
  3.669756e+00   1.363136e-03   1.840035e-03   3.230428e-07   17812848
  3.676130e+00   1.364134e-03   1.840074e-03   3.227027e-07   17874866
  3.682507e+00   1.365397e-03   1.841337e-03   3.223709e-07   17951720
  3.688886e+00   1.365499e-03   1.841134e-03   3.219685e-07   18009344
  3.695262e+00   1.367279e-03   1.840349e-03   3.216995e-07   18064730
  3.701640e+00   1.368467e-03   1.841339e-03   3.214488e-07   18137372
  3.708017e+00   1.368392e-03   1.840603e-03   3.208699e-07   18189632
  3.714392e+00   1.369446e-03   1.840457e-03   3.207095e-07   18254330
  3.720770e+00   1.370347e-03   1.841473e-03   3.202579e-07   18325808
  3.727148e+00   1.370501e-03   1.840737e-03   3.198789e-07   18379610
  3.733524e+00   1.370635e-03   1.840702e-03   3.191096e-07   18445760
  3.739901e+00   1.370876e-03   1.840479e-03   3.187691e-07   18504440
  3.746277e+00   1.370404e-03   1.840875e-03   3.181513e-07   18572198
  3.752657e+00   1.368325e-03   1.841895e-03   3.168458e-07   18647480
  3.759032e+00   1.366089e-03   1.838946e-03   3.162380e-07   18678152
  3.765406e+00   8.156561e-04   1.841061e-03   2.852630e-07   18764186
  3.771782e+00   2.716582e-05   1.840849e-03   8.548408e-09   18794103
  3.778158e+00   2.365390e-05   1.840297e-03   7.526647e-09   18760748
  3.784533e+00   2.093091e-05   1.840231e-03   6.694884e-09   18727940
  3.790912e+00   1.878816e-05   1.842073e-03   6.010361e-09   18712436
  3.797287e+00   1.711519e-05   1.838840e-03   5.484648e-09   18646616
  3.803663e+00   1.578468e-05   1.842455e-03   5.054587e-09   18651296
  3.810042e+00   1.467409e-05   1.840334e-03   4.699261e-09   18596096
  3.816418e+00   1.370290e-05   1.841121e-03   4.376887e-09   18571364
  3.822794e+00   1.285411e-05   1.839859e-03   4.105772e-09   18527096
  3.829170e+00   1.209628e-05   1.840846e-03   3.847054e-09   18501368
  3.835548e+00   1.144004e-05   1.841771e-03   3.629049e-09   18475040
  3.841927e+00   1.086694e-05   1.841481e-03   3.438871e-09   18439436
  3.848301e+00   1.035042e-05   1.838521e-03   3.269955e-09   18375752
  3.854674e+00   9.913610e-06   1.840584e-03   3.120808e-09   18361484
  3.861052e+00   9.500134e-06   1.842393e-03   2.978114e-09   18344504
  3.867430e+00   9.145236e-06   1.839817e-03   2.860276e-09   18284708
  3.873806e+00   8.813785e-06   1.841259e-03   2.746494e-09   18264048
  3.880183e+00   8.506045e-06   1.840629e-03   2.644289e-09   18220964
  3.886557e+00   8.229215e-06   1.839363e-03   2.548746e-09   18173528
  3.892935e+00   7.970410e-06   1.843046e-03   2.455837e-09   18173780
  3.899316e+00   7.737943e-06   1.841138e-03   2.379136e-09   18116660
  3.905693e+00   7.512683e-06   1.840842e-03   2.299876e-09   18078740
  3.912066e+00   7.315525e-06   1.838693e-03   2.233528e-09   18023108
  3.918439e+00   7.137592e-06   1.840734e-03   2.168469e-09   18005600
  3.924818e+00   6.960410e-06   1.842344e-03   2.106760e-09   17984552
  3.931198e+00   6.800932e-06   1.841062e-03   2.051516e-09   17934860
  3.937574e+00   6.654814e-06   1.840562e-03   1.999935e-09   17891468
  3.943950e+00   6.508519e-06   1.840945e-03   1.949170e-09   17857712
  3.950326e+00   6.376521e-06   1.840137e-03   1.902328e-09   17813108
  3.956702e+00   6.252980e-06   1.841074e-03   1.859266e-09   17784788
  3.963079e+00   6.139080e-06   1.840240e-03   1.819246e-09   17737268
  3.969455e+00   6.026273e-06   1.841773e-03   1.779111e-09   17713268
  3.975833e+00   5.922365e-06   1.840239e-03   1.741998e-09   17661912
  3.982208e+00   5.829601e-06   1.840290e-03   1.708396e-09   17622668
  3.988586e+00   5.733336e-06   1.842133e-03   1.673453e-09   17600552
  3.994964e+00   5.646919e-06   1.839951e-03   1.643692e-09   17542580
  4.001340e+00   5.563797e-06   1.840772e-03   1.614044e-09   17509112
  4.007717e+00   5.487336e-06   1.841501e-03   1.585417e-09   17475116
  4.014093e+00   5.415775e-06   1.839606e-03   1.560785e-09   17419964
  4.020469e+00   5.343007e-06   1.841433e-03   1.532709e-09   17397056
  4.026846e+00   5.275887e-06   1.840314e-03   1.507897e-09   17345336
  4.033223e+00   5.211929e-06   1.840964e-03   1.486296e-09   17310476
  4.039596e+00   5.150493e-06   1.838459e-03   1.463958e-09   17246360
  4.045972e+00   5.093943e-06   1.842582e-03   1.442134e-09   17244284
  4.052354e+00   5.039116e-06   1.842150e-03   1.422704e-09   17198240
  4.058731e+00   4.987948e-06   1.839271e-03   1.403044e-09   17130932
  4.065106e+00   4.941101e-06   1.841562e-03   1.385784e-09   17110040
  4.071484e+00   4.889618e-06   1.840722e-03   1.366551e-09   17058488
  4.077857e+00   4.842428e-06   1.839135e-03   1.350664e-09   17003664
  4.084233e+00   4.798484e-06   1.841446e-03   1.334193e-09   16983908
  4.090612e+00   4.756661e-06   1.841420e-03   1.318136e-09   16939220
  4.096989e+00   4.715911e-06   1.840515e-03   1.303214e-09   16888904
  4.103367e+00   4.678395e-06   1.841500e-03   1.290282e-09   16854920
  4.109743e+00   4.641041e-06   1.839861e-03   1.277223e-09   16795136
  4.116117e+00   4.606908e-06   1.840184e-03   1.264739e-09   16755860
  4.122495e+00   4.571712e-06   1.841913e-03   1.251033e-09   16729064
  4.128872e+00   4.542921e-06   1.840126e-03   1.240876e-09   16668260
  4.135248e+00   4.511416e-06   1.841092e-03   1.228905e-09   16631456
  4.141626e+00   4.482061e-06   1.841230e-03   1.218394e-09   16588208
  4.148001e+00   4.445297e-06   1.839635e-03   1.206703e-09   16531052
  4.154379e+00   4.420984e-06   1.842867e-03   1.196390e-09   16514456
  4.160755e+00   4.394848e-06   1.838861e-03   1.188335e-09   16432880
  4.167131e+00   4.367621e-06   1.842344e-03   1.178644e-09   16421120
  4.173510e+00   4.347986e-06   1.840051e-03   1.171855e-09   16354148
  4.179885e+00   4.321272e-06   1.841003e-03   1.161734e-09   16316184
  4.186264e+00   4.295599e-06   1.842179e-03   1.153685e-09   16283360
  4.192641e+00   4.276074e-06   1.839085e-03   1.148069e-09   16208756
  4.199016e+00   4.254320e-06   1.841765e-03   1.140048e-09   16184372
  4.205394e+00   4.234607e-06   1.840922e-03   1.133286e-09   16131116
  4.211767e+00   4.214786e-06   1.839273e-03   1.126821e-09   16070864
  4.218143e+00   4.195439e-06   1.841935e-03   1.120395e-09   16047596
  4.224522e+00   4.178900e-06   1.841132e-03   1.114455e-09   15993464
  4.230898e+00   4.157407e-06   1.839789e-03   1.108381e-09   15936116
  4.237274e+00   4.141630e-06   1.841227e-03   1.104143e-09   15899564
  4.243650e+00   4.123187e-06   1.840412e-03   1.098779e-09   15843188
  4.250027e+00   4.107758e-06   1.841430e-03   1.093355e-09   15806012
  4.256404e+00   4.093584e-06   1.840029e-03   1.090253e-09   15746972
  4.262780e+00   4.075692e-06   1.841029e-03   1.084327e-09   15706280
  4.269158e+00   4.064485e-06   1.841316e-03   1.080705e-09   15660560
  4.275534e+00   4.049111e-06   1.839976e-03   1.077221e-09   15601664
  4.281910e+00   4.035822e-06   1.840520e-03   1.073483e-09   15555936
  4.288286e+00   4.019652e-06   1.841154e-03   1.069130e-09   15511664
  4.294665e+00   4.009551e-06   1.841118e-03   1.067357e-09   15463688
  4.301042e+00   3.994483e-06   1.840371e-03   1.064327e-09   15406784
  4.307419e+00   3.984674e-06   1.841443e-03   1.062117e-09   15364076
  4.313795e+00   3.970010e-06   1.839853e-03   1.058784e-09   15302144
  4.320171e+00   3.957239e-06   1.841222e-03   1.055863e-09   15264716
  4.326549e+00   3.947347e-06   1.841061e-03   1.053979e-09   15212204
  4.332926e+00   3.938166e-06   1.840328e-03   1.052620e-09   15154664
  4.339301e+00   3.923755e-06   1.840391e-03   1.050068e-09   15104684
  4.345675e+00   3.915793e-06   1.839587e-03   1.048567e-09   15046256
  4.352051e+00   3.906331e-06   1.841370e-03   1.047491e-09   15009272
  4.358428e+00   3.895115e-06   1.840387e-03   1.045366e-09   14951624
  4.364807e+00   3.884749e-06   1.842302e-03   1.044511e-09   14915300
  4.371187e+00   3.875664e-06   1.840481e-03   1.042727e-09   14847140
  4.377560e+00   3.870052e-06   1.839457e-03   1.044089e-09   14786624
  4.383935e+00   3.858651e-06   1.840794e-03   1.042566e-09   14745252
  4.390313e+00   3.850931e-06   1.841504e-03   1.042045e-09   14697932
  4.396692e+00   3.843150e-06   1.841471e-03   1.041684e-09   14644448
  4.403070e+00   3.832920e-06   1.840856e-03   1.040654e-09   14586896
  4.409445e+00   3.824909e-06   1.839917e-03   1.041006e-09   14525000
  4.415820e+00   3.817395e-06   1.841355e-03   1.040766e-09   14482088
  4.422197e+00   3.809347e-06   1.840486e-03   1.041369e-09   14423696
  4.428574e+00   3.803679e-06   1.840927e-03   1.041853e-09   14373848
  4.434951e+00   3.792690e-06   1.841026e-03   1.040865e-09   14319188
  4.441328e+00   3.787888e-06   1.840720e-03   1.042254e-09   14262248
  4.447704e+00   3.778214e-06   1.840293e-03   1.041556e-09   14204780
  4.454079e+00   3.773562e-06   1.840780e-03   1.042463e-09   14153240
  4.460456e+00   3.766239e-06   1.840870e-03   1.044215e-09   14099048
  4.466833e+00   3.757658e-06   1.841305e-03   1.043825e-09   14048288
  4.473210e+00   3.752932e-06   1.840220e-03   1.045638e-09   13983860
  4.479586e+00   3.747568e-06   1.841413e-03   1.047170e-09   13935800
  4.485962e+00   3.739045e-06   1.839813e-03   1.048177e-09   13868784
  4.492338e+00   3.731789e-06   1.841245e-03   1.048716e-09   13824536
  4.498718e+00   3.729357e-06   1.842226e-03   1.050334e-09   13774364
  4.505095e+00   3.722383e-06   1.840286e-03   1.052899e-09   13702856
  4.511470e+00   3.712696e-06   1.840225e-03   1.052299e-09   13646648
  4.517844e+00   3.709208e-06   1.840082e-03   1.054904e-09   13588364
  4.524220e+00   3.704830e-06   1.841200e-03   1.057223e-09   13539920
  4.530597e+00   3.695793e-06   1.840383e-03   1.058227e-09   13478432
  4.536974e+00   3.691742e-06   1.840898e-03   1.060291e-09   13424264
  4.543353e+00   3.685807e-06   1.841656e-03   1.061766e-09   13370000
  4.549730e+00   3.680183e-06   1.840597e-03   1.062587e-09   13304432
  4.556105e+00   3.674052e-06   1.839697e-03   1.065494e-09   13241228
  4.562479e+00   3.670613e-06   1.840265e-03   1.068998e-09   13186508
  4.568858e+00   3.662668e-06   1.842616e-03   1.069903e-09   13144544
  4.575236e+00   3.658068e-06   1.839577e-03   1.072783e-09   13065032
  4.581610e+00   3.653005e-06   1.840140e-03   1.075560e-09   13008512
  4.587987e+00   3.647881e-06   1.841456e-03   1.076774e-09   12957360
  4.594365e+00   3.644818e-06   1.841180e-03   1.079862e-09   12897728
  4.600740e+00   3.641056e-06   1.838906e-03   1.084454e-09   12822884
  4.607118e+00   3.633505e-06   1.843186e-03   1.084156e-09   12790772
  4.613497e+00   3.627677e-06   1.839965e-03   1.087970e-09   12707960
  4.619871e+00   3.622882e-06   1.840055e-03   1.090585e-09   12650024
  4.626249e+00   3.616096e-06   1.841592e-03   1.093388e-09   12599360
  4.632627e+00   3.613507e-06   1.841060e-03   1.097926e-09   12533984
  4.639003e+00   3.612513e-06   1.840024e-03   1.101854e-09   12467036
  4.645379e+00   3.603341e-06   1.841105e-03   1.103155e-09   12412124
  4.651756e+00   3.604882e-06   1.840677e-03   1.108279e-09   12345776
  4.658131e+00   3.597349e-06   1.840856e-03   1.110033e-09   12286760
  4.664508e+00   3.589923e-06   1.840642e-03   1.112517e-09   12225452
  4.670885e+00   3.588451e-06   1.840694e-03   1.116770e-09   12162584
  4.677263e+00   3.582918e-06   1.841648e-03   1.120038e-09   12105824
  4.683640e+00   3.574022e-06   1.840444e-03   1.123250e-09   12036248
  4.690015e+00   3.570682e-06   1.840000e-03   1.126878e-09   11969736
  4.696391e+00   3.570309e-06   1.841517e-03   1.132100e-09   11916224
  4.702769e+00   3.566654e-06   1.840685e-03   1.135484e-09   11849312
  4.709145e+00   3.559403e-06   1.840274e-03   1.139183e-09   11783300
  4.715522e+00   3.557539e-06   1.841310e-03   1.142763e-09   11724800
  4.721898e+00   3.550208e-06   1.840639e-03   1.146337e-09   11657372
  4.728275e+00   3.542934e-06   1.840697e-03   1.149047e-09   11595320
  4.734652e+00   3.542332e-06   1.840360e-03   1.155039e-09   11527928
  4.741029e+00   3.537704e-06   1.841428e-03   1.159525e-09   11469008
  4.747404e+00   3.532980e-06   1.839492e-03   1.163947e-09   11392904
  4.753780e+00   3.528293e-06   1.841657e-03   1.166220e-09   11340476
  4.760155e+00   3.525558e-06   1.839780e-03   1.172336e-09   11263520
  4.766534e+00   3.518815e-06   1.842729e-03   1.174981e-09   11218472
  4.772911e+00   3.515259e-06   1.838731e-03   1.179963e-09   11129336
  4.779288e+00   3.514183e-06   1.842467e-03   1.185149e-09   11083964
  4.785665e+00   3.506124e-06   1.839931e-03   1.189655e-09   11001992
  4.792039e+00   3.503818e-06   1.840072e-03   1.194783e-09   10938228
  4.798414e+00   3.497257e-06   1.840560e-03   1.199089e-09   10874336
  4.804792e+00   3.493973e-06   1.841863e-03   1.202986e-09   10814828
  4.811169e+00   3.490344e-06   1.839739e-03   1.210313e-09   10736984
  4.817544e+00   3.484572e-06   1.840541e-03   1.214289e-09   10673948
  4.823923e+00   3.484596e-06   1.842721e-03   1.220104e-09   10617704
  4.830301e+00   3.475906e-06   1.840081e-03   1.224867e-09   10536416
  4.836675e+00   3.470715e-06   1.839468e-03   1.231317e-09   10466324
  4.843052e+00   3.465736e-06   1.842362e-03   1.234414e-09   10412984
  4.849431e+00   3.463159e-06   1.840724e-03   1.241086e-09   10334840
  4.855806e+00   3.457832e-06   1.840268e-03   1.246225e-09   10265528
  4.862183e+00   3.458844e-06   1.840956e-03   1.253900e-09   10200692
  4.868561e+00   3.452062e-06   1.841614e-03   1.257651e-09   10135292
  4.874938e+00   3.442362e-06   1.839941e-03   1.263081e-09   10058816
  4.881314e+00   3.440858e-06   1.840525e-03   1.269483e-09   9991772
  4.887691e+00   3.438303e-06   1.841575e-03   1.277359e-09   9925880
  4.894065e+00   3.428858e-06   1.838924e-03   1.281609e-09   9843288
  4.900441e+00   3.426781e-06   1.842306e-03   1.286985e-09   9792968
  4.906821e+00   3.423318e-06   1.840795e-03   1.295337e-09   9713612
  4.913196e+00   3.418344e-06   1.840365e-03   1.301983e-09   9640628
  4.919573e+00   3.412334e-06   1.840900e-03   1.308832e-09   9574256
  4.925949e+00   3.404687e-06   1.840276e-03   1.314912e-09   9499064
  4.932325e+00   3.403406e-06   1.841227e-03   1.321249e-09   9432296
  4.938702e+00   3.395570e-06   1.841040e-03   1.327444e-09   9362204
  4.945079e+00   3.387783e-06   1.840104e-03   1.333307e-09   9286052
  4.951457e+00   3.383397e-06   1.842090e-03   1.340748e-09   9222320
  4.957835e+00   3.382696e-06   1.841090e-03   1.350618e-09   9145976
  4.964211e+00   3.373906e-06   1.839895e-03   1.355723e-09   9070268
  4.970586e+00   3.367381e-06   1.840297e-03   1.362808e-09   8999720
  4.976964e+00   3.366866e-06   1.841617e-03   1.373300e-09   8932664
  4.983339e+00   3.357602e-06   1.838848e-03   1.378529e-09   8847344
  4.989712e+00   3.352015e-06   1.840809e-03   1.388214e-09   8782688
  4.996090e+00   3.349052e-06   1.841883e-03   1.395271e-09   8713440
  5.002468e+00   3.338237e-06   1.841131e-03   1.400978e-09   8638616
  5.008845e+00   3.330788e-06   1.839945e-03   1.408135e-09   8560856
  5.015220e+00   3.329393e-06   1.840402e-03   1.418254e-09   8487620
  5.021598e+00   3.322217e-06   1.842484e-03   1.426144e-09   8422796
  5.027976e+00   3.311555e-06   1.839559e-03   1.434194e-09   8336348
  5.034350e+00   3.308797e-06   1.840420e-03   1.445425e-09   8265176
  5.040727e+00   3.298019e-06   1.841761e-03   1.450590e-09   8196176
  5.047104e+00   3.289896e-06   1.839932e-03   1.460217e-09   8114636
  5.053478e+00   3.279238e-06   1.839889e-03   1.465406e-09   8038724
  5.059856e+00   3.276123e-06   1.842986e-03   1.475450e-09   7975460
  5.066235e+00   3.268052e-06   1.840210e-03   1.484105e-09   7889792
  5.072611e+00   3.253992e-06   1.840188e-03   1.490492e-09   7815728
  5.078987e+00   3.252340e-06   1.840544e-03   1.502596e-09   7739288
  5.085364e+00   3.237185e-06   1.841840e-03   1.508101e-09   7667432
  5.091741e+00   3.226886e-06   1.839798e-03   1.517146e-09   7583684
  5.098113e+00   3.221078e-06   1.839459e-03   1.527167e-09   7505172
  5.104490e+00   3.207038e-06   1.842916e-03   1.533703e-09   7442636
  5.110871e+00   3.197889e-06   1.841224e-03   1.545051e-09   7360676
  5.117246e+00   3.183346e-06   1.838532e-03   1.551308e-09   7272728
  5.123622e+00   3.176877e-06   1.842521e-03   1.560283e-09   7209140
  5.130001e+00   3.161104e-06   1.840984e-03   1.566117e-09   7125632
  5.136377e+00   3.150358e-06   1.840289e-03   1.578255e-09   7046924
  5.142753e+00   3.135513e-06   1.840046e-03   1.582645e-09   6966968
  5.149129e+00   3.126011e-06   1.841514e-03   1.596455e-09   6893408
  5.155505e+00   3.110258e-06   1.840118e-03   1.606367e-09   6811004
  5.161881e+00   3.095226e-06   1.840529e-03   1.609900e-09   6732944
  5.168258e+00   3.083433e-06   1.841885e-03   1.622337e-09   6658628
  5.174637e+00   3.061442e-06   1.841220e-03   1.625263e-09   6578804
  5.181014e+00   3.044982e-06   1.839505e-03   1.634551e-09   6493628
  5.187389e+00   3.031876e-06   1.841020e-03   1.644072e-09   6417476
  5.193767e+00   3.013505e-06   1.842303e-03   1.648405e-09   6341156
  5.200142e+00   2.990859e-06   1.838905e-03   1.654710e-09   6251676
  5.206515e+00   2.967656e-06   1.840100e-03   1.654751e-09   6176072
  5.212894e+00   2.959004e-06   1.842591e-03   1.671424e-09   6103028
  5.219273e+00   2.927292e-06   1.840028e-03   1.672132e-09   6015356
  5.225646e+00   2.896936e-06   1.838527e-03   1.670426e-09   5928908
  5.232022e+00   2.889027e-06   1.843529e-03   1.684148e-09   5861504
  5.238402e+00   2.853058e-06   1.840564e-03   1.681775e-09   5772440
  5.244776e+00   2.820096e-06   1.839302e-03   1.675987e-09   5688596
  5.251152e+00   2.808749e-06   1.841421e-03   1.692569e-09   5611412
  5.257531e+00   2.770505e-06   1.842425e-03   1.685689e-09   5532224
  5.263907e+00   2.733468e-06   1.838741e-03   1.675836e-09   5440748
  5.270281e+00   2.707691e-06   1.841068e-03   1.678986e-09   5364572
  5.276660e+00   2.671743e-06   1.842167e-03   1.672286e-09   5285204
  5.283039e+00   2.632849e-06   1.840147e-03   1.665222e-09   5197796
  5.289414e+00   2.598911e-06   1.840074e-03   1.657196e-09   5113244
  5.295789e+00   2.564979e-06   1.841509e-03   1.654108e-09   5032664
  5.302162e+00   2.518669e-06   1.838866e-03   1.632762e-09   4943484
  5.308538e+00   2.475460e-06   1.842083e-03   1.614674e-09   4869920
  5.314919e+00   2.426102e-06   1.840875e-03   1.594711e-09   4782608
  5.321298e+00   2.380022e-06   1.842000e-03   1.568485e-09   4700756
  5.327675e+00   2.329635e-06   1.839332e-03   1.538442e-09   4608920
  5.334047e+00   2.275175e-06   1.840509e-03   1.504378e-09   4528829
  5.340423e+00   2.231774e-06   1.840790e-03   1.480364e-09   4453172
  5.346801e+00   2.188479e-06   1.841398e-03   1.453965e-09   4381652
  5.353179e+00   2.150088e-06   1.840856e-03   1.434699e-09   4309628
  5.359558e+00   2.110739e-06   1.841542e-03   1.411570e-09   4242188
  5.365934e+00   2.075554e-06   1.840185e-03   1.390908e-09   4171796
  5.372309e+00   2.042890e-06   1.840332e-03   1.374897e-09   4107506
  5.378687e+00   2.010618e-06   1.841030e-03   1.357332e-09   4045694
  5.385067e+00   1.980441e-06   1.841878e-03   1.341116e-09   3984530
  5.391443e+00   1.948586e-06   1.839184e-03   1.328052e-09   3916622
  5.397815e+00   1.921087e-06   1.840413e-03   1.312183e-09   3858626
  5.404188e+00   1.892035e-06   1.839752e-03   1.296821e-09   3798918
  5.410566e+00   1.864228e-06   1.842453e-03   1.284109e-09   3747464
  5.416947e+00   1.839454e-06   1.840720e-03   1.271596e-09   3687278
  5.423327e+00   1.807269e-06   1.841755e-03   1.253603e-09   3632618
  5.429702e+00   1.781259e-06   1.839341e-03   1.241579e-09   3571766
  5.436076e+00   1.757034e-06   1.841405e-03   1.233598e-09   3521264
  5.442452e+00   1.730754e-06   1.840602e-03   1.219733e-09   3466964
  5.448828e+00   1.710708e-06   1.840149e-03   1.212759e-09   3414320
  5.455204e+00   1.681380e-06   1.840343e-03   1.189661e-09   3362948
  5.461581e+00   1.658948e-06   1.841385e-03   1.180592e-09   3313130
  5.467960e+00   1.636283e-06   1.841559e-03   1.172523e-09   3262766
  5.474335e+00   1.613264e-06   1.839552e-03   1.161135e-09   3210122
  5.480711e+00   1.590219e-06   1.841068e-03   1.148182e-09   3164282
  5.487089e+00   1.571425e-06   1.840871e-03   1.139586e-09   3115358
  5.493467e+00   1.545525e-06   1.841892e-03   1.125444e-09   3068642
  5.499842e+00   1.524879e-06   1.839367e-03   1.115700e-09   3017270
  5.506214e+00   1.503901e-06   1.840421e-03   1.105064e-09   2973396
  5.512592e+00   1.483847e-06   1.841795e-03   1.095915e-09   2930882
  5.518975e+00   1.462446e-06   1.842009e-03   1.086273e-09   2886296
  5.525354e+00   1.438598e-06   1.840110e-03   1.073858e-09   2838068
  5.531729e+00   1.421739e-06   1.840402e-03   1.066353e-09   2793680
  5.538103e+00   1.402993e-06   1.841057e-03   1.061284e-09   2750948
  5.544478e+00   1.382525e-06   1.840332e-03   1.045503e-09   2707712
  5.550852e+00   1.363841e-06   1.839444e-03   1.036426e-09   2665124
  5.557230e+00   1.346915e-06   1.841751e-03   1.031707e-09   2626712
  5.563610e+00   1.328133e-06   1.840829e-03   1.022684e-09   2583542
  5.569988e+00   1.311649e-06   1.841328e-03   1.013310e-09   2543108
  5.576363e+00   1.292661e-06   1.839426e-03   1.003785e-09   2500538
  5.582739e+00   1.272176e-06   1.841521e-03   9.935551e-10   2464052
  5.589119e+00   1.258227e-06   1.841364e-03   9.892059e-10   2424194
  5.595493e+00   1.237065e-06   1.839158e-03   9.765323e-10   2381732
  5.601866e+00   1.223439e-06   1.841683e-03   9.685303e-10   2346386
  5.608241e+00   1.205666e-06   1.839649e-03   9.644983e-10   2306598
  5.614618e+00   1.191178e-06   1.842029e-03   9.535624e-10   2273186
  5.621000e+00   1.176962e-06   1.840989e-03   9.526658e-10   2235188
  5.627378e+00   1.161331e-06   1.839949e-03   9.406863e-10   2196638
  5.633754e+00   1.145282e-06   1.841588e-03   9.326340e-10   2161706
  5.640129e+00   1.129806e-06   1.840261e-03   9.250023e-10   2124422
  5.646501e+00   1.111235e-06   1.838999e-03   9.142655e-10   2088578
  5.652879e+00   1.098502e-06   1.842650e-03   9.090419e-10   2058512
  5.659259e+00   1.085490e-06   1.839498e-03   9.040419e-10   2020202
  5.665635e+00   1.069773e-06   1.841528e-03   8.952208e-10   1987670
  5.672010e+00   1.058231e-06   1.840033e-03   8.904801e-10   1952114
  5.678381e+00   1.041551e-06   1.839290e-03   8.831191e-10   1918694
  5.684760e+00   1.026563e-06   1.843391e-03   8.754080e-10   1890932
  5.691143e+00   1.015319e-06   1.840482e-03   8.708184e-10   1855382
  5.697520e+00   1.002689e-06   1.841151e-03   8.641962e-10   1823276
  5.703897e+00   9.890197e-07   1.841467e-03   8.585414e-10   1791446
  5.710267e+00   9.767589e-07   1.837484e-03   8.519018e-10   1756566
  5.716642e+00   9.639201e-07   1.843486e-03   8.475697e-10   1732292
  5.723026e+00   9.525973e-07   1.841021e-03   8.413683e-10   1699718
  5.729405e+00   9.417643e-07   1.840666e-03   8.373210e-10   1668524
  5.735782e+00   9.284517e-07   1.841307e-03   8.296484e-10   1638656
  5.742152e+00   9.161048e-07   1.837941e-03   8.249258e-10   1606154
  5.748524e+00   9.035087e-07   1.841528e-03   8.186600e-10   1580984
  5.754907e+00   8.934716e-07   1.842158e-03   8.136290e-10   1553372
  5.761287e+00   8.808134e-07   1.839903e-03   8.100926e-10   1522502
  5.767663e+00   8.696506e-07   1.841211e-03   8.033781e-10   1494788
  5.774035e+00   8.602499e-07   1.839049e-03   8.029647e-10   1464992
  5.780407e+00   8.481908e-07   1.840885e-03   7.937123e-10   1439564
  5.786788e+00   8.385603e-07   1.842803e-03   7.900094e-10   1414766
  5.793173e+00   8.275342e-07   1.841316e-03   7.874258e-10   1386620
  5.799549e+00   8.175273e-07   1.839295e-03   7.817082e-10   1358024
  5.805920e+00   8.083965e-07   1.840494e-03   7.808929e-10   1332236
  5.812287e+00   7.999776e-07   1.837583e-03   7.781233e-10   1304568
  5.818666e+00   7.886654e-07   1.844995e-03   7.684754e-10   1285316
  5.825053e+00   7.779563e-07   1.840679e-03   7.677906e-10   1257272
  5.831429e+00   7.708959e-07   1.839591e-03   7.640743e-10   1231028
  5.837804e+00   7.615658e-07   1.841474e-03   7.619004e-10   1207136
  5.844175e+00   7.526325e-07   1.839197e-03   7.586474e-10   1181180
  5.850547e+00   7.422246e-07   1.841135e-03   7.502411e-10   1159352
  5.856931e+00   7.360041e-07   1.842986e-03   7.538820e-10   1137476
  5.863312e+00   7.255351e-07   1.839166e-03   7.494648e-10   1111280
  5.869686e+00   7.199108e-07   1.840689e-03   7.478226e-10   1088468
  5.876057e+00   7.123869e-07   1.840140e-03   7.470289e-10   1065008
  5.882427e+00   7.031528e-07   1.839713e-03   7.415641e-10   1042934
  5.888808e+00   6.949218e-07   1.843186e-03   7.381925e-10   1023488
  5.895195e+00   6.874770e-07   1.841961e-03   7.394357e-10   1000700
  5.901573e+00   6.802691e-07   1.839831e-03   7.396739e-10   977264
  5.907943e+00   6.745956e-07   1.839220e-03   7.372625e-10   955052
  5.914306e+00   6.676839e-07   1.837596e-03   7.371553e-10   933546
  5.920685e+00   6.587674e-07   1.845011e-03   7.312663e-10   917348
  5.927075e+00   6.532196e-07   1.841622e-03   7.355050e-10   895328
  5.933456e+00   6.454388e-07   1.840197e-03   7.310361e-10   873878
  5.939831e+00   6.395632e-07   1.841204e-03   7.319878e-10   853664
  5.946198e+00   6.336241e-07   1.838301e-03   7.346110e-10   832604
  5.952570e+00   6.274625e-07   1.841647e-03   7.301029e-10   815546
  5.958955e+00   6.198466e-07   1.841795e-03   7.312467e-10   797012
  5.965336e+00   6.141333e-07   1.838979e-03   7.305062e-10   776576
  5.971714e+00   6.095727e-07   1.842719e-03   7.336859e-10   758726
  5.978085e+00   6.033383e-07   1.838577e-03   7.332626e-10   738296
  5.984452e+00   5.971334e-07   1.839422e-03   7.328840e-10   721172
  5.990833e+00   5.937823e-07   1.842852e-03   7.378886e-10   705434
  5.997222e+00   5.877834e-07   1.841204e-03   7.386750e-10   687092
  6.003603e+00   5.808985e-07   1.841572e-03   7.352616e-10   669098
  6.009974e+00   5.776167e-07   1.839142e-03   7.412748e-10   650516
  6.016332e+00   5.730600e-07   1.836042e-03   7.449945e-10   632898
  6.022707e+00   5.689545e-07   1.844938e-03   7.492765e-10   620228
  6.029100e+00   5.629459e-07   1.842281e-03   7.501258e-10   603206
  6.035485e+00   5.593648e-07   1.841847e-03   7.476020e-10   586328
  6.041859e+00   5.555949e-07   1.840113e-03   7.565616e-10   569222
  6.048217e+00   5.514173e-07   1.835706e-03   7.629926e-10   552266
  6.054584e+00   5.472812e-07   1.843023e-03   7.665085e-10   539996
  6.060976e+00   5.422302e-07   1.843843e-03   7.659449e-10   525722
  6.067365e+00   5.395161e-07   1.839929e-03   7.709196e-10   509372
  6.073742e+00   5.348248e-07   1.840974e-03   7.775915e-10   494282
  6.080105e+00   5.334401e-07   1.836470e-03   7.889042e-10   478340
  6.086466e+00   5.300642e-07   1.839100e-03   7.939119e-10   465554
  6.092852e+00   5.274134e-07   1.844310e-03   7.974252e-10   453734
  6.099249e+00   5.220957e-07   1.841644e-03   8.031735e-10   439184
  6.105633e+00   5.172855e-07   1.841774e-03   8.075241e-10   424910
  6.112001e+00   5.170736e-07   1.839131e-03   8.182907e-10   410366
  6.118344e+00   5.156243e-07   1.830585e-03   8.293419e-10   395856
  6.124716e+00   5.103690e-07   1.849093e-03   8.267880e-10   387998
  6.131124e+00   5.110180e-07   1.844381e-03   8.446706e-10   374642
  6.137516e+00   5.072650e-07   1.841320e-03   8.584881e-10   361118
  6.143885e+00   5.059851e-07   1.838483e-03   8.655313e-10   347792
  6.150233e+00   5.019301e-07   1.833537e-03   8.818287e-10   335054
  6.156598e+00   5.001454e-07   1.843369e-03   8.813458e-10   326162
  6.163003e+00   4.988575e-07   1.845744e-03   8.981932e-10   315686
  6.169403e+00   4.978359e-07   1.839717e-03   9.106444e-10   302960
  6.175780e+00   4.968421e-07   1.841146e-03   9.312755e-10   291278
  6.182130e+00   4.964725e-07   1.834474e-03   9.494148e-10   278966
  6.188475e+00   4.951075e-07   1.838848e-03   9.627192e-10   269786
  6.194867e+00   4.906174e-07   1.848548e-03   9.629948e-10   261710
  6.201275e+00   4.881495e-07   1.841196e-03   9.823904e-10   250472
  6.207659e+00   4.903888e-07   1.840781e-03   1.005716e-09   239846
  6.214020e+00   4.893536e-07   1.837833e-03   1.021388e-09   229250
  6.220353e+00   4.882959e-07   1.827068e-03   1.043393e-09   218958
  6.226735e+00   4.877906e-07   1.853573e-03   1.060682e-09   213722
  6.233163e+00   4.869316e-07   1.842328e-03   1.083951e-09   203414
  6.239564e+00   4.856849e-07   1.844048e-03   1.102665e-09   193940
  6.245924e+00   4.851142e-07   1.836439e-03   1.131114e-09   183650
  6.252241e+00   4.883221e-07   1.829855e-03   1.167570e-09   174638
  6.258588e+00   4.839696e-07   1.843490e-03   1.180386e-09   168842
  6.265008e+00   4.824332e-07   1.847266e-03   1.201115e-09   161846
  6.271432e+00   4.869190e-07   1.841236e-03   1.241429e-09   153146
  6.277822e+00   4.853143e-07   1.840929e-03   1.280419e-09   144686
  6.284170e+00   4.875768e-07   1.837187e-03   1.318334e-09   136418
  6.290480e+00   4.892527e-07   1.823629e-03   1.374358e-09   128822
  6.296862e+00   4.878754e-07   1.856474e-03   1.380523e-09   124862
  6.303298e+00   4.869067e-07   1.842665e-03   1.428369e-09   117026
  6.309688e+00   4.850305e-07   1.840290e-03   1.460471e-09   109718
  6.316033e+00   4.875765e-07   1.835815e-03   1.521890e-09   102650
  6.322320e+00   4.928371e-07   1.808328e-03   1.601415e-09   95622
  6.328720e+00   4.879928e-07   1.871202e-03   1.589057e-09   93650
  6.335227e+00   4.908642e-07   1.849919e-03   1.657808e-09   86606
  6.341628e+00   4.963565e-07   1.828395e-03   1.761261e-09   79190
  6.347934e+00   4.978769e-07   1.839124e-03   1.828834e-09   73490
  6.354177e+00   4.973067e-07   1.810164e-03   1.907249e-09   67598
  6.360508e+00   4.954535e-07   1.844910e-03   1.956367e-09   65186
  6.367032e+00   5.031796e-07   1.858136e-03   2.045117e-09   61262
  6.373583e+00   4.995988e-07   1.851117e-03   2.132814e-09   55874
  6.379989e+00   5.059630e-07   1.823042e-03   2.288198e-09   49430
  6.386147e+00   5.060367e-07   1.803004e-03   2.412755e-09   43934
  6.392260e+00   5.069811e-07   1.790240e-03   2.518413e-09   41138
  6.398716e+00   5.069235e-07   1.870028e-03   2.500901e-09   40070
  6.405371e+00   5.120559e-07   1.854153e-03   2.672718e-09   35882
  6.411962e+00   5.147767e-07   1.842631e-03   2.891224e-09   31622
  6.418335e+00   5.163750e-07   1.817857e-03   3.170709e-09   26750
  6.424088e+00   5.219973e-07   1.593646e-03   3.591854e-09   21330
  6.430239e+00   5.259547e-07   1.860256e-03   3.466309e-09   23246
  6.436984e+00   5.293628e-07   1.855054e-03   3.694600e-09   20186
  6.443727e+00   5.280159e-07   1.848147e-03   4.100433e-09   17312
  6.450423e+00   5.263198e-07   1.830133e-03   4.378910e-09   14474
  6.456645e+00   5.415202e-07   1.688402e-03   5.356225e-09   10478
  6.462180e+00   5.415005e-07   1.692603e-03   5.619845e-09   9062
  6.468497e+00   5.478576e-07   1.842997e-03   5.860758e-09   8762
  6.475254e+00   5.542576e-07   1.841892e-03   6.526153e-09   6926
  6.482011e+00   5.458477e-07   1.840835e-03   7.574918e-09   5306
  6.488766e+00   5.513400e-07   1.839476e-03   8.824355e-09   3902
  6.494511e+00   5.720599e-07   1.128860e-03   1.304590e-08   1928
  6.500007e+00   5.336224e-07   1.834590e-03   1.200258e-08   2042
  6.506728e+00   5.705045e-07   1.826889e-03   1.544249e-08   1214
  6.513396e+00   5.287056e-07   1.806609e-03   2.293556e-08   602
  6.519909e+00   5.412226e-07   1.730042e-03   3.541727e-08   206
  6.525711e+00   5.105709e-07   9.814069e-04   9.067772e-08   24
