# power spectrum of pi_k * H (dimensionless)
# redshift z=99.597220
# k              Pk             sigma(k)       sigma(Pk)      count
  5.011399e-03   1.485355e-10   7.667927e-04   3.244085e-11   18
  1.037418e-02   2.224844e-10   1.725047e-03   2.274481e-11   128
  1.616528e-02   1.820845e-10   1.646572e-03   9.671083e-12   314
  2.269071e-02   1.135581e-10   1.954354e-03   4.138001e-12   728
  2.897169e-02   8.454002e-11   1.717946e-03   2.912137e-12   1016
  3.518826e-02   5.438013e-11   1.880676e-03   1.351962e-12   1682
  4.169479e-02   4.083759e-11   1.831736e-03   8.428041e-13   2300
  4.790974e-02   2.975275e-11   1.770731e-03   5.586714e-13   2906
  5.429022e-02   2.424678e-11   1.892687e-03   3.989017e-13   4040
  6.068098e-02   1.995845e-11   1.775551e-03   3.011075e-13   4712
  6.698900e-02   1.711355e-11   1.857705e-03   2.207341e-13   6002
  7.346135e-02   1.400642e-11   1.857594e-03   1.677451e-13   7256
  7.977379e-02   1.190002e-11   1.772571e-03   1.342147e-13   8120
  8.609019e-02   9.644221e-12   1.864951e-03   9.730350e-14   9950
  9.253636e-02   7.963285e-12   1.853578e-03   7.357068e-14   11384
  9.885187e-02   6.521786e-12   1.809244e-03   5.899496e-14   12666
  1.052712e-01   5.567164e-12   1.889168e-03   4.453792e-14   15104
  1.117654e-01   4.826112e-12   1.850532e-03   3.788329e-14   16616
  1.180754e-01   4.391378e-12   1.799489e-03   3.301315e-14   18026
  1.244216e-01   3.891251e-12   1.853405e-03   2.662734e-14   20696
  1.308065e-01   3.456845e-12   1.827918e-03   2.332404e-14   22436
  1.371558e-01   3.139192e-12   1.845873e-03   2.012515e-14   24962
  1.435394e-01   2.743429e-12   1.831283e-03   1.651326e-14   27176
  1.499133e-01   2.380704e-12   1.847268e-03   1.387308e-14   29810
  1.562775e-01   2.098342e-12   1.828450e-03   1.184164e-14   32120
  1.626776e-01   1.850275e-12   1.865216e-03   9.857411e-15   35432
  1.690383e-01   1.688664e-12   1.814577e-03   8.757589e-15   37238
  1.754019e-01   1.539456e-12   1.856016e-03   7.592802e-15   41072
  1.817869e-01   1.400788e-12   1.834293e-03   6.786749e-15   43472
  1.881565e-01   1.305231e-12   1.848176e-03   6.039094e-15   47042
  1.945298e-01   1.218201e-12   1.829223e-03   5.525715e-15   49712
  2.008693e-01   1.110097e-12   1.840592e-03   4.863222e-15   53226
  2.072637e-01   9.926337e-13   1.853753e-03   4.136261e-15   57320
  2.136558e-01   9.114612e-13   1.831629e-03   3.738219e-15   60092
  2.200056e-01   8.348280e-13   1.839426e-03   3.314070e-15   63914
  2.263950e-01   7.608492e-13   1.849752e-03   2.906940e-15   68192
  2.327751e-01   7.037096e-13   1.833934e-03   2.641436e-15   71336
  2.391397e-01   6.508606e-13   1.845607e-03   2.365527e-15   75818
  2.455297e-01   6.070653e-13   1.844019e-03   2.154326e-15   79880
  2.518964e-01   5.708679e-13   1.834462e-03   1.970826e-15   83642
  2.582661e-01   5.365944e-13   1.840779e-03   1.801274e-15   88316
  2.646730e-01   4.987094e-13   1.859422e-03   1.636191e-15   93488
  2.710484e-01   4.634869e-13   1.827184e-03   1.492142e-15   96458
  2.773871e-01   4.316829e-13   1.829038e-03   1.375212e-15   101264
  2.837816e-01   4.007471e-13   1.862873e-03   1.218189e-15   107696
  2.901819e-01   3.713932e-13   1.837217e-03   1.114799e-15   111170
  2.965233e-01   3.531260e-13   1.822285e-03   1.038574e-15   115232
  3.028941e-01   3.306835e-13   1.855375e-03   9.466346e-16   122310
  3.093019e-01   3.108228e-13   1.843350e-03   8.731153e-16   126944
  3.156739e-01   2.949985e-13   1.828600e-03   8.146789e-16   131192
  3.220432e-01   2.787515e-13   1.844535e-03   7.558368e-16   137618
  3.284234e-01   2.630209e-13   1.836674e-03   6.961022e-16   142448
  3.347979e-01   2.466306e-13   1.844704e-03   6.386008e-16   148520
  3.411627e-01   2.333886e-13   1.831436e-03   6.010069e-16   153254
  3.475446e-01   2.209514e-13   1.852010e-03   5.531988e-16   160760
  3.539284e-01   2.060846e-13   1.835751e-03   5.036410e-16   165290
  3.603019e-01   1.967435e-13   1.840148e-03   4.752873e-16   171992
  3.666828e-01   1.865723e-13   1.840217e-03   4.443200e-16   177800
  3.730569e-01   1.777058e-13   1.843032e-03   4.154701e-16   184322
  3.794439e-01   1.687906e-13   1.841595e-03   3.882333e-16   190832
  3.858239e-01   1.601941e-13   1.839260e-03   3.639941e-16   196772
  3.921872e-01   1.531530e-13   1.836453e-03   3.409570e-16   202970
  3.985536e-01   1.461323e-13   1.839266e-03   3.190758e-16   210056
  4.049173e-01   1.391969e-13   1.832832e-03   2.994275e-16   216210
  4.112896e-01   1.324121e-13   1.841640e-03   2.790639e-16   224168
  4.176700e-01   1.253239e-13   1.840761e-03   2.622320e-16   230792
  4.240565e-01   1.204043e-13   1.846256e-03   2.470114e-16   238778
  4.304312e-01   1.140580e-13   1.831772e-03   2.307248e-16   243956
  4.367939e-01   1.097510e-13   1.845141e-03   2.183097e-16   252680
  4.431746e-01   1.047700e-13   1.842020e-03   2.057406e-16   260066
  4.495713e-01   1.003584e-13   1.849294e-03   1.936251e-16   268712
  4.559494e-01   9.641103e-14   1.834336e-03   1.841795e-16   274034
  4.623270e-01   9.144772e-14   1.847366e-03   1.719820e-16   283904
  4.687088e-01   8.785241e-14   1.837425e-03   1.629347e-16   290048
  4.750707e-01   8.396628e-14   1.836659e-03   1.545514e-16   297950
  4.814434e-01   8.073165e-14   1.842026e-03   1.467684e-16   306968
  4.878269e-01   7.800138e-14   1.843240e-03   1.392706e-16   315320
  4.942006e-01   7.412255e-14   1.835899e-03   1.304993e-16   322346
  5.005701e-01   7.142256e-14   1.842589e-03   1.238054e-16   331664
  5.069538e-01   6.846396e-14   1.844896e-03   1.170697e-16   340818
  5.133346e-01   6.629271e-14   1.837322e-03   1.123499e-16   348164
  5.197083e-01   6.357401e-14   1.843548e-03   1.063244e-16   357584
  5.260929e-01   6.110671e-14   1.846059e-03   1.006278e-16   367106
  5.324635e-01   5.882968e-14   1.832285e-03   9.604741e-17   373376
  5.388350e-01   5.649923e-14   1.848023e-03   9.078860e-17   385376
  5.452233e-01   5.455326e-14   1.842356e-03   8.695089e-17   393650
  5.516038e-01   5.238429e-14   1.840588e-03   8.246929e-17   402704
  5.579656e-01   5.050959e-14   1.830970e-03   7.896938e-17   409910
  5.643320e-01   4.884630e-14   1.843407e-03   7.549546e-17   422024
  5.707212e-01   4.695505e-14   1.846526e-03   7.126222e-17   432176
  5.771022e-01   4.543552e-14   1.837404e-03   6.867111e-17   440066
  5.834769e-01   4.394485e-14   1.841263e-03   6.535797e-17   450680
  5.898365e-01   4.232996e-14   1.831084e-03   6.261318e-17   457856
  5.962115e-01   4.105492e-14   1.848347e-03   5.948982e-17   472538
  6.026013e-01   3.971592e-14   1.839689e-03   5.742965e-17   480140
  6.089752e-01   3.824051e-14   1.841279e-03   5.470365e-17   490842
  6.153517e-01   3.706625e-14   1.838382e-03   5.242097e-17   500744
  6.217295e-01   3.581043e-14   1.842392e-03   5.008702e-17   511856
  6.281145e-01   3.464730e-14   1.844734e-03   4.794616e-17   523202
  6.344991e-01   3.353276e-14   1.840396e-03   4.606194e-17   532688
  6.408638e-01   3.248861e-14   1.834541e-03   4.444754e-17   541520
  6.472341e-01   3.144057e-14   1.842653e-03   4.231993e-17   555110
  6.536136e-01   3.048944e-14   1.839126e-03   4.053058e-17   564944
  6.599884e-01   2.940854e-14   1.839832e-03   3.885761e-17   576434
  6.663740e-01   2.854162e-14   1.844405e-03   3.724914e-17   588848
  6.727501e-01   2.771995e-14   1.838623e-03   3.591376e-17   597704
  6.791236e-01   2.682476e-14   1.842386e-03   3.436986e-17   610946
  6.855006e-01   2.608271e-14   1.837794e-03   3.313799e-17   620852
  6.918722e-01   2.527064e-14   1.841901e-03   3.183931e-17   633530
  6.982524e-01   2.449652e-14   1.841844e-03   3.056311e-17   645704
  7.046316e-01   2.378897e-14   1.840565e-03   2.947834e-17   656744
  7.110074e-01   2.314852e-14   1.841941e-03   2.828992e-17   669162
  7.173906e-01   2.249077e-14   1.843286e-03   2.722638e-17   681992
  7.237681e-01   2.179870e-14   1.838959e-03   2.629023e-17   692360
  7.301485e-01   2.116956e-14   1.844364e-03   2.524998e-17   707006
  7.365206e-01   2.057609e-14   1.834135e-03   2.437345e-17   714944
  7.428835e-01   2.007843e-14   1.841775e-03   2.349413e-17   730346
  7.492606e-01   1.948344e-14   1.838962e-03   2.266944e-17   742616
  7.556415e-01   1.896002e-14   1.843530e-03   2.179415e-17   756536
  7.620128e-01   1.838956e-14   1.836595e-03   2.104397e-17   766418
  7.683917e-01   1.788573e-14   1.845753e-03   2.021456e-17   783392
  7.747614e-01   1.741909e-14   1.833632e-03   1.965616e-17   790412
  7.811334e-01   1.695725e-14   1.848120e-03   1.884952e-17   810314
  7.875277e-01   1.652039e-14   1.843702e-03   1.822232e-17   821960
  7.938987e-01   1.610646e-14   1.834976e-03   1.764680e-17   831266
  8.002712e-01   1.561654e-14   1.843706e-03   1.697433e-17   848960
  8.066557e-01   1.522398e-14   1.842629e-03   1.642813e-17   861488
  8.130204e-01   1.483562e-14   1.833334e-03   1.594626e-17   871194
  8.193985e-01   1.445415e-14   1.847247e-03   1.530051e-17   891788
  8.257796e-01   1.409857e-14   1.838008e-03   1.487021e-17   900416
  8.321422e-01   1.377098e-14   1.836250e-03   1.438866e-17   914306
  8.385264e-01   1.338077e-14   1.847988e-03   1.385705e-17   933992
  8.449011e-01   1.303988e-14   1.834294e-03   1.345928e-17   940826
  8.512701e-01   1.275014e-14   1.842364e-03   1.307166e-17   960224
  8.576621e-01   1.241777e-14   1.846556e-03   1.257574e-17   976316
  8.640381e-01   1.208686e-14   1.835724e-03   1.215641e-17   985010
  8.704114e-01   1.181492e-14   1.843336e-03   1.180532e-17   1004024
  8.767898e-01   1.148969e-14   1.839706e-03   1.143876e-17   1016288
  8.831639e-01   1.126575e-14   1.840690e-03   1.109128e-17   1032290
  8.895470e-01   1.097846e-14   1.843156e-03   1.073373e-17   1048640
  8.959130e-01   1.069195e-14   1.831919e-03   1.040796e-17   1057250
  9.022937e-01   1.048784e-14   1.849588e-03   1.008540e-17   1083140
  9.086870e-01   1.024022e-14   1.840763e-03   9.823066e-18   1092248
  9.150555e-01   9.971582e-15   1.837510e-03   9.493409e-18   1105914
  9.214310e-01   9.739268e-15   1.841822e-03   9.176333e-18   1124744
  9.278120e-01   9.527923e-15   1.841202e-03   8.940120e-18   1139120
  9.341841e-01   9.318321e-15   1.838536e-03   8.663030e-18   1153490
  9.405650e-01   9.088613e-15   1.844187e-03   8.402179e-18   1172936
  9.469357e-01   8.898996e-15   1.834491e-03   8.199601e-18   1182158
  9.533110e-01   8.678953e-15   1.846126e-03   7.878709e-18   1206392
  9.596894e-01   8.480478e-15   1.835525e-03   7.687229e-18   1215224
  9.660641e-01   8.297193e-15   1.844936e-03   7.447477e-18   1237874
  9.724505e-01   8.124078e-15   1.841050e-03   7.265189e-18   1251800
  9.788233e-01   7.926517e-15   1.838619e-03   7.041254e-18   1265792
  9.851993e-01   7.785580e-15   1.843109e-03   6.879554e-18   1286306
  9.915793e-01   7.597822e-15   1.838809e-03   6.683055e-18   1299764
  9.979438e-01   7.441174e-15   1.836769e-03   6.488221e-18   1314554
  1.004319e+00   7.262068e-15   1.843595e-03   6.285634e-18   1337288
  1.010703e+00   7.114863e-15   1.840912e-03   6.113048e-18   1351304
  1.017077e+00   6.958348e-15   1.841769e-03   5.921990e-18   1369026
  1.023461e+00   6.808635e-15   1.843478e-03   5.776188e-18   1388456
  1.029842e+00   6.675676e-15   1.840406e-03   5.653831e-18   1402700
  1.036211e+00   6.530067e-15   1.837802e-03   5.490588e-18   1418282
  1.042587e+00   6.398163e-15   1.843596e-03   5.333965e-18   1440272
  1.048964e+00   6.264990e-15   1.838705e-03   5.198688e-18   1454114
  1.055341e+00   6.127314e-15   1.842603e-03   5.043366e-18   1475480
  1.061720e+00   6.013083e-15   1.840520e-03   4.921569e-18   1490936
  1.068091e+00   5.876045e-15   1.838519e-03   4.786068e-18   1507826
  1.074472e+00   5.763341e-15   1.844275e-03   4.671534e-18   1530764
  1.080850e+00   5.638940e-15   1.839052e-03   4.533230e-18   1543424
  1.087222e+00   5.539935e-15   1.841688e-03   4.429164e-18   1564946
  1.093594e+00   5.426728e-15   1.835875e-03   4.312379e-18   1578536
  1.099970e+00   5.316137e-15   1.845670e-03   4.191812e-18   1604882
  1.106358e+00   5.211889e-15   1.842454e-03   4.094041e-18   1621304
  1.112736e+00   5.101321e-15   1.839545e-03   3.998695e-18   1637024
  1.119103e+00   5.007913e-15   1.837794e-03   3.902202e-18   1654134
  1.125480e+00   4.908834e-15   1.844256e-03   3.792920e-18   1679168
  1.131864e+00   4.814584e-15   1.841903e-03   3.695750e-18   1695944
  1.138235e+00   4.726089e-15   1.836568e-03   3.612984e-18   1710602
  1.144612e+00   4.634884e-15   1.844777e-03   3.521998e-18   1737056
  1.150994e+00   4.545025e-15   1.840390e-03   3.435417e-18   1752602
  1.157370e+00   4.451453e-15   1.839227e-03   3.346199e-18   1772024
  1.163752e+00   4.369964e-15   1.844090e-03   3.267020e-18   1795364
  1.170126e+00   4.286373e-15   1.836467e-03   3.192320e-18   1807634
  1.176490e+00   4.208466e-15   1.836183e-03   3.113388e-18   1827608
  1.182859e+00   4.126314e-15   1.840789e-03   3.033174e-18   1850984
  1.189240e+00   4.046194e-15   1.844107e-03   2.953045e-18   1874618
  1.195619e+00   3.974076e-15   1.838445e-03   2.892192e-18   1889504
  1.202001e+00   3.902724e-15   1.845373e-03   2.820876e-18   1916870
  1.208383e+00   3.825451e-15   1.838254e-03   2.754957e-18   1929728
  1.214760e+00   3.764649e-15   1.843674e-03   2.692730e-18   1955408
  1.221131e+00   3.691257e-15   1.834427e-03   2.629039e-18   1966842
  1.227503e+00   3.622598e-15   1.843005e-03   2.564721e-18   1996640
  1.233886e+00   3.560305e-15   1.842690e-03   2.513614e-18   2016392
  1.240265e+00   3.497078e-15   1.839730e-03   2.448110e-18   2034722
  1.246641e+00   3.426447e-15   1.840813e-03   2.389139e-18   2056460
  1.253014e+00   3.369337e-15   1.838931e-03   2.340021e-18   2075186
  1.259388e+00   3.309268e-15   1.840566e-03   2.287175e-18   2099096
  1.265761e+00   3.254127e-15   1.837910e-03   2.237892e-18   2116832
  1.272138e+00   3.192234e-15   1.844119e-03   2.179300e-18   2145146
  1.278526e+00   3.133284e-15   1.844128e-03   2.128502e-18   2166776
  1.284904e+00   3.083195e-15   1.838822e-03   2.085862e-18   2181848
  1.291273e+00   3.029959e-15   1.838785e-03   2.043310e-18   2203766
  1.297646e+00   2.974953e-15   1.840619e-03   1.990517e-18   2227664
  1.304025e+00   2.924635e-15   1.842381e-03   1.949809e-18   2252138
  1.310403e+00   2.870089e-15   1.839825e-03   1.905908e-18   2271152
  1.316777e+00   2.824181e-15   1.840536e-03   1.863573e-18   2293256
  1.323154e+00   2.777417e-15   1.842085e-03   1.828945e-18   2318130
  1.329536e+00   2.732486e-15   1.841956e-03   1.788079e-18   2340824
  1.335910e+00   2.681728e-15   1.838342e-03   1.748330e-18   2357990
  1.342292e+00   2.637755e-15   1.846396e-03   1.706124e-18   2391176
  1.348671e+00   2.595517e-15   1.837209e-03   1.673483e-18   2401808
  1.355040e+00   2.553558e-15   1.840258e-03   1.637948e-18   2428442
  1.361418e+00   2.508501e-15   1.842645e-03   1.600340e-18   2454752
  1.367798e+00   2.463139e-15   1.841270e-03   1.566375e-18   2475872
  1.374172e+00   2.423073e-15   1.838763e-03   1.534623e-18   2495822
  1.380543e+00   2.382921e-15   1.839940e-03   1.500174e-18   2520248
  1.386922e+00   2.342217e-15   1.844043e-03   1.469117e-18   2549186
  1.393299e+00   2.307390e-15   1.837661e-03   1.439586e-18   2564768
  1.399672e+00   2.271865e-15   1.841284e-03   1.412864e-18   2592968
  1.406054e+00   2.231290e-15   1.843378e-03   1.381335e-18   2619818
  1.412431e+00   2.199253e-15   1.838027e-03   1.356828e-18   2636384
  1.418803e+00   2.159737e-15   1.840293e-03   1.325661e-18   2662220
  1.425180e+00   2.127002e-15   1.842524e-03   1.297426e-18   2689770
  1.431560e+00   2.093323e-15   1.840994e-03   1.271173e-18   2712296
  1.437933e+00   2.058195e-15   1.838431e-03   1.245435e-18   2732618
  1.444312e+00   2.024403e-15   1.843932e-03   1.216637e-18   2765264
  1.450695e+00   1.996591e-15   1.840894e-03   1.196217e-18   2784824
  1.457066e+00   1.962434e-15   1.837138e-03   1.170708e-18   2804162
  1.463445e+00   1.934416e-15   1.844971e-03   1.147308e-18   2840612
  1.469825e+00   1.902958e-15   1.839130e-03   1.126988e-18   2855576
  1.476198e+00   1.870169e-15   1.840533e-03   1.101361e-18   2883458
  1.482571e+00   1.844413e-15   1.838217e-03   1.082773e-18   2904128
  1.488946e+00   1.815600e-15   1.843378e-03   1.060096e-18   2937026
  1.495325e+00   1.787275e-15   1.839218e-03   1.039252e-18   2956976
  1.501703e+00   1.758543e-15   1.841967e-03   1.017401e-18   2986472
  1.508082e+00   1.733757e-15   1.840166e-03   9.993499e-19   3008918
  1.514460e+00   1.704559e-15   1.841773e-03   9.780538e-19   3036752
  1.520836e+00   1.681102e-15   1.839884e-03   9.612151e-19   3058376
  1.527209e+00   1.656649e-15   1.839616e-03   9.431989e-19   3084210
  1.533583e+00   1.629973e-15   1.840948e-03   9.234198e-19   3111848
  1.539960e+00   1.605702e-15   1.841348e-03   9.059654e-19   3138890
  1.546339e+00   1.581271e-15   1.840626e-03   8.901580e-19   3164516
  1.552719e+00   1.557455e-15   1.842638e-03   8.709686e-19   3192656
  1.559097e+00   1.533177e-15   1.840555e-03   8.546713e-19   3215618
  1.565473e+00   1.511212e-15   1.840732e-03   8.394448e-19   3242888
  1.571846e+00   1.489215e-15   1.839114e-03   8.232769e-19   3265448
  1.578224e+00   1.466854e-15   1.843575e-03   8.077249e-19   3300842
  1.584604e+00   1.443856e-15   1.839884e-03   7.926610e-19   3321008
  1.590977e+00   1.422612e-15   1.839336e-03   7.783310e-19   3346406
  1.597352e+00   1.401736e-15   1.841596e-03   7.625845e-19   3377984
  1.603728e+00   1.381653e-15   1.839551e-03   7.483297e-19   3400352
  1.610103e+00   1.363701e-15   1.841321e-03   7.362058e-19   3431450
  1.616483e+00   1.341757e-15   1.841519e-03   7.209423e-19   3458768
  1.622859e+00   1.322392e-15   1.841183e-03   7.084376e-19   3484088
  1.629231e+00   1.305352e-15   1.838425e-03   6.970250e-19   3508218
  1.635610e+00   1.285671e-15   1.843946e-03   6.833841e-19   3545924
  1.641992e+00   1.266192e-15   1.841053e-03   6.709497e-19   3567530
  1.648369e+00   1.249035e-15   1.840183e-03   6.587550e-19   3595040
  1.654744e+00   1.232036e-15   1.840167e-03   6.482778e-19   3621176
  1.661115e+00   1.212938e-15   1.839521e-03   6.346242e-19   3647738
  1.667490e+00   1.196444e-15   1.841438e-03   6.232082e-19   3680480
  1.673870e+00   1.178776e-15   1.842082e-03   6.123116e-19   3709712
  1.680248e+00   1.162713e-15   1.840008e-03   6.017812e-19   3734702
  1.686623e+00   1.145430e-15   1.840362e-03   5.902799e-19   3762776
  1.692996e+00   1.129400e-15   1.839854e-03   5.809240e-19   3790514
  1.699371e+00   1.113925e-15   1.839908e-03   5.699913e-19   3820352
  1.705752e+00   1.098486e-15   1.844068e-03   5.595116e-19   3856016
  1.712131e+00   1.083636e-15   1.839690e-03   5.512195e-19   3876818
  1.718506e+00   1.069400e-15   1.839874e-03   5.409089e-19   3906332
  1.724882e+00   1.054405e-15   1.841963e-03   5.313762e-19   3938216
  1.731260e+00   1.038191e-15   1.840685e-03   5.214081e-19   3966354
  1.737636e+00   1.024203e-15   1.839695e-03   5.125772e-19   3993536
  1.744011e+00   1.010168e-15   1.840344e-03   5.042078e-19   4024034
  1.750392e+00   9.978522e-16   1.843071e-03   4.953083e-19   4060208
  1.756773e+00   9.820204e-16   1.840812e-03   4.860087e-19   4083632
  1.763145e+00   9.712160e-16   1.837811e-03   4.797225e-19   4107062
  1.769521e+00   9.563086e-16   1.842771e-03   4.695434e-19   4148072
  1.775893e+00   9.435681e-16   1.836707e-03   4.626305e-19   4163456
  1.782267e+00   9.307767e-16   1.842476e-03   4.535997e-19   4207994
  1.788652e+00   9.180653e-16   1.843367e-03   4.461885e-19   4239152
  1.795029e+00   9.064688e-16   1.839132e-03   4.396182e-19   4259426
  1.801407e+00   8.939214e-16   1.842524e-03   4.312846e-19   4299488
  1.807788e+00   8.826724e-16   1.840660e-03   4.243520e-19   4323692
  1.814162e+00   8.701288e-16   1.840093e-03   4.175439e-19   4353242
  1.820541e+00   8.596773e-16   1.841694e-03   4.103369e-19   4388792
  1.826915e+00   8.481482e-16   1.838387e-03   4.039716e-19   4409912
  1.833288e+00   8.361417e-16   1.841592e-03   3.967207e-19   4449282
  1.839667e+00   8.242622e-16   1.840784e-03   3.899225e-19   4478504
  1.846041e+00   8.148776e-16   1.839106e-03   3.837534e-19   4505882
  1.852417e+00   8.043608e-16   1.841020e-03   3.773588e-19   4542044
  1.858793e+00   7.931615e-16   1.840344e-03   3.713054e-19   4569608
  1.865169e+00   7.831088e-16   1.841195e-03   3.650487e-19   4604426
  1.871550e+00   7.728685e-16   1.842311e-03   3.586967e-19   4638896
  1.877925e+00   7.629953e-16   1.838827e-03   3.534386e-19   4660088
  1.884299e+00   7.523839e-16   1.841797e-03   3.474510e-19   4701290
  1.890678e+00   7.427126e-16   1.840619e-03   3.419303e-19   4729292
  1.897054e+00   7.339654e-16   1.841565e-03   3.365208e-19   4762706
  1.903435e+00   7.245961e-16   1.842610e-03   3.307301e-19   4799336
  1.909810e+00   7.152226e-16   1.837970e-03   3.258923e-19   4818680
  1.916185e+00   7.065833e-16   1.842882e-03   3.204868e-19   4863962
  1.922563e+00   6.970036e-16   1.839027e-03   3.157090e-19   4886216
  1.928938e+00   6.871658e-16   1.841692e-03   3.098301e-19   4925360
  1.935312e+00   6.789433e-16   1.838487e-03   3.050161e-19   4950198
  1.941682e+00   6.714344e-16   1.839228e-03   3.009482e-19   4983776
  1.948062e+00   6.631455e-16   1.844717e-03   2.955546e-19   5032058
  1.954444e+00   6.530480e-16   1.839748e-03   2.907158e-19   5052296
  1.960816e+00   6.460261e-16   1.839118e-03   2.867554e-19   5081048
  1.967192e+00   6.376963e-16   1.843475e-03   2.818938e-19   5127146
  1.973574e+00   6.295685e-16   1.841069e-03   2.774297e-19   5155376
  1.979948e+00   6.221826e-16   1.838766e-03   2.734430e-19   5181068
  1.986324e+00   6.141149e-16   1.842536e-03   2.688479e-19   5225906
  1.992703e+00   6.058463e-16   1.840301e-03   2.647428e-19   5253224
  1.999075e+00   5.986605e-16   1.838471e-03   2.605115e-19   5281154
  2.005453e+00   5.915356e-16   1.843666e-03   2.559349e-19   5330336
  2.011834e+00   5.839144e-16   1.840278e-03   2.524314e-19   5354120
  2.018204e+00   5.771307e-16   1.837177e-03   2.486708e-19   5380154
  2.024582e+00   5.703504e-16   1.844004e-03   2.446405e-19   5433740
  2.030964e+00   5.630871e-16   1.841066e-03   2.410904e-19   5458202
  2.037337e+00   5.560189e-16   1.838473e-03   2.376012e-19   5486424
  2.043713e+00   5.494533e-16   1.842073e-03   2.336404e-19   5530640
  2.050092e+00   5.425638e-16   1.840865e-03   2.303168e-19   5561162
  2.056472e+00   5.360196e-16   1.842354e-03   2.264571e-19   5601512
  2.062848e+00   5.295468e-16   1.838550e-03   2.235010e-19   5623244
  2.069220e+00   5.229761e-16   1.840849e-03   2.197402e-19   5665346
  2.075598e+00   5.164788e-16   1.841113e-03   2.161059e-19   5702384
  2.081975e+00   5.109372e-16   1.840298e-03   2.134211e-19   5734706
  2.088353e+00   5.044818e-16   1.841301e-03   2.099055e-19   5773184
  2.094733e+00   4.989315e-16   1.841946e-03   2.068308e-19   5809568
  2.101105e+00   4.924275e-16   1.837552e-03   2.041155e-19   5831090
  2.107479e+00   4.864222e-16   1.842206e-03   2.008142e-19   5881964
  2.113859e+00   4.812566e-16   1.841213e-03   1.981413e-19   5913416
  2.120238e+00   4.747850e-16   1.841923e-03   1.946139e-19   5952290
  2.126616e+00   4.696035e-16   1.839865e-03   1.920268e-19   5981144
  2.132988e+00   4.639065e-16   1.839742e-03   1.893072e-19   6015290
  2.139364e+00   4.582233e-16   1.841927e-03   1.861747e-19   6059664
  2.145743e+00   4.531463e-16   1.840799e-03   1.835977e-19   6092336
  2.152122e+00   4.478973e-16   1.842086e-03   1.809094e-19   6132806
  2.158501e+00   4.424711e-16   1.841321e-03   1.782822e-19   6166832
  2.164873e+00   4.375223e-16   1.837443e-03   1.759266e-19   6189272
  2.171243e+00   4.321528e-16   1.841004e-03   1.732084e-19   6238154
  2.177621e+00   4.271769e-16   1.841080e-03   1.704031e-19   6275288
  2.184000e+00   4.223747e-16   1.842241e-03   1.680586e-19   6316322
  2.190379e+00   4.176193e-16   1.840641e-03   1.657611e-19   6348488
  2.196756e+00   4.119613e-16   1.841212e-03   1.631203e-19   6385868
  2.203134e+00   4.079051e-16   1.841850e-03   1.608576e-19   6425378
  2.209510e+00   4.028974e-16   1.839408e-03   1.584560e-19   6455360
  2.215886e+00   3.984248e-16   1.841392e-03   1.562821e-19   6498176
  2.222261e+00   3.937285e-16   1.840198e-03   1.541131e-19   6531674
  2.228637e+00   3.895710e-16   1.841209e-03   1.521576e-19   6573368
  2.235015e+00   3.846321e-16   1.841417e-03   1.495735e-19   6611246
  2.241392e+00   3.803802e-16   1.840803e-03   1.474959e-19   6647424
  2.247770e+00   3.760014e-16   1.841365e-03   1.454637e-19   6687488
  2.254147e+00   3.719962e-16   1.839919e-03   1.436514e-19   6721250
  2.260520e+00   3.675493e-16   1.839077e-03   1.414347e-19   6755816
  2.266897e+00   3.634202e-16   1.842933e-03   1.392882e-19   6806504
  2.273276e+00   3.592140e-16   1.840584e-03   1.375291e-19   6837506
  2.279651e+00   3.555377e-16   1.839474e-03   1.357584e-19   6871556
  2.286030e+00   3.510638e-16   1.843489e-03   1.334207e-19   6924938
  2.292407e+00   3.471602e-16   1.838210e-03   1.315894e-19   6945320
  2.298778e+00   3.431425e-16   1.839118e-03   1.298227e-19   6986072
  2.305158e+00   3.394605e-16   1.844888e-03   1.279162e-19   7046642
  2.311538e+00   3.359162e-16   1.838415e-03   1.265052e-19   7061168
  2.317910e+00   3.317290e-16   1.840538e-03   1.244903e-19   7108064
  2.324288e+00   3.282834e-16   1.841488e-03   1.228118e-19   7151822
  2.330666e+00   3.246917e-16   1.840837e-03   1.212166e-19   7187600
  2.337045e+00   3.208935e-16   1.841819e-03   1.193526e-19   7231418
  2.343420e+00   3.173389e-16   1.838266e-03   1.177860e-19   7257912
  2.349793e+00   3.138012e-16   1.841246e-03   1.160044e-19   7307840
  2.356171e+00   3.103646e-16   1.840707e-03   1.145426e-19   7346618
  2.362545e+00   3.070524e-16   1.838315e-03   1.131393e-19   7376552
  2.368920e+00   3.034823e-16   1.842635e-03   1.114770e-19   7431740
  2.375299e+00   3.002977e-16   1.840580e-03   1.098843e-19   7464458
  2.381675e+00   2.968991e-16   1.840724e-03   1.084020e-19   7505672
  2.388054e+00   2.937300e-16   1.841875e-03   1.069389e-19   7550906
  2.394430e+00   2.907221e-16   1.839274e-03   1.056332e-19   7580720
  2.400808e+00   2.874717e-16   1.843124e-03   1.040478e-19   7635944
  2.407183e+00   2.842228e-16   1.837385e-03   1.027912e-19   7653254
  2.413557e+00   2.812994e-16   1.842500e-03   1.013582e-19   7714712
  2.419937e+00   2.782854e-16   1.841714e-03   9.992327e-20   7751840
  2.426315e+00   2.750613e-16   1.840093e-03   9.856915e-20   7788170
  2.432690e+00   2.721492e-16   1.840288e-03   9.726312e-20   7828544
  2.439067e+00   2.691364e-16   1.841589e-03   9.596945e-20   7874474
  2.445442e+00   2.662861e-16   1.838917e-03   9.478578e-20   7906032
  2.451817e+00   2.632396e-16   1.841643e-03   9.335077e-20   7957580
  2.458195e+00   2.606986e-16   1.840967e-03   9.224884e-20   7995962
  2.464573e+00   2.580683e-16   1.841319e-03   9.098199e-20   8038976
  2.470951e+00   2.550530e-16   1.841937e-03   8.974962e-20   8082320
  2.477329e+00   2.523905e-16   1.840784e-03   8.865892e-20   8120450
  2.483701e+00   2.496123e-16   1.838200e-03   8.748224e-20   8150312
  2.490075e+00   2.467682e-16   1.842025e-03   8.614333e-20   8210450
  2.496455e+00   2.442359e-16   1.840554e-03   8.509464e-20   8246732
  2.502832e+00   2.416972e-16   1.841458e-03   8.390464e-20   8290256
  2.509210e+00   2.391736e-16   1.841232e-03   8.289783e-20   8333306
  2.515587e+00   2.364654e-16   1.840510e-03   8.166274e-20   8372312
  2.521962e+00   2.340900e-16   1.840644e-03   8.072547e-20   8413472
  2.528337e+00   2.319113e-16   1.840038e-03   7.972452e-20   8455634
  2.534714e+00   2.291178e-16   1.841410e-03   7.861253e-20   8503736
  2.541090e+00   2.270451e-16   1.840703e-03   7.771465e-20   8542814
  2.547468e+00   2.242933e-16   1.841283e-03   7.650617e-20   8589960
  2.553847e+00   2.218018e-16   1.841675e-03   7.554187e-20   8633912
  2.560223e+00   2.195994e-16   1.839336e-03   7.463039e-20   8666690
  2.566599e+00   2.171509e-16   1.842209e-03   7.349278e-20   8722544
  2.572977e+00   2.150148e-16   1.840585e-03   7.266765e-20   8758112
  2.579352e+00   2.126475e-16   1.839548e-03   7.170052e-20   8798750
  2.585728e+00   2.106955e-16   1.841277e-03   7.087878e-20   8848808
  2.592104e+00   2.084104e-16   1.840251e-03   6.994772e-20   8889170
  2.598481e+00   2.061709e-16   1.840227e-03   6.898047e-20   8934608
  2.604856e+00   2.042141e-16   1.839643e-03   6.815805e-20   8971640
  2.611232e+00   2.021826e-16   1.842388e-03   6.726142e-20   9029954
  2.617612e+00   1.999721e-16   1.840920e-03   6.639583e-20   9067856
  2.623987e+00   1.979763e-16   1.839672e-03   6.560626e-20   9104444
  2.630367e+00   1.957038e-16   1.843923e-03   6.462146e-20   9171242
  2.636745e+00   1.938282e-16   1.838017e-03   6.400837e-20   9185528
  2.643114e+00   1.918372e-16   1.839022e-03   6.317680e-20   9235394
  2.649494e+00   1.897924e-16   1.844050e-03   6.225214e-20   9305688
  2.655872e+00   1.878712e-16   1.838662e-03   6.154500e-20   9321824
  2.662249e+00   1.860365e-16   1.843226e-03   6.068218e-20   9392090
  2.668628e+00   1.840221e-16   1.839001e-03   6.002354e-20   9414332
  2.675000e+00   1.822194e-16   1.840415e-03   5.924569e-20   9465410
  2.681380e+00   1.803431e-16   1.842364e-03   5.839645e-20   9523760
  2.687758e+00   1.783531e-16   1.839771e-03   5.774415e-20   9553832
  2.694133e+00   1.767441e-16   1.840855e-03   5.694086e-20   9604298
  2.700510e+00   1.748166e-16   1.840893e-03   5.627954e-20   9651176
  2.706885e+00   1.730319e-16   1.839603e-03   5.556613e-20   9687704
  2.713262e+00   1.713836e-16   1.842393e-03   5.488397e-20   9748574
  2.719643e+00   1.698126e-16   1.842290e-03   5.425446e-20   9794624
  2.726015e+00   1.677740e-16   1.836766e-03   5.359511e-20   9811370
  2.732389e+00   1.663349e-16   1.842921e-03   5.290566e-20   9891320
  2.738770e+00   1.645330e-16   1.841218e-03   5.225221e-20   9926024
  2.745146e+00   1.629695e-16   1.840208e-03   5.161081e-20   9967586
  2.751522e+00   1.614601e-16   1.840755e-03   5.098421e-20   10018116
  2.757897e+00   1.595920e-16   1.840456e-03   5.031138e-20   10060280
  2.764274e+00   1.579269e-16   1.841667e-03   4.966247e-20   10115450
  2.770654e+00   1.564259e-16   1.841837e-03   4.908671e-20   10164368
  2.777028e+00   1.548828e-16   1.838094e-03   4.850493e-20   10188314
  2.783404e+00   1.532977e-16   1.843290e-03   4.783676e-20   10265168
  2.789784e+00   1.519651e-16   1.840160e-03   4.740943e-20   10294448
  2.796159e+00   1.502818e-16   1.840640e-03   4.672231e-20   10343918
  2.802537e+00   1.488490e-16   1.841730e-03   4.616373e-20   10397600
  2.808913e+00   1.474471e-16   1.840311e-03   4.565976e-20   10435328
  2.815285e+00   1.459367e-16   1.838957e-03   4.507468e-20   10476698
  2.821661e+00   1.444104e-16   1.842237e-03   4.447113e-20   10543184
  2.828039e+00   1.430491e-16   1.839935e-03   4.397551e-20   10577834
  2.834417e+00   1.415353e-16   1.842252e-03   4.340541e-20   10641560
  2.840795e+00   1.402652e-16   1.839115e-03   4.294163e-20   10668452
  2.847169e+00   1.388841e-16   1.841467e-03   4.240886e-20   10729634
  2.853544e+00   1.373999e-16   1.839115e-03   4.188230e-20   10766520
  2.859920e+00   1.361476e-16   1.841423e-03   4.136861e-20   10825856
  2.866300e+00   1.347952e-16   1.842253e-03   4.087333e-20   10880090
  2.872679e+00   1.333916e-16   1.840348e-03   4.033887e-20   10918088
  2.879054e+00   1.322129e-16   1.840274e-03   3.991181e-20   10964474
  2.885431e+00   1.308658e-16   1.841464e-03   3.942555e-20   11021180
  2.891809e+00   1.295971e-16   1.840637e-03   3.894884e-20   11064248
  2.898185e+00   1.283223e-16   1.840651e-03   3.850878e-20   11114234
  2.904565e+00   1.270721e-16   1.842174e-03   3.800552e-20   11172872
  2.910943e+00   1.258241e-16   1.840078e-03   3.760800e-20   11206880
  2.917314e+00   1.245233e-16   1.838484e-03   3.713255e-20   11248130
  2.923689e+00   1.235646e-16   1.841523e-03   3.674024e-20   11316140
  2.930066e+00   1.221626e-16   1.840085e-03   3.626740e-20   11355554
  2.936443e+00   1.210131e-16   1.841835e-03   3.581949e-20   11417840
  2.942822e+00   1.198339e-16   1.840319e-03   3.540618e-20   11456528
  2.949199e+00   1.186961e-16   1.841526e-03   3.500365e-20   11512874
  2.955576e+00   1.175859e-16   1.840486e-03   3.459096e-20   11557272
  2.961950e+00   1.164097e-16   1.839582e-03   3.418008e-20   11600360
  2.968326e+00   1.153690e-16   1.841593e-03   3.381826e-20   11663678
  2.974703e+00   1.141640e-16   1.840371e-03   3.336903e-20   11705552
  2.981079e+00   1.131369e-16   1.840912e-03   3.299306e-20   11758658
  2.987457e+00   1.120106e-16   1.841605e-03   3.257757e-20   11815208
  2.993836e+00   1.109354e-16   1.841556e-03   3.220647e-20   11864000
  3.000212e+00   1.099305e-16   1.839938e-03   3.187093e-20   11904962
  3.006589e+00   1.088210e-16   1.840973e-03   3.146756e-20   11963696
  3.012966e+00   1.077292e-16   1.840866e-03   3.112023e-20   12011132
  3.019341e+00   1.067268e-16   1.840389e-03   3.072462e-20   12059450
  3.025718e+00   1.057541e-16   1.841438e-03   3.038250e-20   12118280
  3.032095e+00   1.047861e-16   1.840188e-03   3.004973e-20   12160562
  3.038470e+00   1.036946e-16   1.840247e-03   2.967657e-20   12212768
  3.044846e+00   1.027377e-16   1.841220e-03   2.934156e-20   12269504
  3.051223e+00   1.018005e-16   1.840948e-03   2.902762e-20   12319370
  3.057600e+00   1.007210e-16   1.840852e-03   2.863544e-20   12370140
  3.063975e+00   9.993725e-17   1.840437e-03   2.837215e-20   12417752
  3.070352e+00   9.886800e-17   1.841133e-03   2.799527e-20   12476882
  3.076731e+00   9.795872e-17   1.841502e-03   2.768798e-20   12530816
  3.083108e+00   9.714190e-17   1.840958e-03   2.739065e-20   12577658
  3.089485e+00   9.610807e-17   1.840591e-03   2.704907e-20   12629288
  3.095862e+00   9.518371e-17   1.841067e-03   2.671816e-20   12683828
  3.102237e+00   9.435411e-17   1.839537e-03   2.646325e-20   12725354
  3.108612e+00   9.345201e-17   1.841269e-03   2.613421e-20   12790616
  3.114989e+00   9.261466e-17   1.840010e-03   2.584514e-20   12833768
  3.121365e+00   9.169874e-17   1.841117e-03   2.553013e-20   12894194
  3.127743e+00   9.082632e-17   1.841676e-03   2.524308e-20   12950240
  3.134122e+00   8.998179e-17   1.840849e-03   2.495536e-20   12998714
  3.140498e+00   8.916546e-17   1.840244e-03   2.469853e-20   13048100
  3.146876e+00   8.829449e-17   1.841732e-03   2.438656e-20   13109120
  3.153254e+00   8.749525e-17   1.841032e-03   2.413152e-20   13158506
  3.159627e+00   8.670078e-17   1.838302e-03   2.386610e-20   13193040
  3.166002e+00   8.593908e-17   1.841969e-03   2.360949e-20   13271072
  3.172380e+00   8.507239e-17   1.840294e-03   2.331719e-20   13314242
  3.178754e+00   8.430351e-17   1.839703e-03   2.307468e-20   13363808
  3.185133e+00   8.353107e-17   1.842485e-03   2.277786e-20   13436822
  3.191512e+00   8.275497e-17   1.840487e-03   2.255776e-20   13476080
  3.197887e+00   8.196179e-17   1.840204e-03   2.228890e-20   13527296
  3.204264e+00   8.122129e-17   1.841161e-03   2.204811e-20   13589498
  3.210638e+00   8.042823e-17   1.838626e-03   2.180161e-20   13623704
  3.217016e+00   7.968090e-17   1.844054e-03   2.151793e-20   13717280
  3.223396e+00   7.892604e-17   1.839294e-03   2.129884e-20   13737914
  3.229770e+00   7.825840e-17   1.840743e-03   2.106208e-20   13801772
  3.236147e+00   7.748812e-17   1.841678e-03   2.081361e-20   13864298
  3.242524e+00   7.687865e-17   1.839451e-03   2.060949e-20   13904216
  3.248899e+00   7.613838e-17   1.840700e-03   2.037227e-20   13966064
  3.255276e+00   7.539396e-17   1.841492e-03   2.012141e-20   14027042
  3.261651e+00   7.467778e-17   1.838676e-03   1.991748e-20   14061048
  3.268027e+00   7.399037e-17   1.842396e-03   1.967698e-20   14143820
  3.274405e+00   7.335736e-17   1.840137e-03   1.947643e-20   14182442
  3.280782e+00   7.270220e-17   1.841285e-03   1.925703e-20   14245568
  3.287160e+00   7.206754e-17   1.841226e-03   1.905680e-20   14301338
  3.293537e+00   7.138009e-17   1.840394e-03   1.884994e-20   14350064
  3.299913e+00   7.074495e-17   1.841485e-03   1.863146e-20   14412488
  3.306292e+00   7.007780e-17   1.841397e-03   1.842500e-20   14470250
  3.312668e+00   6.947141e-17   1.839514e-03   1.825034e-20   14509484
  3.319039e+00   6.878812e-17   1.839618e-03   1.803448e-20   14564474
  3.325416e+00   6.814541e-17   1.842538e-03   1.780177e-20   14646632
  3.331795e+00   6.759130e-17   1.839978e-03   1.763945e-20   14681792
  3.338171e+00   6.695839e-17   1.841401e-03   1.744390e-20   14749946
  3.344548e+00   6.637658e-17   1.840482e-03   1.725608e-20   14799968
  3.350923e+00   6.577285e-17   1.839748e-03   1.706936e-20   14848808
  3.357300e+00   6.514659e-17   1.842276e-03   1.686967e-20   14925638
  3.363678e+00   6.457292e-17   1.840046e-03   1.669602e-20   14963016
  3.370053e+00   6.400106e-17   1.841263e-03   1.651065e-20   15031106
  3.376432e+00   6.341626e-17   1.841574e-03   1.632592e-20   15092384
  3.382808e+00   6.283613e-17   1.839899e-03   1.615934e-20   15132248
  3.389183e+00   6.226204e-17   1.841248e-03   1.597253e-20   15202322
  3.395560e+00   6.169587e-17   1.839985e-03   1.580660e-20   15250832
  3.401936e+00   6.118874e-17   1.841279e-03   1.563996e-20   15315692
  3.408315e+00   6.063417e-17   1.842099e-03   1.546242e-20   15382346
  3.414692e+00   6.007095e-17   1.839166e-03   1.529342e-20   15416024
  3.421065e+00   5.950062e-17   1.840590e-03   1.512312e-20   15483602
  3.427446e+00   5.902309e-17   1.843566e-03   1.495896e-20   15568424
  3.433825e+00   5.849865e-17   1.839187e-03   1.482241e-20   15589280
  3.440198e+00   5.796978e-17   1.839744e-03   1.465381e-20   15652502
  3.446575e+00   5.747418e-17   1.841959e-03   1.449273e-20   15728960
  3.452954e+00   5.693285e-17   1.840551e-03   1.433222e-20   15773168
  3.459328e+00   5.642453e-17   1.839940e-03   1.418729e-20   15828290
  3.465704e+00   5.593660e-17   1.840910e-03   1.403200e-20   15893184
  3.472081e+00   5.543072e-17   1.841157e-03   1.388729e-20   15954194
  3.478457e+00   5.492416e-17   1.839872e-03   1.373044e-20   16006016
  3.484831e+00   5.440970e-17   1.839639e-03   1.358013e-20   16058684
  3.491208e+00   5.396243e-17   1.842456e-03   1.343495e-20   16141898
  3.497590e+00   5.345461e-17   1.841864e-03   1.327298e-20   16197872
  3.503966e+00   5.300887e-17   1.839313e-03   1.316205e-20   16231640
  3.510341e+00   5.254323e-17   1.841313e-03   1.301625e-20   16310090
  3.516721e+00   5.206299e-17   1.841945e-03   1.285683e-20   16375136
  3.523097e+00   5.159272e-17   1.839457e-03   1.274232e-20   16412522
  3.529473e+00   5.115225e-17   1.841163e-03   1.259879e-20   16488308
  3.535850e+00   5.073629e-17   1.840616e-03   1.247080e-20   16539968
  3.542225e+00   5.026342e-17   1.839938e-03   1.234934e-20   16595714
  3.548602e+00   4.978484e-17   1.841625e-03   1.219361e-20   16671224
  3.554979e+00   4.936423e-17   1.840210e-03   1.206829e-20   16714064
  3.561354e+00   4.893789e-17   1.840955e-03   1.194433e-20   16783202
  3.567731e+00   4.852685e-17   1.840815e-03   1.182805e-20   16842504
  3.574108e+00   4.809915e-17   1.841084e-03   1.169428e-20   16904894
  3.580486e+00   4.766377e-17   1.841127e-03   1.156793e-20   16968656
  3.586865e+00   4.723540e-17   1.841521e-03   1.144408e-20   17030288
  3.593238e+00   4.683081e-17   1.838444e-03   1.133595e-20   17061482
  3.599615e+00   4.640801e-17   1.842988e-03   1.120779e-20   17164976
  3.605993e+00   4.602283e-17   1.840068e-03   1.110124e-20   17197184
  3.612368e+00   4.560637e-17   1.840756e-03   1.097607e-20   17267102
  3.618746e+00   4.520152e-17   1.841072e-03   1.085525e-20   17329928
  3.625121e+00   4.482675e-17   1.839901e-03   1.075710e-20   17378906
  3.631497e+00   4.443465e-17   1.841182e-03   1.064019e-20   17454776
  3.637873e+00   4.404273e-17   1.839972e-03   1.052786e-20   17501720
  3.644249e+00   4.368718e-17   1.842109e-03   1.041954e-20   17584826
  3.650631e+00   4.328302e-17   1.841819e-03   1.030846e-20   17646008
  3.657008e+00   4.288512e-17   1.840059e-03   1.019632e-20   17686412
  3.663381e+00   4.253571e-17   1.840228e-03   1.009942e-20   17751266
  3.669756e+00   4.216140e-17   1.840035e-03   9.988456e-21   17812848
  3.676130e+00   4.179847e-17   1.840074e-03   9.886753e-21   17874866
  3.682507e+00   4.143706e-17   1.841337e-03   9.779866e-21   17951720
  3.688886e+00   4.105736e-17   1.841134e-03   9.676370e-21   18009344
  3.695262e+00   4.071878e-17   1.840349e-03   9.577337e-21   18064730
  3.701640e+00   4.037656e-17   1.841339e-03   9.479318e-21   18137372
  3.708017e+00   4.001329e-17   1.840603e-03   9.380717e-21   18189632
  3.714392e+00   3.966976e-17   1.840457e-03   9.287343e-21   18254330
  3.720770e+00   3.934452e-17   1.841473e-03   9.191934e-21   18325808
  3.727148e+00   3.899749e-17   1.840737e-03   9.099389e-21   18379610
  3.733524e+00   3.866344e-17   1.840702e-03   9.001070e-21   18445760
  3.739901e+00   3.834117e-17   1.840479e-03   8.914081e-21   18504440
  3.746277e+00   3.801421e-17   1.840875e-03   8.823813e-21   18572198
  3.752657e+00   3.767090e-17   1.841895e-03   8.721593e-21   18647480
  3.759032e+00   3.734545e-17   1.838946e-03   8.645081e-21   18678152
  3.765406e+00   2.184450e-17   1.841061e-03   7.805193e-21   18764186
  3.771782e+00   8.462214e-34   1.840849e-03   2.072496e-37   18794103
  3.778158e+00   7.530974e-34   1.840297e-03   1.828884e-37   18760748
  3.784533e+00   6.753294e-34   1.840231e-03   1.633620e-37   18727940
  3.790912e+00   6.125476e-34   1.842073e-03   1.480531e-37   18712436
  3.797287e+00   5.624395e-34   1.838840e-03   1.360991e-37   18646616
  3.803663e+00   5.209061e-34   1.842455e-03   1.261028e-37   18651296
  3.810042e+00   4.853852e-34   1.840334e-03   1.177643e-37   18596096
  3.816418e+00   4.542698e-34   1.841121e-03   1.103691e-37   18571364
  3.822794e+00   4.273578e-34   1.839859e-03   1.041428e-37   18527096
  3.829170e+00   4.029214e-34   1.840846e-03   9.830428e-38   18501368
  3.835548e+00   3.813546e-34   1.841771e-03   9.319328e-38   18475040
  3.841927e+00   3.624204e-34   1.841481e-03   8.883919e-38   18439436
  3.848301e+00   3.450669e-34   1.838521e-03   8.486863e-38   18375752
  3.854674e+00   3.298566e-34   1.840584e-03   8.123026e-38   18361484
  3.861052e+00   3.155579e-34   1.842393e-03   7.787307e-38   18344504
  3.867430e+00   3.028501e-34   1.839817e-03   7.488407e-38   18284708
  3.873806e+00   2.908139e-34   1.841259e-03   7.206104e-38   18264048
  3.880183e+00   2.794884e-34   1.840629e-03   6.940328e-38   18220964
  3.886557e+00   2.695093e-34   1.839363e-03   6.711285e-38   18173528
  3.892935e+00   2.598572e-34   1.843046e-03   6.472717e-38   18173780
  3.899316e+00   2.508827e-34   1.841138e-03   6.265234e-38   18116660
  3.905693e+00   2.423863e-34   1.840842e-03   6.065621e-38   18078740
  3.912066e+00   2.346327e-34   1.838693e-03   5.882985e-38   18023108
  3.918439e+00   2.273171e-34   1.840734e-03   5.710052e-38   18005600
  3.924818e+00   2.203201e-34   1.842344e-03   5.543903e-38   17984552
  3.931198e+00   2.137209e-34   1.841062e-03   5.385742e-38   17934860
  3.937574e+00   2.076478e-34   1.840562e-03   5.246611e-38   17891468
  3.943950e+00   2.015853e-34   1.840945e-03   5.098972e-38   17857712
  3.950326e+00   1.959790e-34   1.840137e-03   4.967014e-38   17813108
  3.956702e+00   1.906061e-34   1.841074e-03   4.839828e-38   17784788
  3.963079e+00   1.856008e-34   1.840240e-03   4.721416e-38   17737268
  3.969455e+00   1.806995e-34   1.841773e-03   4.604460e-38   17713268
  3.975833e+00   1.760179e-34   1.840239e-03   4.494982e-38   17661912
  3.982208e+00   1.715901e-34   1.840290e-03   4.385409e-38   17622668
  3.988586e+00   1.672338e-34   1.842133e-03   4.282184e-38   17600552
  3.994964e+00   1.632569e-34   1.839951e-03   4.191478e-38   17542580
  4.001340e+00   1.592264e-34   1.840772e-03   4.092173e-38   17509112
  4.007717e+00   1.554978e-34   1.841501e-03   4.001162e-38   17475116
  4.014093e+00   1.519707e-34   1.839606e-03   3.918655e-38   17419964
  4.020469e+00   1.483599e-34   1.841433e-03   3.828856e-38   17397056
  4.026846e+00   1.450727e-34   1.840314e-03   3.754201e-38   17345336
  4.033223e+00   1.417019e-34   1.840964e-03   3.668501e-38   17310476
  4.039596e+00   1.385949e-34   1.838459e-03   3.596699e-38   17246360
  4.045972e+00   1.355804e-34   1.842582e-03   3.520056e-38   17244284
  4.052354e+00   1.326260e-34   1.842150e-03   3.447613e-38   17198240
  4.058731e+00   1.299092e-34   1.839271e-03   3.385017e-38   17130932
  4.065106e+00   1.271766e-34   1.841562e-03   3.313561e-38   17110040
  4.071484e+00   1.245175e-34   1.840722e-03   3.252621e-38   17058488
  4.077857e+00   1.219189e-34   1.839135e-03   3.190997e-38   17003664
  4.084233e+00   1.193733e-34   1.841446e-03   3.128509e-38   16983908
  4.090612e+00   1.170063e-34   1.841420e-03   3.068838e-38   16939220
  4.096989e+00   1.147306e-34   1.840515e-03   3.014596e-38   16888904
  4.103367e+00   1.123879e-34   1.841500e-03   2.957251e-38   16854920
  4.109743e+00   1.101511e-34   1.839861e-03   2.902980e-38   16795136
  4.116117e+00   1.080945e-34   1.840184e-03   2.856855e-38   16755860
  4.122495e+00   1.059648e-34   1.841913e-03   2.800631e-38   16729064
  4.128872e+00   1.040204e-34   1.840126e-03   2.753528e-38   16668260
  4.135248e+00   1.020669e-34   1.841092e-03   2.705123e-38   16631456
  4.141626e+00   1.001666e-34   1.841230e-03   2.657865e-38   16588208
  4.148001e+00   9.823843e-35   1.839635e-03   2.613674e-38   16531052
  4.154379e+00   9.642462e-35   1.842867e-03   2.565277e-38   16514456
  4.160755e+00   9.465147e-35   1.838861e-03   2.524915e-38   16432880
  4.167131e+00   9.303641e-35   1.842344e-03   2.484835e-38   16421120
  4.173510e+00   9.132692e-35   1.840051e-03   2.444711e-38   16354148
  4.179885e+00   8.969040e-35   1.841003e-03   2.401354e-38   16316184
  4.186264e+00   8.807345e-35   1.842179e-03   2.361871e-38   16283360
  4.192641e+00   8.652689e-35   1.839085e-03   2.324616e-38   16208756
  4.199016e+00   8.500543e-35   1.841765e-03   2.286991e-38   16184372
  4.205394e+00   8.357410e-35   1.840922e-03   2.251976e-38   16131116
  4.211767e+00   8.214444e-35   1.839273e-03   2.216782e-38   16070864
  4.218143e+00   8.068384e-35   1.841935e-03   2.177109e-38   16047596
  4.224522e+00   7.937322e-35   1.841132e-03   2.147522e-38   15993464
  4.230898e+00   7.797294e-35   1.839789e-03   2.112387e-38   15936116
  4.237274e+00   7.668889e-35   1.841227e-03   2.081144e-38   15899564
  4.243650e+00   7.537753e-35   1.840412e-03   2.048785e-38   15843188
  4.250027e+00   7.417869e-35   1.841430e-03   2.017803e-38   15806012
  4.256404e+00   7.296747e-35   1.840029e-03   1.990146e-38   15746972
  4.262780e+00   7.172494e-35   1.841029e-03   1.958078e-38   15706280
  4.269158e+00   7.061503e-35   1.841316e-03   1.929660e-38   15660560
  4.275534e+00   6.947401e-35   1.839976e-03   1.903679e-38   15601664
  4.281910e+00   6.834581e-35   1.840520e-03   1.873149e-38   15555936
  4.288286e+00   6.718597e-35   1.841154e-03   1.843004e-38   15511664
  4.294665e+00   6.618611e-35   1.841118e-03   1.821400e-38   15463688
  4.301042e+00   6.512890e-35   1.840371e-03   1.795208e-38   15406784
  4.307419e+00   6.411585e-35   1.841443e-03   1.768459e-38   15364076
  4.313795e+00   6.311197e-35   1.839853e-03   1.746489e-38   15302144
  4.320171e+00   6.207107e-35   1.841222e-03   1.717603e-38   15264716
  4.326549e+00   6.112293e-35   1.841061e-03   1.695340e-38   15212204
  4.332926e+00   6.023591e-35   1.840328e-03   1.672706e-38   15154664
  4.339301e+00   5.927400e-35   1.840391e-03   1.649773e-38   15104684
  4.345675e+00   5.841495e-35   1.839587e-03   1.628379e-38   15046256
  4.352051e+00   5.752203e-35   1.841370e-03   1.605411e-38   15009272
  4.358428e+00   5.663242e-35   1.840387e-03   1.584202e-38   14951624
  4.364807e+00   5.577536e-35   1.842302e-03   1.562926e-38   14915300
  4.371187e+00   5.495021e-35   1.840481e-03   1.541811e-38   14847140
  4.377560e+00   5.416964e-35   1.839457e-03   1.523267e-38   14786624
  4.383935e+00   5.336426e-35   1.840794e-03   1.503738e-38   14745252
  4.390313e+00   5.258208e-35   1.841504e-03   1.483583e-38   14697932
  4.396692e+00   5.180979e-35   1.841471e-03   1.464171e-38   14644448
  4.403070e+00   5.106979e-35   1.840856e-03   1.445968e-38   14586896
  4.409445e+00   5.031456e-35   1.839917e-03   1.428075e-38   14525000
  4.415820e+00   4.958312e-35   1.841355e-03   1.409396e-38   14482088
  4.422197e+00   4.885432e-35   1.840486e-03   1.390388e-38   14423696
  4.428574e+00   4.821423e-35   1.840927e-03   1.375186e-38   14373848
  4.434951e+00   4.747771e-35   1.841026e-03   1.356908e-38   14319188
  4.441328e+00   4.682721e-35   1.840720e-03   1.340414e-38   14262248
  4.447704e+00   4.614524e-35   1.840293e-03   1.323153e-38   14204780
  4.454079e+00   4.553313e-35   1.840780e-03   1.308059e-38   14153240
  4.460456e+00   4.489704e-35   1.840870e-03   1.294034e-38   14099048
  4.466833e+00   4.424069e-35   1.841305e-03   1.275872e-38   14048288
  4.473210e+00   4.366405e-35   1.840220e-03   1.262069e-38   13983860
  4.479586e+00   4.307245e-35   1.841413e-03   1.247393e-38   13935800
  4.485962e+00   4.245820e-35   1.839813e-03   1.233882e-38   13868784
  4.492338e+00   4.188129e-35   1.841245e-03   1.219188e-38   13824536
  4.498718e+00   4.133479e-35   1.842226e-03   1.204573e-38   13774364
  4.505095e+00   4.077576e-35   1.840286e-03   1.191620e-38   13702856
  4.511470e+00   4.019537e-35   1.840225e-03   1.175826e-38   13646648
  4.517844e+00   3.968867e-35   1.840082e-03   1.165252e-38   13588364
  4.524220e+00   3.916747e-35   1.841200e-03   1.151723e-38   13539920
  4.530597e+00   3.862296e-35   1.840383e-03   1.138974e-38   13478432
  4.536974e+00   3.813000e-35   1.840898e-03   1.125716e-38   13424264
  4.543353e+00   3.761783e-35   1.841656e-03   1.113139e-38   13370000
  4.549730e+00   3.712474e-35   1.840597e-03   1.100000e-38   13304432
  4.556105e+00   3.664312e-35   1.839697e-03   1.089981e-38   13241228
  4.562479e+00   3.617371e-35   1.840265e-03   1.078694e-38   13186508
  4.568858e+00   3.568789e-35   1.842616e-03   1.066396e-38   13144544
  4.575236e+00   3.524093e-35   1.839577e-03   1.055963e-38   13065032
  4.581610e+00   3.478544e-35   1.840140e-03   1.044844e-38   13008512
  4.587987e+00   3.433856e-35   1.841456e-03   1.033631e-38   12957360
  4.594365e+00   3.391989e-35   1.841180e-03   1.023086e-38   12897728
  4.600740e+00   3.350955e-35   1.838906e-03   1.014628e-38   12822884
  4.607118e+00   3.306537e-35   1.843186e-03   1.002227e-38   12790772
  4.613497e+00   3.262742e-35   1.839965e-03   9.927393e-39   12707960
  4.619871e+00   3.224721e-35   1.840055e-03   9.834863e-39   12650024
  4.626249e+00   3.182015e-35   1.841592e-03   9.730749e-39   12599360
  4.632627e+00   3.143854e-35   1.841060e-03   9.644719e-39   12533984
  4.639003e+00   3.108894e-35   1.840024e-03   9.565134e-39   12467036
  4.645379e+00   3.067215e-35   1.841105e-03   9.467534e-39   12412124
  4.651756e+00   3.033726e-35   1.840677e-03   9.384204e-39   12345776
  4.658131e+00   2.995428e-35   1.840856e-03   9.284921e-39   12286760
  4.664508e+00   2.956703e-35   1.840642e-03   9.189901e-39   12225452
  4.670885e+00   2.924309e-35   1.840694e-03   9.112921e-39   12162584
  4.677263e+00   2.887550e-35   1.841648e-03   9.025274e-39   12105824
  4.683640e+00   2.849848e-35   1.840444e-03   8.942935e-39   12036248
  4.690015e+00   2.816764e-35   1.840000e-03   8.868832e-39   11969736
  4.696391e+00   2.785293e-35   1.841517e-03   8.791178e-39   11916224
  4.702769e+00   2.754609e-35   1.840685e-03   8.725387e-39   11849312
  4.709145e+00   2.718680e-35   1.840274e-03   8.637046e-39   11783300
  4.715522e+00   2.689022e-35   1.841310e-03   8.567109e-39   11724800
  4.721898e+00   2.655100e-35   1.840639e-03   8.490848e-39   11657372
  4.728275e+00   2.623351e-35   1.840697e-03   8.411346e-39   11595320
  4.734652e+00   2.594408e-35   1.840360e-03   8.346955e-39   11527928
  4.741029e+00   2.564851e-35   1.841428e-03   8.279579e-39   11469008
  4.747404e+00   2.534930e-35   1.839492e-03   8.217237e-39   11392904
  4.753780e+00   2.506106e-35   1.841657e-03   8.142700e-39   11340476
  4.760155e+00   2.479067e-35   1.839780e-03   8.089092e-39   11263520
  4.766534e+00   2.448896e-35   1.842729e-03   8.009907e-39   11218472
  4.772911e+00   2.421549e-35   1.838731e-03   7.956515e-39   11129336
  4.779288e+00   2.395942e-35   1.842467e-03   7.892071e-39   11083964
  4.785665e+00   2.367811e-35   1.839931e-03   7.837418e-39   11001992
  4.792039e+00   2.342175e-35   1.840072e-03   7.778716e-39   10938228
  4.798414e+00   2.314105e-35   1.840560e-03   7.716597e-39   10874336
  4.804792e+00   2.289990e-35   1.841863e-03   7.661274e-39   10814828
  4.811169e+00   2.265150e-35   1.839739e-03   7.613490e-39   10736984
  4.817544e+00   2.239478e-35   1.840541e-03   7.553546e-39   10673948
  4.823923e+00   2.217144e-35   1.842721e-03   7.504701e-39   10617704
  4.830301e+00   2.190229e-35   1.840081e-03   7.452351e-39   10536416
  4.836675e+00   2.165445e-35   1.839468e-03   7.397780e-39   10466324
  4.843052e+00   2.143316e-35   1.842362e-03   7.345408e-39   10412984
  4.849431e+00   2.121038e-35   1.840724e-03   7.304803e-39   10334840
  4.855806e+00   2.098040e-35   1.840268e-03   7.249698e-39   10265528
  4.862183e+00   2.078105e-35   1.840956e-03   7.212024e-39   10200692
  4.868561e+00   2.054718e-35   1.841614e-03   7.158222e-39   10135292
  4.874938e+00   2.030107e-35   1.839941e-03   7.111416e-39   10058816
  4.881314e+00   2.010949e-35   1.840525e-03   7.073520e-39   9991772
  4.887691e+00   1.990165e-35   1.841575e-03   7.040387e-39   9925880
  4.894065e+00   1.966731e-35   1.838924e-03   6.986503e-39   9843288
  4.900441e+00   1.947479e-35   1.842306e-03   6.941019e-39   9792968
  4.906821e+00   1.928432e-35   1.840795e-03   6.917310e-39   9713612
  4.913196e+00   1.907236e-35   1.840365e-03   6.872540e-39   9640628
  4.919573e+00   1.887469e-35   1.840900e-03   6.835486e-39   9574256
  4.925949e+00   1.866806e-35   1.840276e-03   6.801212e-39   9499064
  4.932325e+00   1.849607e-35   1.841227e-03   6.761745e-39   9432296
  4.938702e+00   1.828999e-35   1.841040e-03   6.726841e-39   9362204
  4.945079e+00   1.810919e-35   1.840104e-03   6.695546e-39   9286052
  4.951457e+00   1.791432e-35   1.842090e-03   6.660070e-39   9222320
  4.957835e+00   1.774793e-35   1.841090e-03   6.634537e-39   9145976
  4.964211e+00   1.756172e-35   1.839895e-03   6.597579e-39   9070268
  4.970586e+00   1.738016e-35   1.840297e-03   6.565825e-39   8999720
  4.976964e+00   1.722177e-35   1.841617e-03   6.545106e-39   8932664
  4.983339e+00   1.704053e-35   1.838848e-03   6.513869e-39   8847344
  4.989712e+00   1.687681e-35   1.840809e-03   6.495385e-39   8782688
  4.996090e+00   1.670798e-35   1.841883e-03   6.463011e-39   8713440
  5.002468e+00   1.653146e-35   1.841131e-03   6.432010e-39   8638616
  5.008845e+00   1.636330e-35   1.839945e-03   6.402227e-39   8560856
  5.015220e+00   1.621156e-35   1.840402e-03   6.382677e-39   8487620
  5.021598e+00   1.604276e-35   1.842484e-03   6.356025e-39   8422796
  5.027976e+00   1.588068e-35   1.839559e-03   6.338351e-39   8336348
  5.034350e+00   1.572456e-35   1.840420e-03   6.315557e-39   8265176
  5.040727e+00   1.556858e-35   1.841761e-03   6.287743e-39   8196176
  5.047104e+00   1.540567e-35   1.839932e-03   6.272268e-39   8114636
  5.053478e+00   1.524642e-35   1.839889e-03   6.243596e-39   8038724
  5.059856e+00   1.510645e-35   1.842986e-03   6.222250e-39   7975460
  5.066235e+00   1.496134e-35   1.840210e-03   6.205537e-39   7889792
  5.072611e+00   1.478474e-35   1.840188e-03   6.176010e-39   7815728
  5.078987e+00   1.466692e-35   1.840544e-03   6.168419e-39   7739288
  5.085364e+00   1.449930e-35   1.841840e-03   6.142041e-39   7667432
  5.091741e+00   1.435730e-35   1.839798e-03   6.132716e-39   7583684
  5.098113e+00   1.421993e-35   1.839459e-03   6.115281e-39   7505172
  5.104490e+00   1.406561e-35   1.842916e-03   6.087493e-39   7442636
  5.110871e+00   1.392668e-35   1.841224e-03   6.082115e-39   7360676
  5.117246e+00   1.376974e-35   1.838532e-03   6.058437e-39   7272728
  5.123622e+00   1.364427e-35   1.842521e-03   6.040575e-39   7209140
  5.130001e+00   1.349774e-35   1.840984e-03   6.020296e-39   7125632
  5.136377e+00   1.335513e-35   1.840289e-03   6.018286e-39   7046924
  5.142753e+00   1.321225e-35   1.840046e-03   5.990380e-39   6966968
  5.149129e+00   1.308023e-35   1.841514e-03   5.988873e-39   6893408
  5.155505e+00   1.293605e-35   1.840118e-03   5.979224e-39   6811004
  5.161881e+00   1.279724e-35   1.840529e-03   5.949860e-39   6732944
  5.168258e+00   1.266919e-35   1.841885e-03   5.949524e-39   6658628
  5.174637e+00   1.251107e-35   1.841220e-03   5.921792e-39   6578804
  5.181014e+00   1.238037e-35   1.839505e-03   5.915477e-39   6493628
  5.187389e+00   1.224114e-35   1.841020e-03   5.892654e-39   6417476
  5.193767e+00   1.211329e-35   1.842303e-03   5.876529e-39   6341156
  5.200142e+00   1.195680e-35   1.838905e-03   5.861172e-39   6251676
  5.206515e+00   1.180179e-35   1.840100e-03   5.822072e-39   6176072
  5.212894e+00   1.170170e-35   1.842591e-03   5.837254e-39   6103028
  5.219273e+00   1.152205e-35   1.840028e-03   5.804106e-39   6015356
  5.225646e+00   1.134649e-35   1.838527e-03   5.757455e-39   5928908
  5.232022e+00   1.125291e-35   1.843529e-03   5.768713e-39   5861504
  5.238402e+00   1.107818e-35   1.840564e-03   5.733242e-39   5772440
  5.244776e+00   1.091072e-35   1.839302e-03   5.679221e-39   5688596
  5.251152e+00   1.080557e-35   1.841421e-03   5.691436e-39   5611412
  5.257531e+00   1.063339e-35   1.842425e-03   5.649542e-39   5532224
  5.263907e+00   1.045483e-35   1.838741e-03   5.589274e-39   5440748
  5.270281e+00   1.031306e-35   1.841068e-03   5.563886e-39   5364572
  5.276660e+00   1.014681e-35   1.842167e-03   5.512767e-39   5285204
  5.283039e+00   9.982014e-36   1.840147e-03   5.469524e-39   5197796
  5.289414e+00   9.817943e-36   1.840074e-03   5.418245e-39   5113244
  5.295789e+00   9.659852e-36   1.841509e-03   5.378478e-39   5032664
  5.302162e+00   9.475608e-36   1.838866e-03   5.300573e-39   4943484
  5.308538e+00   9.304286e-36   1.842083e-03   5.226541e-39   4869920
  5.314919e+00   9.103804e-36   1.840875e-03   5.161268e-39   4782608
  5.321298e+00   8.921447e-36   1.842000e-03   5.056429e-39   4700756
  5.327675e+00   8.733199e-36   1.839332e-03   4.955395e-39   4608920
  5.334047e+00   8.543230e-36   1.840509e-03   4.850962e-39   4528829
  5.340423e+00   8.372408e-36   1.840790e-03   4.772823e-39   4453172
  5.346801e+00   8.203705e-36   1.841398e-03   4.680983e-39   4381652
  5.353179e+00   8.058544e-36   1.840856e-03   4.619025e-39   4309628
  5.359558e+00   7.910632e-36   1.841542e-03   4.546450e-39   4242188
  5.365934e+00   7.771669e-36   1.840185e-03   4.478012e-39   4171796
  5.372309e+00   7.639797e-36   1.840332e-03   4.412477e-39   4107506
  5.378687e+00   7.518183e-36   1.841030e-03   4.364467e-39   4045694
  5.385067e+00   7.397568e-36   1.841878e-03   4.314724e-39   3984530
  5.391443e+00   7.274082e-36   1.839184e-03   4.265648e-39   3916622
  5.397815e+00   7.166020e-36   1.840413e-03   4.213758e-39   3858626
  5.404188e+00   7.056312e-36   1.839752e-03   4.167528e-39   3798918
  5.410566e+00   6.948075e-36   1.842453e-03   4.132180e-39   3747464
  5.416947e+00   6.846585e-36   1.840720e-03   4.081184e-39   3687278
  5.423327e+00   6.729464e-36   1.841755e-03   4.023863e-39   3632618
  5.429702e+00   6.626179e-36   1.839341e-03   3.984368e-39   3571766
  5.436076e+00   6.535985e-36   1.841405e-03   3.964197e-39   3521264
  5.442452e+00   6.434506e-36   1.840602e-03   3.918364e-39   3466964
  5.448828e+00   6.355993e-36   1.840149e-03   3.892483e-39   3414320
  5.455204e+00   6.248212e-36   1.840343e-03   3.832031e-39   3362948
  5.461581e+00   6.161397e-36   1.841385e-03   3.802077e-39   3313130
  5.467960e+00   6.075771e-36   1.841559e-03   3.777350e-39   3262766
  5.474335e+00   5.991386e-36   1.839552e-03   3.741266e-39   3210122
  5.480711e+00   5.910081e-36   1.841068e-03   3.708731e-39   3164282
  5.487089e+00   5.836549e-36   1.840871e-03   3.691896e-39   3115358
  5.493467e+00   5.739856e-36   1.841892e-03   3.647019e-39   3068642
  5.499842e+00   5.660828e-36   1.839367e-03   3.612533e-39   3017270
  5.506214e+00   5.585138e-36   1.840421e-03   3.584690e-39   2973396
  5.512592e+00   5.511487e-36   1.841795e-03   3.559552e-39   2930882
  5.518975e+00   5.430863e-36   1.842009e-03   3.531687e-39   2886296
  5.525354e+00   5.350760e-36   1.840110e-03   3.500482e-39   2838068
  5.531729e+00   5.289054e-36   1.840402e-03   3.480112e-39   2793680
  5.538103e+00   5.212083e-36   1.841057e-03   3.455865e-39   2750948
  5.544478e+00   5.143745e-36   1.840332e-03   3.422244e-39   2707712
  5.550852e+00   5.078692e-36   1.839444e-03   3.400709e-39   2665124
  5.557230e+00   5.011290e-36   1.841751e-03   3.378206e-39   2626712
  5.563610e+00   4.946532e-36   1.840829e-03   3.357150e-39   2583542
  5.569988e+00   4.887809e-36   1.841328e-03   3.339059e-39   2543108
  5.576363e+00   4.818321e-36   1.839426e-03   3.312312e-39   2500538
  5.582739e+00   4.747311e-36   1.841521e-03   3.280021e-39   2464052
  5.589119e+00   4.697336e-36   1.841364e-03   3.277388e-39   2424194
  5.595493e+00   4.626424e-36   1.839158e-03   3.245615e-39   2381732
  5.601866e+00   4.572064e-36   1.841683e-03   3.223378e-39   2346386
  5.608241e+00   4.508928e-36   1.839649e-03   3.213346e-39   2306598
  5.614618e+00   4.458938e-36   1.842029e-03   3.186421e-39   2273186
  5.621000e+00   4.407238e-36   1.840989e-03   3.181737e-39   2235188
  5.627378e+00   4.355401e-36   1.839949e-03   3.157711e-39   2196638
  5.633754e+00   4.296974e-36   1.841588e-03   3.141988e-39   2161706
  5.640129e+00   4.243812e-36   1.840261e-03   3.121670e-39   2124422
  5.646501e+00   4.179611e-36   1.838999e-03   3.096519e-39   2088578
  5.652879e+00   4.135222e-36   1.842650e-03   3.083200e-39   2058512
  5.659259e+00   4.088543e-36   1.839498e-03   3.076822e-39   2020202
  5.665635e+00   4.037432e-36   1.841528e-03   3.054136e-39   1987670
  5.672010e+00   3.992771e-36   1.840033e-03   3.037985e-39   1952114
  5.678381e+00   3.938367e-36   1.839290e-03   3.029345e-39   1918694
  5.684760e+00   3.884399e-36   1.843391e-03   3.006990e-39   1890932
  5.691143e+00   3.845980e-36   1.840482e-03   2.996195e-39   1855382
  5.697520e+00   3.800899e-36   1.841151e-03   2.988651e-39   1823276
  5.703897e+00   3.752258e-36   1.841467e-03   2.968037e-39   1791446
  5.710267e+00   3.700470e-36   1.837484e-03   2.949251e-39   1756566
  5.716642e+00   3.666714e-36   1.843486e-03   2.949718e-39   1732292
  5.723026e+00   3.630357e-36   1.841021e-03   2.935979e-39   1699718
  5.729405e+00   3.590814e-36   1.840666e-03   2.933081e-39   1668524
  5.735782e+00   3.544841e-36   1.841307e-03   2.914486e-39   1638656
  5.742152e+00   3.497345e-36   1.837941e-03   2.900211e-39   1606154
  5.748524e+00   3.454987e-36   1.841528e-03   2.889284e-39   1580984
  5.754907e+00   3.422994e-36   1.842158e-03   2.873298e-39   1553372
  5.761287e+00   3.376270e-36   1.839903e-03   2.872086e-39   1522502
  5.767663e+00   3.346875e-36   1.841211e-03   2.871318e-39   1494788
  5.774035e+00   3.308843e-36   1.839049e-03   2.864945e-39   1464992
  5.780407e+00   3.263376e-36   1.840885e-03   2.839910e-39   1439564
  5.786788e+00   3.225928e-36   1.842803e-03   2.827879e-39   1414766
  5.793173e+00   3.194301e-36   1.841316e-03   2.832884e-39   1386620
  5.799549e+00   3.151845e-36   1.839295e-03   2.820769e-39   1358024
  5.805920e+00   3.124249e-36   1.840494e-03   2.820550e-39   1332236
  5.812287e+00   3.095412e-36   1.837583e-03   2.823683e-39   1304568
  5.818666e+00   3.057450e-36   1.844995e-03   2.799265e-39   1285316
  5.825053e+00   3.020150e-36   1.840679e-03   2.804197e-39   1257272
  5.831429e+00   2.994669e-36   1.839591e-03   2.795616e-39   1231028
  5.837804e+00   2.958319e-36   1.841474e-03   2.793814e-39   1207136
  5.844175e+00   2.921725e-36   1.839197e-03   2.787961e-39   1181180
  5.850547e+00   2.893641e-36   1.841135e-03   2.775034e-39   1159352
  5.856931e+00   2.870567e-36   1.842986e-03   2.785875e-39   1137476
  5.863312e+00   2.829713e-36   1.839166e-03   2.776134e-39   1111280
  5.869686e+00   2.810784e-36   1.840689e-03   2.780312e-39   1088468
  5.876057e+00   2.781780e-36   1.840140e-03   2.779848e-39   1065008
  5.882427e+00   2.748742e-36   1.839713e-03   2.771117e-39   1042934
  5.888808e+00   2.718896e-36   1.843186e-03   2.762670e-39   1023488
  5.895195e+00   2.696269e-36   1.841961e-03   2.773129e-39   1000700
  5.901573e+00   2.660761e-36   1.839831e-03   2.766326e-39   977264
  5.907943e+00   2.639686e-36   1.839220e-03   2.773343e-39   955052
  5.914306e+00   2.618713e-36   1.837596e-03   2.782333e-39   933546
  5.920685e+00   2.581807e-36   1.845011e-03   2.766523e-39   917348
  5.927075e+00   2.563667e-36   1.841622e-03   2.781219e-39   895328
  5.933456e+00   2.536013e-36   1.840197e-03   2.778543e-39   873878
  5.939831e+00   2.513472e-36   1.841204e-03   2.788323e-39   853664
  5.946198e+00   2.486198e-36   1.838301e-03   2.782749e-39   832604
  5.952570e+00   2.469352e-36   1.841647e-03   2.795850e-39   815546
  5.958955e+00   2.439780e-36   1.841795e-03   2.797941e-39   797012
  5.965336e+00   2.412600e-36   1.838979e-03   2.800522e-39   776576
  5.971714e+00   2.396685e-36   1.842719e-03   2.803033e-39   758726
  5.978085e+00   2.374190e-36   1.838577e-03   2.825993e-39   738296
  5.984452e+00   2.356924e-36   1.839422e-03   2.823517e-39   721172
  5.990833e+00   2.335078e-36   1.842852e-03   2.830559e-39   705434
  5.997222e+00   2.300373e-36   1.841204e-03   2.807904e-39   687092
  6.003603e+00   2.281903e-36   1.841572e-03   2.838209e-39   669098
  6.009974e+00   2.269515e-36   1.839142e-03   2.865314e-39   650516
  6.016332e+00   2.249146e-36   1.836042e-03   2.869629e-39   632898
  6.022707e+00   2.229820e-36   1.844938e-03   2.874047e-39   620228
  6.029100e+00   2.209264e-36   1.842281e-03   2.891306e-39   603206
  6.035485e+00   2.184971e-36   1.841847e-03   2.883569e-39   586328
  6.041859e+00   2.169728e-36   1.840113e-03   2.922695e-39   569222
  6.048217e+00   2.156147e-36   1.835706e-03   2.939922e-39   552266
  6.054584e+00   2.144541e-36   1.843023e-03   2.950747e-39   539996
  6.060976e+00   2.120665e-36   1.843843e-03   2.957058e-39   525722
  6.067365e+00   2.102067e-36   1.839929e-03   2.968834e-39   509372
  6.073742e+00   2.086177e-36   1.840974e-03   3.001180e-39   494282
  6.080105e+00   2.079377e-36   1.836470e-03   3.042625e-39   478340
  6.086466e+00   2.061048e-36   1.839100e-03   3.040341e-39   465554
  6.092852e+00   2.037690e-36   1.844310e-03   3.053162e-39   453734
  6.099249e+00   2.020170e-36   1.841644e-03   3.068370e-39   439184
  6.105633e+00   2.011537e-36   1.841774e-03   3.114888e-39   424910
  6.112001e+00   1.997406e-36   1.839131e-03   3.154142e-39   410366
  6.118344e+00   1.979718e-36   1.830585e-03   3.175779e-39   395856
  6.124716e+00   1.958349e-36   1.849093e-03   3.170623e-39   387998
  6.131124e+00   1.944424e-36   1.844381e-03   3.200724e-39   374642
  6.137516e+00   1.938225e-36   1.841320e-03   3.249269e-39   361118
  6.143885e+00   1.923873e-36   1.838483e-03   3.277450e-39   347792
  6.150233e+00   1.915316e-36   1.833537e-03   3.335290e-39   335054
  6.156598e+00   1.895746e-36   1.843369e-03   3.334693e-39   326162
  6.163003e+00   1.880355e-36   1.845744e-03   3.359221e-39   315686
  6.169403e+00   1.875285e-36   1.839717e-03   3.411497e-39   302960
  6.175780e+00   1.869218e-36   1.841146e-03   3.471704e-39   291278
  6.182130e+00   1.855565e-36   1.834474e-03   3.531271e-39   278966
  6.188475e+00   1.840592e-36   1.838848e-03   3.564735e-39   269786
  6.194867e+00   1.822317e-36   1.848548e-03   3.566591e-39   261710
  6.201275e+00   1.830511e-36   1.841196e-03   3.660600e-39   250472
  6.207659e+00   1.815465e-36   1.840781e-03   3.709813e-39   239846
  6.214020e+00   1.804878e-36   1.837833e-03   3.777247e-39   229250
  6.220353e+00   1.785051e-36   1.827068e-03   3.826047e-39   218958
  6.226735e+00   1.777579e-36   1.853573e-03   3.858851e-39   213722
  6.233163e+00   1.763880e-36   1.842328e-03   3.911080e-39   203414
  6.239564e+00   1.761006e-36   1.844048e-03   4.011507e-39   193940
  6.245924e+00   1.760843e-36   1.836439e-03   4.127276e-39   183650
  6.252241e+00   1.755955e-36   1.829855e-03   4.204323e-39   174638
  6.258588e+00   1.735185e-36   1.843490e-03   4.213255e-39   168842
  6.265008e+00   1.732361e-36   1.847266e-03   4.311656e-39   161846
  6.271432e+00   1.724125e-36   1.841236e-03   4.425879e-39   153146
  6.277822e+00   1.710390e-36   1.840929e-03   4.492577e-39   144686
  6.284170e+00   1.713939e-36   1.837187e-03   4.651974e-39   136418
  6.290480e+00   1.710854e-36   1.823629e-03   4.787338e-39   128822
  6.296862e+00   1.715449e-36   1.856474e-03   4.838249e-39   124862
  6.303298e+00   1.696322e-36   1.842665e-03   4.955390e-39   117026
  6.309688e+00   1.678213e-36   1.840290e-03   5.070385e-39   109718
  6.316033e+00   1.684465e-36   1.835815e-03   5.278803e-39   102650
  6.322320e+00   1.681477e-36   1.808328e-03   5.460668e-39   95622
  6.328720e+00   1.673760e-36   1.871202e-03   5.479130e-39   93650
  6.335227e+00   1.672881e-36   1.849919e-03   5.679232e-39   86606
  6.341628e+00   1.664189e-36   1.828395e-03   5.891614e-39   79190
  6.347934e+00   1.666201e-36   1.839124e-03   6.144795e-39   73490
  6.354177e+00   1.666752e-36   1.810164e-03   6.410603e-39   67598
  6.360508e+00   1.670842e-36   1.844910e-03   6.547441e-39   65186
  6.367032e+00   1.642094e-36   1.858136e-03   6.621900e-39   61262
  6.373583e+00   1.632944e-36   1.851117e-03   6.872762e-39   55874
  6.379989e+00   1.662677e-36   1.823042e-03   7.524216e-39   49430
  6.386147e+00   1.667313e-36   1.803004e-03   7.961611e-39   43934
  6.392260e+00   1.638828e-36   1.790240e-03   8.136332e-39   41138
  6.398716e+00   1.638914e-36   1.870028e-03   8.192284e-39   40070
  6.405371e+00   1.661639e-36   1.854153e-03   8.747409e-39   35882
  6.411962e+00   1.665261e-36   1.842631e-03   9.394087e-39   31622
  6.418335e+00   1.634129e-36   1.817857e-03   9.736639e-39   26750
  6.424088e+00   1.672279e-36   1.593646e-03   1.136523e-38   21330
  6.430239e+00   1.645259e-36   1.860256e-03   1.088298e-38   23246
  6.436984e+00   1.626649e-36   1.855054e-03   1.148959e-38   20186
  6.443727e+00   1.660213e-36   1.848147e-03   1.261390e-38   17312
  6.450423e+00   1.650505e-36   1.830133e-03   1.388668e-38   14474
  6.456645e+00   1.645076e-36   1.688402e-03   1.566309e-38   10478
  6.462180e+00   1.656396e-36   1.692603e-03   1.767775e-38   9062
  6.468497e+00   1.638528e-36   1.842997e-03   1.788120e-38   8762
  6.475254e+00   1.652609e-36   1.841892e-03   1.994467e-38   6926
  6.482011e+00   1.701597e-36   1.840835e-03   2.317121e-38   5306
  6.488766e+00   1.690702e-36   1.839476e-03   2.659828e-38   3902
  6.494511e+00   1.703692e-36   1.128860e-03   3.776733e-38   1928
  6.500007e+00   1.712518e-36   1.834590e-03   3.641274e-38   2042
  6.506728e+00   1.680801e-36   1.826889e-03   4.515153e-38   1214
  6.513396e+00   1.724426e-36   1.806609e-03   6.663016e-38   602
  6.519909e+00   1.752230e-36   1.730042e-03   1.205432e-37   206
  6.525711e+00   2.849678e-36   9.814069e-04   5.550594e-37   24
