# power spectrum of delta
# redshift z=0.993603
# k              Pk             sigma(k)       sigma(Pk)      count
  5.011399e-03   1.708719e-05   7.667927e-04   3.340762e-06   18
  1.037418e-02   4.910596e-04   1.725047e-03   5.666585e-05   128
  1.616528e-02   2.189308e-03   1.646572e-03   1.236855e-04   314
  2.269071e-02   5.267760e-03   1.954354e-03   2.048420e-04   728
  2.897169e-02   1.004447e-02   1.717946e-03   3.372625e-04   1016
  3.518826e-02   1.395350e-02   1.880676e-03   3.460323e-04   1682
  4.169479e-02   2.083796e-02   1.831736e-03   4.346104e-04   2300
  4.790974e-02   2.658048e-02   1.770731e-03   4.985445e-04   2906
  5.429022e-02   3.531936e-02   1.892687e-03   5.773352e-04   4040
  6.068098e-02   4.592116e-02   1.775551e-03   6.877673e-04   4712
  6.698900e-02   5.796117e-02   1.857705e-03   7.526838e-04   6002
  7.346135e-02   6.852682e-02   1.857594e-03   8.203662e-04   7256
  7.977379e-02   8.173056e-02   1.772571e-03   9.306860e-04   8120
  8.609019e-02   8.928461e-02   1.864951e-03   8.976580e-04   9950
  9.253636e-02   9.892149e-02   1.853578e-03   9.152142e-04   11384
  9.885187e-02   1.056576e-01   1.809244e-03   9.568377e-04   12666
  1.052712e-01   1.176600e-01   1.889168e-03   9.485953e-04   15104
  1.117654e-01   1.291842e-01   1.850532e-03   1.012327e-03   16616
  1.180754e-01   1.466402e-01   1.799489e-03   1.095676e-03   18026
  1.244216e-01   1.604920e-01   1.853405e-03   1.105129e-03   20696
  1.308065e-01   1.741672e-01   1.827918e-03   1.170699e-03   22436
  1.371558e-01   1.903026e-01   1.845873e-03   1.201157e-03   24962
  1.435394e-01   2.024080e-01   1.831283e-03   1.218565e-03   27176
  1.499133e-01   2.097258e-01   1.847268e-03   1.217071e-03   29810
  1.562775e-01   2.212759e-01   1.828450e-03   1.244253e-03   32120
  1.626776e-01   2.333248e-01   1.865216e-03   1.248655e-03   35432
  1.690383e-01   2.488657e-01   1.814577e-03   1.279631e-03   37238
  1.754019e-01   2.635048e-01   1.856016e-03   1.303802e-03   41072
  1.817869e-01   2.785356e-01   1.834293e-03   1.343021e-03   43472
  1.881565e-01   2.960182e-01   1.848176e-03   1.379150e-03   47042
  1.945298e-01   3.158492e-01   1.829223e-03   1.430234e-03   49712
  2.008693e-01   3.321745e-01   1.840592e-03   1.439849e-03   53226
  2.072637e-01   3.376278e-01   1.853753e-03   1.409536e-03   57320
  2.136558e-01   3.542358e-01   1.831629e-03   1.447790e-03   60092
  2.200056e-01   3.687197e-01   1.839426e-03   1.459466e-03   63914
  2.263950e-01   3.795040e-01   1.849752e-03   1.455332e-03   68192
  2.327751e-01   3.961067e-01   1.833934e-03   1.476209e-03   71336
  2.391397e-01   4.128782e-01   1.845607e-03   1.502989e-03   75818
  2.455297e-01   4.313617e-01   1.844019e-03   1.527472e-03   79880
  2.518964e-01   4.472578e-01   1.834462e-03   1.542961e-03   83642
  2.582661e-01   4.703757e-01   1.840779e-03   1.587567e-03   88316
  2.646730e-01   4.839243e-01   1.859422e-03   1.589503e-03   93488
  2.710484e-01   4.990027e-01   1.827184e-03   1.620400e-03   96458
  2.773871e-01   5.160310e-01   1.829038e-03   1.627224e-03   101264
  2.837816e-01   5.308601e-01   1.862873e-03   1.625104e-03   107696
  2.901819e-01   5.480090e-01   1.837217e-03   1.650156e-03   111170
  2.965233e-01   5.671588e-01   1.822285e-03   1.681588e-03   115232
  3.028941e-01   5.838444e-01   1.855375e-03   1.668602e-03   122310
  3.093019e-01   5.965722e-01   1.843350e-03   1.676061e-03   126944
  3.156739e-01   6.215670e-01   1.828600e-03   1.716773e-03   131192
  3.220432e-01   6.338602e-01   1.844535e-03   1.725872e-03   137618
  3.284234e-01   6.556226e-01   1.836674e-03   1.738961e-03   142448
  3.347979e-01   6.770839e-01   1.844704e-03   1.737970e-03   148520
  3.411627e-01   6.929975e-01   1.831436e-03   1.764819e-03   153254
  3.475446e-01   7.112963e-01   1.852010e-03   1.780873e-03   160760
  3.539284e-01   7.271507e-01   1.835751e-03   1.786595e-03   165290
  3.603019e-01   7.518527e-01   1.840148e-03   1.809689e-03   171992
  3.666828e-01   7.676627e-01   1.840217e-03   1.823060e-03   177800
  3.730569e-01   7.865103e-01   1.843032e-03   1.831674e-03   184322
  3.794439e-01   8.139256e-01   1.841595e-03   1.863343e-03   190832
  3.858239e-01   8.283582e-01   1.839260e-03   1.870819e-03   196772
  3.921872e-01   8.541254e-01   1.836453e-03   1.899291e-03   202970
  3.985536e-01   8.742948e-01   1.839266e-03   1.907960e-03   210056
  4.049173e-01   8.878392e-01   1.832832e-03   1.912062e-03   216210
  4.112896e-01   9.121295e-01   1.841640e-03   1.930094e-03   224168
  4.176700e-01   9.341355e-01   1.840761e-03   1.938745e-03   230792
  4.240565e-01   9.574646e-01   1.846256e-03   1.957434e-03   238778
  4.304312e-01   9.780818e-01   1.831772e-03   1.974526e-03   243956
  4.367939e-01   9.973115e-01   1.845141e-03   1.982024e-03   252680
  4.431746e-01   1.017174e+00   1.842020e-03   2.002225e-03   260066
  4.495713e-01   1.044255e+00   1.849294e-03   2.014221e-03   268712
  4.559494e-01   1.066512e+00   1.834336e-03   2.033945e-03   274034
  4.623270e-01   1.088517e+00   1.847366e-03   2.040182e-03   283904
  4.687088e-01   1.115030e+00   1.837425e-03   2.064790e-03   290048
  4.750707e-01   1.134773e+00   1.836659e-03   2.075719e-03   297950
  4.814434e-01   1.157927e+00   1.842026e-03   2.091629e-03   306968
  4.878269e-01   1.187121e+00   1.843240e-03   2.121680e-03   315320
  4.942006e-01   1.201086e+00   1.835899e-03   2.112065e-03   322346
  5.005701e-01   1.227199e+00   1.842589e-03   2.125114e-03   331664
  5.069538e-01   1.254343e+00   1.844896e-03   2.149858e-03   340818
  5.133346e-01   1.283168e+00   1.837322e-03   2.174946e-03   348164
  5.197083e-01   1.302126e+00   1.843548e-03   2.177452e-03   357584
  5.260929e-01   1.328185e+00   1.846059e-03   2.181574e-03   367106
  5.324635e-01   1.354813e+00   1.832285e-03   2.222580e-03   373376
  5.388350e-01   1.382635e+00   1.848023e-03   2.225172e-03   385376
  5.452233e-01   1.403562e+00   1.842356e-03   2.242216e-03   393650
  5.516038e-01   1.427372e+00   1.840588e-03   2.251183e-03   402704
  5.579656e-01   1.459097e+00   1.830970e-03   2.284481e-03   409910
  5.643320e-01   1.478494e+00   1.843407e-03   2.273060e-03   422024
  5.707212e-01   1.501841e+00   1.846526e-03   2.285757e-03   432176
  5.771022e-01   1.529245e+00   1.837404e-03   2.312889e-03   440066
  5.834769e-01   1.553292e+00   1.841263e-03   2.317289e-03   450680
  5.898365e-01   1.588960e+00   1.831084e-03   2.343448e-03   457856
  5.962115e-01   1.613146e+00   1.848347e-03   2.344033e-03   472538
  6.026013e-01   1.641457e+00   1.839689e-03   2.368079e-03   480140
  6.089752e-01   1.667688e+00   1.841279e-03   2.388657e-03   490842
  6.153517e-01   1.694015e+00   1.838382e-03   2.398249e-03   500744
  6.217295e-01   1.718858e+00   1.842392e-03   2.397210e-03   511856
  6.281145e-01   1.748440e+00   1.844734e-03   2.424592e-03   523202
  6.344991e-01   1.781485e+00   1.840396e-03   2.442711e-03   532688
  6.408638e-01   1.808329e+00   1.834541e-03   2.453831e-03   541520
  6.472341e-01   1.836712e+00   1.842653e-03   2.464709e-03   555110
  6.536136e-01   1.868112e+00   1.839126e-03   2.483974e-03   564944
  6.599884e-01   1.894633e+00   1.839832e-03   2.491439e-03   576434
  6.663740e-01   1.916229e+00   1.844405e-03   2.495684e-03   588848
  6.727501e-01   1.948435e+00   1.838623e-03   2.520966e-03   597704
  6.791236e-01   1.983073e+00   1.842386e-03   2.533600e-03   610946
  6.855006e-01   2.015007e+00   1.837794e-03   2.547035e-03   620852
  6.918722e-01   2.047491e+00   1.841901e-03   2.577491e-03   633530
  6.982524e-01   2.070195e+00   1.841844e-03   2.579276e-03   645704
  7.046316e-01   2.102240e+00   1.840565e-03   2.593997e-03   656744
  7.110074e-01   2.125903e+00   1.841941e-03   2.606554e-03   669162
  7.173906e-01   2.160236e+00   1.843286e-03   2.615429e-03   681992
  7.237681e-01   2.188296e+00   1.838959e-03   2.642542e-03   692360
  7.301485e-01   2.218933e+00   1.844364e-03   2.644223e-03   707006
  7.365206e-01   2.243169e+00   1.834135e-03   2.659771e-03   714944
  7.428835e-01   2.292680e+00   1.841775e-03   2.675433e-03   730346
  7.492606e-01   2.312246e+00   1.838962e-03   2.674756e-03   742616
  7.556415e-01   2.351569e+00   1.843530e-03   2.707413e-03   756536
  7.620128e-01   2.386495e+00   1.836595e-03   2.731626e-03   766418
  7.683917e-01   2.414920e+00   1.845753e-03   2.726096e-03   783392
  7.747614e-01   2.449028e+00   1.833632e-03   2.752732e-03   790412
  7.811334e-01   2.483103e+00   1.848120e-03   2.757446e-03   810314
  7.875277e-01   2.517737e+00   1.843702e-03   2.780992e-03   821960
  7.938987e-01   2.540912e+00   1.834976e-03   2.791293e-03   831266
  8.002712e-01   2.578299e+00   1.843706e-03   2.799310e-03   848960
  8.066557e-01   2.603525e+00   1.842629e-03   2.808350e-03   861488
  8.130204e-01   2.639877e+00   1.833334e-03   2.830423e-03   871194
  8.193985e-01   2.675066e+00   1.847247e-03   2.825550e-03   891788
  8.257796e-01   2.709382e+00   1.838008e-03   2.857396e-03   900416
  8.321422e-01   2.749508e+00   1.836250e-03   2.872318e-03   914306
  8.385264e-01   2.783060e+00   1.847988e-03   2.885039e-03   933992
  8.449011e-01   2.808106e+00   1.834294e-03   2.904474e-03   940826
  8.512701e-01   2.854743e+00   1.842364e-03   2.912146e-03   960224
  8.576621e-01   2.881874e+00   1.846556e-03   2.918496e-03   976316
  8.640381e-01   2.914998e+00   1.835724e-03   2.943344e-03   985010
  8.704114e-01   2.949866e+00   1.843336e-03   2.948690e-03   1004024
  8.767898e-01   2.982995e+00   1.839706e-03   2.955947e-03   1016288
  8.831639e-01   3.028107e+00   1.840690e-03   2.983991e-03   1032290
  8.895470e-01   3.061286e+00   1.843156e-03   2.992712e-03   1048640
  8.959130e-01   3.096954e+00   1.831919e-03   3.015171e-03   1057250
  9.022937e-01   3.131235e+00   1.849588e-03   3.008894e-03   1083140
  9.086870e-01   3.165191e+00   1.840763e-03   3.032561e-03   1092248
  9.150555e-01   3.199658e+00   1.837510e-03   3.039446e-03   1105914
  9.214310e-01   3.233452e+00   1.841822e-03   3.057837e-03   1124744
  9.278120e-01   3.272783e+00   1.841202e-03   3.064346e-03   1139120
  9.341841e-01   3.310110e+00   1.838536e-03   3.081409e-03   1153490
  9.405650e-01   3.343173e+00   1.844187e-03   3.084026e-03   1172936
  9.469357e-01   3.380922e+00   1.834491e-03   3.113107e-03   1182158
  9.533110e-01   3.409733e+00   1.846126e-03   3.108855e-03   1206392
  9.596894e-01   3.461952e+00   1.835525e-03   3.134614e-03   1215224
  9.660641e-01   3.490779e+00   1.844936e-03   3.140863e-03   1237874
  9.724505e-01   3.522401e+00   1.841050e-03   3.156109e-03   1251800
  9.788233e-01   3.564646e+00   1.838619e-03   3.165412e-03   1265792
  9.851993e-01   3.607470e+00   1.843109e-03   3.185138e-03   1286306
  9.915793e-01   3.642284e+00   1.838809e-03   3.197488e-03   1299764
  9.979438e-01   3.674228e+00   1.836769e-03   3.205853e-03   1314554
  1.004319e+00   3.713688e+00   1.843595e-03   3.220192e-03   1337288
  1.010703e+00   3.748133e+00   1.840912e-03   3.226081e-03   1351304
  1.017077e+00   3.793258e+00   1.841769e-03   3.237770e-03   1369026
  1.023461e+00   3.826331e+00   1.843478e-03   3.243676e-03   1388456
  1.029842e+00   3.873346e+00   1.840406e-03   3.273836e-03   1402700
  1.036211e+00   3.892898e+00   1.837802e-03   3.276414e-03   1418282
  1.042587e+00   3.942682e+00   1.843596e-03   3.291833e-03   1440272
  1.048964e+00   3.974497e+00   1.838705e-03   3.292030e-03   1454114
  1.055341e+00   4.014015e+00   1.842603e-03   3.311134e-03   1475480
  1.061720e+00   4.054466e+00   1.840520e-03   3.322711e-03   1490936
  1.068091e+00   4.091893e+00   1.838519e-03   3.337999e-03   1507826
  1.074472e+00   4.129395e+00   1.844275e-03   3.337264e-03   1530764
  1.080850e+00   4.170314e+00   1.839052e-03   3.361989e-03   1543424
  1.087222e+00   4.207803e+00   1.841688e-03   3.364935e-03   1564946
  1.093594e+00   4.244472e+00   1.835875e-03   3.379563e-03   1578536
  1.099970e+00   4.278645e+00   1.845670e-03   3.372942e-03   1604882
  1.106358e+00   4.324245e+00   1.842454e-03   3.396870e-03   1621304
  1.112736e+00   4.356567e+00   1.839545e-03   3.406373e-03   1637024
  1.119103e+00   4.404534e+00   1.837794e-03   3.427826e-03   1654134
  1.125480e+00   4.447831e+00   1.844256e-03   3.433432e-03   1679168
  1.131864e+00   4.488952e+00   1.841903e-03   3.449072e-03   1695944
  1.138235e+00   4.520179e+00   1.836568e-03   3.459128e-03   1710602
  1.144612e+00   4.561613e+00   1.844777e-03   3.465314e-03   1737056
  1.150994e+00   4.589839e+00   1.840390e-03   3.469647e-03   1752602
  1.157370e+00   4.637251e+00   1.839227e-03   3.483065e-03   1772024
  1.163752e+00   4.674710e+00   1.844090e-03   3.487492e-03   1795364
  1.170126e+00   4.712556e+00   1.836467e-03   3.504887e-03   1807634
  1.176490e+00   4.761276e+00   1.836183e-03   3.522265e-03   1827608
  1.182859e+00   4.798772e+00   1.840789e-03   3.522662e-03   1850984
  1.189240e+00   4.841306e+00   1.844107e-03   3.540593e-03   1874618
  1.195619e+00   4.872517e+00   1.838445e-03   3.543516e-03   1889504
  1.202001e+00   4.909434e+00   1.845373e-03   3.541195e-03   1916870
  1.208383e+00   4.950981e+00   1.838254e-03   3.564986e-03   1929728
  1.214760e+00   4.990600e+00   1.843674e-03   3.570250e-03   1955408
  1.221131e+00   5.033126e+00   1.834427e-03   3.593416e-03   1966842
  1.227503e+00   5.069466e+00   1.843005e-03   3.590886e-03   1996640
  1.233886e+00   5.109931e+00   1.842690e-03   3.597366e-03   2016392
  1.240265e+00   5.160303e+00   1.839730e-03   3.617115e-03   2034722
  1.246641e+00   5.210628e+00   1.840813e-03   3.635368e-03   2056460
  1.253014e+00   5.224773e+00   1.838931e-03   3.625333e-03   2075186
  1.259388e+00   5.266294e+00   1.840566e-03   3.629581e-03   2099096
  1.265761e+00   5.308492e+00   1.837910e-03   3.653085e-03   2116832
  1.272138e+00   5.348044e+00   1.844119e-03   3.651085e-03   2145146
  1.278526e+00   5.397142e+00   1.844128e-03   3.669864e-03   2166776
  1.284904e+00   5.433798e+00   1.838822e-03   3.675295e-03   2181848
  1.291273e+00   5.470979e+00   1.838785e-03   3.692139e-03   2203766
  1.297646e+00   5.501412e+00   1.840619e-03   3.685091e-03   2227664
  1.304025e+00   5.556918e+00   1.842381e-03   3.701735e-03   2252138
  1.310403e+00   5.590769e+00   1.839825e-03   3.715874e-03   2271152
  1.316777e+00   5.636570e+00   1.840536e-03   3.723045e-03   2293256
  1.323154e+00   5.672068e+00   1.842085e-03   3.730703e-03   2318130
  1.329536e+00   5.700165e+00   1.841956e-03   3.729914e-03   2340824
  1.335910e+00   5.756946e+00   1.838342e-03   3.746021e-03   2357990
  1.342292e+00   5.785148e+00   1.846396e-03   3.738676e-03   2391176
  1.348671e+00   5.817268e+00   1.837209e-03   3.757993e-03   2401808
  1.355040e+00   5.862221e+00   1.840258e-03   3.760441e-03   2428442
  1.361418e+00   5.906540e+00   1.842645e-03   3.777859e-03   2454752
  1.367798e+00   5.945231e+00   1.841270e-03   3.780157e-03   2475872
  1.374172e+00   5.984381e+00   1.838763e-03   3.791807e-03   2495822
  1.380543e+00   6.030736e+00   1.839940e-03   3.798880e-03   2520248
  1.386922e+00   6.070854e+00   1.844043e-03   3.802121e-03   2549186
  1.393299e+00   6.101317e+00   1.837661e-03   3.807481e-03   2564768
  1.399672e+00   6.141841e+00   1.841284e-03   3.820814e-03   2592968
  1.406054e+00   6.187812e+00   1.843378e-03   3.823129e-03   2619818
  1.412431e+00   6.225022e+00   1.838027e-03   3.833588e-03   2636384
  1.418803e+00   6.263890e+00   1.840293e-03   3.841502e-03   2662220
  1.425180e+00   6.310108e+00   1.842524e-03   3.842078e-03   2689770
  1.431560e+00   6.348242e+00   1.840994e-03   3.856339e-03   2712296
  1.437933e+00   6.391217e+00   1.838431e-03   3.864741e-03   2732618
  1.444312e+00   6.415094e+00   1.843932e-03   3.854433e-03   2765264
  1.450695e+00   6.459880e+00   1.840894e-03   3.872388e-03   2784824
  1.457066e+00   6.499887e+00   1.837138e-03   3.878567e-03   2804162
  1.463445e+00   6.543447e+00   1.844971e-03   3.878066e-03   2840612
  1.469825e+00   6.573398e+00   1.839130e-03   3.892400e-03   2855576
  1.476198e+00   6.611612e+00   1.840533e-03   3.892545e-03   2883458
  1.482571e+00   6.653496e+00   1.838217e-03   3.906063e-03   2904128
  1.488946e+00   6.688284e+00   1.843378e-03   3.904358e-03   2937026
  1.495325e+00   6.735882e+00   1.839218e-03   3.919510e-03   2956976
  1.501703e+00   6.773094e+00   1.841967e-03   3.924395e-03   2986472
  1.508082e+00   6.811326e+00   1.840166e-03   3.931537e-03   3008918
  1.514460e+00   6.840884e+00   1.841773e-03   3.930026e-03   3036752
  1.520836e+00   6.881656e+00   1.839884e-03   3.932846e-03   3058376
  1.527209e+00   6.918621e+00   1.839616e-03   3.944615e-03   3084210
  1.533583e+00   6.955876e+00   1.840948e-03   3.939276e-03   3111848
  1.539960e+00   6.998849e+00   1.841348e-03   3.952472e-03   3138890
  1.546339e+00   7.034271e+00   1.840626e-03   3.955764e-03   3164516
  1.552719e+00   7.079112e+00   1.842638e-03   3.960632e-03   3192656
  1.559097e+00   7.106245e+00   1.840555e-03   3.969414e-03   3215618
  1.565473e+00   7.144164e+00   1.840732e-03   3.970790e-03   3242888
  1.571846e+00   7.180347e+00   1.839114e-03   3.974903e-03   3265448
  1.578224e+00   7.219159e+00   1.843575e-03   3.981429e-03   3300842
  1.584604e+00   7.258464e+00   1.839884e-03   3.986748e-03   3321008
  1.590977e+00   7.286766e+00   1.839336e-03   3.986152e-03   3346406
  1.597352e+00   7.329428e+00   1.841596e-03   3.986208e-03   3377984
  1.603728e+00   7.365632e+00   1.839551e-03   3.997908e-03   3400352
  1.610103e+00   7.398519e+00   1.841321e-03   3.994489e-03   3431450
  1.616483e+00   7.441056e+00   1.841519e-03   4.004719e-03   3458768
  1.622859e+00   7.486026e+00   1.841183e-03   4.014676e-03   3484088
  1.629231e+00   7.518907e+00   1.838425e-03   4.014748e-03   3508218
  1.635610e+00   7.558386e+00   1.843946e-03   4.015944e-03   3545924
  1.641992e+00   7.596581e+00   1.841053e-03   4.020610e-03   3567530
  1.648369e+00   7.627046e+00   1.840183e-03   4.025536e-03   3595040
  1.654744e+00   7.661897e+00   1.840167e-03   4.032874e-03   3621176
  1.661115e+00   7.695682e+00   1.839521e-03   4.034230e-03   3647738
  1.667490e+00   7.731925e+00   1.841438e-03   4.039614e-03   3680480
  1.673870e+00   7.771269e+00   1.842082e-03   4.036163e-03   3709712
  1.680248e+00   7.802893e+00   1.840008e-03   4.041767e-03   3734702
  1.686623e+00   7.828396e+00   1.840362e-03   4.036807e-03   3762776
  1.692996e+00   7.864226e+00   1.839854e-03   4.039653e-03   3790514
  1.699371e+00   7.899869e+00   1.839908e-03   4.041938e-03   3820352
  1.705752e+00   7.942232e+00   1.844068e-03   4.050140e-03   3856016
  1.712131e+00   7.965357e+00   1.839690e-03   4.053279e-03   3876818
  1.718506e+00   8.002349e+00   1.839874e-03   4.046258e-03   3906332
  1.724882e+00   8.043928e+00   1.841963e-03   4.053157e-03   3938216
  1.731260e+00   8.069204e+00   1.840685e-03   4.053769e-03   3966354
  1.737636e+00   8.115874e+00   1.839695e-03   4.064762e-03   3993536
  1.744011e+00   8.132704e+00   1.840344e-03   4.057042e-03   4024034
  1.750392e+00   8.178070e+00   1.843071e-03   4.061894e-03   4060208
  1.756773e+00   8.205968e+00   1.840812e-03   4.061388e-03   4083632
  1.763145e+00   8.243730e+00   1.837811e-03   4.070105e-03   4107062
  1.769521e+00   8.282896e+00   1.842771e-03   4.068469e-03   4148072
  1.775893e+00   8.309260e+00   1.836707e-03   4.073734e-03   4163456
  1.782267e+00   8.340735e+00   1.842476e-03   4.066103e-03   4207994
  1.788652e+00   8.377585e+00   1.843367e-03   4.069031e-03   4239152
  1.795029e+00   8.396378e+00   1.839132e-03   4.072313e-03   4259426
  1.801407e+00   8.442868e+00   1.842524e-03   4.072669e-03   4299488
  1.807788e+00   8.471897e+00   1.840660e-03   4.076992e-03   4323692
  1.814162e+00   8.500201e+00   1.840093e-03   4.076231e-03   4353242
  1.820541e+00   8.530734e+00   1.841694e-03   4.075480e-03   4388792
  1.826915e+00   8.571098e+00   1.838387e-03   4.085257e-03   4409912
  1.833288e+00   8.594473e+00   1.841592e-03   4.074123e-03   4449282
  1.839667e+00   8.623758e+00   1.840784e-03   4.075224e-03   4478504
  1.846041e+00   8.647962e+00   1.839106e-03   4.075849e-03   4505882
  1.852417e+00   8.683893e+00   1.841020e-03   4.079887e-03   4542044
  1.858793e+00   8.720509e+00   1.840344e-03   4.083347e-03   4569608
  1.865169e+00   8.748263e+00   1.841195e-03   4.074901e-03   4604426
  1.871550e+00   8.775258e+00   1.842311e-03   4.077297e-03   4638896
  1.877925e+00   8.805442e+00   1.838827e-03   4.083206e-03   4660088
  1.884299e+00   8.839193e+00   1.841797e-03   4.077567e-03   4701290
  1.890678e+00   8.870855e+00   1.840619e-03   4.079211e-03   4729292
  1.897054e+00   8.909283e+00   1.841565e-03   4.083782e-03   4762706
  1.903435e+00   8.922720e+00   1.842610e-03   4.072729e-03   4799336
  1.909810e+00   8.958066e+00   1.837970e-03   4.082983e-03   4818680
  1.916185e+00   8.977721e+00   1.842882e-03   4.074482e-03   4863962
  1.922563e+00   9.005448e+00   1.839027e-03   4.076631e-03   4886216
  1.928938e+00   9.043287e+00   1.841692e-03   4.074713e-03   4925360
  1.935312e+00   9.071145e+00   1.838487e-03   4.076065e-03   4950198
  1.941682e+00   9.086890e+00   1.839228e-03   4.073773e-03   4983776
  1.948062e+00   9.121169e+00   1.844717e-03   4.066178e-03   5032058
  1.954444e+00   9.144435e+00   1.839748e-03   4.070353e-03   5052296
  1.960816e+00   9.172048e+00   1.839118e-03   4.065887e-03   5081048
  1.967192e+00   9.212598e+00   1.843475e-03   4.067316e-03   5127146
  1.973574e+00   9.230686e+00   1.841069e-03   4.064587e-03   5155376
  1.979948e+00   9.258941e+00   1.838766e-03   4.071610e-03   5181068
  1.986324e+00   9.284309e+00   1.842536e-03   4.066119e-03   5225906
  1.992703e+00   9.299123e+00   1.840301e-03   4.055263e-03   5253224
  1.999075e+00   9.336910e+00   1.838471e-03   4.063503e-03   5281154
  2.005453e+00   9.363309e+00   1.843666e-03   4.058568e-03   5330336
  2.011834e+00   9.381646e+00   1.840278e-03   4.055927e-03   5354120
  2.018204e+00   9.411200e+00   1.837177e-03   4.054792e-03   5380154
  2.024582e+00   9.439510e+00   1.844004e-03   4.047635e-03   5433740
  2.030964e+00   9.457480e+00   1.841066e-03   4.051373e-03   5458202
  2.037337e+00   9.484956e+00   1.838473e-03   4.048142e-03   5486424
  2.043713e+00   9.520886e+00   1.842073e-03   4.046824e-03   5530640
  2.050092e+00   9.535164e+00   1.840865e-03   4.039913e-03   5561162
  2.056472e+00   9.561745e+00   1.842354e-03   4.040303e-03   5601512
  2.062848e+00   9.577976e+00   1.838550e-03   4.042694e-03   5623244
  2.069220e+00   9.614894e+00   1.840849e-03   4.038117e-03   5665346
  2.075598e+00   9.629809e+00   1.841113e-03   4.031233e-03   5702384
  2.081975e+00   9.661956e+00   1.840298e-03   4.039139e-03   5734706
  2.088353e+00   9.670568e+00   1.841301e-03   4.024373e-03   5773184
  2.094733e+00   9.699106e+00   1.841946e-03   4.023253e-03   5809568
  2.101105e+00   9.723630e+00   1.837552e-03   4.029309e-03   5831090
  2.107479e+00   9.748247e+00   1.842206e-03   4.017860e-03   5881964
  2.113859e+00   9.767012e+00   1.841213e-03   4.016402e-03   5913416
  2.120238e+00   9.781275e+00   1.841923e-03   4.009097e-03   5952290
  2.126616e+00   9.806696e+00   1.839865e-03   4.016854e-03   5981144
  2.132988e+00   9.835000e+00   1.839742e-03   4.014142e-03   6015290
  2.139364e+00   9.853400e+00   1.841927e-03   4.002432e-03   6059664
  2.145743e+00   9.870007e+00   1.840799e-03   3.999940e-03   6092336
  2.152122e+00   9.895240e+00   1.842086e-03   3.998404e-03   6132806
  2.158501e+00   9.916977e+00   1.841321e-03   3.995110e-03   6166832
  2.164873e+00   9.930193e+00   1.837443e-03   3.990764e-03   6189272
  2.171243e+00   9.952170e+00   1.841004e-03   3.987042e-03   6238154
  2.177621e+00   9.972709e+00   1.841080e-03   3.983905e-03   6275288
  2.184000e+00   9.995674e+00   1.842241e-03   3.980618e-03   6316322
  2.190379e+00   1.000463e+01   1.840641e-03   3.973233e-03   6348488
  2.196756e+00   1.002837e+01   1.841212e-03   3.974041e-03   6385868
  2.203134e+00   1.004732e+01   1.841850e-03   3.965406e-03   6425378
  2.209510e+00   1.007048e+01   1.839408e-03   3.963212e-03   6455360
  2.215886e+00   1.007860e+01   1.841392e-03   3.953977e-03   6498176
  2.222261e+00   1.010768e+01   1.840198e-03   3.953542e-03   6531674
  2.228637e+00   1.012791e+01   1.841209e-03   3.951534e-03   6573368
  2.235015e+00   1.014319e+01   1.841417e-03   3.943574e-03   6611246
  2.241392e+00   1.016411e+01   1.840803e-03   3.946144e-03   6647424
  2.247770e+00   1.016754e+01   1.841365e-03   3.933157e-03   6687488
  2.254147e+00   1.020081e+01   1.839919e-03   3.942006e-03   6721250
  2.260520e+00   1.020773e+01   1.839077e-03   3.927274e-03   6755816
  2.266897e+00   1.023297e+01   1.842933e-03   3.928351e-03   6806504
  2.273276e+00   1.025623e+01   1.840584e-03   3.918862e-03   6837506
  2.279651e+00   1.026816e+01   1.839474e-03   3.918682e-03   6871556
  2.286030e+00   1.029298e+01   1.843489e-03   3.913430e-03   6924938
  2.292407e+00   1.029890e+01   1.838210e-03   3.913924e-03   6945320
  2.298778e+00   1.031059e+01   1.839118e-03   3.904164e-03   6986072
  2.305158e+00   1.033084e+01   1.844888e-03   3.892804e-03   7046642
  2.311538e+00   1.034010e+01   1.838415e-03   3.891911e-03   7061168
  2.317910e+00   1.034840e+01   1.840538e-03   3.883494e-03   7108064
  2.324288e+00   1.038182e+01   1.841488e-03   3.877708e-03   7151822
  2.330666e+00   1.039340e+01   1.840837e-03   3.875424e-03   7187600
  2.337045e+00   1.039699e+01   1.841819e-03   3.867616e-03   7231418
  2.343420e+00   1.042416e+01   1.838266e-03   3.869981e-03   7257912
  2.349793e+00   1.042267e+01   1.841246e-03   3.857436e-03   7307840
  2.356171e+00   1.044546e+01   1.840707e-03   3.856965e-03   7346618
  2.362545e+00   1.046271e+01   1.838315e-03   3.851497e-03   7376552
  2.368920e+00   1.046662e+01   1.842635e-03   3.841551e-03   7431740
  2.375299e+00   1.049238e+01   1.840580e-03   3.842516e-03   7464458
  2.381675e+00   1.050849e+01   1.840724e-03   3.836561e-03   7505672
  2.388054e+00   1.050649e+01   1.841875e-03   3.831416e-03   7550906
  2.394430e+00   1.052442e+01   1.839274e-03   3.820230e-03   7580720
  2.400808e+00   1.053413e+01   1.843124e-03   3.813031e-03   7635944
  2.407183e+00   1.054931e+01   1.837385e-03   3.816216e-03   7653254
  2.413557e+00   1.056017e+01   1.842500e-03   3.803692e-03   7714712
  2.419937e+00   1.057176e+01   1.841714e-03   3.800173e-03   7751840
  2.426315e+00   1.058135e+01   1.840093e-03   3.790602e-03   7788170
  2.432690e+00   1.059412e+01   1.840288e-03   3.785566e-03   7828544
  2.439067e+00   1.059486e+01   1.841589e-03   3.776032e-03   7874474
  2.445442e+00   1.060525e+01   1.838917e-03   3.775420e-03   7906032
  2.451817e+00   1.062066e+01   1.841643e-03   3.766641e-03   7957580
  2.458195e+00   1.063293e+01   1.840967e-03   3.761674e-03   7995962
  2.464573e+00   1.063748e+01   1.841319e-03   3.752223e-03   8038976
  2.470951e+00   1.065632e+01   1.841937e-03   3.755273e-03   8082320
  2.477329e+00   1.065796e+01   1.840784e-03   3.742929e-03   8120450
  2.483701e+00   1.068015e+01   1.838200e-03   3.743713e-03   8150312
  2.490075e+00   1.068981e+01   1.842025e-03   3.732522e-03   8210450
  2.496455e+00   1.069319e+01   1.840554e-03   3.723763e-03   8246732
  2.502832e+00   1.070004e+01   1.841458e-03   3.715742e-03   8290256
  2.509210e+00   1.070346e+01   1.841232e-03   3.709858e-03   8333306
  2.515587e+00   1.071652e+01   1.840510e-03   3.703748e-03   8372312
  2.521962e+00   1.072409e+01   1.840644e-03   3.696785e-03   8413472
  2.528337e+00   1.073506e+01   1.840038e-03   3.697414e-03   8455634
  2.534714e+00   1.074637e+01   1.841410e-03   3.684669e-03   8503736
  2.541090e+00   1.075180e+01   1.840703e-03   3.680586e-03   8542814
  2.547468e+00   1.075744e+01   1.841283e-03   3.669758e-03   8589960
  2.553847e+00   1.075643e+01   1.841675e-03   3.663098e-03   8633912
  2.560223e+00   1.077148e+01   1.839336e-03   3.661319e-03   8666690
  2.566599e+00   1.078429e+01   1.842209e-03   3.652002e-03   8722544
  2.572977e+00   1.079080e+01   1.840585e-03   3.647481e-03   8758112
  2.579352e+00   1.080164e+01   1.839548e-03   3.643145e-03   8798750
  2.585728e+00   1.079404e+01   1.841277e-03   3.630766e-03   8848808
  2.592104e+00   1.080710e+01   1.840251e-03   3.627319e-03   8889170
  2.598481e+00   1.081225e+01   1.840227e-03   3.620248e-03   8934608
  2.604856e+00   1.082296e+01   1.839643e-03   3.615549e-03   8971640
  2.611232e+00   1.082353e+01   1.842388e-03   3.607015e-03   9029954
  2.617612e+00   1.082025e+01   1.840920e-03   3.596392e-03   9067856
  2.623987e+00   1.083288e+01   1.839672e-03   3.593834e-03   9104444
  2.630367e+00   1.084168e+01   1.843923e-03   3.584216e-03   9171242
  2.636745e+00   1.084500e+01   1.838017e-03   3.581667e-03   9185528
  2.643114e+00   1.085244e+01   1.839022e-03   3.574031e-03   9235394
  2.649494e+00   1.086385e+01   1.844050e-03   3.565370e-03   9305688
  2.655872e+00   1.086061e+01   1.838662e-03   3.559976e-03   9321824
  2.662249e+00   1.086450e+01   1.843226e-03   3.548752e-03   9392090
  2.668628e+00   1.086094e+01   1.839001e-03   3.543110e-03   9414332
  2.675000e+00   1.087660e+01   1.840415e-03   3.538203e-03   9465410
  2.681380e+00   1.088151e+01   1.842364e-03   3.531196e-03   9523760
  2.687758e+00   1.087298e+01   1.839771e-03   3.522510e-03   9553832
  2.694133e+00   1.087640e+01   1.840855e-03   3.509577e-03   9604298
  2.700510e+00   1.088973e+01   1.840893e-03   3.508722e-03   9651176
  2.706885e+00   1.088781e+01   1.839603e-03   3.501752e-03   9687704
  2.713262e+00   1.089572e+01   1.842393e-03   3.492861e-03   9748574
  2.719643e+00   1.090130e+01   1.842290e-03   3.485233e-03   9794624
  2.726015e+00   1.090504e+01   1.836766e-03   3.482506e-03   9811370
  2.732389e+00   1.089871e+01   1.842921e-03   3.469675e-03   9891320
  2.738770e+00   1.091273e+01   1.841218e-03   3.470484e-03   9926024
  2.745146e+00   1.090567e+01   1.840208e-03   3.458430e-03   9967586
  2.751522e+00   1.090048e+01   1.840755e-03   3.448927e-03   10018116
  2.757897e+00   1.091470e+01   1.840456e-03   3.445010e-03   10060280
  2.764274e+00   1.091395e+01   1.841667e-03   3.435452e-03   10115450
  2.770654e+00   1.091105e+01   1.841837e-03   3.424297e-03   10164368
  2.777028e+00   1.092217e+01   1.838094e-03   3.426529e-03   10188314
  2.783404e+00   1.091738e+01   1.843290e-03   3.410507e-03   10265168
  2.789784e+00   1.092221e+01   1.840160e-03   3.407052e-03   10294448
  2.796159e+00   1.092468e+01   1.840640e-03   3.401829e-03   10343918
  2.802537e+00   1.092361e+01   1.841730e-03   3.391838e-03   10397600
  2.808913e+00   1.092348e+01   1.840311e-03   3.382183e-03   10435328
  2.815285e+00   1.092326e+01   1.838957e-03   3.379761e-03   10476698
  2.821661e+00   1.092632e+01   1.842237e-03   3.368151e-03   10543184
  2.828039e+00   1.093449e+01   1.839935e-03   3.365138e-03   10577834
  2.834417e+00   1.092201e+01   1.842252e-03   3.351991e-03   10641560
  2.840795e+00   1.092649e+01   1.839115e-03   3.351359e-03   10668452
  2.847169e+00   1.093402e+01   1.841467e-03   3.345122e-03   10729634
  2.853544e+00   1.091976e+01   1.839115e-03   3.332029e-03   10766520
  2.859920e+00   1.092884e+01   1.841423e-03   3.325902e-03   10825856
  2.866300e+00   1.092803e+01   1.842253e-03   3.319627e-03   10880090
  2.872679e+00   1.092479e+01   1.840348e-03   3.310904e-03   10918088
  2.879054e+00   1.092146e+01   1.840274e-03   3.303182e-03   10964474
  2.885431e+00   1.092429e+01   1.841464e-03   3.296331e-03   11021180
  2.891809e+00   1.093066e+01   1.840637e-03   3.289264e-03   11064248
  2.898185e+00   1.093299e+01   1.840651e-03   3.285792e-03   11114234
  2.904565e+00   1.091249e+01   1.842174e-03   3.268146e-03   11172872
  2.910943e+00   1.092228e+01   1.840078e-03   3.264560e-03   11206880
  2.917314e+00   1.092178e+01   1.838484e-03   3.262669e-03   11248130
  2.923689e+00   1.092512e+01   1.841523e-03   3.251684e-03   11316140
  2.930066e+00   1.092034e+01   1.840085e-03   3.247891e-03   11355554
  2.936443e+00   1.091473e+01   1.841835e-03   3.238765e-03   11417840
  2.942822e+00   1.091181e+01   1.840319e-03   3.230023e-03   11456528
  2.949199e+00   1.091671e+01   1.841526e-03   3.224165e-03   11512874
  2.955576e+00   1.091082e+01   1.840486e-03   3.213867e-03   11557272
  2.961950e+00   1.092164e+01   1.839582e-03   3.212602e-03   11600360
  2.968326e+00   1.090841e+01   1.841593e-03   3.201144e-03   11663678
  2.974703e+00   1.091539e+01   1.840371e-03   3.194635e-03   11705552
  2.981079e+00   1.090643e+01   1.840912e-03   3.188410e-03   11758658
  2.987457e+00   1.090674e+01   1.841605e-03   3.177590e-03   11815208
  2.993836e+00   1.090803e+01   1.841556e-03   3.174627e-03   11864000
  3.000212e+00   1.090332e+01   1.839938e-03   3.166384e-03   11904962
  3.006589e+00   1.091042e+01   1.840973e-03   3.162491e-03   11963696
  3.012966e+00   1.089633e+01   1.840866e-03   3.151765e-03   12011132
  3.019341e+00   1.089487e+01   1.840389e-03   3.142694e-03   12059450
  3.025718e+00   1.090523e+01   1.841438e-03   3.139427e-03   12118280
  3.032095e+00   1.088969e+01   1.840188e-03   3.127508e-03   12160562
  3.038470e+00   1.089370e+01   1.840247e-03   3.125797e-03   12212768
  3.044846e+00   1.088563e+01   1.841220e-03   3.115663e-03   12269504
  3.051223e+00   1.088797e+01   1.840948e-03   3.111215e-03   12319370
  3.057600e+00   1.088097e+01   1.840852e-03   3.103018e-03   12370140
  3.063975e+00   1.087475e+01   1.840437e-03   3.093860e-03   12417752
  3.070352e+00   1.088724e+01   1.841133e-03   3.091245e-03   12476882
  3.076731e+00   1.087290e+01   1.841502e-03   3.079577e-03   12530816
  3.083108e+00   1.087192e+01   1.840958e-03   3.072543e-03   12577658
  3.089485e+00   1.087171e+01   1.840591e-03   3.067537e-03   12629288
  3.095862e+00   1.087318e+01   1.841067e-03   3.059791e-03   12683828
  3.102237e+00   1.086973e+01   1.839537e-03   3.055363e-03   12725354
  3.108612e+00   1.086729e+01   1.841269e-03   3.045986e-03   12790616
  3.114989e+00   1.085770e+01   1.840010e-03   3.038589e-03   12833768
  3.121365e+00   1.086331e+01   1.841117e-03   3.034852e-03   12894194
  3.127743e+00   1.085929e+01   1.841676e-03   3.028234e-03   12950240
  3.134122e+00   1.085917e+01   1.840849e-03   3.022000e-03   12998714
  3.140498e+00   1.085170e+01   1.840244e-03   3.016720e-03   13048100
  3.146876e+00   1.084332e+01   1.841732e-03   3.005808e-03   13109120
  3.153254e+00   1.084853e+01   1.841032e-03   3.000998e-03   13158506
  3.159627e+00   1.084922e+01   1.838302e-03   3.000397e-03   13193040
  3.166002e+00   1.084599e+01   1.841969e-03   2.989789e-03   13271072
  3.172380e+00   1.084410e+01   1.840294e-03   2.985332e-03   13314242
  3.178754e+00   1.084347e+01   1.839703e-03   2.979425e-03   13363808
  3.185133e+00   1.084305e+01   1.842485e-03   2.970503e-03   13436822
  3.191512e+00   1.083095e+01   1.840487e-03   2.964884e-03   13476080
  3.197887e+00   1.083401e+01   1.840204e-03   2.960013e-03   13527296
  3.204264e+00   1.082406e+01   1.841161e-03   2.951321e-03   13589498
  3.210638e+00   1.082990e+01   1.838626e-03   2.949924e-03   13623704
  3.217016e+00   1.081829e+01   1.844054e-03   2.934299e-03   13717280
  3.223396e+00   1.082789e+01   1.839294e-03   2.933854e-03   13737914
  3.229770e+00   1.081961e+01   1.840743e-03   2.927365e-03   13801772
  3.236147e+00   1.081948e+01   1.841678e-03   2.919169e-03   13864298
  3.242524e+00   1.081911e+01   1.839451e-03   2.917888e-03   13904216
  3.248899e+00   1.081669e+01   1.840700e-03   2.912228e-03   13966064
  3.255276e+00   1.081551e+01   1.841492e-03   2.905044e-03   14027042
  3.261651e+00   1.081077e+01   1.838676e-03   2.900699e-03   14061048
  3.268027e+00   1.080629e+01   1.842396e-03   2.891836e-03   14143820
  3.274405e+00   1.080838e+01   1.840137e-03   2.889565e-03   14182442
  3.280782e+00   1.080501e+01   1.841285e-03   2.881485e-03   14245568
  3.287160e+00   1.080708e+01   1.841226e-03   2.877731e-03   14301338
  3.293537e+00   1.080364e+01   1.840394e-03   2.873545e-03   14350064
  3.299913e+00   1.079814e+01   1.841485e-03   2.865238e-03   14412488
  3.306292e+00   1.079641e+01   1.841397e-03   2.857775e-03   14470250
  3.312668e+00   1.080100e+01   1.839514e-03   2.857582e-03   14509484
  3.319039e+00   1.079473e+01   1.839618e-03   2.851407e-03   14564474
  3.325416e+00   1.079610e+01   1.842538e-03   2.843433e-03   14646632
  3.331795e+00   1.079880e+01   1.839978e-03   2.842772e-03   14681792
  3.338171e+00   1.080484e+01   1.841401e-03   2.838187e-03   14749946
  3.344548e+00   1.079742e+01   1.840482e-03   2.828753e-03   14799968
  3.350923e+00   1.079619e+01   1.839748e-03   2.827966e-03   14848808
  3.357300e+00   1.079358e+01   1.842276e-03   2.819094e-03   14925638
  3.363678e+00   1.079438e+01   1.840046e-03   2.817425e-03   14963016
  3.370053e+00   1.079291e+01   1.841263e-03   2.809921e-03   15031106
  3.376432e+00   1.080320e+01   1.841574e-03   2.809290e-03   15092384
  3.382808e+00   1.079280e+01   1.839899e-03   2.802665e-03   15132248
  3.389183e+00   1.080259e+01   1.841248e-03   2.801089e-03   15202322
  3.395560e+00   1.079598e+01   1.839985e-03   2.796505e-03   15250832
  3.401936e+00   1.079744e+01   1.841279e-03   2.790709e-03   15315692
  3.408315e+00   1.079378e+01   1.842099e-03   2.783265e-03   15382346
  3.414692e+00   1.079246e+01   1.839166e-03   2.781722e-03   15416024
  3.421065e+00   1.080574e+01   1.840590e-03   2.780968e-03   15483602
  3.427446e+00   1.080555e+01   1.843566e-03   2.772089e-03   15568424
  3.433825e+00   1.080777e+01   1.839187e-03   2.776452e-03   15589280
  3.440198e+00   1.080898e+01   1.839744e-03   2.769430e-03   15652502
  3.446575e+00   1.080858e+01   1.841959e-03   2.763392e-03   15728960
  3.452954e+00   1.080965e+01   1.840551e-03   2.759932e-03   15773168
  3.459328e+00   1.081083e+01   1.839940e-03   2.757241e-03   15828290
  3.465704e+00   1.081598e+01   1.840910e-03   2.754089e-03   15893184
  3.472081e+00   1.081936e+01   1.841157e-03   2.751653e-03   15954194
  3.478457e+00   1.082205e+01   1.839872e-03   2.749603e-03   16006016
  3.484831e+00   1.082304e+01   1.839639e-03   2.745908e-03   16058684
  3.491208e+00   1.082381e+01   1.842456e-03   2.740783e-03   16141898
  3.497590e+00   1.082976e+01   1.841864e-03   2.737296e-03   16197872
  3.503966e+00   1.083896e+01   1.839313e-03   2.740162e-03   16231640
  3.510341e+00   1.083695e+01   1.841313e-03   2.731305e-03   16310090
  3.516721e+00   1.085041e+01   1.841945e-03   2.731972e-03   16375136
  3.523097e+00   1.085118e+01   1.839457e-03   2.730905e-03   16412522
  3.529473e+00   1.085441e+01   1.841163e-03   2.728160e-03   16488308
  3.535850e+00   1.085997e+01   1.840616e-03   2.726460e-03   16539968
  3.542225e+00   1.086414e+01   1.839938e-03   2.724037e-03   16595714
  3.548602e+00   1.087574e+01   1.841625e-03   2.723558e-03   16671224
  3.554979e+00   1.087956e+01   1.840210e-03   2.723744e-03   16714064
  3.561354e+00   1.088988e+01   1.840955e-03   2.723772e-03   16783202
  3.567731e+00   1.089745e+01   1.840815e-03   2.718691e-03   16842504
  3.574108e+00   1.088952e+01   1.841084e-03   2.714603e-03   16904894
  3.580486e+00   1.090811e+01   1.841127e-03   2.715943e-03   16968656
  3.586865e+00   1.091439e+01   1.841521e-03   2.713831e-03   17030288
  3.593238e+00   1.092118e+01   1.838444e-03   2.714941e-03   17061482
  3.599615e+00   1.093512e+01   1.842988e-03   2.714435e-03   17164976
  3.605993e+00   1.094187e+01   1.840068e-03   2.713959e-03   17197184
  3.612368e+00   1.095184e+01   1.840756e-03   2.711845e-03   17267102
  3.618746e+00   1.096153e+01   1.841072e-03   2.714198e-03   17329928
  3.625121e+00   1.096972e+01   1.839901e-03   2.713485e-03   17378906
  3.631497e+00   1.098148e+01   1.841182e-03   2.713029e-03   17454776
  3.637873e+00   1.098569e+01   1.839972e-03   2.712956e-03   17501720
  3.644249e+00   1.099887e+01   1.842109e-03   2.711808e-03   17584826
  3.650631e+00   1.101779e+01   1.841819e-03   2.715665e-03   17646008
  3.657008e+00   1.102549e+01   1.840059e-03   2.715482e-03   17686412
  3.663381e+00   1.104778e+01   1.840228e-03   2.718005e-03   17751266
  3.669756e+00   1.104995e+01   1.840035e-03   2.718077e-03   17812848
  3.676130e+00   1.106048e+01   1.840074e-03   2.719913e-03   17874866
  3.682507e+00   1.108229e+01   1.841337e-03   2.720942e-03   17951720
  3.688886e+00   1.109346e+01   1.841134e-03   2.723960e-03   18009344
  3.695262e+00   1.110850e+01   1.840349e-03   2.726056e-03   18064730
  3.701640e+00   1.111866e+01   1.841339e-03   2.725486e-03   18137372
  3.708017e+00   1.113845e+01   1.840603e-03   2.730526e-03   18189632
  3.714392e+00   1.115986e+01   1.840457e-03   2.733047e-03   18254330
  3.720770e+00   1.116718e+01   1.841473e-03   2.734108e-03   18325808
  3.727148e+00   1.118692e+01   1.840737e-03   2.739788e-03   18379610
  3.733524e+00   1.120625e+01   1.840702e-03   2.743388e-03   18445760
  3.739901e+00   1.121854e+01   1.840479e-03   2.741771e-03   18504440
  3.746277e+00   1.123386e+01   1.840875e-03   2.745845e-03   18572198
  3.752657e+00   1.126567e+01   1.841895e-03   2.753755e-03   18647480
  3.759032e+00   1.128134e+01   1.838946e-03   2.760207e-03   18678152
  3.765406e+00   1.129949e+01   1.841061e-03   2.762003e-03   18764186
  3.771782e+00   1.130612e+01   1.840849e-03   2.761089e-03   18794103
  3.778158e+00   1.128555e+01   1.840297e-03   2.757596e-03   18760748
  3.784533e+00   1.126390e+01   1.840231e-03   2.754385e-03   18727940
  3.790912e+00   1.123359e+01   1.842073e-03   2.748598e-03   18712436
  3.797287e+00   1.121348e+01   1.838840e-03   2.744706e-03   18646616
  3.803663e+00   1.118716e+01   1.842455e-03   2.735661e-03   18651296
  3.810042e+00   1.116927e+01   1.840334e-03   2.733989e-03   18596096
  3.816418e+00   1.113966e+01   1.841121e-03   2.729555e-03   18571364
  3.822794e+00   1.111789e+01   1.839859e-03   2.724800e-03   18527096
  3.829170e+00   1.109047e+01   1.840846e-03   2.718498e-03   18501368
  3.835548e+00   1.107901e+01   1.841771e-03   2.717032e-03   18475040
  3.841927e+00   1.104284e+01   1.841481e-03   2.708794e-03   18439436
  3.848301e+00   1.102797e+01   1.838521e-03   2.709154e-03   18375752
  3.854674e+00   1.101002e+01   1.840584e-03   2.705187e-03   18361484
  3.861052e+00   1.098585e+01   1.842393e-03   2.699271e-03   18344504
  3.867430e+00   1.096446e+01   1.839817e-03   2.699261e-03   18284708
  3.873806e+00   1.094446e+01   1.841259e-03   2.691676e-03   18264048
  3.880183e+00   1.091576e+01   1.840629e-03   2.687508e-03   18220964
  3.886557e+00   1.089996e+01   1.839363e-03   2.684902e-03   18173528
  3.892935e+00   1.088012e+01   1.843046e-03   2.680175e-03   18173780
  3.899316e+00   1.085701e+01   1.841138e-03   2.679115e-03   18116660
  3.905693e+00   1.083545e+01   1.840842e-03   2.675652e-03   18078740
  3.912066e+00   1.081550e+01   1.838693e-03   2.672648e-03   18023108
  3.918439e+00   1.079299e+01   1.840734e-03   2.667757e-03   18005600
  3.924818e+00   1.077382e+01   1.842344e-03   2.662997e-03   17984552
  3.931198e+00   1.075477e+01   1.841062e-03   2.663319e-03   17934860
  3.937574e+00   1.072863e+01   1.840562e-03   2.659263e-03   17891468
  3.943950e+00   1.071834e+01   1.840945e-03   2.659206e-03   17857712
  3.950326e+00   1.069241e+01   1.840137e-03   2.652959e-03   17813108
  3.956702e+00   1.067102e+01   1.841074e-03   2.651388e-03   17784788
  3.963079e+00   1.065558e+01   1.840240e-03   2.648957e-03   17737268
  3.969455e+00   1.063097e+01   1.841773e-03   2.642740e-03   17713268
  3.975833e+00   1.062102e+01   1.840239e-03   2.645230e-03   17661912
  3.982208e+00   1.059679e+01   1.840290e-03   2.639386e-03   17622668
  3.988586e+00   1.057537e+01   1.842133e-03   2.634721e-03   17600552
  3.994964e+00   1.055529e+01   1.839951e-03   2.636876e-03   17542580
  4.001340e+00   1.053930e+01   1.840772e-03   2.629523e-03   17509112
  4.007717e+00   1.052112e+01   1.841501e-03   2.627747e-03   17475116
  4.014093e+00   1.050214e+01   1.839606e-03   2.626458e-03   17419964
  4.020469e+00   1.048340e+01   1.841433e-03   2.624491e-03   17397056
  4.026846e+00   1.046940e+01   1.840314e-03   2.625240e-03   17345336
  4.033223e+00   1.044379e+01   1.840964e-03   2.619578e-03   17310476
  4.039596e+00   1.042366e+01   1.838459e-03   2.618739e-03   17246360
  4.045972e+00   1.041655e+01   1.842582e-03   2.615357e-03   17244284
  4.052354e+00   1.038905e+01   1.842150e-03   2.610165e-03   17198240
  4.058731e+00   1.036979e+01   1.839271e-03   2.612269e-03   17130932
  4.065106e+00   1.035516e+01   1.841562e-03   2.608592e-03   17110040
  4.071484e+00   1.033180e+01   1.840722e-03   2.606573e-03   17058488
  4.077857e+00   1.032325e+01   1.839135e-03   2.607424e-03   17003664
  4.084233e+00   1.029481e+01   1.841446e-03   2.599551e-03   16983908
  4.090612e+00   1.028410e+01   1.841420e-03   2.600873e-03   16939220
  4.096989e+00   1.026567e+01   1.840515e-03   2.600376e-03   16888904
  4.103367e+00   1.025257e+01   1.841500e-03   2.599507e-03   16854920
  4.109743e+00   1.023064e+01   1.839861e-03   2.594434e-03   16795136
  4.116117e+00   1.021877e+01   1.840184e-03   2.595827e-03   16755860
  4.122495e+00   1.019728e+01   1.841913e-03   2.591374e-03   16729064
  4.128872e+00   1.017778e+01   1.840126e-03   2.589392e-03   16668260
  4.135248e+00   1.016282e+01   1.841092e-03   2.588634e-03   16631456
  4.141626e+00   1.015417e+01   1.841230e-03   2.591280e-03   16588208
  4.148001e+00   1.013171e+01   1.839635e-03   2.587031e-03   16531052
  4.154379e+00   1.012070e+01   1.842867e-03   2.585601e-03   16514456
  4.160755e+00   1.010117e+01   1.838861e-03   2.587732e-03   16432880
  4.167131e+00   1.008394e+01   1.842344e-03   2.582968e-03   16421120
  4.173510e+00   1.006415e+01   1.840051e-03   2.582003e-03   16354148
  4.179885e+00   1.004685e+01   1.841003e-03   2.581548e-03   16316184
  4.186264e+00   1.002718e+01   1.842179e-03   2.576430e-03   16283360
  4.192641e+00   1.001402e+01   1.839085e-03   2.580030e-03   16208756
  4.199016e+00   9.999601e+00   1.841765e-03   2.575807e-03   16184372
  4.205394e+00   9.987680e+00   1.840922e-03   2.577677e-03   16131116
  4.211767e+00   9.970799e+00   1.839273e-03   2.578122e-03   16070864
  4.218143e+00   9.954700e+00   1.841935e-03   2.575510e-03   16047596
  4.224522e+00   9.945973e+00   1.841132e-03   2.577138e-03   15993464
  4.230898e+00   9.922267e+00   1.839789e-03   2.574921e-03   15936116
  4.237274e+00   9.909557e+00   1.841227e-03   2.572715e-03   15899564
  4.243650e+00   9.893954e+00   1.840412e-03   2.573649e-03   15843188
  4.250027e+00   9.881361e+00   1.841430e-03   2.573906e-03   15806012
  4.256404e+00   9.867719e+00   1.840029e-03   2.573778e-03   15746972
  4.262780e+00   9.844278e+00   1.841029e-03   2.570959e-03   15706280
  4.269158e+00   9.836664e+00   1.841316e-03   2.569921e-03   15660560
  4.275534e+00   9.820205e+00   1.839976e-03   2.569664e-03   15601664
  4.281910e+00   9.807334e+00   1.840520e-03   2.571759e-03   15555936
  4.288286e+00   9.792127e+00   1.841154e-03   2.571530e-03   15511664
  4.294665e+00   9.776446e+00   1.841118e-03   2.568709e-03   15463688
  4.301042e+00   9.768904e+00   1.840371e-03   2.573197e-03   15406784
  4.307419e+00   9.750352e+00   1.841443e-03   2.568207e-03   15364076
  4.313795e+00   9.737598e+00   1.839853e-03   2.571114e-03   15302144
  4.320171e+00   9.723260e+00   1.841222e-03   2.571311e-03   15264716
  4.326549e+00   9.711369e+00   1.841061e-03   2.572131e-03   15212204
  4.332926e+00   9.695144e+00   1.840328e-03   2.572063e-03   15154664
  4.339301e+00   9.679476e+00   1.840391e-03   2.571502e-03   15104684
  4.345675e+00   9.667395e+00   1.839587e-03   2.572657e-03   15046256
  4.352051e+00   9.659129e+00   1.841370e-03   2.572779e-03   15009272
  4.358428e+00   9.643911e+00   1.840387e-03   2.574394e-03   14951624
  4.364807e+00   9.632352e+00   1.842302e-03   2.574129e-03   14915300
  4.371187e+00   9.619651e+00   1.840481e-03   2.576252e-03   14847140
  4.377560e+00   9.604292e+00   1.839457e-03   2.575974e-03   14786624
  4.383935e+00   9.594476e+00   1.840794e-03   2.577251e-03   14745252
  4.390313e+00   9.584453e+00   1.841504e-03   2.577934e-03   14697932
  4.396692e+00   9.560433e+00   1.841471e-03   2.575924e-03   14644448
  4.403070e+00   9.559093e+00   1.840856e-03   2.578832e-03   14586896
  4.409445e+00   9.541588e+00   1.839917e-03   2.581031e-03   14525000
  4.415820e+00   9.528368e+00   1.841355e-03   2.579242e-03   14482088
  4.422197e+00   9.527080e+00   1.840486e-03   2.583167e-03   14423696
  4.428574e+00   9.507308e+00   1.840927e-03   2.584887e-03   14373848
  4.434951e+00   9.502975e+00   1.841026e-03   2.586565e-03   14319188
  4.441328e+00   9.484306e+00   1.840720e-03   2.585047e-03   14262248
  4.447704e+00   9.483872e+00   1.840293e-03   2.590551e-03   14204780
  4.454079e+00   9.460002e+00   1.840780e-03   2.586756e-03   14153240
  4.460456e+00   9.454162e+00   1.840870e-03   2.590977e-03   14099048
  4.466833e+00   9.446457e+00   1.841305e-03   2.592559e-03   14048288
  4.473210e+00   9.428495e+00   1.840220e-03   2.592874e-03   13983860
  4.479586e+00   9.418795e+00   1.841413e-03   2.595171e-03   13935800
  4.485962e+00   9.413671e+00   1.839813e-03   2.600143e-03   13868784
  4.492338e+00   9.398812e+00   1.841245e-03   2.599608e-03   13824536
  4.498718e+00   9.394181e+00   1.842226e-03   2.601446e-03   13774364
  4.505095e+00   9.390387e+00   1.840286e-03   2.607878e-03   13702856
  4.511470e+00   9.376481e+00   1.840225e-03   2.609533e-03   13646648
  4.517844e+00   9.366418e+00   1.840082e-03   2.611853e-03   13588364
  4.524220e+00   9.357791e+00   1.841200e-03   2.612081e-03   13539920
  4.530597e+00   9.350296e+00   1.840383e-03   2.618034e-03   13478432
  4.536974e+00   9.338272e+00   1.840898e-03   2.616891e-03   13424264
  4.543353e+00   9.331825e+00   1.841656e-03   2.622260e-03   13370000
  4.549730e+00   9.324673e+00   1.840597e-03   2.628225e-03   13304432
  4.556105e+00   9.315446e+00   1.839697e-03   2.629761e-03   13241228
  4.562479e+00   9.306929e+00   1.840265e-03   2.633900e-03   13186508
  4.568858e+00   9.301439e+00   1.842616e-03   2.635674e-03   13144544
  4.575236e+00   9.294810e+00   1.839577e-03   2.639141e-03   13065032
  4.581610e+00   9.276545e+00   1.840140e-03   2.642867e-03   13008512
  4.587987e+00   9.274413e+00   1.841456e-03   2.646931e-03   12957360
  4.594365e+00   9.268686e+00   1.841180e-03   2.649885e-03   12897728
  4.600740e+00   9.263107e+00   1.838906e-03   2.654398e-03   12822884
  4.607118e+00   9.260514e+00   1.843186e-03   2.657649e-03   12790772
  4.613497e+00   9.246092e+00   1.839965e-03   2.661640e-03   12707960
  4.619871e+00   9.236670e+00   1.840055e-03   2.666693e-03   12650024
  4.626249e+00   9.236557e+00   1.841592e-03   2.672261e-03   12599360
  4.632627e+00   9.226850e+00   1.841060e-03   2.675857e-03   12533984
  4.639003e+00   9.216102e+00   1.840024e-03   2.678890e-03   12467036
  4.645379e+00   9.220419e+00   1.841105e-03   2.687951e-03   12412124
  4.651756e+00   9.209325e+00   1.840677e-03   2.691414e-03   12345776
  4.658131e+00   9.204477e+00   1.840856e-03   2.695189e-03   12286760
  4.664508e+00   9.194958e+00   1.840642e-03   2.699025e-03   12225452
  4.670885e+00   9.195927e+00   1.840694e-03   2.708032e-03   12162584
  4.677263e+00   9.187420e+00   1.841648e-03   2.709182e-03   12105824
  4.683640e+00   9.188339e+00   1.840444e-03   2.719002e-03   12036248
  4.690015e+00   9.176450e+00   1.840000e-03   2.721865e-03   11969736
  4.696391e+00   9.171294e+00   1.841517e-03   2.729033e-03   11916224
  4.702769e+00   9.174885e+00   1.840685e-03   2.735842e-03   11849312
  4.709145e+00   9.166000e+00   1.840274e-03   2.741074e-03   11783300
  4.715522e+00   9.163499e+00   1.841310e-03   2.748148e-03   11724800
  4.721898e+00   9.162454e+00   1.840639e-03   2.754653e-03   11657372
  4.728275e+00   9.160659e+00   1.840697e-03   2.762280e-03   11595320
  4.734652e+00   9.159021e+00   1.840360e-03   2.767883e-03   11527928
  4.741029e+00   9.155977e+00   1.841428e-03   2.777105e-03   11469008
  4.747404e+00   9.143803e+00   1.839492e-03   2.782326e-03   11392904
  4.753780e+00   9.151833e+00   1.841657e-03   2.792158e-03   11340476
  4.760155e+00   9.139220e+00   1.839780e-03   2.797693e-03   11263520
  4.766534e+00   9.142125e+00   1.842729e-03   2.805396e-03   11218472
  4.772911e+00   9.133199e+00   1.838731e-03   2.812599e-03   11129336
  4.779288e+00   9.132519e+00   1.842467e-03   2.820512e-03   11083964
  4.785665e+00   9.140852e+00   1.839931e-03   2.835149e-03   11001992
  4.792039e+00   9.133827e+00   1.840072e-03   2.840401e-03   10938228
  4.798414e+00   9.131689e+00   1.840560e-03   2.844871e-03   10874336
  4.804792e+00   9.127364e+00   1.841863e-03   2.854632e-03   10814828
  4.811169e+00   9.130353e+00   1.839739e-03   2.863068e-03   10736984
  4.817544e+00   9.132069e+00   1.840541e-03   2.872087e-03   10673948
  4.823923e+00   9.136320e+00   1.842721e-03   2.882140e-03   10617704
  4.830301e+00   9.123942e+00   1.840081e-03   2.893723e-03   10536416
  4.836675e+00   9.139517e+00   1.839468e-03   2.908542e-03   10466324
  4.843052e+00   9.126735e+00   1.842362e-03   2.907403e-03   10412984
  4.849431e+00   9.129435e+00   1.840724e-03   2.923411e-03   10334840
  4.855806e+00   9.126233e+00   1.840268e-03   2.932749e-03   10265528
  4.862183e+00   9.128923e+00   1.840956e-03   2.943069e-03   10200692
  4.868561e+00   9.122460e+00   1.841614e-03   2.950035e-03   10135292
  4.874938e+00   9.131772e+00   1.839941e-03   2.968617e-03   10058816
  4.881314e+00   9.132940e+00   1.840525e-03   2.977427e-03   9991772
  4.887691e+00   9.134860e+00   1.841575e-03   2.990153e-03   9925880
  4.894065e+00   9.132936e+00   1.838924e-03   3.001785e-03   9843288
  4.900441e+00   9.147054e+00   1.842306e-03   3.017316e-03   9792968
  4.906821e+00   9.133514e+00   1.840795e-03   3.022519e-03   9713612
  4.913196e+00   9.139860e+00   1.840365e-03   3.038764e-03   9640628
  4.919573e+00   9.138341e+00   1.840900e-03   3.049810e-03   9574256
  4.925949e+00   9.138446e+00   1.840276e-03   3.061801e-03   9499064
  4.932325e+00   9.144668e+00   1.841227e-03   3.076645e-03   9432296
  4.938702e+00   9.142419e+00   1.841040e-03   3.090559e-03   9362204
  4.945079e+00   9.157717e+00   1.840104e-03   3.108678e-03   9286052
  4.951457e+00   9.158110e+00   1.842090e-03   3.118177e-03   9222320
  4.957835e+00   9.165445e+00   1.841090e-03   3.138452e-03   9145976
  4.964211e+00   9.165079e+00   1.839895e-03   3.151997e-03   9070268
  4.970586e+00   9.157021e+00   1.840297e-03   3.161387e-03   8999720
  4.976964e+00   9.169660e+00   1.841617e-03   3.178046e-03   8932664
  4.983339e+00   9.165182e+00   1.838848e-03   3.193561e-03   8847344
  4.989712e+00   9.173984e+00   1.840809e-03   3.212244e-03   8782688
  4.996090e+00   9.179045e+00   1.841883e-03   3.225628e-03   8713440
  5.002468e+00   9.174628e+00   1.841131e-03   3.241507e-03   8638616
  5.008845e+00   9.185022e+00   1.839945e-03   3.260343e-03   8560856
  5.015220e+00   9.183290e+00   1.840402e-03   3.272754e-03   8487620
  5.021598e+00   9.197352e+00   1.842484e-03   3.293795e-03   8422796
  5.027976e+00   9.192406e+00   1.839559e-03   3.311857e-03   8336348
  5.034350e+00   9.202605e+00   1.840420e-03   3.331196e-03   8265176
  5.040727e+00   9.206409e+00   1.841761e-03   3.351677e-03   8196176
  5.047104e+00   9.210623e+00   1.839932e-03   3.370071e-03   8114636
  5.053478e+00   9.209960e+00   1.839889e-03   3.388457e-03   8038724
  5.059856e+00   9.215888e+00   1.842986e-03   3.404999e-03   7975460
  5.066235e+00   9.221106e+00   1.840210e-03   3.426681e-03   7889792
  5.072611e+00   9.221968e+00   1.840188e-03   3.446162e-03   7815728
  5.078987e+00   9.229990e+00   1.840544e-03   3.465409e-03   7739288
  5.085364e+00   9.231575e+00   1.841840e-03   3.484497e-03   7667432
  5.091741e+00   9.238567e+00   1.839798e-03   3.511696e-03   7583684
  5.098113e+00   9.236562e+00   1.839459e-03   3.531278e-03   7505172
  5.104490e+00   9.243821e+00   1.842916e-03   3.551935e-03   7442636
  5.110871e+00   9.244764e+00   1.841224e-03   3.573938e-03   7360676
  5.117246e+00   9.251822e+00   1.838532e-03   3.599199e-03   7272728
  5.123622e+00   9.254146e+00   1.842521e-03   3.620758e-03   7209140
  5.130001e+00   9.248207e+00   1.840984e-03   3.639090e-03   7125632
  5.136377e+00   9.253433e+00   1.840289e-03   3.662183e-03   7046924
  5.142753e+00   9.261649e+00   1.840046e-03   3.689638e-03   6966968
  5.149129e+00   9.256863e+00   1.841514e-03   3.712074e-03   6893408
  5.155505e+00   9.262401e+00   1.840118e-03   3.743091e-03   6811004
  5.161881e+00   9.265233e+00   1.840529e-03   3.763982e-03   6732944
  5.168258e+00   9.264466e+00   1.841885e-03   3.785295e-03   6658628
  5.174637e+00   9.271497e+00   1.841220e-03   3.818776e-03   6578804
  5.181014e+00   9.255828e+00   1.839505e-03   3.833951e-03   6493628
  5.187389e+00   9.268545e+00   1.841020e-03   3.868620e-03   6417476
  5.193767e+00   9.259647e+00   1.842303e-03   3.884386e-03   6341156
  5.200142e+00   9.251285e+00   1.838905e-03   3.921362e-03   6251676
  5.206515e+00   9.259331e+00   1.840100e-03   3.948720e-03   6176072
  5.212894e+00   9.252899e+00   1.842591e-03   3.967556e-03   6103028
  5.219273e+00   9.249058e+00   1.840028e-03   3.999965e-03   6015356
  5.225646e+00   9.228374e+00   1.838527e-03   4.018856e-03   5928908
  5.232022e+00   9.249118e+00   1.843529e-03   4.060515e-03   5861504
  5.238402e+00   9.225019e+00   1.840564e-03   4.079883e-03   5772440
  5.244776e+00   9.207009e+00   1.839302e-03   4.096586e-03   5688596
  5.251152e+00   9.213407e+00   1.841421e-03   4.138057e-03   5611412
  5.257531e+00   9.190281e+00   1.842425e-03   4.152896e-03   5532224
  5.263907e+00   9.168519e+00   1.838741e-03   4.177615e-03   5440748
  5.270281e+00   9.173808e+00   1.841068e-03   4.214134e-03   5364572
  5.276660e+00   9.158848e+00   1.842167e-03   4.237405e-03   5285204
  5.283039e+00   9.119203e+00   1.840147e-03   4.252408e-03   5197796
  5.289414e+00   9.101386e+00   1.840074e-03   4.273758e-03   5113244
  5.295789e+00   9.075982e+00   1.841509e-03   4.300047e-03   5032664
  5.302162e+00   9.055790e+00   1.838866e-03   4.324686e-03   4943484
  5.308538e+00   9.021242e+00   1.842083e-03   4.337448e-03   4869920
  5.314919e+00   8.992037e+00   1.840875e-03   4.352911e-03   4782608
  5.321298e+00   8.951612e+00   1.842000e-03   4.368039e-03   4700756
  5.327675e+00   8.921428e+00   1.839332e-03   4.383623e-03   4608920
  5.334047e+00   8.878689e+00   1.840509e-03   4.394575e-03   4528829
  5.340423e+00   8.849566e+00   1.840790e-03   4.407909e-03   4453172
  5.346801e+00   8.808613e+00   1.841398e-03   4.421881e-03   4381652
  5.353179e+00   8.784700e+00   1.840856e-03   4.438518e-03   4309628
  5.359558e+00   8.774229e+00   1.841542e-03   4.460531e-03   4242188
  5.365934e+00   8.754149e+00   1.840185e-03   4.488167e-03   4171796
  5.372309e+00   8.735101e+00   1.840332e-03   4.501315e-03   4107506
  5.378687e+00   8.709506e+00   1.841030e-03   4.526358e-03   4045694
  5.385067e+00   8.706404e+00   1.841878e-03   4.558305e-03   3984530
  5.391443e+00   8.679745e+00   1.839184e-03   4.575610e-03   3916622
  5.397815e+00   8.659385e+00   1.840413e-03   4.598662e-03   3858626
  5.404188e+00   8.643191e+00   1.839752e-03   4.619560e-03   3798918
  5.410566e+00   8.630682e+00   1.842453e-03   4.644844e-03   3747464
  5.416947e+00   8.628043e+00   1.840720e-03   4.681098e-03   3687278
  5.423327e+00   8.620158e+00   1.841755e-03   4.698533e-03   3632618
  5.429702e+00   8.620307e+00   1.839341e-03   4.742504e-03   3571766
  5.436076e+00   8.593297e+00   1.841405e-03   4.756576e-03   3521264
  5.442452e+00   8.566267e+00   1.840602e-03   4.776155e-03   3466964
  5.448828e+00   8.565806e+00   1.840149e-03   4.813697e-03   3414320
  5.455204e+00   8.565506e+00   1.840343e-03   4.842770e-03   3362948
  5.461581e+00   8.548976e+00   1.841385e-03   4.860728e-03   3313130
  5.467960e+00   8.528004e+00   1.841559e-03   4.884833e-03   3262766
  5.474335e+00   8.538229e+00   1.839552e-03   4.932265e-03   3210122
  5.480711e+00   8.515093e+00   1.841068e-03   4.951046e-03   3164282
  5.487089e+00   8.509836e+00   1.840871e-03   4.987617e-03   3115358
  5.493467e+00   8.505435e+00   1.841892e-03   5.013316e-03   3068642
  5.499842e+00   8.495264e+00   1.839367e-03   5.039853e-03   3017270
  5.506214e+00   8.500888e+00   1.840421e-03   5.083071e-03   2973396
  5.512592e+00   8.483127e+00   1.841795e-03   5.102668e-03   2930882
  5.518975e+00   8.484285e+00   1.842009e-03   5.144995e-03   2886296
  5.525354e+00   8.473313e+00   1.840110e-03   5.186673e-03   2838068
  5.531729e+00   8.484288e+00   1.840402e-03   5.215821e-03   2793680
  5.538103e+00   8.461181e+00   1.841057e-03   5.247760e-03   2750948
  5.544478e+00   8.464921e+00   1.840332e-03   5.284811e-03   2707712
  5.550852e+00   8.454325e+00   1.839444e-03   5.318557e-03   2665124
  5.557230e+00   8.465800e+00   1.841751e-03   5.370015e-03   2626712
  5.563610e+00   8.455029e+00   1.840829e-03   5.398389e-03   2583542
  5.569988e+00   8.454350e+00   1.841328e-03   5.437657e-03   2543108
  5.576363e+00   8.446750e+00   1.839426e-03   5.484664e-03   2500538
  5.582739e+00   8.421133e+00   1.841521e-03   5.499893e-03   2464052
  5.589119e+00   8.457873e+00   1.841364e-03   5.567332e-03   2424194
  5.595493e+00   8.443994e+00   1.839158e-03   5.595246e-03   2381732
  5.601866e+00   8.434839e+00   1.841683e-03   5.639025e-03   2346386
  5.608241e+00   8.449698e+00   1.839649e-03   5.693316e-03   2306598
  5.614618e+00   8.452309e+00   1.842029e-03   5.730892e-03   2273186
  5.621000e+00   8.432088e+00   1.840989e-03   5.751895e-03   2235188
  5.627378e+00   8.428268e+00   1.839949e-03   5.798115e-03   2196638
  5.633754e+00   8.439311e+00   1.841588e-03   5.866126e-03   2161706
  5.640129e+00   8.444374e+00   1.840261e-03   5.905928e-03   2124422
  5.646501e+00   8.433649e+00   1.838999e-03   5.941510e-03   2088578
  5.652879e+00   8.455498e+00   1.842650e-03   6.003836e-03   2058512
  5.659259e+00   8.474805e+00   1.839498e-03   6.092636e-03   2020202
  5.665635e+00   8.457169e+00   1.841528e-03   6.119716e-03   1987670
  5.672010e+00   8.458450e+00   1.840033e-03   6.164458e-03   1952114
  5.678381e+00   8.465892e+00   1.839290e-03   6.223186e-03   1918694
  5.684760e+00   8.466959e+00   1.843391e-03   6.263281e-03   1890932
  5.691143e+00   8.483854e+00   1.840482e-03   6.346017e-03   1855382
  5.697520e+00   8.486900e+00   1.841151e-03   6.398974e-03   1823276
  5.703897e+00   8.478085e+00   1.841467e-03   6.426320e-03   1791446
  5.710267e+00   8.493790e+00   1.837484e-03   6.500501e-03   1756566
  5.716642e+00   8.503863e+00   1.843486e-03   6.544424e-03   1732292
  5.723026e+00   8.507684e+00   1.841021e-03   6.627776e-03   1699718
  5.729405e+00   8.507917e+00   1.840666e-03   6.684624e-03   1668524
  5.735782e+00   8.530132e+00   1.841307e-03   6.773187e-03   1638656
  5.742152e+00   8.531298e+00   1.837941e-03   6.815412e-03   1606154
  5.748524e+00   8.536556e+00   1.841528e-03   6.876683e-03   1580984
  5.754907e+00   8.534243e+00   1.842158e-03   6.931570e-03   1553372
  5.761287e+00   8.537449e+00   1.839903e-03   7.011646e-03   1522502
  5.767663e+00   8.559995e+00   1.841211e-03   7.091601e-03   1494788
  5.774035e+00   8.572838e+00   1.839049e-03   7.188710e-03   1464992
  5.780407e+00   8.568457e+00   1.840885e-03   7.226404e-03   1439564
  5.786788e+00   8.585215e+00   1.842803e-03   7.312005e-03   1414766
  5.793173e+00   8.586092e+00   1.841316e-03   7.372461e-03   1386620
  5.799549e+00   8.612913e+00   1.839295e-03   7.465201e-03   1358024
  5.805920e+00   8.621135e+00   1.840494e-03   7.561473e-03   1332236
  5.812287e+00   8.619659e+00   1.837583e-03   7.625039e-03   1304568
  5.818666e+00   8.636164e+00   1.844995e-03   7.697850e-03   1285316
  5.825053e+00   8.677242e+00   1.840679e-03   7.813290e-03   1257272
  5.831429e+00   8.674625e+00   1.839591e-03   7.884106e-03   1231028
  5.837804e+00   8.710898e+00   1.841474e-03   8.009953e-03   1207136
  5.844175e+00   8.707251e+00   1.839197e-03   8.100279e-03   1181180
  5.850547e+00   8.706763e+00   1.841135e-03   8.159456e-03   1159352
  5.856931e+00   8.733998e+00   1.842986e-03   8.275831e-03   1137476
  5.863312e+00   8.758824e+00   1.839166e-03   8.381215e-03   1111280
  5.869686e+00   8.775450e+00   1.840689e-03   8.477262e-03   1088468
  5.876057e+00   8.794281e+00   1.840140e-03   8.600135e-03   1065008
  5.882427e+00   8.803839e+00   1.839713e-03   8.705188e-03   1042934
  5.888808e+00   8.837315e+00   1.843186e-03   8.807391e-03   1023488
  5.895195e+00   8.861795e+00   1.841961e-03   8.920728e-03   1000700
  5.901573e+00   8.856314e+00   1.839831e-03   9.002846e-03   977264
  5.907943e+00   8.857239e+00   1.839220e-03   9.136246e-03   955052
  5.914306e+00   8.887936e+00   1.837596e-03   9.257560e-03   933546
  5.920685e+00   8.913895e+00   1.845011e-03   9.387517e-03   917348
  5.927075e+00   8.941001e+00   1.841622e-03   9.515848e-03   895328
  5.933456e+00   8.963333e+00   1.840197e-03   9.637191e-03   873878
  5.939831e+00   8.995221e+00   1.841204e-03   9.781262e-03   853664
  5.946198e+00   9.016976e+00   1.838301e-03   9.950255e-03   832604
  5.952570e+00   9.006283e+00   1.841647e-03   1.005394e-02   815546
  5.958955e+00   9.056344e+00   1.841795e-03   1.019639e-02   797012
  5.965336e+00   9.085430e+00   1.838979e-03   1.033456e-02   776576
  5.971714e+00   9.087819e+00   1.842719e-03   1.046484e-02   758726
  5.978085e+00   9.112375e+00   1.838577e-03   1.064375e-02   738296
  5.984452e+00   9.123935e+00   1.839422e-03   1.078321e-02   721172
  5.990833e+00   9.185121e+00   1.842852e-03   1.098055e-02   705434
  5.997222e+00   9.189095e+00   1.841204e-03   1.114117e-02   687092
  6.003603e+00   9.227793e+00   1.841572e-03   1.135384e-02   669098
  6.009974e+00   9.276510e+00   1.839142e-03   1.153983e-02   650516
  6.016332e+00   9.315959e+00   1.836042e-03   1.179707e-02   632898
  6.022707e+00   9.328927e+00   1.844938e-03   1.187028e-02   620228
  6.029100e+00   9.356659e+00   1.842281e-03   1.211453e-02   603206
  6.035485e+00   9.410456e+00   1.841847e-03   1.231312e-02   586328
  6.041859e+00   9.425121e+00   1.840113e-03   1.252887e-02   569222
  6.048217e+00   9.463015e+00   1.835706e-03   1.278271e-02   552266
  6.054584e+00   9.491440e+00   1.843023e-03   1.295889e-02   539996
  6.060976e+00   9.535333e+00   1.843843e-03   1.315229e-02   525722
  6.067365e+00   9.523830e+00   1.839929e-03   1.337242e-02   509372
  6.073742e+00   9.592497e+00   1.840974e-03   1.369416e-02   494282
  6.080105e+00   9.613484e+00   1.836470e-03   1.390727e-02   478340
  6.086466e+00   9.662756e+00   1.839100e-03   1.418404e-02   465554
  6.092852e+00   9.685996e+00   1.844310e-03   1.440130e-02   453734
  6.099249e+00   9.750574e+00   1.841644e-03   1.480046e-02   439184
  6.105633e+00   9.720534e+00   1.841774e-03   1.494308e-02   424910
  6.112001e+00   9.794880e+00   1.839131e-03   1.530983e-02   410366
  6.118344e+00   9.870524e+00   1.830585e-03   1.569175e-02   395856
  6.124716e+00   9.889018e+00   1.849093e-03   1.586844e-02   387998
  6.131124e+00   9.951293e+00   1.844381e-03   1.629238e-02   374642
  6.137516e+00   9.997164e+00   1.841320e-03   1.668691e-02   361118
  6.143885e+00   1.006848e+01   1.838483e-03   1.706912e-02   347792
  6.150233e+00   1.005503e+01   1.833537e-03   1.735800e-02   335054
  6.156598e+00   1.009867e+01   1.843369e-03   1.760925e-02   326162
  6.163003e+00   1.015483e+01   1.845744e-03   1.810427e-02   315686
  6.169403e+00   1.022813e+01   1.839717e-03   1.861009e-02   302960
  6.175780e+00   1.025523e+01   1.841146e-03   1.903622e-02   291278
  6.182130e+00   1.030548e+01   1.834474e-03   1.949642e-02   278966
  6.188475e+00   1.038138e+01   1.838848e-03   1.997277e-02   269786
  6.194867e+00   1.046870e+01   1.848548e-03   2.051893e-02   261710
  6.201275e+00   1.043820e+01   1.841196e-03   2.106195e-02   250472
  6.207659e+00   1.052263e+01   1.840781e-03   2.145864e-02   239846
  6.214020e+00   1.060198e+01   1.837833e-03   2.214824e-02   229250
  6.220353e+00   1.062566e+01   1.827068e-03   2.265308e-02   218958
  6.226735e+00   1.065903e+01   1.853573e-03   2.308694e-02   213722
  6.233163e+00   1.074980e+01   1.842328e-03   2.379253e-02   203414
  6.239564e+00   1.088193e+01   1.844048e-03   2.473902e-02   193940
  6.245924e+00   1.086196e+01   1.836439e-03   2.535414e-02   183650
  6.252241e+00   1.090715e+01   1.829855e-03   2.603638e-02   174638
  6.258588e+00   1.101411e+01   1.843490e-03   2.678744e-02   168842
  6.265008e+00   1.108723e+01   1.847266e-03   2.765477e-02   161846
  6.271432e+00   1.109143e+01   1.841236e-03   2.835427e-02   153146
  6.277822e+00   1.117054e+01   1.840929e-03   2.944461e-02   144686
  6.284170e+00   1.126683e+01   1.837187e-03   3.068808e-02   136418
  6.290480e+00   1.137402e+01   1.823629e-03   3.169909e-02   128822
  6.296862e+00   1.140521e+01   1.856474e-03   3.229888e-02   124862
  6.303298e+00   1.150341e+01   1.842665e-03   3.351127e-02   117026
  6.309688e+00   1.156640e+01   1.840290e-03   3.480009e-02   109718
  6.316033e+00   1.153725e+01   1.835815e-03   3.600155e-02   102650
  6.322320e+00   1.171033e+01   1.808328e-03   3.787926e-02   95622
  6.328720e+00   1.174046e+01   1.871202e-03   3.828281e-02   93650
  6.335227e+00   1.184241e+01   1.849919e-03   4.026772e-02   86606
  6.341628e+00   1.194656e+01   1.828395e-03   4.264765e-02   79190
  6.347934e+00   1.202423e+01   1.839124e-03   4.483715e-02   73490
  6.354177e+00   1.213763e+01   1.810164e-03   4.684520e-02   67598
  6.360508e+00   1.223768e+01   1.844910e-03   4.807124e-02   65186
  6.367032e+00   1.224304e+01   1.858136e-03   4.955509e-02   61262
  6.373583e+00   1.222427e+01   1.851117e-03   5.159768e-02   55874
  6.379989e+00   1.245555e+01   1.823042e-03   5.577768e-02   49430
  6.386147e+00   1.252392e+01   1.803004e-03   6.041930e-02   43934
  6.392260e+00   1.260225e+01   1.790240e-03   6.193613e-02   41138
  6.398716e+00   1.271014e+01   1.870028e-03   6.285538e-02   40070
  6.405371e+00   1.281029e+01   1.854153e-03   6.847995e-02   35882
  6.411962e+00   1.287209e+01   1.842631e-03   7.254444e-02   31622
  6.418335e+00   1.309181e+01   1.817857e-03   7.906441e-02   26750
  6.424088e+00   1.300806e+01   1.593646e-03   8.931020e-02   21330
  6.430239e+00   1.320920e+01   1.860256e-03   8.538103e-02   23246
  6.436984e+00   1.333443e+01   1.855054e-03   9.176402e-02   20186
  6.443727e+00   1.313160e+01   1.848147e-03   9.757182e-02   17312
  6.450423e+00   1.360831e+01   1.830133e-03   1.139257e-01   14474
  6.456645e+00   1.369783e+01   1.688402e-03   1.324172e-01   10478
  6.462180e+00   1.321583e+01   1.692603e-03   1.399694e-01   9062
  6.468497e+00   1.393606e+01   1.842997e-03   1.484316e-01   8762
  6.475254e+00   1.377889e+01   1.841892e-03   1.648834e-01   6926
  6.482011e+00   1.476459e+01   1.840835e-03   2.062586e-01   5306
  6.488766e+00   1.432047e+01   1.839476e-03   2.253359e-01   3902
  6.494511e+00   1.470016e+01   1.128860e-03   3.374609e-01   1928
  6.500007e+00   1.423566e+01   1.834590e-03   3.289694e-01   2042
  6.506728e+00   1.534340e+01   1.826889e-03   4.390537e-01   1214
  6.513396e+00   1.329661e+01   1.806609e-03   6.045311e-01   602
  6.519909e+00   1.226143e+01   1.730042e-03   8.203814e-01   206
  6.525711e+00   9.875019e+00   9.814069e-04   1.899375e+00   24
