# power spectrum of pi_k * H (dimensionless)
# redshift z=-0.013098
# k              Pk             sigma(k)       sigma(Pk)      count
  5.011399e-03   2.325546e-10   7.667927e-04   5.122590e-11   18
  1.037418e-02   3.402089e-10   1.725047e-03   3.473003e-11   128
  1.616528e-02   2.776841e-10   1.646572e-03   1.476719e-11   314
  2.269071e-02   1.728339e-10   1.954354e-03   6.318916e-12   728
  2.897169e-02   1.272670e-10   1.717946e-03   4.370899e-12   1016
  3.518826e-02   8.138255e-11   1.880676e-03   2.035626e-12   1682
  4.169479e-02   6.064236e-11   1.831736e-03   1.240624e-12   2300
  4.790974e-02   4.428426e-11   1.770731e-03   8.311056e-13   2906
  5.429022e-02   3.561629e-11   1.892687e-03   5.809222e-13   4040
  6.068098e-02   2.960184e-11   1.775551e-03   4.429017e-13   4712
  6.698900e-02   2.504741e-11   1.857705e-03   3.269658e-13   6002
  7.346135e-02   2.038136e-11   1.857594e-03   2.461458e-13   7256
  7.977379e-02   1.729244e-11   1.772571e-03   1.964989e-13   8120
  8.609019e-02   1.383241e-11   1.864951e-03   1.396221e-13   9950
  9.253636e-02   1.138611e-11   1.853578e-03   1.053215e-13   11384
  9.885187e-02   9.270901e-12   1.809244e-03   8.457060e-14   12666
  1.052712e-01   7.944720e-12   1.889168e-03   6.393454e-14   15104
  1.117654e-01   6.797680e-12   1.850532e-03   5.322018e-14   16616
  1.180754e-01   6.134065e-12   1.799489e-03   4.589180e-14   18026
  1.244216e-01   5.381856e-12   1.853405e-03   3.701939e-14   20696
  1.308065e-01   4.736098e-12   1.827918e-03   3.195857e-14   22436
  1.371558e-01   4.224860e-12   1.845873e-03   2.673671e-14   24962
  1.435394e-01   3.704137e-12   1.831283e-03   2.236530e-14   27176
  1.499133e-01   3.184620e-12   1.847268e-03   1.852929e-14   29810
  1.562775e-01   2.805774e-12   1.828450e-03   1.579664e-14   32120
  1.626776e-01   2.487471e-12   1.865216e-03   1.333909e-14   35432
  1.690383e-01   2.242244e-12   1.814577e-03   1.152785e-14   37238
  1.754019e-01   2.019826e-12   1.856016e-03   9.988969e-15   41072
  1.817869e-01   1.822989e-12   1.834293e-03   8.787351e-15   43472
  1.881565e-01   1.661682e-12   1.848176e-03   7.749707e-15   47042
  1.945298e-01   1.528473e-12   1.829223e-03   6.917671e-15   49712
  2.008693e-01   1.390732e-12   1.840592e-03   6.033796e-15   53226
  2.072637e-01   1.225904e-12   1.853753e-03   5.122537e-15   57320
  2.136558e-01   1.122347e-12   1.831629e-03   4.595552e-15   60092
  2.200056e-01   1.021191e-12   1.839426e-03   4.040694e-15   63914
  2.263950e-01   9.208955e-13   1.849752e-03   3.527706e-15   68192
  2.327751e-01   8.448881e-13   1.833934e-03   3.150755e-15   71336
  2.391397e-01   7.765984e-13   1.845607e-03   2.829475e-15   75818
  2.455297e-01   7.172424e-13   1.844019e-03   2.543230e-15   79880
  2.518964e-01   6.583083e-13   1.834462e-03   2.273631e-15   83642
  2.582661e-01   6.154639e-13   1.840779e-03   2.077613e-15   88316
  2.646730e-01   5.625856e-13   1.859422e-03   1.850424e-15   93488
  2.710484e-01   5.172817e-13   1.827184e-03   1.678674e-15   96458
  2.773871e-01   4.795338e-13   1.829038e-03   1.512008e-15   101264
  2.837816e-01   4.416272e-13   1.862873e-03   1.349821e-15   107696
  2.901819e-01   4.090107e-13   1.837217e-03   1.230256e-15   111170
  2.965233e-01   3.798008e-13   1.822285e-03   1.127648e-15   115232
  3.028941e-01   3.533958e-13   1.855375e-03   1.013721e-15   122310
  3.093019e-01   3.249610e-13   1.843350e-03   9.137292e-16   126944
  3.156739e-01   3.062220e-13   1.828600e-03   8.466624e-16   131192
  3.220432e-01   2.822792e-13   1.844535e-03   7.690091e-16   137618
  3.284234e-01   2.645967e-13   1.836674e-03   7.037346e-16   142448
  3.347979e-01   2.476672e-13   1.844704e-03   6.354577e-16   148520
  3.411627e-01   2.302979e-13   1.831436e-03   5.861100e-16   153254
  3.475446e-01   2.155638e-13   1.852010e-03   5.389145e-16   160760
  3.539284e-01   2.005696e-13   1.835751e-03   4.929884e-16   165290
  3.603019e-01   1.891409e-13   1.840148e-03   4.560250e-16   171992
  3.666828e-01   1.764359e-13   1.840217e-03   4.192226e-16   177800
  3.730569e-01   1.653802e-13   1.843032e-03   3.840687e-16   184322
  3.794439e-01   1.565484e-13   1.841595e-03   3.587533e-16   190832
  3.858239e-01   1.461009e-13   1.839260e-03   3.295196e-16   196772
  3.921872e-01   1.379313e-13   1.836453e-03   3.070608e-16   202970
  3.985536e-01   1.300313e-13   1.839266e-03   2.838535e-16   210056
  4.049173e-01   1.216681e-13   1.832832e-03   2.628638e-16   216210
  4.112896e-01   1.150575e-13   1.841640e-03   2.439522e-16   224168
  4.176700e-01   1.085827e-13   1.840761e-03   2.255705e-16   230792
  4.240565e-01   1.027333e-13   1.846256e-03   2.103363e-16   238778
  4.304312e-01   9.667958e-14   1.831772e-03   1.952765e-16   243956
  4.367939e-01   9.124773e-14   1.845141e-03   1.822327e-16   252680
  4.431746e-01   8.606814e-14   1.842020e-03   1.694783e-16   260066
  4.495713e-01   8.208790e-14   1.849294e-03   1.582343e-16   268712
  4.559494e-01   7.753572e-14   1.834336e-03   1.475431e-16   274034
  4.623270e-01   7.352203e-14   1.847366e-03   1.379464e-16   283904
  4.687088e-01   6.963910e-14   1.837425e-03   1.286141e-16   290048
  4.750707e-01   6.604083e-14   1.836659e-03   1.204491e-16   297950
  4.814434e-01   6.274732e-14   1.842026e-03   1.127151e-16   306968
  4.878269e-01   5.966278e-14   1.843240e-03   1.067116e-16   315320
  4.942006e-01   5.639123e-14   1.835899e-03   9.920477e-17   322346
  5.005701e-01   5.376160e-14   1.842589e-03   9.360865e-17   331664
  5.069538e-01   5.111283e-14   1.844896e-03   8.754739e-17   340818
  5.133346e-01   4.881278e-14   1.837322e-03   8.271793e-17   348164
  5.197083e-01   4.641529e-14   1.843548e-03   7.740453e-17   357584
  5.260929e-01   4.408480e-14   1.846059e-03   7.256062e-17   367106
  5.324635e-01   4.219593e-14   1.832285e-03   6.921200e-17   373376
  5.388350e-01   4.040421e-14   1.848023e-03   6.516076e-17   385376
  5.452233e-01   3.837184e-14   1.842356e-03   6.117441e-17   393650
  5.516038e-01   3.648272e-14   1.840588e-03   5.729231e-17   402704
  5.579656e-01   3.496934e-14   1.830970e-03   5.461683e-17   409910
  5.643320e-01   3.345355e-14   1.843407e-03   5.157315e-17   422024
  5.707212e-01   3.203324e-14   1.846526e-03   4.887532e-17   432176
  5.771022e-01   3.048887e-14   1.837404e-03   4.598002e-17   440066
  5.834769e-01   2.911975e-14   1.841263e-03   4.348993e-17   450680
  5.898365e-01   2.803502e-14   1.831084e-03   4.144627e-17   457856
  5.962115e-01   2.686911e-14   1.848347e-03   3.912795e-17   472538
  6.026013e-01   2.581094e-14   1.839689e-03   3.730068e-17   480140
  6.089752e-01   2.459437e-14   1.841279e-03   3.513720e-17   490842
  6.153517e-01   2.356608e-14   1.838382e-03   3.329669e-17   500744
  6.217295e-01   2.264921e-14   1.842392e-03   3.169797e-17   511856
  6.281145e-01   2.173647e-14   1.844734e-03   3.007632e-17   523202
  6.344991e-01   2.090043e-14   1.840396e-03   2.861995e-17   532688
  6.408638e-01   2.003476e-14   1.834541e-03   2.723756e-17   541520
  6.472341e-01   1.924339e-14   1.842653e-03   2.587995e-17   555110
  6.536136e-01   1.848497e-14   1.839126e-03   2.456987e-17   564944
  6.599884e-01   1.781539e-14   1.839832e-03   2.349898e-17   576434
  6.663740e-01   1.712012e-14   1.844405e-03   2.236367e-17   588848
  6.727501e-01   1.648512e-14   1.838623e-03   2.130054e-17   597704
  6.791236e-01   1.582247e-14   1.842386e-03   2.022570e-17   610946
  6.855006e-01   1.527395e-14   1.837794e-03   1.938290e-17   620852
  6.918722e-01   1.468110e-14   1.841901e-03   1.847174e-17   633530
  6.982524e-01   1.419709e-14   1.841844e-03   1.762604e-17   645704
  7.046316e-01   1.361728e-14   1.840565e-03   1.682643e-17   656744
  7.110074e-01   1.315256e-14   1.841941e-03   1.608547e-17   669162
  7.173906e-01   1.268778e-14   1.843286e-03   1.536835e-17   681992
  7.237681e-01   1.221501e-14   1.838959e-03   1.470946e-17   692360
  7.301485e-01   1.178280e-14   1.844364e-03   1.404861e-17   707006
  7.365206e-01   1.132975e-14   1.834135e-03   1.340779e-17   714944
  7.428835e-01   1.099758e-14   1.841775e-03   1.287975e-17   730346
  7.492606e-01   1.059103e-14   1.838962e-03   1.232036e-17   742616
  7.556415e-01   1.023927e-14   1.843530e-03   1.177892e-17   756536
  7.620128e-01   9.890352e-15   1.836595e-03   1.129411e-17   766418
  7.683917e-01   9.565994e-15   1.845753e-03   1.082004e-17   783392
  7.747614e-01   9.234532e-15   1.833632e-03   1.040826e-17   790412
  7.811334e-01   8.923957e-15   1.848120e-03   9.913799e-18   810314
  7.875277e-01   8.638148e-15   1.843702e-03   9.541218e-18   821960
  7.938987e-01   8.360764e-15   1.834976e-03   9.190379e-18   831266
  8.002712e-01   8.082035e-15   1.843706e-03   8.776859e-18   848960
  8.066557e-01   7.811203e-15   1.842629e-03   8.426214e-18   861488
  8.130204e-01   7.559042e-15   1.833334e-03   8.111281e-18   871194
  8.193985e-01   7.317715e-15   1.847247e-03   7.761644e-18   891788
  8.257796e-01   7.106814e-15   1.838008e-03   7.483649e-18   900416
  8.321422e-01   6.892697e-15   1.836250e-03   7.221716e-18   914306
  8.385264e-01   6.679975e-15   1.847988e-03   6.917632e-18   933992
  8.449011e-01   6.448010e-15   1.834294e-03   6.646919e-18   940826
  8.512701e-01   6.245076e-15   1.842364e-03   6.386164e-18   960224
  8.576621e-01   6.071867e-15   1.846556e-03   6.153425e-18   976316
  8.640381e-01   5.890027e-15   1.835724e-03   5.943071e-18   985010
  8.704114e-01   5.696502e-15   1.843336e-03   5.693908e-18   1004024
  8.767898e-01   5.533763e-15   1.839706e-03   5.502322e-18   1016288
  8.831639e-01   5.370265e-15   1.840690e-03   5.288061e-18   1032290
  8.895470e-01   5.205824e-15   1.843156e-03   5.091344e-18   1048640
  8.959130e-01   5.059523e-15   1.831919e-03   4.921397e-18   1057250
  9.022937e-01   4.916739e-15   1.849588e-03   4.713575e-18   1083140
  9.086870e-01   4.768192e-15   1.840763e-03   4.571950e-18   1092248
  9.150555e-01   4.631399e-15   1.837510e-03   4.411095e-18   1105914
  9.214310e-01   4.498578e-15   1.841822e-03   4.247162e-18   1124744
  9.278120e-01   4.362691e-15   1.841202e-03   4.083007e-18   1139120
  9.341841e-01   4.250603e-15   1.838536e-03   3.948523e-18   1153490
  9.405650e-01   4.123117e-15   1.844187e-03   3.801961e-18   1172936
  9.469357e-01   4.007944e-15   1.834491e-03   3.691770e-18   1182158
  9.533110e-01   3.895214e-15   1.846126e-03   3.545241e-18   1206392
  9.596894e-01   3.784387e-15   1.835525e-03   3.433281e-18   1215224
  9.660641e-01   3.687683e-15   1.844936e-03   3.322219e-18   1237874
  9.724505e-01   3.583163e-15   1.841050e-03   3.203381e-18   1251800
  9.788233e-01   3.477655e-15   1.838619e-03   3.100495e-18   1265792
  9.851993e-01   3.391342e-15   1.843109e-03   2.995882e-18   1286306
  9.915793e-01   3.301766e-15   1.838809e-03   2.902525e-18   1299764
  9.979438e-01   3.208428e-15   1.836769e-03   2.797485e-18   1314554
  1.004319e+00   3.119402e-15   1.843595e-03   2.703537e-18   1337288
  1.010703e+00   3.036754e-15   1.840912e-03   2.615915e-18   1351304
  1.017077e+00   2.961187e-15   1.841769e-03   2.534086e-18   1369026
  1.023461e+00   2.879780e-15   1.843478e-03   2.446254e-18   1388456
  1.029842e+00   2.811050e-15   1.840406e-03   2.379821e-18   1402700
  1.036211e+00   2.733170e-15   1.837802e-03   2.294184e-18   1418282
  1.042587e+00   2.661667e-15   1.843596e-03   2.219541e-18   1440272
  1.048964e+00   2.592012e-15   1.838705e-03   2.155894e-18   1454114
  1.055341e+00   2.533873e-15   1.842603e-03   2.092525e-18   1475480
  1.061720e+00   2.463600e-15   1.840520e-03   2.021765e-18   1490936
  1.068091e+00   2.405830e-15   1.838519e-03   1.961725e-18   1507826
  1.074472e+00   2.348028e-15   1.844275e-03   1.903347e-18   1530764
  1.080850e+00   2.283776e-15   1.839052e-03   1.838265e-18   1543424
  1.087222e+00   2.227656e-15   1.841688e-03   1.787033e-18   1564946
  1.093594e+00   2.174084e-15   1.835875e-03   1.732098e-18   1578536
  1.099970e+00   2.119257e-15   1.845670e-03   1.676012e-18   1604882
  1.106358e+00   2.065040e-15   1.842454e-03   1.625795e-18   1621304
  1.112736e+00   2.019367e-15   1.839545e-03   1.579926e-18   1637024
  1.119103e+00   1.965554e-15   1.837794e-03   1.531851e-18   1654134
  1.125480e+00   1.920801e-15   1.844256e-03   1.482273e-18   1679168
  1.131864e+00   1.877186e-15   1.841903e-03   1.444648e-18   1695944
  1.138235e+00   1.831765e-15   1.836568e-03   1.400184e-18   1710602
  1.144612e+00   1.786208e-15   1.844777e-03   1.357306e-18   1737056
  1.150994e+00   1.746612e-15   1.840390e-03   1.321136e-18   1752602
  1.157370e+00   1.706257e-15   1.839227e-03   1.284835e-18   1772024
  1.163752e+00   1.664492e-15   1.844090e-03   1.244643e-18   1795364
  1.170126e+00   1.626601e-15   1.836467e-03   1.211210e-18   1807634
  1.176490e+00   1.587381e-15   1.836183e-03   1.179027e-18   1827608
  1.182859e+00   1.550268e-15   1.840789e-03   1.138626e-18   1850984
  1.189240e+00   1.515217e-15   1.844107e-03   1.107889e-18   1874618
  1.195619e+00   1.482351e-15   1.838445e-03   1.079686e-18   1889504
  1.202001e+00   1.446369e-15   1.845373e-03   1.046217e-18   1916870
  1.208383e+00   1.415527e-15   1.838254e-03   1.022413e-18   1929728
  1.214760e+00   1.383567e-15   1.843674e-03   9.923043e-19   1955408
  1.221131e+00   1.351109e-15   1.834427e-03   9.656297e-19   1966842
  1.227503e+00   1.323346e-15   1.843005e-03   9.388781e-19   1996640
  1.233886e+00   1.294340e-15   1.842690e-03   9.136309e-19   2016392
  1.240265e+00   1.264879e-15   1.839730e-03   8.877419e-19   2034722
  1.246641e+00   1.235503e-15   1.840813e-03   8.636342e-19   2056460
  1.253014e+00   1.210558e-15   1.838931e-03   8.419727e-19   2075186
  1.259388e+00   1.183421e-15   1.840566e-03   8.189336e-19   2099096
  1.265761e+00   1.156849e-15   1.837910e-03   7.969203e-19   2116832
  1.272138e+00   1.132508e-15   1.844119e-03   7.746289e-19   2145146
  1.278526e+00   1.107392e-15   1.844128e-03   7.537412e-19   2166776
  1.284904e+00   1.083174e-15   1.838822e-03   7.355702e-19   2181848
  1.291273e+00   1.060580e-15   1.838785e-03   7.178320e-19   2203766
  1.297646e+00   1.038114e-15   1.840619e-03   6.975041e-19   2227664
  1.304025e+00   1.017023e-15   1.842381e-03   6.799542e-19   2252138
  1.310403e+00   9.958360e-16   1.839825e-03   6.627387e-19   2271152
  1.316777e+00   9.750938e-16   1.840536e-03   6.460693e-19   2293256
  1.323154e+00   9.538404e-16   1.842085e-03   6.283413e-19   2318130
  1.329536e+00   9.336457e-16   1.841956e-03   6.112098e-19   2340824
  1.335910e+00   9.144974e-16   1.838342e-03   5.978737e-19   2357990
  1.342292e+00   8.956265e-16   1.846396e-03   5.804866e-19   2391176
  1.348671e+00   8.774500e-16   1.837209e-03   5.682241e-19   2401808
  1.355040e+00   8.586529e-16   1.840258e-03   5.517544e-19   2428442
  1.361418e+00   8.421727e-16   1.842645e-03   5.398307e-19   2454752
  1.367798e+00   8.242859e-16   1.841270e-03   5.260122e-19   2475872
  1.374172e+00   8.089912e-16   1.838763e-03   5.140013e-19   2495822
  1.380543e+00   7.908361e-16   1.839940e-03   4.991179e-19   2520248
  1.386922e+00   7.760079e-16   1.844043e-03   4.879962e-19   2549186
  1.393299e+00   7.604358e-16   1.837661e-03   4.768540e-19   2564768
  1.399672e+00   7.455917e-16   1.841284e-03   4.638571e-19   2592968
  1.406054e+00   7.307369e-16   1.843378e-03   4.534052e-19   2619818
  1.412431e+00   7.163591e-16   1.838027e-03   4.426038e-19   2636384
  1.418803e+00   7.025634e-16   1.840293e-03   4.322701e-19   2662220
  1.425180e+00   6.883917e-16   1.842524e-03   4.214546e-19   2689770
  1.431560e+00   6.757329e-16   1.840994e-03   4.119797e-19   2712296
  1.437933e+00   6.613003e-16   1.838431e-03   4.027809e-19   2732618
  1.444312e+00   6.492756e-16   1.843932e-03   3.921742e-19   2765264
  1.450695e+00   6.369151e-16   1.840894e-03   3.833497e-19   2784824
  1.457066e+00   6.242693e-16   1.837138e-03   3.741949e-19   2804162
  1.463445e+00   6.125721e-16   1.844971e-03   3.653809e-19   2840612
  1.469825e+00   6.004322e-16   1.839130e-03   3.574670e-19   2855576
  1.476198e+00   5.893605e-16   1.840533e-03   3.486304e-19   2883458
  1.482571e+00   5.781861e-16   1.838217e-03   3.405726e-19   2904128
  1.488946e+00   5.670633e-16   1.843378e-03   3.323330e-19   2937026
  1.495325e+00   5.564649e-16   1.839218e-03   3.250421e-19   2956976
  1.501703e+00   5.464658e-16   1.841967e-03   3.176529e-19   2986472
  1.508082e+00   5.364357e-16   1.840166e-03   3.107532e-19   3008918
  1.514460e+00   5.256887e-16   1.841773e-03   3.033478e-19   3036752
  1.520836e+00   5.165694e-16   1.839884e-03   2.965590e-19   3058376
  1.527209e+00   5.071633e-16   1.839616e-03   2.902661e-19   3084210
  1.533583e+00   4.975921e-16   1.840948e-03   2.835193e-19   3111848
  1.539960e+00   4.885211e-16   1.841348e-03   2.769600e-19   3138890
  1.546339e+00   4.804635e-16   1.840626e-03   2.716948e-19   3164516
  1.552719e+00   4.708816e-16   1.842638e-03   2.653770e-19   3192656
  1.559097e+00   4.619997e-16   1.840555e-03   2.591518e-19   3215618
  1.565473e+00   4.540870e-16   1.840732e-03   2.539829e-19   3242888
  1.571846e+00   4.456663e-16   1.839114e-03   2.483073e-19   3265448
  1.578224e+00   4.376778e-16   1.843575e-03   2.421622e-19   3300842
  1.584604e+00   4.301437e-16   1.839884e-03   2.376087e-19   3321008
  1.590977e+00   4.224346e-16   1.839336e-03   2.320153e-19   3346406
  1.597352e+00   4.145811e-16   1.841596e-03   2.264996e-19   3377984
  1.603728e+00   4.075852e-16   1.839551e-03   2.228814e-19   3400352
  1.610103e+00   4.002723e-16   1.841321e-03   2.173157e-19   3431450
  1.616483e+00   3.930515e-16   1.841519e-03   2.125882e-19   3458768
  1.622859e+00   3.866102e-16   1.841183e-03   2.084263e-19   3484088
  1.629231e+00   3.791262e-16   1.838425e-03   2.034653e-19   3508218
  1.635610e+00   3.726873e-16   1.843946e-03   1.993107e-19   3545924
  1.641992e+00   3.659375e-16   1.841053e-03   1.950657e-19   3567530
  1.648369e+00   3.602345e-16   1.840183e-03   1.913922e-19   3595040
  1.654744e+00   3.534590e-16   1.840167e-03   1.869103e-19   3621176
  1.661115e+00   3.478441e-16   1.839521e-03   1.833610e-19   3647738
  1.667490e+00   3.413351e-16   1.841438e-03   1.790808e-19   3680480
  1.673870e+00   3.359603e-16   1.842082e-03   1.753141e-19   3709712
  1.680248e+00   3.304483e-16   1.840008e-03   1.720966e-19   3734702
  1.686623e+00   3.246528e-16   1.840362e-03   1.684940e-19   3762776
  1.692996e+00   3.192439e-16   1.839854e-03   1.650495e-19   3790514
  1.699371e+00   3.137324e-16   1.839908e-03   1.616239e-19   3820352
  1.705752e+00   3.081674e-16   1.844068e-03   1.580240e-19   3856016
  1.712131e+00   3.033933e-16   1.839690e-03   1.548751e-19   3876818
  1.718506e+00   2.983826e-16   1.839874e-03   1.522690e-19   3906332
  1.724882e+00   2.931089e-16   1.841963e-03   1.489000e-19   3938216
  1.731260e+00   2.880560e-16   1.840685e-03   1.459532e-19   3966354
  1.737636e+00   2.838077e-16   1.839695e-03   1.429041e-19   3993536
  1.744011e+00   2.788310e-16   1.840344e-03   1.402689e-19   4024034
  1.750392e+00   2.741328e-16   1.843071e-03   1.369859e-19   4060208
  1.756773e+00   2.698315e-16   1.840812e-03   1.344926e-19   4083632
  1.763145e+00   2.657057e-16   1.837811e-03   1.322117e-19   4107062
  1.769521e+00   2.609643e-16   1.842771e-03   1.292180e-19   4148072
  1.775893e+00   2.573109e-16   1.836707e-03   1.272248e-19   4163456
  1.782267e+00   2.527433e-16   1.842476e-03   1.242948e-19   4207994
  1.788652e+00   2.484453e-16   1.843367e-03   1.217141e-19   4239152
  1.795029e+00   2.447680e-16   1.839132e-03   1.196333e-19   4259426
  1.801407e+00   2.406141e-16   1.842524e-03   1.170691e-19   4299488
  1.807788e+00   2.365428e-16   1.840660e-03   1.147227e-19   4323692
  1.814162e+00   2.329023e-16   1.840093e-03   1.127406e-19   4353242
  1.820541e+00   2.296166e-16   1.841694e-03   1.105260e-19   4388792
  1.826915e+00   2.254363e-16   1.838387e-03   1.082318e-19   4409912
  1.833288e+00   2.218198e-16   1.841592e-03   1.061828e-19   4449282
  1.839667e+00   2.184110e-16   1.840784e-03   1.042025e-19   4478504
  1.846041e+00   2.149193e-16   1.839106e-03   1.021948e-19   4505882
  1.852417e+00   2.117536e-16   1.841020e-03   1.003587e-19   4542044
  1.858793e+00   2.083011e-16   1.840344e-03   9.827490e-20   4569608
  1.865169e+00   2.048762e-16   1.841195e-03   9.646184e-20   4604426
  1.871550e+00   2.017186e-16   1.842311e-03   9.454951e-20   4638896
  1.877925e+00   1.986722e-16   1.838827e-03   9.301391e-20   4660088
  1.884299e+00   1.954794e-16   1.841797e-03   9.111691e-20   4701290
  1.890678e+00   1.924070e-16   1.840619e-03   8.938883e-20   4729292
  1.897054e+00   1.896566e-16   1.841565e-03   8.774875e-20   4762706
  1.903435e+00   1.865299e-16   1.842610e-03   8.604414e-20   4799336
  1.909810e+00   1.835631e-16   1.837970e-03   8.450452e-20   4818680
  1.916185e+00   1.810585e-16   1.842882e-03   8.296257e-20   4863962
  1.922563e+00   1.782115e-16   1.839027e-03   8.157142e-20   4886216
  1.928938e+00   1.753679e-16   1.841692e-03   7.990574e-20   4925360
  1.935312e+00   1.727185e-16   1.838487e-03   7.849237e-20   4950198
  1.941682e+00   1.701760e-16   1.839228e-03   7.711151e-20   4983776
  1.948062e+00   1.675922e-16   1.844717e-03   7.564657e-20   5032058
  1.954444e+00   1.651470e-16   1.839748e-03   7.434832e-20   5052296
  1.960816e+00   1.624323e-16   1.839118e-03   7.285434e-20   5081048
  1.967192e+00   1.601928e-16   1.843475e-03   7.170075e-20   5127146
  1.973574e+00   1.577215e-16   1.841069e-03   7.030591e-20   5155376
  1.979948e+00   1.552515e-16   1.838766e-03   6.891365e-20   5181068
  1.986324e+00   1.530662e-16   1.842536e-03   6.780998e-20   5225906
  1.992703e+00   1.506152e-16   1.840301e-03   6.657359e-20   5253224
  1.999075e+00   1.484744e-16   1.838471e-03   6.549738e-20   5281154
  2.005453e+00   1.463323e-16   1.843666e-03   6.422188e-20   5330336
  2.011834e+00   1.440537e-16   1.840278e-03   6.305762e-20   5354120
  2.018204e+00   1.418866e-16   1.837177e-03   6.206105e-20   5380154
  2.024582e+00   1.399543e-16   1.844004e-03   6.084201e-20   5433740
  2.030964e+00   1.378777e-16   1.841066e-03   5.982105e-20   5458202
  2.037337e+00   1.357649e-16   1.838473e-03   5.875646e-20   5486424
  2.043713e+00   1.338941e-16   1.842073e-03   5.776107e-20   5530640
  2.050092e+00   1.319376e-16   1.840865e-03   5.669070e-20   5561162
  2.056472e+00   1.299536e-16   1.842354e-03   5.568572e-20   5601512
  2.062848e+00   1.280432e-16   1.838550e-03   5.476271e-20   5623244
  2.069220e+00   1.262295e-16   1.840849e-03   5.378558e-20   5665346
  2.075598e+00   1.242960e-16   1.841113e-03   5.279881e-20   5702384
  2.081975e+00   1.226246e-16   1.840298e-03   5.201715e-20   5734706
  2.088353e+00   1.208406e-16   1.841301e-03   5.103174e-20   5773184
  2.094733e+00   1.191167e-16   1.841946e-03   5.020654e-20   5809568
  2.101105e+00   1.173885e-16   1.837552e-03   4.930881e-20   5831090
  2.107479e+00   1.156295e-16   1.842206e-03   4.840912e-20   5881964
  2.113859e+00   1.140603e-16   1.841213e-03   4.761155e-20   5913416
  2.120238e+00   1.124038e-16   1.841923e-03   4.680983e-20   5952290
  2.126616e+00   1.108590e-16   1.839865e-03   4.600184e-20   5981144
  2.132988e+00   1.092575e-16   1.839742e-03   4.526232e-20   6015290
  2.139364e+00   1.077074e-16   1.841927e-03   4.449924e-20   6059664
  2.145743e+00   1.062081e-16   1.840799e-03   4.373461e-20   6092336
  2.152122e+00   1.045761e-16   1.842086e-03   4.287620e-20   6132806
  2.158501e+00   1.033225e-16   1.841321e-03   4.227484e-20   6166832
  2.164873e+00   1.017459e-16   1.837443e-03   4.159581e-20   6189272
  2.171243e+00   1.004078e-16   1.841004e-03   4.091694e-20   6238154
  2.177621e+00   9.899177e-17   1.841080e-03   4.023328e-20   6275288
  2.184000e+00   9.767501e-17   1.842241e-03   3.953932e-20   6316322
  2.190379e+00   9.623435e-17   1.840641e-03   3.885760e-20   6348488
  2.196756e+00   9.491729e-17   1.841212e-03   3.819996e-20   6385868
  2.203134e+00   9.365982e-17   1.841850e-03   3.757081e-20   6425378
  2.209510e+00   9.224735e-17   1.839408e-03   3.697409e-20   6455360
  2.215886e+00   9.102842e-17   1.841392e-03   3.632914e-20   6498176
  2.222261e+00   8.973290e-17   1.840198e-03   3.577957e-20   6531674
  2.228637e+00   8.854492e-17   1.841209e-03   3.519307e-20   6573368
  2.235015e+00   8.729393e-17   1.841417e-03   3.459665e-20   6611246
  2.241392e+00   8.614218e-17   1.840803e-03   3.403744e-20   6647424
  2.247770e+00   8.502729e-17   1.841365e-03   3.351973e-20   6687488
  2.254147e+00   8.380426e-17   1.839919e-03   3.293324e-20   6721250
  2.260520e+00   8.272569e-17   1.839077e-03   3.247468e-20   6755816
  2.266897e+00   8.155660e-17   1.842933e-03   3.189636e-20   6806504
  2.273276e+00   8.039733e-17   1.840584e-03   3.135265e-20   6837506
  2.279651e+00   7.927273e-17   1.839474e-03   3.086846e-20   6871556
  2.286030e+00   7.828544e-17   1.843489e-03   3.035993e-20   6924938
  2.292407e+00   7.725785e-17   1.838210e-03   2.991766e-20   6945320
  2.298778e+00   7.612568e-17   1.839118e-03   2.938485e-20   6986072
  2.305158e+00   7.520035e-17   1.844888e-03   2.892503e-20   7046642
  2.311538e+00   7.414190e-17   1.838415e-03   2.848336e-20   7061168
  2.317910e+00   7.312119e-17   1.840538e-03   2.801901e-20   7108064
  2.324288e+00   7.223818e-17   1.841488e-03   2.757821e-20   7151822
  2.330666e+00   7.126900e-17   1.840837e-03   2.716145e-20   7187600
  2.337045e+00   7.032554e-17   1.841819e-03   2.672973e-20   7231418
  2.343420e+00   6.935515e-17   1.838266e-03   2.633478e-20   7257912
  2.349793e+00   6.843006e-17   1.841246e-03   2.590470e-20   7307840
  2.356171e+00   6.756461e-17   1.840707e-03   2.550948e-20   7346618
  2.362545e+00   6.669589e-17   1.838315e-03   2.512936e-20   7376552
  2.368920e+00   6.579015e-17   1.842635e-03   2.472212e-20   7431740
  2.375299e+00   6.496199e-17   1.840580e-03   2.433297e-20   7464458
  2.381675e+00   6.407305e-17   1.840724e-03   2.392320e-20   7505672
  2.388054e+00   6.320877e-17   1.841875e-03   2.355036e-20   7550906
  2.394430e+00   6.239095e-17   1.839274e-03   2.323604e-20   7580720
  2.400808e+00   6.157479e-17   1.843124e-03   2.282589e-20   7635944
  2.407183e+00   6.082153e-17   1.837385e-03   2.253456e-20   7653254
  2.413557e+00   6.003930e-17   1.842500e-03   2.214555e-20   7714712
  2.419937e+00   5.922575e-17   1.841714e-03   2.181480e-20   7751840
  2.426315e+00   5.848754e-17   1.840093e-03   2.149736e-20   7788170
  2.432690e+00   5.771312e-17   1.840288e-03   2.115868e-20   7828544
  2.439067e+00   5.696747e-17   1.841589e-03   2.083345e-20   7874474
  2.445442e+00   5.618117e-17   1.838917e-03   2.051647e-20   7906032
  2.451817e+00   5.547703e-17   1.841643e-03   2.019800e-20   7957580
  2.458195e+00   5.475772e-17   1.840967e-03   1.986553e-20   7995962
  2.464573e+00   5.413960e-17   1.841319e-03   1.961297e-20   8038976
  2.470951e+00   5.338782e-17   1.841937e-03   1.930303e-20   8082320
  2.477329e+00   5.273714e-17   1.840784e-03   1.904202e-20   8120450
  2.483701e+00   5.207968e-17   1.838200e-03   1.876232e-20   8150312
  2.490075e+00   5.143499e-17   1.842025e-03   1.845218e-20   8210450
  2.496455e+00   5.074433e-17   1.840554e-03   1.818377e-20   8246732
  2.502832e+00   5.008689e-17   1.841458e-03   1.792037e-20   8290256
  2.509210e+00   4.947279e-17   1.841232e-03   1.765333e-20   8333306
  2.515587e+00   4.885514e-17   1.840510e-03   1.738867e-20   8372312
  2.521962e+00   4.823248e-17   1.840644e-03   1.713530e-20   8413472
  2.528337e+00   4.766963e-17   1.840038e-03   1.690238e-20   8455634
  2.534714e+00   4.704382e-17   1.841410e-03   1.662657e-20   8503736
  2.541090e+00   4.645093e-17   1.840703e-03   1.638515e-20   8542814
  2.547468e+00   4.594450e-17   1.841283e-03   1.615246e-20   8589960
  2.553847e+00   4.529479e-17   1.841675e-03   1.588946e-20   8633912
  2.560223e+00   4.477239e-17   1.839336e-03   1.569133e-20   8666690
  2.566599e+00   4.417202e-17   1.842209e-03   1.543795e-20   8722544
  2.572977e+00   4.361035e-17   1.840585e-03   1.520701e-20   8758112
  2.579352e+00   4.314182e-17   1.839548e-03   1.500840e-20   8798750
  2.585728e+00   4.259137e-17   1.841277e-03   1.479540e-20   8848808
  2.592104e+00   4.203222e-17   1.840251e-03   1.457160e-20   8889170
  2.598481e+00   4.148700e-17   1.840227e-03   1.434350e-20   8934608
  2.604856e+00   4.097707e-17   1.839643e-03   1.414428e-20   8971640
  2.611232e+00   4.047010e-17   1.842388e-03   1.392152e-20   9029954
  2.617612e+00   3.997736e-17   1.840920e-03   1.374009e-20   9067856
  2.623987e+00   3.951458e-17   1.839672e-03   1.354023e-20   9104444
  2.630367e+00   3.903830e-17   1.843923e-03   1.334461e-20   9171242
  2.636745e+00   3.858070e-17   1.838017e-03   1.317618e-20   9185528
  2.643114e+00   3.807359e-17   1.839022e-03   1.298582e-20   9235394
  2.649494e+00   3.763546e-17   1.844050e-03   1.277985e-20   9305688
  2.655872e+00   3.717533e-17   1.838662e-03   1.260672e-20   9321824
  2.662249e+00   3.676532e-17   1.843226e-03   1.243426e-20   9392090
  2.668628e+00   3.627908e-17   1.839001e-03   1.225294e-20   9414332
  2.675000e+00   3.584627e-17   1.840415e-03   1.209795e-20   9465410
  2.681380e+00   3.541000e-17   1.842364e-03   1.191308e-20   9523760
  2.687758e+00   3.498361e-17   1.839771e-03   1.175639e-20   9553832
  2.694133e+00   3.453606e-17   1.840855e-03   1.157940e-20   9604298
  2.700510e+00   3.417730e-17   1.840893e-03   1.142984e-20   9651176
  2.706885e+00   3.373677e-17   1.839603e-03   1.126029e-20   9687704
  2.713262e+00   3.334196e-17   1.842393e-03   1.110079e-20   9748574
  2.719643e+00   3.296970e-17   1.842290e-03   1.096545e-20   9794624
  2.726015e+00   3.256020e-17   1.836766e-03   1.081773e-20   9811370
  2.732389e+00   3.216371e-17   1.842921e-03   1.064181e-20   9891320
  2.738770e+00   3.176946e-17   1.841218e-03   1.050222e-20   9926024
  2.745146e+00   3.141579e-17   1.840208e-03   1.036129e-20   9967586
  2.751522e+00   3.104631e-17   1.840755e-03   1.022619e-20   10018116
  2.757897e+00   3.066383e-17   1.840456e-03   1.008622e-20   10060280
  2.764274e+00   3.032273e-17   1.841667e-03   9.947924e-21   10115450
  2.770654e+00   2.998751e-17   1.841837e-03   9.822610e-21   10164368
  2.777028e+00   2.962847e-17   1.838094e-03   9.687911e-21   10188314
  2.783404e+00   2.928520e-17   1.843290e-03   9.543689e-21   10265168
  2.789784e+00   2.891339e-17   1.840160e-03   9.419047e-21   10294448
  2.796159e+00   2.860268e-17   1.840640e-03   9.299000e-21   10343918
  2.802537e+00   2.825801e-17   1.841730e-03   9.168611e-21   10397600
  2.808913e+00   2.793188e-17   1.840311e-03   9.051605e-21   10435328
  2.815285e+00   2.762150e-17   1.838957e-03   8.934048e-21   10476698
  2.821661e+00   2.729158e-17   1.842237e-03   8.800809e-21   10543184
  2.828039e+00   2.699089e-17   1.839935e-03   8.697192e-21   10577834
  2.834417e+00   2.668034e-17   1.842252e-03   8.577460e-21   10641560
  2.840795e+00   2.637185e-17   1.839115e-03   8.467414e-21   10668452
  2.847169e+00   2.603163e-17   1.841467e-03   8.329731e-21   10729634
  2.853544e+00   2.576289e-17   1.839115e-03   8.236876e-21   10766520
  2.859920e+00   2.547546e-17   1.841423e-03   8.130637e-21   10825856
  2.866300e+00   2.517340e-17   1.842253e-03   8.018710e-21   10880090
  2.872679e+00   2.488101e-17   1.840348e-03   7.913242e-21   10918088
  2.879054e+00   2.460557e-17   1.840274e-03   7.811465e-21   10964474
  2.885431e+00   2.431774e-17   1.841464e-03   7.706362e-21   11021180
  2.891809e+00   2.404453e-17   1.840637e-03   7.617423e-21   11064248
  2.898185e+00   2.377221e-17   1.840651e-03   7.514793e-21   11114234
  2.904565e+00   2.352523e-17   1.842174e-03   7.417323e-21   11172872
  2.910943e+00   2.324100e-17   1.840078e-03   7.311954e-21   11206880
  2.917314e+00   2.300085e-17   1.838484e-03   7.234814e-21   11248130
  2.923689e+00   2.273967e-17   1.841523e-03   7.137779e-21   11316140
  2.930066e+00   2.248556e-17   1.840085e-03   7.044351e-21   11355554
  2.936443e+00   2.221625e-17   1.841835e-03   6.943238e-21   11417840
  2.942822e+00   2.197568e-17   1.840319e-03   6.863554e-21   11456528
  2.949199e+00   2.173619e-17   1.841526e-03   6.771708e-21   11512874
  2.955576e+00   2.149814e-17   1.840486e-03   6.695163e-21   11557272
  2.961950e+00   2.124335e-17   1.839582e-03   6.597996e-21   11600360
  2.968326e+00   2.102517e-17   1.841593e-03   6.520313e-21   11663678
  2.974703e+00   2.079518e-17   1.840371e-03   6.442066e-21   11705552
  2.981079e+00   2.056661e-17   1.840912e-03   6.356375e-21   11758658
  2.987457e+00   2.035178e-17   1.841605e-03   6.286073e-21   11815208
  2.993836e+00   2.013333e-17   1.841556e-03   6.200876e-21   11864000
  3.000212e+00   1.989820e-17   1.839938e-03   6.122942e-21   11904962
  3.006589e+00   1.969085e-17   1.840973e-03   6.048116e-21   11963696
  3.012966e+00   1.946137e-17   1.840866e-03   5.976150e-21   12011132
  3.019341e+00   1.925340e-17   1.840389e-03   5.902384e-21   12059450
  3.025718e+00   1.905185e-17   1.841438e-03   5.827549e-21   12118280
  3.032095e+00   1.883391e-17   1.840188e-03   5.760874e-21   12160562
  3.038470e+00   1.865485e-17   1.840247e-03   5.696370e-21   12212768
  3.044846e+00   1.843042e-17   1.841220e-03   5.618346e-21   12269504
  3.051223e+00   1.825078e-17   1.840948e-03   5.548343e-21   12319370
  3.057600e+00   1.805410e-17   1.840852e-03   5.490048e-21   12370140
  3.063975e+00   1.784308e-17   1.840437e-03   5.413796e-21   12417752
  3.070352e+00   1.766511e-17   1.841133e-03   5.349673e-21   12476882
  3.076731e+00   1.747683e-17   1.841502e-03   5.286154e-21   12530816
  3.083108e+00   1.731434e-17   1.840958e-03   5.232225e-21   12577658
  3.089485e+00   1.711864e-17   1.840591e-03   5.161846e-21   12629288
  3.095862e+00   1.693087e-17   1.841067e-03   5.101523e-21   12683828
  3.102237e+00   1.677147e-17   1.839537e-03   5.052946e-21   12725354
  3.108612e+00   1.658065e-17   1.841269e-03   4.981007e-21   12790616
  3.114989e+00   1.640078e-17   1.840010e-03   4.922594e-21   12833768
  3.121365e+00   1.625034e-17   1.841117e-03   4.871630e-21   12894194
  3.127743e+00   1.607390e-17   1.841676e-03   4.811328e-21   12950240
  3.134122e+00   1.590307e-17   1.840849e-03   4.755251e-21   12998714
  3.140498e+00   1.574373e-17   1.840244e-03   4.701664e-21   13048100
  3.146876e+00   1.557391e-17   1.841732e-03   4.646348e-21   13109120
  3.153254e+00   1.541544e-17   1.841032e-03   4.591239e-21   13158506
  3.159627e+00   1.526464e-17   1.838302e-03   4.547169e-21   13193040
  3.166002e+00   1.509581e-17   1.841969e-03   4.486104e-21   13271072
  3.172380e+00   1.495337e-17   1.840294e-03   4.440080e-21   13314242
  3.178754e+00   1.480577e-17   1.839703e-03   4.393408e-21   13363808
  3.185133e+00   1.464953e-17   1.842485e-03   4.338044e-21   13436822
  3.191512e+00   1.450827e-17   1.840487e-03   4.297021e-21   13476080
  3.197887e+00   1.436398e-17   1.840204e-03   4.245004e-21   13527296
  3.204264e+00   1.421424e-17   1.841161e-03   4.197652e-21   13589498
  3.210638e+00   1.407717e-17   1.838626e-03   4.158260e-21   13623704
  3.217016e+00   1.393446e-17   1.844054e-03   4.101579e-21   13717280
  3.223396e+00   1.379659e-17   1.839294e-03   4.061859e-21   13737914
  3.229770e+00   1.366639e-17   1.840743e-03   4.021797e-21   13801772
  3.236147e+00   1.352727e-17   1.841678e-03   3.974569e-21   13864298
  3.242524e+00   1.339611e-17   1.839451e-03   3.935073e-21   13904216
  3.248899e+00   1.326035e-17   1.840700e-03   3.888752e-21   13966064
  3.255276e+00   1.313578e-17   1.841492e-03   3.847397e-21   14027042
  3.261651e+00   1.300791e-17   1.838676e-03   3.812267e-21   14061048
  3.268027e+00   1.287639e-17   1.842396e-03   3.765590e-21   14143820
  3.274405e+00   1.275612e-17   1.840137e-03   3.729000e-21   14182442
  3.280782e+00   1.263500e-17   1.841285e-03   3.692545e-21   14245568
  3.287160e+00   1.252144e-17   1.841226e-03   3.655637e-21   14301338
  3.293537e+00   1.239854e-17   1.840394e-03   3.617778e-21   14350064
  3.299913e+00   1.228460e-17   1.841485e-03   3.581466e-21   14412488
  3.306292e+00   1.217335e-17   1.841397e-03   3.546930e-21   14470250
  3.312668e+00   1.205822e-17   1.839514e-03   3.509676e-21   14509484
  3.319039e+00   1.193948e-17   1.839618e-03   3.473791e-21   14564474
  3.325416e+00   1.184320e-17   1.842538e-03   3.444646e-21   14646632
  3.331795e+00   1.171956e-17   1.839978e-03   3.407104e-21   14681792
  3.338171e+00   1.160775e-17   1.841401e-03   3.367985e-21   14749946
  3.344548e+00   1.151109e-17   1.840482e-03   3.341922e-21   14799968
  3.350923e+00   1.139747e-17   1.839748e-03   3.305989e-21   14848808
  3.357300e+00   1.130342e-17   1.842276e-03   3.275671e-21   14925638
  3.363678e+00   1.120120e-17   1.840046e-03   3.244816e-21   14963016
  3.370053e+00   1.109235e-17   1.841263e-03   3.210997e-21   15031106
  3.376432e+00   1.100759e-17   1.841574e-03   3.187777e-21   15092384
  3.382808e+00   1.090033e-17   1.839899e-03   3.156515e-21   15132248
  3.389183e+00   1.079946e-17   1.841248e-03   3.122232e-21   15202322
  3.395560e+00   1.072195e-17   1.839985e-03   3.102583e-21   15250832
  3.401936e+00   1.062305e-17   1.841279e-03   3.071076e-21   15315692
  3.408315e+00   1.051768e-17   1.842099e-03   3.040431e-21   15382346
  3.414692e+00   1.043396e-17   1.839166e-03   3.020166e-21   15416024
  3.421065e+00   1.034890e-17   1.840590e-03   2.990199e-21   15483602
  3.427446e+00   1.025902e-17   1.843566e-03   2.959331e-21   15568424
  3.433825e+00   1.017261e-17   1.839187e-03   2.937793e-21   15589280
  3.440198e+00   1.008296e-17   1.839744e-03   2.914130e-21   15652502
  3.446575e+00   1.000950e-17   1.841959e-03   2.891583e-21   15728960
  3.452954e+00   9.914516e-18   1.840551e-03   2.867568e-21   15773168
  3.459328e+00   9.841487e-18   1.839940e-03   2.848563e-21   15828290
  3.465704e+00   9.755005e-18   1.840910e-03   2.818918e-21   15893184
  3.472081e+00   9.672938e-18   1.841157e-03   2.798445e-21   15954194
  3.478457e+00   9.602231e-18   1.839872e-03   2.777507e-21   16006016
  3.484831e+00   9.524793e-18   1.839639e-03   2.755765e-21   16058684
  3.491208e+00   9.445625e-18   1.842456e-03   2.730803e-21   16141898
  3.497590e+00   9.373244e-18   1.841864e-03   2.711174e-21   16197872
  3.503966e+00   9.297541e-18   1.839313e-03   2.692856e-21   16231640
  3.510341e+00   9.231760e-18   1.841313e-03   2.674374e-21   16310090
  3.516721e+00   9.161491e-18   1.841945e-03   2.653469e-21   16375136
  3.523097e+00   9.088976e-18   1.839457e-03   2.634236e-21   16412522
  3.529473e+00   9.029628e-18   1.841163e-03   2.619079e-21   16488308
  3.535850e+00   8.955080e-18   1.840616e-03   2.598909e-21   16539968
  3.542225e+00   8.882531e-18   1.839938e-03   2.579838e-21   16595714
  3.548602e+00   8.820415e-18   1.841625e-03   2.561171e-21   16671224
  3.554979e+00   8.751510e-18   1.840210e-03   2.542671e-21   16714064
  3.561354e+00   8.694421e-18   1.840955e-03   2.530785e-21   16783202
  3.567731e+00   8.631647e-18   1.840815e-03   2.512964e-21   16842504
  3.574108e+00   8.564726e-18   1.841084e-03   2.495640e-21   16904894
  3.580486e+00   8.517306e-18   1.841127e-03   2.487837e-21   16968656
  3.586865e+00   8.452600e-18   1.841521e-03   2.468922e-21   17030288
  3.593238e+00   8.397838e-18   1.838444e-03   2.457949e-21   17061482
  3.599615e+00   8.336549e-18   1.842988e-03   2.438165e-21   17164976
  3.605993e+00   8.279427e-18   1.840068e-03   2.424971e-21   17197184
  3.612368e+00   8.228056e-18   1.840756e-03   2.414183e-21   17267102
  3.618746e+00   8.172654e-18   1.841072e-03   2.400672e-21   17329928
  3.625121e+00   8.122504e-18   1.839901e-03   2.389804e-21   17378906
  3.631497e+00   8.072975e-18   1.841182e-03   2.378029e-21   17454776
  3.637873e+00   8.016183e-18   1.839972e-03   2.367702e-21   17501720
  3.644249e+00   7.971474e-18   1.842109e-03   2.356033e-21   17584826
  3.650631e+00   7.918596e-18   1.841819e-03   2.342826e-21   17646008
  3.657008e+00   7.873569e-18   1.840059e-03   2.333940e-21   17686412
  3.663381e+00   7.830275e-18   1.840228e-03   2.325988e-21   17751266
  3.669756e+00   7.785394e-18   1.840035e-03   2.315112e-21   17812848
  3.676130e+00   7.738711e-18   1.840074e-03   2.305276e-21   17874866
  3.682507e+00   7.690249e-18   1.841337e-03   2.293056e-21   17951720
  3.688886e+00   7.651438e-18   1.841134e-03   2.287004e-21   18009344
  3.695262e+00   7.613829e-18   1.840349e-03   2.280999e-21   18064730
  3.701640e+00   7.572862e-18   1.841339e-03   2.275258e-21   18137372
  3.708017e+00   7.530766e-18   1.840603e-03   2.269191e-21   18189632
  3.714392e+00   7.495734e-18   1.840457e-03   2.262516e-21   18254330
  3.720770e+00   7.450244e-18   1.841473e-03   2.249254e-21   18325808
  3.727148e+00   7.420388e-18   1.840737e-03   2.249804e-21   18379610
  3.733524e+00   7.386010e-18   1.840702e-03   2.243242e-21   18445760
  3.739901e+00   7.348273e-18   1.840479e-03   2.238111e-21   18504440
  3.746277e+00   7.314982e-18   1.840875e-03   2.233333e-21   18572198
  3.752657e+00   7.281101e-18   1.841895e-03   2.226198e-21   18647480
  3.759032e+00   7.243982e-18   1.838946e-03   2.222799e-21   18678152
  3.765406e+00   7.218572e-18   1.841061e-03   2.219558e-21   18764186
  3.771782e+00   7.162016e-18   1.840849e-03   2.205579e-21   18794103
  3.778158e+00   7.052225e-18   1.840297e-03   2.167348e-21   18760748
  3.784533e+00   6.943693e-18   1.840231e-03   2.127082e-21   18727940
  3.790912e+00   6.841133e-18   1.842073e-03   2.091100e-21   18712436
  3.797287e+00   6.735758e-18   1.838840e-03   2.054860e-21   18646616
  3.803663e+00   6.637191e-18   1.842455e-03   2.019171e-21   18651296
  3.810042e+00   6.534587e-18   1.840334e-03   1.982630e-21   18596096
  3.816418e+00   6.439364e-18   1.841121e-03   1.948742e-21   18571364
  3.822794e+00   6.349330e-18   1.839859e-03   1.920881e-21   18527096
  3.829170e+00   6.247647e-18   1.840846e-03   1.882388e-21   18501368
  3.835548e+00   6.162856e-18   1.841771e-03   1.854596e-21   18475040
  3.841927e+00   6.070948e-18   1.841481e-03   1.821810e-21   18439436
  3.848301e+00   5.977040e-18   1.838521e-03   1.789689e-21   18375752
  3.854674e+00   5.897123e-18   1.840584e-03   1.763089e-21   18361484
  3.861052e+00   5.805432e-18   1.842393e-03   1.731498e-21   18344504
  3.867430e+00   5.725583e-18   1.839817e-03   1.706649e-21   18284708
  3.873806e+00   5.642484e-18   1.841259e-03   1.677027e-21   18264048
  3.880183e+00   5.561926e-18   1.840629e-03   1.651107e-21   18220964
  3.886557e+00   5.485698e-18   1.839363e-03   1.625460e-21   18173528
  3.892935e+00   5.406352e-18   1.843046e-03   1.597625e-21   18173780
  3.899316e+00   5.330775e-18   1.841138e-03   1.573996e-21   18116660
  3.905693e+00   5.257362e-18   1.840842e-03   1.549473e-21   18078740
  3.912066e+00   5.180417e-18   1.838693e-03   1.527607e-21   18023108
  3.918439e+00   5.110463e-18   1.840734e-03   1.503050e-21   18005600
  3.924818e+00   5.037816e-18   1.842344e-03   1.479237e-21   17984552
  3.931198e+00   4.972274e-18   1.841062e-03   1.459156e-21   17934860
  3.937574e+00   4.897352e-18   1.840562e-03   1.432864e-21   17891468
  3.943950e+00   4.834586e-18   1.840945e-03   1.413716e-21   17857712
  3.950326e+00   4.763888e-18   1.840137e-03   1.389441e-21   17813108
  3.956702e+00   4.699154e-18   1.841074e-03   1.368781e-21   17784788
  3.963079e+00   4.639020e-18   1.840240e-03   1.352439e-21   17737268
  3.969455e+00   4.575637e-18   1.841773e-03   1.330900e-21   17713268
  3.975833e+00   4.512488e-18   1.840239e-03   1.311942e-21   17661912
  3.982208e+00   4.452262e-18   1.840290e-03   1.291541e-21   17622668
  3.988586e+00   4.393058e-18   1.842133e-03   1.273244e-21   17600552
  3.994964e+00   4.332919e-18   1.839951e-03   1.255369e-21   17542580
  4.001340e+00   4.276196e-18   1.840772e-03   1.237625e-21   17509112
  4.007717e+00   4.218522e-18   1.841501e-03   1.219264e-21   17475116
  4.014093e+00   4.162892e-18   1.839606e-03   1.203043e-21   17419964
  4.020469e+00   4.106116e-18   1.841433e-03   1.184629e-21   17397056
  4.026846e+00   4.052812e-18   1.840314e-03   1.167491e-21   17345336
  4.033223e+00   3.998770e-18   1.840964e-03   1.151317e-21   17310476
  4.039596e+00   3.947935e-18   1.838459e-03   1.138115e-21   17246360
  4.045972e+00   3.896528e-18   1.842582e-03   1.120062e-21   17244284
  4.052354e+00   3.849245e-18   1.842150e-03   1.106210e-21   17198240
  4.058731e+00   3.795735e-18   1.839271e-03   1.090200e-21   17130932
  4.065106e+00   3.746855e-18   1.841562e-03   1.076168e-21   17110040
  4.071484e+00   3.701706e-18   1.840722e-03   1.062029e-21   17058488
  4.077857e+00   3.651077e-18   1.839135e-03   1.047167e-21   17003664
  4.084233e+00   3.605760e-18   1.841446e-03   1.032479e-21   16983908
  4.090612e+00   3.559786e-18   1.841420e-03   1.018951e-21   16939220
  4.096989e+00   3.514042e-18   1.840515e-03   1.006343e-21   16888904
  4.103367e+00   3.468429e-18   1.841500e-03   9.922032e-22   16854920
  4.109743e+00   3.424133e-18   1.839861e-03   9.785003e-22   16795136
  4.116117e+00   3.382542e-18   1.840184e-03   9.674186e-22   16755860
  4.122495e+00   3.338744e-18   1.841913e-03   9.530446e-22   16729064
  4.128872e+00   3.298346e-18   1.840126e-03   9.420886e-22   16668260
  4.135248e+00   3.256203e-18   1.841092e-03   9.300015e-22   16631456
  4.141626e+00   3.216190e-18   1.841230e-03   9.177838e-22   16588208
  4.148001e+00   3.178398e-18   1.839635e-03   9.069182e-22   16531052
  4.154379e+00   3.138135e-18   1.842867e-03   8.950069e-22   16514456
  4.160755e+00   3.099758e-18   1.838861e-03   8.848594e-22   16432880
  4.167131e+00   3.061033e-18   1.842344e-03   8.732043e-22   16421120
  4.173510e+00   3.023909e-18   1.840051e-03   8.625826e-22   16354148
  4.179885e+00   2.985614e-18   1.841003e-03   8.513761e-22   16316184
  4.186264e+00   2.950839e-18   1.842179e-03   8.417493e-22   16283360
  4.192641e+00   2.915033e-18   1.839085e-03   8.323496e-22   16208756
  4.199016e+00   2.879701e-18   1.841765e-03   8.214021e-22   16184372
  4.205394e+00   2.846704e-18   1.840922e-03   8.127039e-22   16131116
  4.211767e+00   2.808259e-18   1.839273e-03   8.008478e-22   16070864
  4.218143e+00   2.777883e-18   1.841935e-03   7.927640e-22   16047596
  4.224522e+00   2.742997e-18   1.841132e-03   7.832157e-22   15993464
  4.230898e+00   2.712749e-18   1.839789e-03   7.742441e-22   15936116
  4.237274e+00   2.681386e-18   1.841227e-03   7.656583e-22   15899564
  4.243650e+00   2.649261e-18   1.840412e-03   7.569108e-22   15843188
  4.250027e+00   2.617711e-18   1.841430e-03   7.470283e-22   15806012
  4.256404e+00   2.586289e-18   1.840029e-03   7.390262e-22   15746972
  4.262780e+00   2.557045e-18   1.841029e-03   7.310222e-22   15706280
  4.269158e+00   2.526263e-18   1.841316e-03   7.220194e-22   15660560
  4.275534e+00   2.497298e-18   1.839976e-03   7.150696e-22   15601664
  4.281910e+00   2.469508e-18   1.840520e-03   7.071089e-22   15555936
  4.288286e+00   2.439434e-18   1.841154e-03   6.981217e-22   15511664
  4.294665e+00   2.411189e-18   1.841118e-03   6.912288e-22   15463688
  4.301042e+00   2.384427e-18   1.840371e-03   6.833135e-22   15406784
  4.307419e+00   2.356265e-18   1.841443e-03   6.761574e-22   15364076
  4.313795e+00   2.331586e-18   1.839853e-03   6.698392e-22   15302144
  4.320171e+00   2.304702e-18   1.841222e-03   6.626706e-22   15264716
  4.326549e+00   2.278170e-18   1.841061e-03   6.544196e-22   15212204
  4.332926e+00   2.253151e-18   1.840328e-03   6.483436e-22   15154664
  4.339301e+00   2.226629e-18   1.840391e-03   6.404303e-22   15104684
  4.345675e+00   2.200995e-18   1.839587e-03   6.340907e-22   15046256
  4.352051e+00   2.179385e-18   1.841370e-03   6.280647e-22   15009272
  4.358428e+00   2.152780e-18   1.840387e-03   6.210272e-22   14951624
  4.364807e+00   2.129729e-18   1.842302e-03   6.141172e-22   14915300
  4.371187e+00   2.105175e-18   1.840481e-03   6.083844e-22   14847140
  4.377560e+00   2.082280e-18   1.839457e-03   6.029051e-22   14786624
  4.383935e+00   2.060803e-18   1.840794e-03   5.973266e-22   14745252
  4.390313e+00   2.038186e-18   1.841504e-03   5.907452e-22   14697932
  4.396692e+00   2.015852e-18   1.841471e-03   5.842517e-22   14644448
  4.403070e+00   1.993109e-18   1.840856e-03   5.789211e-22   14586896
  4.409445e+00   1.972099e-18   1.839917e-03   5.738202e-22   14525000
  4.415820e+00   1.951430e-18   1.841355e-03   5.677197e-22   14482088
  4.422197e+00   1.930546e-18   1.840486e-03   5.625292e-22   14423696
  4.428574e+00   1.909629e-18   1.840927e-03   5.570342e-22   14373848
  4.434951e+00   1.888302e-18   1.841026e-03   5.512835e-22   14319188
  4.441328e+00   1.867293e-18   1.840720e-03   5.460561e-22   14262248
  4.447704e+00   1.849730e-18   1.840293e-03   5.418167e-22   14204780
  4.454079e+00   1.828485e-18   1.840780e-03   5.358739e-22   14153240
  4.460456e+00   1.809766e-18   1.840870e-03   5.313320e-22   14099048
  4.466833e+00   1.792101e-18   1.841305e-03   5.269439e-22   14048288
  4.473210e+00   1.772188e-18   1.840220e-03   5.216636e-22   13983860
  4.479586e+00   1.752995e-18   1.841413e-03   5.166537e-22   13935800
  4.485962e+00   1.736466e-18   1.839813e-03   5.124654e-22   13868784
  4.492338e+00   1.716710e-18   1.841245e-03   5.073609e-22   13824536
  4.498718e+00   1.699150e-18   1.842226e-03   5.032002e-22   13774364
  4.505095e+00   1.682496e-18   1.840286e-03   4.994289e-22   13702856
  4.511470e+00   1.665128e-18   1.840225e-03   4.949452e-22   13646648
  4.517844e+00   1.649488e-18   1.840082e-03   4.904843e-22   13588364
  4.524220e+00   1.631696e-18   1.841200e-03   4.863593e-22   13539920
  4.530597e+00   1.614642e-18   1.840383e-03   4.817069e-22   13478432
  4.536974e+00   1.598204e-18   1.840898e-03   4.781005e-22   13424264
  4.543353e+00   1.582438e-18   1.841656e-03   4.741507e-22   13370000
  4.549730e+00   1.568297e-18   1.840597e-03   4.712937e-22   13304432
  4.556105e+00   1.550170e-18   1.839697e-03   4.665111e-22   13241228
  4.562479e+00   1.535600e-18   1.840265e-03   4.629568e-22   13186508
  4.568858e+00   1.520894e-18   1.842616e-03   4.594879e-22   13144544
  4.575236e+00   1.505869e-18   1.839577e-03   4.555400e-22   13065032
  4.581610e+00   1.489763e-18   1.840140e-03   4.513930e-22   13008512
  4.587987e+00   1.476074e-18   1.841456e-03   4.483546e-22   12957360
  4.594365e+00   1.461807e-18   1.841180e-03   4.446497e-22   12897728
  4.600740e+00   1.447617e-18   1.838906e-03   4.417791e-22   12822884
  4.607118e+00   1.432914e-18   1.843186e-03   4.374578e-22   12790772
  4.613497e+00   1.419945e-18   1.839965e-03   4.348598e-22   12707960
  4.619871e+00   1.404929e-18   1.840055e-03   4.312393e-22   12650024
  4.626249e+00   1.392476e-18   1.841592e-03   4.284603e-22   12599360
  4.632627e+00   1.379646e-18   1.841060e-03   4.255989e-22   12533984
  4.639003e+00   1.366063e-18   1.840024e-03   4.225061e-22   12467036
  4.645379e+00   1.353690e-18   1.841105e-03   4.196055e-22   12412124
  4.651756e+00   1.340919e-18   1.840677e-03   4.167286e-22   12345776
  4.658131e+00   1.328325e-18   1.840856e-03   4.135975e-22   12286760
  4.664508e+00   1.315384e-18   1.840642e-03   4.101867e-22   12225452
  4.670885e+00   1.303904e-18   1.840694e-03   4.079668e-22   12162584
  4.677263e+00   1.290949e-18   1.841648e-03   4.047947e-22   12105824
  4.683640e+00   1.279024e-18   1.840444e-03   4.024288e-22   12036248
  4.690015e+00   1.266794e-18   1.840000e-03   3.998877e-22   11969736
  4.696391e+00   1.255119e-18   1.841517e-03   3.966355e-22   11916224
  4.702769e+00   1.244604e-18   1.840685e-03   3.945185e-22   11849312
  4.709145e+00   1.232554e-18   1.840274e-03   3.920218e-22   11783300
  4.715522e+00   1.221344e-18   1.841310e-03   3.895076e-22   11724800
  4.721898e+00   1.210513e-18   1.840639e-03   3.872936e-22   11657372
  4.728275e+00   1.198630e-18   1.840697e-03   3.842185e-22   11595320
  4.734652e+00   1.188877e-18   1.840360e-03   3.828241e-22   11527928
  4.741029e+00   1.178629e-18   1.841428e-03   3.799511e-22   11469008
  4.747404e+00   1.167778e-18   1.839492e-03   3.782355e-22   11392904
  4.753780e+00   1.156945e-18   1.841657e-03   3.758264e-22   11340476
  4.760155e+00   1.146632e-18   1.839780e-03   3.732545e-22   11263520
  4.766534e+00   1.136849e-18   1.842729e-03   3.715492e-22   11218472
  4.772911e+00   1.125977e-18   1.838731e-03   3.693747e-22   11129336
  4.779288e+00   1.116972e-18   1.842467e-03   3.671935e-22   11083964
  4.785665e+00   1.108304e-18   1.839931e-03   3.661886e-22   11001992
  4.792039e+00   1.098080e-18   1.840072e-03   3.640565e-22   10938228
  4.798414e+00   1.089410e-18   1.840560e-03   3.618007e-22   10874336
  4.804792e+00   1.079083e-18   1.841863e-03   3.598224e-22   10814828
  4.811169e+00   1.070141e-18   1.839739e-03   3.583040e-22   10736984
  4.817544e+00   1.060651e-18   1.840541e-03   3.561143e-22   10673948
  4.823923e+00   1.051852e-18   1.842721e-03   3.544466e-22   10617704
  4.830301e+00   1.042346e-18   1.840081e-03   3.529091e-22   10536416
  4.836675e+00   1.034284e-18   1.839468e-03   3.518142e-22   10466324
  4.843052e+00   1.026513e-18   1.842362e-03   3.499468e-22   10412984
  4.849431e+00   1.017486e-18   1.840724e-03   3.488391e-22   10334840
  4.855806e+00   1.008585e-18   1.840268e-03   3.466950e-22   10265528
  4.862183e+00   1.000884e-18   1.840956e-03   3.455858e-22   10200692
  4.868561e+00   9.922674e-19   1.841614e-03   3.438459e-22   10135292
  4.874938e+00   9.839761e-19   1.839941e-03   3.424937e-22   10058816
  4.881314e+00   9.748627e-19   1.840525e-03   3.408649e-22   9991772
  4.887691e+00   9.681904e-19   1.841575e-03   3.396091e-22   9925880
  4.894065e+00   9.600734e-19   1.838924e-03   3.385686e-22   9843288
  4.900441e+00   9.514713e-19   1.842306e-03   3.369124e-22   9792968
  4.906821e+00   9.445736e-19   1.840795e-03   3.358712e-22   9713612
  4.913196e+00   9.371455e-19   1.840365e-03   3.350143e-22   9640628
  4.919573e+00   9.297251e-19   1.840900e-03   3.339540e-22   9574256
  4.925949e+00   9.218852e-19   1.840276e-03   3.326817e-22   9499064
  4.932325e+00   9.152637e-19   1.841227e-03   3.318707e-22   9432296
  4.938702e+00   9.079777e-19   1.841040e-03   3.302894e-22   9362204
  4.945079e+00   8.997913e-19   1.840104e-03   3.295972e-22   9286052
  4.951457e+00   8.935497e-19   1.842090e-03   3.284821e-22   9222320
  4.957835e+00   8.860757e-19   1.841090e-03   3.275750e-22   9145976
  4.964211e+00   8.794776e-19   1.839895e-03   3.267974e-22   9070268
  4.970586e+00   8.732339e-19   1.840297e-03   3.259180e-22   8999720
  4.976964e+00   8.652039e-19   1.841617e-03   3.250412e-22   8932664
  4.983339e+00   8.581402e-19   1.838848e-03   3.240696e-22   8847344
  4.989712e+00   8.518560e-19   1.840809e-03   3.230711e-22   8782688
  4.996090e+00   8.455635e-19   1.841883e-03   3.218242e-22   8713440
  5.002468e+00   8.387057e-19   1.841131e-03   3.216572e-22   8638616
  5.008845e+00   8.325371e-19   1.839945e-03   3.211719e-22   8560856
  5.015220e+00   8.266081e-19   1.840402e-03   3.203646e-22   8487620
  5.021598e+00   8.191816e-19   1.842484e-03   3.195547e-22   8422796
  5.027976e+00   8.135090e-19   1.839559e-03   3.191952e-22   8336348
  5.034350e+00   8.067998e-19   1.840420e-03   3.186166e-22   8265176
  5.040727e+00   8.005477e-19   1.841761e-03   3.176178e-22   8196176
  5.047104e+00   7.944667e-19   1.839932e-03   3.173052e-22   8114636
  5.053478e+00   7.878481e-19   1.839889e-03   3.167130e-22   8038724
  5.059856e+00   7.837002e-19   1.842986e-03   3.165895e-22   7975460
  5.066235e+00   7.759549e-19   1.840210e-03   3.157279e-22   7889792
  5.072611e+00   7.692001e-19   1.840188e-03   3.149676e-22   7815728
  5.078987e+00   7.651054e-19   1.840544e-03   3.154295e-22   7739288
  5.085364e+00   7.582098e-19   1.841840e-03   3.142225e-22   7667432
  5.091741e+00   7.522472e-19   1.839798e-03   3.146629e-22   7583684
  5.098113e+00   7.458485e-19   1.839459e-03   3.136781e-22   7505172
  5.104490e+00   7.403970e-19   1.842916e-03   3.128207e-22   7442636
  5.110871e+00   7.338362e-19   1.841224e-03   3.125928e-22   7360676
  5.117246e+00   7.283428e-19   1.838532e-03   3.130232e-22   7272728
  5.123622e+00   7.228074e-19   1.842521e-03   3.122403e-22   7209140
  5.130001e+00   7.169294e-19   1.840984e-03   3.120655e-22   7125632
  5.136377e+00   7.112852e-19   1.840289e-03   3.118975e-22   7046924
  5.142753e+00   7.053442e-19   1.840046e-03   3.115236e-22   6966968
  5.149129e+00   6.991571e-19   1.841514e-03   3.116306e-22   6893408
  5.155505e+00   6.930594e-19   1.840118e-03   3.108039e-22   6811004
  5.161881e+00   6.874634e-19   1.840529e-03   3.108893e-22   6732944
  5.168258e+00   6.821793e-19   1.841885e-03   3.104775e-22   6658628
  5.174637e+00   6.754232e-19   1.841220e-03   3.100163e-22   6578804
  5.181014e+00   6.688947e-19   1.839505e-03   3.092456e-22   6493628
  5.187389e+00   6.636261e-19   1.841020e-03   3.087987e-22   6417476
  5.193767e+00   6.578074e-19   1.842303e-03   3.096667e-22   6341156
  5.200142e+00   6.516480e-19   1.838905e-03   3.083158e-22   6251676
  5.206515e+00   6.446918e-19   1.840100e-03   3.075076e-22   6176072
  5.212894e+00   6.404873e-19   1.842591e-03   3.085378e-22   6103028
  5.219273e+00   6.327561e-19   1.840028e-03   3.066150e-22   6015356
  5.225646e+00   6.256353e-19   1.838527e-03   3.057451e-22   5928908
  5.232022e+00   6.217520e-19   1.843529e-03   3.066327e-22   5861504
  5.238402e+00   6.129836e-19   1.840564e-03   3.049412e-22   5772440
  5.244776e+00   6.064212e-19   1.839302e-03   3.039574e-22   5688596
  5.251152e+00   6.011421e-19   1.841421e-03   3.044067e-22   5611412
  5.257531e+00   5.932875e-19   1.842425e-03   3.021895e-22   5532224
  5.263907e+00   5.863387e-19   1.838741e-03   3.008299e-22   5440748
  5.270281e+00   5.801706e-19   1.841068e-03   3.002130e-22   5364572
  5.276660e+00   5.717635e-19   1.842167e-03   2.973637e-22   5285204
  5.283039e+00   5.638408e-19   1.840147e-03   2.954999e-22   5197796
  5.289414e+00   5.563906e-19   1.840074e-03   2.940478e-22   5113244
  5.295789e+00   5.500429e-19   1.841509e-03   2.930019e-22   5032664
  5.302162e+00   5.416398e-19   1.838866e-03   2.904864e-22   4943484
  5.308538e+00   5.330590e-19   1.842083e-03   2.869157e-22   4869920
  5.314919e+00   5.255544e-19   1.840875e-03   2.847462e-22   4782608
  5.321298e+00   5.152019e-19   1.842000e-03   2.794134e-22   4700756
  5.327675e+00   5.067550e-19   1.839332e-03   2.760228e-22   4608920
  5.334047e+00   4.979632e-19   1.840509e-03   2.718415e-22   4528829
  5.340423e+00   4.900896e-19   1.840790e-03   2.688407e-22   4453172
  5.346801e+00   4.827569e-19   1.841398e-03   2.655167e-22   4381652
  5.353179e+00   4.755903e-19   1.840856e-03   2.623527e-22   4309628
  5.359558e+00   4.689551e-19   1.841542e-03   2.597844e-22   4242188
  5.365934e+00   4.623481e-19   1.840185e-03   2.573266e-22   4171796
  5.372309e+00   4.560901e-19   1.840332e-03   2.550852e-22   4107506
  5.378687e+00   4.512354e-19   1.841030e-03   2.532615e-22   4045694
  5.385067e+00   4.443204e-19   1.841878e-03   2.503698e-22   3984530
  5.391443e+00   4.394285e-19   1.839184e-03   2.494093e-22   3916622
  5.397815e+00   4.342792e-19   1.840413e-03   2.477271e-22   3858626
  5.404188e+00   4.289203e-19   1.839752e-03   2.459449e-22   3798918
  5.410566e+00   4.238163e-19   1.842453e-03   2.440257e-22   3747464
  5.416947e+00   4.183739e-19   1.840720e-03   2.422804e-22   3687278
  5.423327e+00   4.142319e-19   1.841755e-03   2.414734e-22   3632618
  5.429702e+00   4.088497e-19   1.839341e-03   2.391442e-22   3571766
  5.436076e+00   4.043425e-19   1.841405e-03   2.373193e-22   3521264
  5.442452e+00   3.999961e-19   1.840602e-03   2.364948e-22   3466964
  5.448828e+00   3.946566e-19   1.840149e-03   2.347854e-22   3414320
  5.455204e+00   3.916954e-19   1.840343e-03   2.341195e-22   3362948
  5.461581e+00   3.868368e-19   1.841385e-03   2.332332e-22   3313130
  5.467960e+00   3.828226e-19   1.841559e-03   2.314691e-22   3262766
  5.474335e+00   3.779360e-19   1.839552e-03   2.294161e-22   3210122
  5.480711e+00   3.743652e-19   1.841068e-03   2.285252e-22   3164282
  5.487089e+00   3.709601e-19   1.840871e-03   2.281752e-22   3115358
  5.493467e+00   3.673837e-19   1.841892e-03   2.272663e-22   3068642
  5.499842e+00   3.629990e-19   1.839367e-03   2.257362e-22   3017270
  5.506214e+00   3.598501e-19   1.840421e-03   2.254681e-22   2973396
  5.512592e+00   3.561536e-19   1.841795e-03   2.238309e-22   2930882
  5.518975e+00   3.527045e-19   1.842009e-03   2.236058e-22   2886296
  5.525354e+00   3.487989e-19   1.840110e-03   2.225849e-22   2838068
  5.531729e+00   3.457741e-19   1.840402e-03   2.218117e-22   2793680
  5.538103e+00   3.421028e-19   1.841057e-03   2.207612e-22   2750948
  5.544478e+00   3.393306e-19   1.840332e-03   2.205850e-22   2707712
  5.550852e+00   3.355253e-19   1.839444e-03   2.192875e-22   2665124
  5.557230e+00   3.326655e-19   1.841751e-03   2.188527e-22   2626712
  5.563610e+00   3.296957e-19   1.840829e-03   2.182871e-22   2583542
  5.569988e+00   3.266083e-19   1.841328e-03   2.175873e-22   2543108
  5.576363e+00   3.235084e-19   1.839426e-03   2.171480e-22   2500538
  5.582739e+00   3.206769e-19   1.841521e-03   2.164645e-22   2464052
  5.589119e+00   3.171938e-19   1.841364e-03   2.158604e-22   2424194
  5.595493e+00   3.143197e-19   1.839158e-03   2.151084e-22   2381732
  5.601866e+00   3.119751e-19   1.841683e-03   2.147787e-22   2346386
  5.608241e+00   3.095459e-19   1.839649e-03   2.152314e-22   2306598
  5.614618e+00   3.067203e-19   1.842029e-03   2.140351e-22   2273186
  5.621000e+00   3.033257e-19   1.840989e-03   2.132584e-22   2235188
  5.627378e+00   3.014857e-19   1.839949e-03   2.134010e-22   2196638
  5.633754e+00   2.986015e-19   1.841588e-03   2.131131e-22   2161706
  5.640129e+00   2.956246e-19   1.840261e-03   2.124655e-22   2124422
  5.646501e+00   2.934305e-19   1.838999e-03   2.123436e-22   2088578
  5.652879e+00   2.910191e-19   1.842650e-03   2.117628e-22   2058512
  5.659259e+00   2.883783e-19   1.839498e-03   2.114290e-22   2020202
  5.665635e+00   2.860819e-19   1.841528e-03   2.115772e-22   1987670
  5.672010e+00   2.840632e-19   1.840033e-03   2.116640e-22   1952114
  5.678381e+00   2.815276e-19   1.839290e-03   2.111602e-22   1918694
  5.684760e+00   2.797962e-19   1.843391e-03   2.114325e-22   1890932
  5.691143e+00   2.772460e-19   1.840482e-03   2.111979e-22   1855382
  5.697520e+00   2.752168e-19   1.841151e-03   2.111940e-22   1823276
  5.703897e+00   2.730714e-19   1.841467e-03   2.116963e-22   1791446
  5.710267e+00   2.710398e-19   1.837484e-03   2.115992e-22   1756566
  5.716642e+00   2.682380e-19   1.843486e-03   2.102613e-22   1732292
  5.723026e+00   2.662544e-19   1.841021e-03   2.109085e-22   1699718
  5.729405e+00   2.642938e-19   1.840666e-03   2.113287e-22   1668524
  5.735782e+00   2.627860e-19   1.841307e-03   2.121368e-22   1638656
  5.742152e+00   2.608722e-19   1.837941e-03   2.121148e-22   1606154
  5.748524e+00   2.593757e-19   1.841528e-03   2.123853e-22   1580984
  5.754907e+00   2.571187e-19   1.842158e-03   2.123752e-22   1553372
  5.761287e+00   2.558571e-19   1.839903e-03   2.135160e-22   1522502
  5.767663e+00   2.535275e-19   1.841211e-03   2.131607e-22   1494788
  5.774035e+00   2.517499e-19   1.839049e-03   2.134319e-22   1464992
  5.780407e+00   2.496908e-19   1.840885e-03   2.131432e-22   1439564
  5.786788e+00   2.475346e-19   1.842803e-03   2.136709e-22   1414766
  5.793173e+00   2.464607e-19   1.841316e-03   2.145151e-22   1386620
  5.799549e+00   2.446507e-19   1.839295e-03   2.147120e-22   1358024
  5.805920e+00   2.433758e-19   1.840494e-03   2.154347e-22   1332236
  5.812287e+00   2.416500e-19   1.837583e-03   2.165369e-22   1304568
  5.818666e+00   2.397456e-19   1.844995e-03   2.164537e-22   1285316
  5.825053e+00   2.388302e-19   1.840679e-03   2.172338e-22   1257272
  5.831429e+00   2.363947e-19   1.839591e-03   2.174983e-22   1231028
  5.837804e+00   2.353828e-19   1.841474e-03   2.184121e-22   1207136
  5.844175e+00   2.347249e-19   1.839197e-03   2.205155e-22   1181180
  5.850547e+00   2.323920e-19   1.841135e-03   2.199815e-22   1159352
  5.856931e+00   2.310241e-19   1.842986e-03   2.207914e-22   1137476
  5.863312e+00   2.300071e-19   1.839166e-03   2.217378e-22   1111280
  5.869686e+00   2.284770e-19   1.840689e-03   2.227529e-22   1088468
  5.876057e+00   2.273545e-19   1.840140e-03   2.239633e-22   1065008
  5.882427e+00   2.254892e-19   1.839713e-03   2.243272e-22   1042934
  5.888808e+00   2.245175e-19   1.843186e-03   2.250016e-22   1023488
  5.895195e+00   2.230512e-19   1.841961e-03   2.268465e-22   1000700
  5.901573e+00   2.218532e-19   1.839831e-03   2.276248e-22   977264
  5.907943e+00   2.204975e-19   1.839220e-03   2.285783e-22   955052
  5.914306e+00   2.198789e-19   1.837596e-03   2.306270e-22   933546
  5.920685e+00   2.175182e-19   1.845011e-03   2.292496e-22   917348
  5.927075e+00   2.169140e-19   1.841622e-03   2.317031e-22   895328
  5.933456e+00   2.161759e-19   1.840197e-03   2.339997e-22   873878
  5.939831e+00   2.151951e-19   1.841204e-03   2.350927e-22   853664
  5.946198e+00   2.133778e-19   1.838301e-03   2.364992e-22   832604
  5.952570e+00   2.126532e-19   1.841647e-03   2.375730e-22   815546
  5.958955e+00   2.117241e-19   1.841795e-03   2.393717e-22   797012
  5.965336e+00   2.103205e-19   1.838979e-03   2.409155e-22   776576
  5.971714e+00   2.090524e-19   1.842719e-03   2.417261e-22   758726
  5.978085e+00   2.082224e-19   1.838577e-03   2.439708e-22   738296
  5.984452e+00   2.080415e-19   1.839422e-03   2.473191e-22   721172
  5.990833e+00   2.072738e-19   1.842852e-03   2.487872e-22   705434
  5.997222e+00   2.063968e-19   1.841204e-03   2.503355e-22   687092
  6.003603e+00   2.051636e-19   1.841572e-03   2.531491e-22   669098
  6.009974e+00   2.042832e-19   1.839142e-03   2.550753e-22   650516
  6.016332e+00   2.031585e-19   1.836042e-03   2.570102e-22   632898
  6.022707e+00   2.030129e-19   1.844938e-03   2.588632e-22   620228
  6.029100e+00   2.021631e-19   1.842281e-03   2.610908e-22   603206
  6.035485e+00   2.009319e-19   1.841847e-03   2.637459e-22   586328
  6.041859e+00   1.997537e-19   1.840113e-03   2.656623e-22   569222
  6.048217e+00   1.989653e-19   1.835706e-03   2.695687e-22   552266
  6.054584e+00   1.981565e-19   1.843023e-03   2.711012e-22   539996
  6.060976e+00   1.968950e-19   1.843843e-03   2.717745e-22   525722
  6.067365e+00   1.977465e-19   1.839929e-03   2.762123e-22   509372
  6.073742e+00   1.963866e-19   1.840974e-03   2.804542e-22   494282
  6.080105e+00   1.954070e-19   1.836470e-03   2.820997e-22   478340
  6.086466e+00   1.949520e-19   1.839100e-03   2.871361e-22   465554
  6.092852e+00   1.948434e-19   1.844310e-03   2.903734e-22   453734
  6.099249e+00   1.942782e-19   1.841644e-03   2.938775e-22   439184
  6.105633e+00   1.930946e-19   1.841774e-03   2.983455e-22   424910
  6.112001e+00   1.924211e-19   1.839131e-03   3.027057e-22   410366
  6.118344e+00   1.919831e-19   1.830585e-03   3.059420e-22   395856
  6.124716e+00   1.919085e-19   1.849093e-03   3.095377e-22   387998
  6.131124e+00   1.910701e-19   1.844381e-03   3.138818e-22   374642
  6.137516e+00   1.910635e-19   1.841320e-03   3.179679e-22   361118
  6.143885e+00   1.898101e-19   1.838483e-03   3.230296e-22   347792
  6.150233e+00   1.894977e-19   1.833537e-03   3.275945e-22   335054
  6.156598e+00   1.893276e-19   1.843369e-03   3.307053e-22   326162
  6.163003e+00   1.890828e-19   1.845744e-03   3.366278e-22   315686
  6.169403e+00   1.883072e-19   1.839717e-03   3.419009e-22   302960
  6.175780e+00   1.882544e-19   1.841146e-03   3.491609e-22   291278
  6.182130e+00   1.872203e-19   1.834474e-03   3.540036e-22   278966
  6.188475e+00   1.874165e-19   1.838848e-03   3.605907e-22   269786
  6.194867e+00   1.866580e-19   1.848548e-03   3.665190e-22   261710
  6.201275e+00   1.869728e-19   1.841196e-03   3.750710e-22   250472
  6.207659e+00   1.849177e-19   1.840781e-03   3.785825e-22   239846
  6.214020e+00   1.856899e-19   1.837833e-03   3.877722e-22   229250
  6.220353e+00   1.853459e-19   1.827068e-03   3.933502e-22   218958
  6.226735e+00   1.840930e-19   1.853573e-03   3.973075e-22   213722
  6.233163e+00   1.840157e-19   1.842328e-03   4.065255e-22   203414
  6.239564e+00   1.843891e-19   1.844048e-03   4.196320e-22   193940
  6.245924e+00   1.858079e-19   1.836439e-03   4.314677e-22   183650
  6.252241e+00   1.824651e-19   1.829855e-03   4.353051e-22   174638
  6.258588e+00   1.848161e-19   1.843490e-03   4.521066e-22   168842
  6.265008e+00   1.845520e-19   1.847266e-03   4.579551e-22   161846
  6.271432e+00   1.830395e-19   1.841236e-03   4.638802e-22   153146
  6.277822e+00   1.846945e-19   1.840929e-03   4.846445e-22   144686
  6.284170e+00   1.829196e-19   1.837187e-03   4.928330e-22   136418
  6.290480e+00   1.825062e-19   1.823629e-03   5.088002e-22   128822
  6.296862e+00   1.843570e-19   1.856474e-03   5.225856e-22   124862
  6.303298e+00   1.835608e-19   1.842665e-03   5.346458e-22   117026
  6.309688e+00   1.834626e-19   1.840290e-03   5.535469e-22   109718
  6.316033e+00   1.841992e-19   1.835815e-03   5.751959e-22   102650
  6.322320e+00   1.834224e-19   1.808328e-03   5.909674e-22   95622
  6.328720e+00   1.845517e-19   1.871202e-03   6.015206e-22   93650
  6.335227e+00   1.815366e-19   1.849919e-03   6.186842e-22   86606
  6.341628e+00   1.833003e-19   1.828395e-03   6.548265e-22   79190
  6.347934e+00   1.820369e-19   1.839124e-03   6.761497e-22   73490
  6.354177e+00   1.837654e-19   1.810164e-03   7.035196e-22   67598
  6.360508e+00   1.823730e-19   1.844910e-03   7.203118e-22   65186
  6.367032e+00   1.828351e-19   1.858136e-03   7.408607e-22   61262
  6.373583e+00   1.843079e-19   1.851117e-03   7.802610e-22   55874
  6.379989e+00   1.839611e-19   1.823042e-03   8.349529e-22   49430
  6.386147e+00   1.848407e-19   1.803004e-03   8.769141e-22   43934
  6.392260e+00   1.841331e-19   1.790240e-03   9.092455e-22   41138
  6.398716e+00   1.849715e-19   1.870028e-03   9.333729e-22   40070
  6.405371e+00   1.838940e-19   1.854153e-03   9.777726e-22   35882
  6.411962e+00   1.864751e-19   1.842631e-03   1.046502e-21   31622
  6.418335e+00   1.853067e-19   1.817857e-03   1.126758e-21   26750
  6.424088e+00   1.836882e-19   1.593646e-03   1.264062e-21   21330
  6.430239e+00   1.837510e-19   1.860256e-03   1.201949e-21   23246
  6.436984e+00   1.839097e-19   1.855054e-03   1.319781e-21   20186
  6.443727e+00   1.866882e-19   1.848147e-03   1.420225e-21   17312
  6.450423e+00   1.908767e-19   1.830133e-03   1.616122e-21   14474
  6.456645e+00   1.815353e-19   1.688402e-03   1.786485e-21   10478
  6.462180e+00   1.851564e-19   1.692603e-03   2.026841e-21   9062
  6.468497e+00   1.851286e-19   1.842997e-03   1.938614e-21   8762
  6.475254e+00   1.863603e-19   1.841892e-03   2.226672e-21   6926
  6.482011e+00   1.883885e-19   1.840835e-03   2.508868e-21   5306
  6.488766e+00   1.868568e-19   1.839476e-03   2.936697e-21   3902
  6.494511e+00   1.926626e-19   1.128860e-03   4.253582e-21   1928
  6.500007e+00   2.000536e-19   1.834590e-03   4.337141e-21   2042
  6.506728e+00   1.853575e-19   1.826889e-03   5.361365e-21   1214
  6.513396e+00   1.999902e-19   1.806609e-03   8.699886e-21   602
  6.519909e+00   1.839012e-19   1.730042e-03   1.205355e-20   206
  6.525711e+00   1.129374e-19   9.814069e-04   2.127936e-20   24
