# power spectrum of delta
# redshift z=9.836500
# k              Pk             sigma(k)       sigma(Pk)      count
  5.011399e-03   7.734003e-07   7.667927e-04   1.483702e-07   18
  1.037418e-02   1.964137e-05   1.725047e-03   2.259915e-06   128
  1.616528e-02   8.577819e-05   1.646572e-03   4.838003e-06   314
  2.269071e-02   2.043063e-04   1.954354e-03   7.915864e-06   728
  2.897169e-02   3.897189e-04   1.717946e-03   1.308719e-05   1016
  3.518826e-02   5.404699e-04   1.880676e-03   1.334245e-05   1682
  4.169479e-02   8.092156e-04   1.831736e-03   1.701812e-05   2300
  4.790974e-02   1.027998e-03   1.770731e-03   1.931136e-05   2906
  5.429022e-02   1.380963e-03   1.892687e-03   2.274089e-05   4040
  6.068098e-02   1.779571e-03   1.775551e-03   2.684523e-05   4712
  6.698900e-02   2.264818e-03   1.857705e-03   2.918913e-05   6002
  7.346135e-02   2.675229e-03   1.857594e-03   3.182070e-05   7256
  7.977379e-02   3.170309e-03   1.772571e-03   3.583843e-05   8120
  8.609019e-02   3.466718e-03   1.864951e-03   3.477515e-05   9950
  9.253636e-02   3.812824e-03   1.853578e-03   3.526530e-05   11384
  9.885187e-02   4.054063e-03   1.809244e-03   3.646342e-05   12666
  1.052712e-01   4.464037e-03   1.889168e-03   3.582409e-05   15104
  1.117654e-01   4.920482e-03   1.850532e-03   3.865107e-05   16616
  1.180754e-01   5.590609e-03   1.799489e-03   4.194991e-05   18026
  1.244216e-01   6.129694e-03   1.853405e-03   4.201445e-05   20696
  1.308065e-01   6.650488e-03   1.827918e-03   4.474453e-05   22436
  1.371558e-01   7.291751e-03   1.845873e-03   4.645855e-05   24962
  1.435394e-01   7.639939e-03   1.831283e-03   4.579237e-05   27176
  1.499133e-01   7.869764e-03   1.847268e-03   4.578641e-05   29810
  1.562775e-01   8.185645e-03   1.828450e-03   4.618788e-05   32120
  1.626776e-01   8.483859e-03   1.865216e-03   4.521601e-05   35432
  1.690383e-01   9.019046e-03   1.814577e-03   4.667654e-05   37238
  1.754019e-01   9.536188e-03   1.856016e-03   4.711507e-05   41072
  1.817869e-01   1.003710e-02   1.834293e-03   4.864589e-05   43472
  1.881565e-01   1.074695e-02   1.848176e-03   4.969842e-05   47042
  1.945298e-01   1.143633e-02   1.829223e-03   5.195337e-05   49712
  2.008693e-01   1.188678e-02   1.840592e-03   5.188959e-05   53226
  2.072637e-01   1.201410e-02   1.853753e-03   5.007615e-05   57320
  2.136558e-01   1.243932e-02   1.831629e-03   5.096016e-05   60092
  2.200056e-01   1.280793e-02   1.839426e-03   5.082165e-05   63914
  2.263950e-01   1.308459e-02   1.849752e-03   4.988612e-05   68192
  2.327751e-01   1.351952e-02   1.833934e-03   5.060970e-05   71336
  2.391397e-01   1.395995e-02   1.845607e-03   5.070385e-05   75818
  2.455297e-01   1.449165e-02   1.844019e-03   5.151581e-05   79880
  2.518964e-01   1.507366e-02   1.834462e-03   5.201453e-05   83642
  2.582661e-01   1.570798e-02   1.840779e-03   5.287148e-05   88316
  2.646730e-01   1.608665e-02   1.859422e-03   5.281496e-05   93488
  2.710484e-01   1.642627e-02   1.827184e-03   5.299878e-05   96458
  2.773871e-01   1.676340e-02   1.829038e-03   5.329099e-05   101264
  2.837816e-01   1.702484e-02   1.862873e-03   5.181814e-05   107696
  2.901819e-01   1.730138e-02   1.837217e-03   5.201634e-05   111170
  2.965233e-01   1.789252e-02   1.822285e-03   5.280697e-05   115232
  3.028941e-01   1.826926e-02   1.855375e-03   5.220813e-05   122310
  3.093019e-01   1.865550e-02   1.843350e-03   5.242220e-05   126944
  3.156739e-01   1.921244e-02   1.828600e-03   5.312867e-05   131192
  3.220432e-01   1.963394e-02   1.844535e-03   5.324294e-05   137618
  3.284234e-01   2.010132e-02   1.836674e-03   5.317754e-05   142448
  3.347979e-01   2.032955e-02   1.844704e-03   5.266759e-05   148520
  3.411627e-01   2.068716e-02   1.831436e-03   5.320979e-05   153254
  3.475446e-01   2.111127e-02   1.852010e-03   5.276562e-05   160760
  3.539284e-01   2.122293e-02   1.835751e-03   5.195621e-05   165290
  3.603019e-01   2.180103e-02   1.840148e-03   5.262837e-05   171992
  3.666828e-01   2.212831e-02   1.840217e-03   5.276178e-05   177800
  3.730569e-01   2.256764e-02   1.843032e-03   5.263714e-05   184322
  3.794439e-01   2.295983e-02   1.841595e-03   5.276939e-05   190832
  3.858239e-01   2.327847e-02   1.839260e-03   5.285982e-05   196772
  3.921872e-01   2.382033e-02   1.836453e-03   5.301637e-05   202970
  3.985536e-01   2.419042e-02   1.839266e-03   5.297794e-05   210056
  4.049173e-01   2.454759e-02   1.832832e-03   5.293879e-05   216210
  4.112896e-01   2.480187e-02   1.841640e-03   5.231223e-05   224168
  4.176700e-01   2.496109e-02   1.840761e-03   5.222417e-05   230792
  4.240565e-01   2.554719e-02   1.846256e-03   5.247710e-05   238778
  4.304312e-01   2.567755e-02   1.831772e-03   5.187496e-05   243956
  4.367939e-01   2.617717e-02   1.845141e-03   5.208746e-05   252680
  4.431746e-01   2.655367e-02   1.842020e-03   5.221672e-05   260066
  4.495713e-01   2.689057e-02   1.849294e-03   5.190648e-05   268712
  4.559494e-01   2.725630e-02   1.834336e-03   5.206096e-05   274034
  4.623270e-01   2.741000e-02   1.847366e-03   5.152395e-05   283904
  4.687088e-01   2.778432e-02   1.837425e-03   5.168144e-05   290048
  4.750707e-01   2.802156e-02   1.836659e-03   5.158014e-05   297950
  4.814434e-01   2.842631e-02   1.842026e-03   5.161765e-05   306968
  4.878269e-01   2.897051e-02   1.843240e-03   5.174785e-05   315320
  4.942006e-01   2.897571e-02   1.835899e-03   5.110224e-05   322346
  5.005701e-01   2.939202e-02   1.842589e-03   5.096662e-05   331664
  5.069538e-01   2.964567e-02   1.844896e-03   5.073042e-05   340818
  5.133346e-01   3.014389e-02   1.837322e-03   5.114281e-05   348164
  5.197083e-01   3.042600e-02   1.843548e-03   5.095424e-05   357584
  5.260929e-01   3.075157e-02   1.846059e-03   5.066457e-05   367106
  5.324635e-01   3.090039e-02   1.832285e-03   5.042602e-05   373376
  5.388350e-01   3.118120e-02   1.848023e-03   5.013742e-05   385376
  5.452233e-01   3.154427e-02   1.842356e-03   5.012606e-05   393650
  5.516038e-01   3.176729e-02   1.840588e-03   5.007477e-05   402704
  5.579656e-01   3.201016e-02   1.830970e-03   4.992823e-05   409910
  5.643320e-01   3.241650e-02   1.843407e-03   4.995765e-05   422024
  5.707212e-01   3.256291e-02   1.846526e-03   4.954458e-05   432176
  5.771022e-01   3.292600e-02   1.837404e-03   4.969680e-05   440066
  5.834769e-01   3.317285e-02   1.841263e-03   4.946163e-05   450680
  5.898365e-01   3.349838e-02   1.831084e-03   4.948340e-05   457856
  5.962115e-01   3.379998e-02   1.848347e-03   4.917273e-05   472538
  6.026013e-01   3.418093e-02   1.839689e-03   4.929092e-05   480140
  6.089752e-01   3.430537e-02   1.841279e-03   4.908860e-05   490842
  6.153517e-01   3.469605e-02   1.838382e-03   4.907128e-05   500744
  6.217295e-01   3.484056e-02   1.842392e-03   4.866505e-05   511856
  6.281145e-01   3.519055e-02   1.844734e-03   4.865156e-05   523202
  6.344991e-01   3.548928e-02   1.840396e-03   4.881217e-05   532688
  6.408638e-01   3.573413e-02   1.834541e-03   4.865704e-05   541520
  6.472341e-01   3.599095e-02   1.842653e-03   4.846758e-05   555110
  6.536136e-01   3.617269e-02   1.839126e-03   4.794860e-05   564944
  6.599884e-01   3.635351e-02   1.839832e-03   4.808560e-05   576434
  6.663740e-01   3.664004e-02   1.844405e-03   4.786374e-05   588848
  6.727501e-01   3.688420e-02   1.838623e-03   4.778768e-05   597704
  6.791236e-01   3.722125e-02   1.842386e-03   4.786244e-05   610946
  6.855006e-01   3.748410e-02   1.837794e-03   4.757873e-05   620852
  6.918722e-01   3.760608e-02   1.841901e-03   4.749832e-05   633530
  6.982524e-01   3.784499e-02   1.841844e-03   4.717269e-05   645704
  7.046316e-01   3.814710e-02   1.840565e-03   4.708011e-05   656744
  7.110074e-01   3.837780e-02   1.841941e-03   4.711104e-05   669162
  7.173906e-01   3.866121e-02   1.843286e-03   4.674389e-05   681992
  7.237681e-01   3.878503e-02   1.838959e-03   4.680727e-05   692360
  7.301485e-01   3.907736e-02   1.844364e-03   4.652586e-05   707006
  7.365206e-01   3.927399e-02   1.834135e-03   4.638907e-05   714944
  7.428835e-01   3.965325e-02   1.841775e-03   4.641093e-05   730346
  7.492606e-01   3.983630e-02   1.838962e-03   4.635274e-05   742616
  7.556415e-01   4.001193e-02   1.843530e-03   4.609514e-05   756536
  7.620128e-01   4.021717e-02   1.836595e-03   4.597659e-05   766418
  7.683917e-01   4.038542e-02   1.845753e-03   4.557996e-05   783392
  7.747614e-01   4.069213e-02   1.833632e-03   4.579767e-05   790412
  7.811334e-01   4.083811e-02   1.848120e-03   4.535628e-05   810314
  7.875277e-01   4.106412e-02   1.843702e-03   4.534753e-05   821960
  7.938987e-01   4.135739e-02   1.834976e-03   4.541758e-05   831266
  8.002712e-01   4.136290e-02   1.843706e-03   4.500274e-05   848960
  8.066557e-01   4.162911e-02   1.842629e-03   4.501471e-05   861488
  8.130204e-01   4.186496e-02   1.833334e-03   4.507216e-05   871194
  8.193985e-01   4.201101e-02   1.847247e-03   4.448625e-05   891788
  8.257796e-01   4.216846e-02   1.838008e-03   4.449580e-05   900416
  8.321422e-01   4.248038e-02   1.836250e-03   4.445428e-05   914306
  8.385264e-01   4.265337e-02   1.847988e-03   4.419249e-05   933992
  8.449011e-01   4.280857e-02   1.834294e-03   4.425606e-05   940826
  8.512701e-01   4.307612e-02   1.842364e-03   4.409013e-05   960224
  8.576621e-01   4.319454e-02   1.846556e-03   4.389699e-05   976316
  8.640381e-01   4.340700e-02   1.835724e-03   4.380022e-05   985010
  8.704114e-01   4.363098e-02   1.843336e-03   4.366874e-05   1004024
  8.767898e-01   4.372667e-02   1.839706e-03   4.360591e-05   1016288
  8.831639e-01   4.401782e-02   1.840690e-03   4.346485e-05   1032290
  8.895470e-01   4.409303e-02   1.843156e-03   4.320248e-05   1048640
  8.959130e-01   4.423018e-02   1.831919e-03   4.297760e-05   1057250
  9.022937e-01   4.450718e-02   1.849588e-03   4.289774e-05   1083140
  9.086870e-01   4.467031e-02   1.840763e-03   4.298983e-05   1092248
  9.150555e-01   4.480006e-02   1.837510e-03   4.276946e-05   1105914
  9.214310e-01   4.492420e-02   1.841822e-03   4.248684e-05   1124744
  9.278120e-01   4.520102e-02   1.841202e-03   4.245055e-05   1139120
  9.341841e-01   4.532002e-02   1.838536e-03   4.228879e-05   1153490
  9.405650e-01   4.552632e-02   1.844187e-03   4.226135e-05   1172936
  9.469357e-01   4.572907e-02   1.834491e-03   4.231843e-05   1182158
  9.533110e-01   4.582584e-02   1.846126e-03   4.179369e-05   1206392
  9.596894e-01   4.586267e-02   1.835525e-03   4.167952e-05   1215224
  9.660641e-01   4.614083e-02   1.844936e-03   4.153254e-05   1237874
  9.724505e-01   4.627430e-02   1.841050e-03   4.144921e-05   1251800
  9.788233e-01   4.630144e-02   1.838619e-03   4.132971e-05   1265792
  9.851993e-01   4.656324e-02   1.843109e-03   4.124359e-05   1286306
  9.915793e-01   4.668775e-02   1.838809e-03   4.111579e-05   1299764
  9.979438e-01   4.686660e-02   1.836769e-03   4.102454e-05   1314554
  1.004319e+00   4.697316e-02   1.843595e-03   4.076281e-05   1337288
  1.010703e+00   4.721550e-02   1.840912e-03   4.075059e-05   1351304
  1.017077e+00   4.725593e-02   1.841769e-03   4.046996e-05   1369026
  1.023461e+00   4.744786e-02   1.843478e-03   4.040482e-05   1388456
  1.029842e+00   4.760252e-02   1.840406e-03   4.044216e-05   1402700
  1.036211e+00   4.772441e-02   1.837802e-03   4.025079e-05   1418282
  1.042587e+00   4.795866e-02   1.843596e-03   4.012660e-05   1440272
  1.048964e+00   4.798609e-02   1.838705e-03   3.995394e-05   1454114
  1.055341e+00   4.812411e-02   1.842603e-03   3.982510e-05   1475480
  1.061720e+00   4.838043e-02   1.840520e-03   3.975081e-05   1490936
  1.068091e+00   4.834019e-02   1.838519e-03   3.948644e-05   1507826
  1.074472e+00   4.862834e-02   1.844275e-03   3.950798e-05   1530764
  1.080850e+00   4.855705e-02   1.839052e-03   3.926123e-05   1543424
  1.087222e+00   4.878897e-02   1.841688e-03   3.921301e-05   1564946
  1.093594e+00   4.892714e-02   1.835875e-03   3.914605e-05   1578536
  1.099970e+00   4.897021e-02   1.845670e-03   3.885418e-05   1604882
  1.106358e+00   4.904740e-02   1.842454e-03   3.871634e-05   1621304
  1.112736e+00   4.921721e-02   1.839545e-03   3.874373e-05   1637024
  1.119103e+00   4.948701e-02   1.837794e-03   3.863299e-05   1654134
  1.125480e+00   4.955101e-02   1.844256e-03   3.847408e-05   1679168
  1.131864e+00   4.952281e-02   1.841903e-03   3.820551e-05   1695944
  1.138235e+00   4.967054e-02   1.836568e-03   3.824020e-05   1710602
  1.144612e+00   4.984021e-02   1.844777e-03   3.799877e-05   1737056
  1.150994e+00   4.998548e-02   1.840390e-03   3.797615e-05   1752602
  1.157370e+00   4.997905e-02   1.839227e-03   3.774176e-05   1772024
  1.163752e+00   5.013627e-02   1.844090e-03   3.763421e-05   1795364
  1.170126e+00   5.020648e-02   1.836467e-03   3.760411e-05   1807634
  1.176490e+00   5.028970e-02   1.836183e-03   3.742868e-05   1827608
  1.182859e+00   5.048741e-02   1.840789e-03   3.742446e-05   1850984
  1.189240e+00   5.053157e-02   1.844107e-03   3.716572e-05   1874618
  1.195619e+00   5.067392e-02   1.838445e-03   3.710153e-05   1889504
  1.202001e+00   5.078564e-02   1.845373e-03   3.697578e-05   1916870
  1.208383e+00   5.074417e-02   1.838254e-03   3.679339e-05   1929728
  1.214760e+00   5.094855e-02   1.843674e-03   3.665661e-05   1955408
  1.221131e+00   5.097891e-02   1.834427e-03   3.659329e-05   1966842
  1.227503e+00   5.098061e-02   1.843005e-03   3.631000e-05   1996640
  1.233886e+00   5.109789e-02   1.842690e-03   3.626065e-05   2016392
  1.240265e+00   5.127029e-02   1.839730e-03   3.625187e-05   2034722
  1.246641e+00   5.136465e-02   1.840813e-03   3.616188e-05   2056460
  1.253014e+00   5.140104e-02   1.838931e-03   3.602808e-05   2075186
  1.259388e+00   5.146287e-02   1.840566e-03   3.587107e-05   2099096
  1.265761e+00   5.154593e-02   1.837910e-03   3.574665e-05   2116832
  1.272138e+00   5.168261e-02   1.844119e-03   3.557965e-05   2145146
  1.278526e+00   5.170765e-02   1.844128e-03   3.544300e-05   2166776
  1.284904e+00   5.182181e-02   1.838822e-03   3.540172e-05   2181848
  1.291273e+00   5.194628e-02   1.838785e-03   3.535177e-05   2203766
  1.297646e+00   5.200379e-02   1.840619e-03   3.519298e-05   2227664
  1.304025e+00   5.197736e-02   1.842381e-03   3.498878e-05   2252138
  1.310403e+00   5.212310e-02   1.839825e-03   3.497646e-05   2271152
  1.316777e+00   5.219777e-02   1.840536e-03   3.479628e-05   2293256
  1.323154e+00   5.219454e-02   1.842085e-03   3.465773e-05   2318130
  1.329536e+00   5.236271e-02   1.841956e-03   3.463984e-05   2340824
  1.335910e+00   5.240657e-02   1.838342e-03   3.447836e-05   2357990
  1.342292e+00   5.240980e-02   1.846396e-03   3.428640e-05   2391176
  1.348671e+00   5.253504e-02   1.837209e-03   3.432527e-05   2401808
  1.355040e+00   5.267792e-02   1.840258e-03   3.416311e-05   2428442
  1.361418e+00   5.264801e-02   1.842645e-03   3.399184e-05   2454752
  1.367798e+00   5.265641e-02   1.841270e-03   3.389411e-05   2475872
  1.374172e+00   5.273970e-02   1.838763e-03   3.380907e-05   2495822
  1.380543e+00   5.283350e-02   1.839940e-03   3.377036e-05   2520248
  1.386922e+00   5.277250e-02   1.844043e-03   3.351963e-05   2549186
  1.393299e+00   5.297650e-02   1.837661e-03   3.350364e-05   2564768
  1.399672e+00   5.300178e-02   1.841284e-03   3.340690e-05   2592968
  1.406054e+00   5.299377e-02   1.843378e-03   3.323952e-05   2619818
  1.412431e+00   5.311934e-02   1.838027e-03   3.318889e-05   2636384
  1.418803e+00   5.313716e-02   1.840293e-03   3.307036e-05   2662220
  1.425180e+00   5.318445e-02   1.842524e-03   3.291976e-05   2689770
  1.431560e+00   5.318058e-02   1.840994e-03   3.280948e-05   2712296
  1.437933e+00   5.327527e-02   1.838431e-03   3.273855e-05   2732618
  1.444312e+00   5.329736e-02   1.843932e-03   3.246468e-05   2765264
  1.450695e+00   5.331181e-02   1.840894e-03   3.245239e-05   2784824
  1.457066e+00   5.337331e-02   1.837138e-03   3.244331e-05   2804162
  1.463445e+00   5.345250e-02   1.844971e-03   3.222362e-05   2840612
  1.469825e+00   5.354780e-02   1.839130e-03   3.226259e-05   2855576
  1.476198e+00   5.351859e-02   1.840533e-03   3.205061e-05   2883458
  1.482571e+00   5.349777e-02   1.838217e-03   3.196248e-05   2904128
  1.488946e+00   5.356774e-02   1.843378e-03   3.178773e-05   2937026
  1.495325e+00   5.363652e-02   1.839218e-03   3.175413e-05   2956976
  1.501703e+00   5.364332e-02   1.841967e-03   3.161235e-05   2986472
  1.508082e+00   5.372701e-02   1.840166e-03   3.154419e-05   3008918
  1.514460e+00   5.372365e-02   1.841773e-03   3.142024e-05   3036752
  1.520836e+00   5.370107e-02   1.839884e-03   3.128507e-05   3058376
  1.527209e+00   5.389529e-02   1.839616e-03   3.130031e-05   3084210
  1.533583e+00   5.378069e-02   1.840948e-03   3.111048e-05   3111848
  1.539960e+00   5.380916e-02   1.841348e-03   3.098122e-05   3138890
  1.546339e+00   5.393041e-02   1.840626e-03   3.095270e-05   3164516
  1.552719e+00   5.393721e-02   1.842638e-03   3.079287e-05   3192656
  1.559097e+00   5.396124e-02   1.840555e-03   3.074624e-05   3215618
  1.565473e+00   5.393376e-02   1.840732e-03   3.061386e-05   3242888
  1.571846e+00   5.393094e-02   1.839114e-03   3.050531e-05   3265448
  1.578224e+00   5.402533e-02   1.843575e-03   3.040074e-05   3300842
  1.584604e+00   5.404817e-02   1.839884e-03   3.035458e-05   3321008
  1.590977e+00   5.398762e-02   1.839336e-03   3.021520e-05   3346406
  1.597352e+00   5.405851e-02   1.841596e-03   3.017340e-05   3377984
  1.603728e+00   5.397363e-02   1.839551e-03   3.001077e-05   3400352
  1.610103e+00   5.410359e-02   1.841321e-03   2.991053e-05   3431450
  1.616483e+00   5.405935e-02   1.841519e-03   2.980461e-05   3458768
  1.622859e+00   5.414124e-02   1.841183e-03   2.974328e-05   3484088
  1.629231e+00   5.416016e-02   1.838425e-03   2.966560e-05   3508218
  1.635610e+00   5.412076e-02   1.843946e-03   2.948963e-05   3545924
  1.641992e+00   5.417073e-02   1.841053e-03   2.946767e-05   3567530
  1.648369e+00   5.423878e-02   1.840183e-03   2.940223e-05   3595040
  1.654744e+00   5.417649e-02   1.840167e-03   2.924255e-05   3621176
  1.661115e+00   5.425803e-02   1.839521e-03   2.918400e-05   3647738
  1.667490e+00   5.417517e-02   1.841438e-03   2.901233e-05   3680480
  1.673870e+00   5.419988e-02   1.842082e-03   2.897143e-05   3709712
  1.680248e+00   5.424029e-02   1.840008e-03   2.887552e-05   3734702
  1.686623e+00   5.430490e-02   1.840362e-03   2.883215e-05   3762776
  1.692996e+00   5.425130e-02   1.839854e-03   2.871756e-05   3790514
  1.699371e+00   5.418779e-02   1.839908e-03   2.856629e-05   3820352
  1.705752e+00   5.421039e-02   1.844068e-03   2.847678e-05   3856016
  1.712131e+00   5.422044e-02   1.839690e-03   2.840089e-05   3876818
  1.718506e+00   5.422096e-02   1.839874e-03   2.832493e-05   3906332
  1.724882e+00   5.425423e-02   1.841963e-03   2.823477e-05   3938216
  1.731260e+00   5.429168e-02   1.840685e-03   2.815984e-05   3966354
  1.737636e+00   5.410911e-02   1.839695e-03   2.801864e-05   3993536
  1.744011e+00   5.417808e-02   1.840344e-03   2.794755e-05   4024034
  1.750392e+00   5.423755e-02   1.843071e-03   2.784433e-05   4060208
  1.756773e+00   5.418512e-02   1.840812e-03   2.775909e-05   4083632
  1.763145e+00   5.419345e-02   1.837811e-03   2.767958e-05   4107062
  1.769521e+00   5.414427e-02   1.842771e-03   2.753080e-05   4148072
  1.775893e+00   5.416905e-02   1.836707e-03   2.750227e-05   4163456
  1.782267e+00   5.415891e-02   1.842476e-03   2.741482e-05   4207994
  1.788652e+00   5.410404e-02   1.843367e-03   2.723976e-05   4239152
  1.795029e+00   5.416608e-02   1.839132e-03   2.724736e-05   4259426
  1.801407e+00   5.420417e-02   1.842524e-03   2.716855e-05   4299488
  1.807788e+00   5.413032e-02   1.840660e-03   2.704058e-05   4323692
  1.814162e+00   5.408268e-02   1.840093e-03   2.694252e-05   4353242
  1.820541e+00   5.412087e-02   1.841694e-03   2.684827e-05   4388792
  1.826915e+00   5.406778e-02   1.838387e-03   2.680069e-05   4409912
  1.833288e+00   5.404499e-02   1.841592e-03   2.668262e-05   4449282
  1.839667e+00   5.409370e-02   1.840784e-03   2.665234e-05   4478504
  1.846041e+00   5.404554e-02   1.839106e-03   2.654888e-05   4505882
  1.852417e+00   5.407247e-02   1.841020e-03   2.645016e-05   4542044
  1.858793e+00   5.403249e-02   1.840344e-03   2.637782e-05   4569608
  1.865169e+00   5.390731e-02   1.841195e-03   2.622306e-05   4604426
  1.871550e+00   5.397680e-02   1.842311e-03   2.621585e-05   4638896
  1.877925e+00   5.397553e-02   1.838827e-03   2.615950e-05   4660088
  1.884299e+00   5.391737e-02   1.841797e-03   2.598817e-05   4701290
  1.890678e+00   5.386260e-02   1.840619e-03   2.592487e-05   4729292
  1.897054e+00   5.392698e-02   1.841565e-03   2.591164e-05   4762706
  1.903435e+00   5.386453e-02   1.842610e-03   2.580125e-05   4799336
  1.909810e+00   5.386155e-02   1.837970e-03   2.570925e-05   4818680
  1.916185e+00   5.379015e-02   1.842882e-03   2.556411e-05   4863962
  1.922563e+00   5.381778e-02   1.839027e-03   2.560933e-05   4886216
  1.928938e+00   5.376211e-02   1.841692e-03   2.544923e-05   4925360
  1.935312e+00   5.371394e-02   1.838487e-03   2.538253e-05   4950198
  1.941682e+00   5.369503e-02   1.839228e-03   2.526770e-05   4983776
  1.948062e+00   5.365006e-02   1.844717e-03   2.518092e-05   5032058
  1.954444e+00   5.362123e-02   1.839748e-03   2.510971e-05   5052296
  1.960816e+00   5.355599e-02   1.839118e-03   2.503227e-05   5081048
  1.967192e+00   5.366537e-02   1.843475e-03   2.502290e-05   5127146
  1.973574e+00   5.357115e-02   1.841069e-03   2.493256e-05   5155376
  1.979948e+00   5.355084e-02   1.838766e-03   2.484404e-05   5181068
  1.986324e+00   5.355961e-02   1.842536e-03   2.479416e-05   5225906
  1.992703e+00   5.348994e-02   1.840301e-03   2.468612e-05   5253224
  1.999075e+00   5.349742e-02   1.838471e-03   2.461179e-05   5281154
  2.005453e+00   5.345602e-02   1.843666e-03   2.452749e-05   5330336
  2.011834e+00   5.336870e-02   1.840278e-03   2.444247e-05   5354120
  2.018204e+00   5.339790e-02   1.837177e-03   2.440455e-05   5380154
  2.024582e+00   5.335610e-02   1.844004e-03   2.432911e-05   5433740
  2.030964e+00   5.330640e-02   1.841066e-03   2.423923e-05   5458202
  2.037337e+00   5.329237e-02   1.838473e-03   2.419039e-05   5486424
  2.043713e+00   5.322942e-02   1.842073e-03   2.405585e-05   5530640
  2.050092e+00   5.318857e-02   1.840865e-03   2.401510e-05   5561162
  2.056472e+00   5.317622e-02   1.842354e-03   2.389575e-05   5601512
  2.062848e+00   5.312339e-02   1.838550e-03   2.390617e-05   5623244
  2.069220e+00   5.309324e-02   1.840849e-03   2.381246e-05   5665346
  2.075598e+00   5.303237e-02   1.841113e-03   2.373407e-05   5702384
  2.081975e+00   5.301791e-02   1.840298e-03   2.365089e-05   5734706
  2.088353e+00   5.297645e-02   1.841301e-03   2.358148e-05   5773184
  2.094733e+00   5.292948e-02   1.841946e-03   2.348117e-05   5809568
  2.101105e+00   5.287448e-02   1.837552e-03   2.344625e-05   5831090
  2.107479e+00   5.283478e-02   1.842206e-03   2.336227e-05   5881964
  2.113859e+00   5.279615e-02   1.841213e-03   2.328321e-05   5913416
  2.120238e+00   5.273696e-02   1.841923e-03   2.318254e-05   5952290
  2.126616e+00   5.272323e-02   1.839865e-03   2.313788e-05   5981144
  2.132988e+00   5.270751e-02   1.839742e-03   2.310474e-05   6015290
  2.139364e+00   5.263168e-02   1.841927e-03   2.300345e-05   6059664
  2.145743e+00   5.259209e-02   1.840799e-03   2.296434e-05   6092336
  2.152122e+00   5.255463e-02   1.842086e-03   2.286502e-05   6132806
  2.158501e+00   5.253700e-02   1.841321e-03   2.282716e-05   6166832
  2.164873e+00   5.243087e-02   1.837443e-03   2.276963e-05   6189272
  2.171243e+00   5.249139e-02   1.841004e-03   2.271556e-05   6238154
  2.177621e+00   5.238579e-02   1.841080e-03   2.261313e-05   6275288
  2.184000e+00   5.230509e-02   1.842241e-03   2.249296e-05   6316322
  2.190379e+00   5.230756e-02   1.840641e-03   2.248685e-05   6348488
  2.196756e+00   5.221960e-02   1.841212e-03   2.236603e-05   6385868
  2.203134e+00   5.221376e-02   1.841850e-03   2.233352e-05   6425378
  2.209510e+00   5.214375e-02   1.839408e-03   2.230701e-05   6455360
  2.215886e+00   5.207743e-02   1.841392e-03   2.223576e-05   6498176
  2.222261e+00   5.209822e-02   1.840198e-03   2.220808e-05   6531674
  2.228637e+00   5.202199e-02   1.841209e-03   2.209406e-05   6573368
  2.235015e+00   5.192815e-02   1.841417e-03   2.201217e-05   6611246
  2.241392e+00   5.190502e-02   1.840803e-03   2.198035e-05   6647424
  2.247770e+00   5.184283e-02   1.841365e-03   2.186758e-05   6687488
  2.254147e+00   5.182335e-02   1.839919e-03   2.182805e-05   6721250
  2.260520e+00   5.180858e-02   1.839077e-03   2.180655e-05   6755816
  2.266897e+00   5.169321e-02   1.842933e-03   2.170926e-05   6806504
  2.273276e+00   5.164351e-02   1.840584e-03   2.164507e-05   6837506
  2.279651e+00   5.162545e-02   1.839474e-03   2.159724e-05   6871556
  2.286030e+00   5.154061e-02   1.843489e-03   2.151310e-05   6924938
  2.292407e+00   5.149228e-02   1.838210e-03   2.145851e-05   6945320
  2.298778e+00   5.147200e-02   1.839118e-03   2.140731e-05   6986072
  2.305158e+00   5.147525e-02   1.844888e-03   2.134022e-05   7046642
  2.311538e+00   5.134887e-02   1.838415e-03   2.129094e-05   7061168
  2.317910e+00   5.132331e-02   1.840538e-03   2.122486e-05   7108064
  2.324288e+00   5.128314e-02   1.841488e-03   2.112819e-05   7151822
  2.330666e+00   5.120673e-02   1.840837e-03   2.110470e-05   7187600
  2.337045e+00   5.114892e-02   1.841819e-03   2.104304e-05   7231418
  2.343420e+00   5.115665e-02   1.838266e-03   2.105146e-05   7257912
  2.349793e+00   5.104358e-02   1.841246e-03   2.092435e-05   7307840
  2.356171e+00   5.101698e-02   1.840707e-03   2.091201e-05   7346618
  2.362545e+00   5.096818e-02   1.838315e-03   2.083919e-05   7376552
  2.368920e+00   5.087855e-02   1.842635e-03   2.074422e-05   7431740
  2.375299e+00   5.089750e-02   1.840580e-03   2.074071e-05   7464458
  2.381675e+00   5.083875e-02   1.840724e-03   2.066685e-05   7505672
  2.388054e+00   5.076266e-02   1.841875e-03   2.062893e-05   7550906
  2.394430e+00   5.074140e-02   1.839274e-03   2.059073e-05   7580720
  2.400808e+00   5.062168e-02   1.843124e-03   2.048278e-05   7635944
  2.407183e+00   5.053543e-02   1.837385e-03   2.039643e-05   7653254
  2.413557e+00   5.049407e-02   1.842500e-03   2.035453e-05   7714712
  2.419937e+00   5.047075e-02   1.841714e-03   2.031969e-05   7751840
  2.426315e+00   5.036741e-02   1.840093e-03   2.025998e-05   7788170
  2.432690e+00   5.041432e-02   1.840288e-03   2.024356e-05   7828544
  2.439067e+00   5.027596e-02   1.841589e-03   2.013692e-05   7874474
  2.445442e+00   5.029263e-02   1.838917e-03   2.013793e-05   7906032
  2.451817e+00   5.017288e-02   1.841643e-03   2.003442e-05   7957580
  2.458195e+00   5.013825e-02   1.840967e-03   2.000179e-05   7995962
  2.464573e+00   5.008634e-02   1.841319e-03   1.993938e-05   8038976
  2.470951e+00   5.001516e-02   1.841937e-03   1.987696e-05   8082320
  2.477329e+00   4.996647e-02   1.840784e-03   1.985234e-05   8120450
  2.483701e+00   4.990749e-02   1.838200e-03   1.981937e-05   8150312
  2.490075e+00   4.983626e-02   1.842025e-03   1.970418e-05   8210450
  2.496455e+00   4.979196e-02   1.840554e-03   1.968914e-05   8246732
  2.502832e+00   4.973523e-02   1.841458e-03   1.964786e-05   8290256
  2.509210e+00   4.968136e-02   1.841232e-03   1.960990e-05   8333306
  2.515587e+00   4.964387e-02   1.840510e-03   1.956242e-05   8372312
  2.521962e+00   4.954589e-02   1.840644e-03   1.947274e-05   8413472
  2.528337e+00   4.955871e-02   1.840038e-03   1.947332e-05   8455634
  2.534714e+00   4.941560e-02   1.841410e-03   1.937367e-05   8503736
  2.541090e+00   4.941135e-02   1.840703e-03   1.934423e-05   8542814
  2.547468e+00   4.932361e-02   1.841283e-03   1.932323e-05   8589960
  2.553847e+00   4.932509e-02   1.841675e-03   1.928256e-05   8633912
  2.560223e+00   4.927191e-02   1.839336e-03   1.922397e-05   8666690
  2.566599e+00   4.918908e-02   1.842209e-03   1.914423e-05   8722544
  2.572977e+00   4.914863e-02   1.840585e-03   1.910777e-05   8758112
  2.579352e+00   4.908127e-02   1.839548e-03   1.907205e-05   8798750
  2.585728e+00   4.894811e-02   1.841277e-03   1.897302e-05   8848808
  2.592104e+00   4.893597e-02   1.840251e-03   1.898764e-05   8889170
  2.598481e+00   4.888411e-02   1.840227e-03   1.891370e-05   8934608
  2.604856e+00   4.883395e-02   1.839643e-03   1.888814e-05   8971640
  2.611232e+00   4.878130e-02   1.842388e-03   1.886241e-05   9029954
  2.617612e+00   4.874274e-02   1.840920e-03   1.879168e-05   9067856
  2.623987e+00   4.863377e-02   1.839672e-03   1.871610e-05   9104444
  2.630367e+00   4.861617e-02   1.843923e-03   1.869825e-05   9171242
  2.636745e+00   4.863252e-02   1.838017e-03   1.871581e-05   9185528
  2.643114e+00   4.846582e-02   1.839022e-03   1.859640e-05   9235394
  2.649494e+00   4.843333e-02   1.844050e-03   1.856559e-05   9305688
  2.655872e+00   4.838619e-02   1.838662e-03   1.854847e-05   9321824
  2.662249e+00   4.836355e-02   1.843226e-03   1.849196e-05   9392090
  2.668628e+00   4.825704e-02   1.839001e-03   1.844367e-05   9414332
  2.675000e+00   4.819820e-02   1.840415e-03   1.838426e-05   9465410
  2.681380e+00   4.818366e-02   1.842364e-03   1.834144e-05   9523760
  2.687758e+00   4.805839e-02   1.839771e-03   1.828197e-05   9553832
  2.694133e+00   4.799879e-02   1.840855e-03   1.826631e-05   9604298
  2.700510e+00   4.801195e-02   1.840893e-03   1.825041e-05   9651176
  2.706885e+00   4.792021e-02   1.839603e-03   1.819207e-05   9687704
  2.713262e+00   4.785980e-02   1.842393e-03   1.814465e-05   9748574
  2.719643e+00   4.781669e-02   1.842290e-03   1.810765e-05   9794624
  2.726015e+00   4.770387e-02   1.836766e-03   1.806309e-05   9811370
  2.732389e+00   4.777818e-02   1.842921e-03   1.805889e-05   9891320
  2.738770e+00   4.763097e-02   1.841218e-03   1.796162e-05   9926024
  2.745146e+00   4.760818e-02   1.840208e-03   1.797019e-05   9967586
  2.751522e+00   4.756346e-02   1.840755e-03   1.793567e-05   10018116
  2.757897e+00   4.744610e-02   1.840456e-03   1.786013e-05   10060280
  2.764274e+00   4.739454e-02   1.841667e-03   1.782913e-05   10115450
  2.770654e+00   4.730188e-02   1.841837e-03   1.777485e-05   10164368
  2.777028e+00   4.726978e-02   1.838094e-03   1.776077e-05   10188314
  2.783404e+00   4.727536e-02   1.843290e-03   1.773820e-05   10265168
  2.789784e+00   4.725566e-02   1.840160e-03   1.772261e-05   10294448
  2.796159e+00   4.711146e-02   1.840640e-03   1.764277e-05   10343918
  2.802537e+00   4.712052e-02   1.841730e-03   1.763171e-05   10397600
  2.808913e+00   4.708192e-02   1.840311e-03   1.759294e-05   10435328
  2.815285e+00   4.698380e-02   1.838957e-03   1.756770e-05   10476698
  2.821661e+00   4.692001e-02   1.842237e-03   1.748175e-05   10543184
  2.828039e+00   4.677433e-02   1.839935e-03   1.744072e-05   10577834
  2.834417e+00   4.687974e-02   1.842252e-03   1.746970e-05   10641560
  2.840795e+00   4.675694e-02   1.839115e-03   1.740494e-05   10668452
  2.847169e+00   4.667099e-02   1.841467e-03   1.735877e-05   10729634
  2.853544e+00   4.666703e-02   1.839115e-03   1.735676e-05   10766520
  2.859920e+00   4.661461e-02   1.841423e-03   1.731742e-05   10825856
  2.866300e+00   4.657495e-02   1.842253e-03   1.727594e-05   10880090
  2.872679e+00   4.652954e-02   1.840348e-03   1.726954e-05   10918088
  2.879054e+00   4.639874e-02   1.840274e-03   1.718165e-05   10964474
  2.885431e+00   4.642382e-02   1.841464e-03   1.717657e-05   11021180
  2.891809e+00   4.630917e-02   1.840637e-03   1.713109e-05   11064248
  2.898185e+00   4.622757e-02   1.840651e-03   1.709687e-05   11114234
  2.904565e+00   4.620651e-02   1.842174e-03   1.703914e-05   11172872
  2.910943e+00   4.610142e-02   1.840078e-03   1.700311e-05   11206880
  2.917314e+00   4.612223e-02   1.838484e-03   1.700576e-05   11248130
  2.923689e+00   4.604894e-02   1.841523e-03   1.697958e-05   11316140
  2.930066e+00   4.599846e-02   1.840085e-03   1.695944e-05   11355554
  2.936443e+00   4.593276e-02   1.841835e-03   1.691238e-05   11417840
  2.942822e+00   4.592868e-02   1.840319e-03   1.690212e-05   11456528
  2.949199e+00   4.582707e-02   1.841526e-03   1.685735e-05   11512874
  2.955576e+00   4.583759e-02   1.840486e-03   1.685670e-05   11557272
  2.961950e+00   4.571715e-02   1.839582e-03   1.678435e-05   11600360
  2.968326e+00   4.572259e-02   1.841593e-03   1.679619e-05   11663678
  2.974703e+00   4.558065e-02   1.840371e-03   1.671795e-05   11705552
  2.981079e+00   4.560053e-02   1.840912e-03   1.671025e-05   11758658
  2.987457e+00   4.558495e-02   1.841605e-03   1.670635e-05   11815208
  2.993836e+00   4.548199e-02   1.841556e-03   1.665165e-05   11864000
  3.000212e+00   4.542897e-02   1.839938e-03   1.662209e-05   11904962
  3.006589e+00   4.538241e-02   1.840973e-03   1.660200e-05   11963696
  3.012966e+00   4.530381e-02   1.840866e-03   1.655595e-05   12011132
  3.019341e+00   4.528778e-02   1.840389e-03   1.655471e-05   12059450
  3.025718e+00   4.523778e-02   1.841438e-03   1.650656e-05   12118280
  3.032095e+00   4.513342e-02   1.840188e-03   1.647870e-05   12160562
  3.038470e+00   4.511922e-02   1.840247e-03   1.647032e-05   12212768
  3.044846e+00   4.510966e-02   1.841220e-03   1.645851e-05   12269504
  3.051223e+00   4.505480e-02   1.840948e-03   1.643131e-05   12319370
  3.057600e+00   4.502544e-02   1.840852e-03   1.642034e-05   12370140
  3.063975e+00   4.494964e-02   1.840437e-03   1.636852e-05   12417752
  3.070352e+00   4.494632e-02   1.841133e-03   1.637419e-05   12476882
  3.076731e+00   4.485570e-02   1.841502e-03   1.633422e-05   12530816
  3.083108e+00   4.482366e-02   1.840958e-03   1.630064e-05   12577658
  3.089485e+00   4.480614e-02   1.840591e-03   1.631564e-05   12629288
  3.095862e+00   4.472430e-02   1.841067e-03   1.626008e-05   12683828
  3.102237e+00   4.466604e-02   1.839537e-03   1.624605e-05   12725354
  3.108612e+00   4.464475e-02   1.841269e-03   1.623248e-05   12790616
  3.114989e+00   4.455171e-02   1.840010e-03   1.618229e-05   12833768
  3.121365e+00   4.454548e-02   1.841117e-03   1.618088e-05   12894194
  3.127743e+00   4.449063e-02   1.841676e-03   1.615614e-05   12950240
  3.134122e+00   4.439266e-02   1.840849e-03   1.610046e-05   12998714
  3.140498e+00   4.442745e-02   1.840244e-03   1.613333e-05   13048100
  3.146876e+00   4.435454e-02   1.841732e-03   1.608606e-05   13109120
  3.153254e+00   4.430087e-02   1.841032e-03   1.605803e-05   13158506
  3.159627e+00   4.426153e-02   1.838302e-03   1.607395e-05   13193040
  3.166002e+00   4.416746e-02   1.841969e-03   1.601070e-05   13271072
  3.172380e+00   4.415710e-02   1.840294e-03   1.600996e-05   13314242
  3.178754e+00   4.414169e-02   1.839703e-03   1.600645e-05   13363808
  3.185133e+00   4.406017e-02   1.842485e-03   1.597640e-05   13436822
  3.191512e+00   4.405665e-02   1.840487e-03   1.598331e-05   13476080
  3.197887e+00   4.398750e-02   1.840204e-03   1.593663e-05   13527296
  3.204264e+00   4.396124e-02   1.841161e-03   1.591435e-05   13589498
  3.210638e+00   4.391759e-02   1.838626e-03   1.590327e-05   13623704
  3.217016e+00   4.383760e-02   1.844054e-03   1.586966e-05   13717280
  3.223396e+00   4.384122e-02   1.839294e-03   1.590054e-05   13737914
  3.229770e+00   4.379221e-02   1.840743e-03   1.585837e-05   13801772
  3.236147e+00   4.374064e-02   1.841678e-03   1.585212e-05   13864298
  3.242524e+00   4.376693e-02   1.839451e-03   1.585303e-05   13904216
  3.248899e+00   4.367692e-02   1.840700e-03   1.581188e-05   13966064
  3.255276e+00   4.364636e-02   1.841492e-03   1.580071e-05   14027042
  3.261651e+00   4.360961e-02   1.838676e-03   1.580735e-05   14061048
  3.268027e+00   4.355430e-02   1.842396e-03   1.577687e-05   14143820
  3.274405e+00   4.355740e-02   1.840137e-03   1.580516e-05   14182442
  3.280782e+00   4.345193e-02   1.841285e-03   1.573473e-05   14245568
  3.287160e+00   4.340263e-02   1.841226e-03   1.572000e-05   14301338
  3.293537e+00   4.341819e-02   1.840394e-03   1.573891e-05   14350064
  3.299913e+00   4.333241e-02   1.841485e-03   1.569113e-05   14412488
  3.306292e+00   4.329426e-02   1.841397e-03   1.567489e-05   14470250
  3.312668e+00   4.326304e-02   1.839514e-03   1.569245e-05   14509484
  3.319039e+00   4.318127e-02   1.839618e-03   1.564180e-05   14564474
  3.325416e+00   4.323698e-02   1.842538e-03   1.568137e-05   14646632
  3.331795e+00   4.316863e-02   1.839978e-03   1.566040e-05   14681792
  3.338171e+00   4.310511e-02   1.841401e-03   1.562225e-05   14749946
  3.344548e+00   4.307661e-02   1.840482e-03   1.562738e-05   14799968
  3.350923e+00   4.300741e-02   1.839748e-03   1.561178e-05   14848808
  3.357300e+00   4.303628e-02   1.842276e-03   1.564117e-05   14925638
  3.363678e+00   4.296869e-02   1.840046e-03   1.561985e-05   14963016
  3.370053e+00   4.290925e-02   1.841263e-03   1.560745e-05   15031106
  3.376432e+00   4.289473e-02   1.841574e-03   1.559695e-05   15092384
  3.382808e+00   4.282525e-02   1.839899e-03   1.558172e-05   15132248
  3.389183e+00   4.281336e-02   1.841248e-03   1.556896e-05   15202322
  3.395560e+00   4.277192e-02   1.839985e-03   1.555474e-05   15250832
  3.401936e+00   4.272648e-02   1.841279e-03   1.555918e-05   15315692
  3.408315e+00   4.272257e-02   1.842099e-03   1.556852e-05   15382346
  3.414692e+00   4.263268e-02   1.839166e-03   1.553754e-05   15416024
  3.421065e+00   4.261406e-02   1.840590e-03   1.555593e-05   15483602
  3.427446e+00   4.263923e-02   1.843566e-03   1.556409e-05   15568424
  3.433825e+00   4.251013e-02   1.839187e-03   1.554084e-05   15589280
  3.440198e+00   4.253680e-02   1.839744e-03   1.556497e-05   15652502
  3.446575e+00   4.249590e-02   1.841959e-03   1.555320e-05   15728960
  3.452954e+00   4.244574e-02   1.840551e-03   1.553866e-05   15773168
  3.459328e+00   4.239690e-02   1.839940e-03   1.554102e-05   15828290
  3.465704e+00   4.237832e-02   1.840910e-03   1.553562e-05   15893184
  3.472081e+00   4.226864e-02   1.841157e-03   1.548936e-05   15954194
  3.478457e+00   4.228487e-02   1.839872e-03   1.556444e-05   16006016
  3.484831e+00   4.224313e-02   1.839639e-03   1.553789e-05   16058684
  3.491208e+00   4.216944e-02   1.842456e-03   1.550476e-05   16141898
  3.497590e+00   4.217010e-02   1.841864e-03   1.553394e-05   16197872
  3.503966e+00   4.206004e-02   1.839313e-03   1.549067e-05   16231640
  3.510341e+00   4.208895e-02   1.841313e-03   1.555011e-05   16310090
  3.516721e+00   4.210740e-02   1.841945e-03   1.556474e-05   16375136
  3.523097e+00   4.195996e-02   1.839457e-03   1.551616e-05   16412522
  3.529473e+00   4.196755e-02   1.841163e-03   1.554248e-05   16488308
  3.535850e+00   4.193823e-02   1.840616e-03   1.556354e-05   16539968
  3.542225e+00   4.189628e-02   1.839938e-03   1.557876e-05   16595714
  3.548602e+00   4.185075e-02   1.841625e-03   1.555791e-05   16671224
  3.554979e+00   4.175580e-02   1.840210e-03   1.554158e-05   16714064
  3.561354e+00   4.177792e-02   1.840955e-03   1.558269e-05   16783202
  3.567731e+00   4.172030e-02   1.840815e-03   1.556532e-05   16842504
  3.574108e+00   4.163778e-02   1.841084e-03   1.556925e-05   16904894
  3.580486e+00   4.164962e-02   1.841127e-03   1.559969e-05   16968656
  3.586865e+00   4.154057e-02   1.841521e-03   1.557186e-05   17030288
  3.593238e+00   4.157357e-02   1.838444e-03   1.563657e-05   17061482
  3.599615e+00   4.148586e-02   1.842988e-03   1.557926e-05   17164976
  3.605993e+00   4.142445e-02   1.840068e-03   1.562459e-05   17197184
  3.612368e+00   4.141958e-02   1.840756e-03   1.565280e-05   17267102
  3.618746e+00   4.132031e-02   1.841072e-03   1.563028e-05   17329928
  3.625121e+00   4.125871e-02   1.839901e-03   1.563422e-05   17378906
  3.631497e+00   4.129820e-02   1.841182e-03   1.569479e-05   17454776
  3.637873e+00   4.115483e-02   1.839972e-03   1.566052e-05   17501720
  3.644249e+00   4.117453e-02   1.842109e-03   1.570290e-05   17584826
  3.650631e+00   4.114146e-02   1.841819e-03   1.572994e-05   17646008
  3.657008e+00   4.102184e-02   1.840059e-03   1.570308e-05   17686412
  3.663381e+00   4.104111e-02   1.840228e-03   1.576570e-05   17751266
  3.669756e+00   4.098649e-02   1.840035e-03   1.577421e-05   17812848
  3.676130e+00   4.088875e-02   1.840074e-03   1.577134e-05   17874866
  3.682507e+00   4.090901e-02   1.841337e-03   1.584626e-05   17951720
  3.688886e+00   4.080802e-02   1.841134e-03   1.582797e-05   18009344
  3.695262e+00   4.074348e-02   1.840349e-03   1.582412e-05   18064730
  3.701640e+00   4.072393e-02   1.841339e-03   1.587422e-05   18137372
  3.708017e+00   4.062569e-02   1.840603e-03   1.587367e-05   18189632
  3.714392e+00   4.059999e-02   1.840457e-03   1.590576e-05   18254330
  3.720770e+00   4.058829e-02   1.841473e-03   1.595822e-05   18325808
  3.727148e+00   4.046126e-02   1.840737e-03   1.596787e-05   18379610
  3.733524e+00   4.050521e-02   1.840702e-03   1.603625e-05   18445760
  3.739901e+00   4.037391e-02   1.840479e-03   1.600127e-05   18504440
  3.746277e+00   4.038610e-02   1.840875e-03   1.610414e-05   18572198
  3.752657e+00   4.032499e-02   1.841895e-03   1.612015e-05   18647480
  3.759032e+00   4.021732e-02   1.838946e-03   1.612525e-05   18678152
  3.765406e+00   4.023342e-02   1.841061e-03   1.618090e-05   18764186
  3.771782e+00   3.977787e-02   1.840849e-03   1.596996e-05   18794103
  3.778158e+00   3.893869e-02   1.840297e-03   1.549822e-05   18760748
  3.784533e+00   3.808465e-02   1.840231e-03   1.504850e-05   18727940
  3.790912e+00   3.725232e-02   1.842073e-03   1.457206e-05   18712436
  3.797287e+00   3.646294e-02   1.838840e-03   1.418153e-05   18646616
  3.803663e+00   3.567691e-02   1.842455e-03   1.373450e-05   18651296
  3.810042e+00   3.491377e-02   1.840334e-03   1.332689e-05   18596096
  3.816418e+00   3.419650e-02   1.841121e-03   1.295660e-05   18571364
  3.822794e+00   3.348968e-02   1.839859e-03   1.258833e-05   18527096
  3.829170e+00   3.280602e-02   1.840846e-03   1.224454e-05   18501368
  3.835548e+00   3.219497e-02   1.841771e-03   1.191013e-05   18475040
  3.841927e+00   3.157120e-02   1.841481e-03   1.160006e-05   18439436
  3.848301e+00   3.095820e-02   1.838521e-03   1.129864e-05   18375752
  3.854674e+00   3.042954e-02   1.840584e-03   1.103180e-05   18361484
  3.861052e+00   2.982004e-02   1.842393e-03   1.071379e-05   18344504
  3.867430e+00   2.927396e-02   1.839817e-03   1.046746e-05   18284708
  3.873806e+00   2.877851e-02   1.841259e-03   1.021939e-05   18264048
  3.880183e+00   2.825961e-02   1.840629e-03   9.968114e-06   18220964
  3.886557e+00   2.775582e-02   1.839363e-03   9.740544e-06   18173528
  3.892935e+00   2.729538e-02   1.843046e-03   9.497874e-06   18173780
  3.899316e+00   2.682670e-02   1.841138e-03   9.296290e-06   18116660
  3.905693e+00   2.636426e-02   1.840842e-03   9.076192e-06   18078740
  3.912066e+00   2.593171e-02   1.838693e-03   8.878041e-06   18023108
  3.918439e+00   2.552355e-02   1.840734e-03   8.682983e-06   18005600
  3.924818e+00   2.511290e-02   1.842344e-03   8.495443e-06   17984552
  3.931198e+00   2.472184e-02   1.841062e-03   8.314335e-06   17934860
  3.937574e+00   2.434795e-02   1.840562e-03   8.160136e-06   17891468
  3.943950e+00   2.397818e-02   1.840945e-03   7.989705e-06   17857712
  3.950326e+00   2.362135e-02   1.840137e-03   7.832006e-06   17813108
  3.956702e+00   2.328603e-02   1.841074e-03   7.677705e-06   17784788
  3.963079e+00   2.293452e-02   1.840240e-03   7.523343e-06   17737268
  3.969455e+00   2.260458e-02   1.841773e-03   7.383215e-06   17713268
  3.975833e+00   2.228515e-02   1.840239e-03   7.254288e-06   17661912
  3.982208e+00   2.198723e-02   1.840290e-03   7.119607e-06   17622668
  3.988586e+00   2.170253e-02   1.842133e-03   7.004329e-06   17600552
  3.994964e+00   2.138912e-02   1.839951e-03   6.870269e-06   17542580
  4.001340e+00   2.110509e-02   1.840772e-03   6.757106e-06   17509112
  4.007717e+00   2.083910e-02   1.841501e-03   6.636116e-06   17475116
  4.014093e+00   2.056963e-02   1.839606e-03   6.527165e-06   17419964
  4.020469e+00   2.030355e-02   1.841433e-03   6.417689e-06   17397056
  4.026846e+00   2.003975e-02   1.840314e-03   6.306184e-06   17345336
  4.033223e+00   1.981493e-02   1.840964e-03   6.225154e-06   17310476
  4.039596e+00   1.956363e-02   1.838459e-03   6.123039e-06   17246360
  4.045972e+00   1.934637e-02   1.842582e-03   6.025882e-06   17244284
  4.052354e+00   1.910364e-02   1.842150e-03   5.939640e-06   17198240
  4.058731e+00   1.887319e-02   1.839271e-03   5.847303e-06   17130932
  4.065106e+00   1.866400e-02   1.841562e-03   5.768316e-06   17110040
  4.071484e+00   1.844440e-02   1.840722e-03   5.680941e-06   17058488
  4.077857e+00   1.825037e-02   1.839135e-03   5.604103e-06   17003664
  4.084233e+00   1.805414e-02   1.841446e-03   5.523278e-06   16983908
  4.090612e+00   1.785606e-02   1.841420e-03   5.453684e-06   16939220
  4.096989e+00   1.766663e-02   1.840515e-03   5.379685e-06   16888904
  4.103367e+00   1.748697e-02   1.841500e-03   5.315812e-06   16854920
  4.109743e+00   1.729577e-02   1.839861e-03   5.239709e-06   16795136
  4.116117e+00   1.712830e-02   1.840184e-03   5.180898e-06   16755860
  4.122495e+00   1.695528e-02   1.841913e-03   5.114583e-06   16729064
  4.128872e+00   1.677888e-02   1.840126e-03   5.050767e-06   16668260
  4.135248e+00   1.662227e-02   1.841092e-03   4.995321e-06   16631456
  4.141626e+00   1.647095e-02   1.841230e-03   4.943748e-06   16588208
  4.148001e+00   1.631811e-02   1.839635e-03   4.883575e-06   16531052
  4.154379e+00   1.615835e-02   1.842867e-03   4.824429e-06   16514456
  4.160755e+00   1.600048e-02   1.838861e-03   4.775185e-06   16432880
  4.167131e+00   1.588118e-02   1.842344e-03   4.726363e-06   16421120
  4.173510e+00   1.572326e-02   1.840051e-03   4.675768e-06   16354148
  4.179885e+00   1.558431e-02   1.841003e-03   4.628695e-06   16316184
  4.186264e+00   1.545000e-02   1.842179e-03   4.580134e-06   16283360
  4.192641e+00   1.530503e-02   1.839085e-03   4.532383e-06   16208756
  4.199016e+00   1.518332e-02   1.841765e-03   4.490365e-06   16184372
  4.205394e+00   1.505473e-02   1.840922e-03   4.442601e-06   16131116
  4.211767e+00   1.493414e-02   1.839273e-03   4.407137e-06   16070864
  4.218143e+00   1.481054e-02   1.841935e-03   4.359926e-06   16047596
  4.224522e+00   1.468873e-02   1.841132e-03   4.322549e-06   15993464
  4.230898e+00   1.459089e-02   1.839789e-03   4.290577e-06   15936116
  4.237274e+00   1.446803e-02   1.841227e-03   4.253008e-06   15899564
  4.243650e+00   1.435474e-02   1.840412e-03   4.219157e-06   15843188
  4.250027e+00   1.424806e-02   1.841430e-03   4.184561e-06   15806012
  4.256404e+00   1.415157e-02   1.840029e-03   4.152048e-06   15746972
  4.262780e+00   1.403169e-02   1.841029e-03   4.113276e-06   15706280
  4.269158e+00   1.394139e-02   1.841316e-03   4.085520e-06   15660560
  4.275534e+00   1.384124e-02   1.839976e-03   4.055662e-06   15601664
  4.281910e+00   1.373556e-02   1.840520e-03   4.020678e-06   15555936
  4.288286e+00   1.364727e-02   1.841154e-03   3.993636e-06   15511664
  4.294665e+00   1.356333e-02   1.841118e-03   3.969629e-06   15463688
  4.301042e+00   1.346173e-02   1.840371e-03   3.941044e-06   15406784
  4.307419e+00   1.338321e-02   1.841443e-03   3.919479e-06   15364076
  4.313795e+00   1.329032e-02   1.839853e-03   3.886260e-06   15302144
  4.320171e+00   1.320143e-02   1.841222e-03   3.861572e-06   15264716
  4.326549e+00   1.312066e-02   1.841061e-03   3.839903e-06   15212204
  4.332926e+00   1.304123e-02   1.840328e-03   3.819198e-06   15154664
  4.339301e+00   1.295392e-02   1.840391e-03   3.794639e-06   15104684
  4.345675e+00   1.288188e-02   1.839587e-03   3.771082e-06   15046256
  4.352051e+00   1.280387e-02   1.841370e-03   3.749451e-06   15009272
  4.358428e+00   1.273176e-02   1.840387e-03   3.734263e-06   14951624
  4.364807e+00   1.265642e-02   1.842302e-03   3.712881e-06   14915300
  4.371187e+00   1.258515e-02   1.840481e-03   3.692268e-06   14847140
  4.377560e+00   1.251765e-02   1.839457e-03   3.677045e-06   14786624
  4.383935e+00   1.244100e-02   1.840794e-03   3.654787e-06   14745252
  4.390313e+00   1.237788e-02   1.841504e-03   3.639404e-06   14697932
  4.396692e+00   1.230930e-02   1.841471e-03   3.621142e-06   14644448
  4.403070e+00   1.225130e-02   1.840856e-03   3.606770e-06   14586896
  4.409445e+00   1.219488e-02   1.839917e-03   3.594140e-06   14525000
  4.415820e+00   1.212714e-02   1.841355e-03   3.577302e-06   14482088
  4.422197e+00   1.206268e-02   1.840486e-03   3.564331e-06   14423696
  4.428574e+00   1.201374e-02   1.840927e-03   3.554353e-06   14373848
  4.434951e+00   1.194651e-02   1.841026e-03   3.535289e-06   14319188
  4.441328e+00   1.189491e-02   1.840720e-03   3.523173e-06   14262248
  4.447704e+00   1.183740e-02   1.840293e-03   3.513393e-06   14204780
  4.454079e+00   1.177665e-02   1.840780e-03   3.498326e-06   14153240
  4.460456e+00   1.173936e-02   1.840870e-03   3.493097e-06   14099048
  4.466833e+00   1.168169e-02   1.841305e-03   3.480376e-06   14048288
  4.473210e+00   1.162372e-02   1.840220e-03   3.469714e-06   13983860
  4.479586e+00   1.158411e-02   1.841413e-03   3.462055e-06   13935800
  4.485962e+00   1.153263e-02   1.839813e-03   3.452451e-06   13868784
  4.492338e+00   1.147658e-02   1.841245e-03   3.440851e-06   13824536
  4.498718e+00   1.143723e-02   1.842226e-03   3.433085e-06   13774364
  4.505095e+00   1.137918e-02   1.840286e-03   3.424578e-06   13702856
  4.511470e+00   1.134785e-02   1.840225e-03   3.420461e-06   13646648
  4.517844e+00   1.131337e-02   1.840082e-03   3.419201e-06   13588364
  4.524220e+00   1.125051e-02   1.841200e-03   3.406366e-06   13539920
  4.530597e+00   1.121365e-02   1.840383e-03   3.398038e-06   13478432
  4.536974e+00   1.117486e-02   1.840898e-03   3.392712e-06   13424264
  4.543353e+00   1.113705e-02   1.841656e-03   3.390791e-06   13370000
  4.549730e+00   1.110446e-02   1.840597e-03   3.390778e-06   13304432
  4.556105e+00   1.106612e-02   1.839697e-03   3.386650e-06   13241228
  4.562479e+00   1.102226e-02   1.840265e-03   3.379682e-06   13186508
  4.568858e+00   1.099327e-02   1.842616e-03   3.377173e-06   13144544
  4.575236e+00   1.094968e-02   1.839577e-03   3.371223e-06   13065032
  4.581610e+00   1.092088e-02   1.840140e-03   3.375334e-06   13008512
  4.587987e+00   1.088965e-02   1.841456e-03   3.366736e-06   12957360
  4.594365e+00   1.085781e-02   1.841180e-03   3.366409e-06   12897728
  4.600740e+00   1.082483e-02   1.838906e-03   3.370217e-06   12822884
  4.607118e+00   1.079413e-02   1.843186e-03   3.363030e-06   12790772
  4.613497e+00   1.076536e-02   1.839965e-03   3.367812e-06   12707960
  4.619871e+00   1.073469e-02   1.840055e-03   3.367692e-06   12650024
  4.626249e+00   1.070693e-02   1.841592e-03   3.367000e-06   12599360
  4.632627e+00   1.067724e-02   1.841060e-03   3.366977e-06   12533984
  4.639003e+00   1.064624e-02   1.840024e-03   3.368825e-06   12467036
  4.645379e+00   1.062744e-02   1.841105e-03   3.371494e-06   12412124
  4.651756e+00   1.059611e-02   1.840677e-03   3.368989e-06   12345776
  4.658131e+00   1.057405e-02   1.840856e-03   3.373303e-06   12286760
  4.664508e+00   1.053695e-02   1.840642e-03   3.372140e-06   12225452
  4.670885e+00   1.051755e-02   1.840694e-03   3.378813e-06   12162584
  4.677263e+00   1.049575e-02   1.841648e-03   3.378759e-06   12105824
  4.683640e+00   1.048328e-02   1.840444e-03   3.390264e-06   12036248
  4.690015e+00   1.044939e-02   1.840000e-03   3.387388e-06   11969736
  4.696391e+00   1.043886e-02   1.841517e-03   3.396593e-06   11916224
  4.702769e+00   1.040611e-02   1.840685e-03   3.399709e-06   11849312
  4.709145e+00   1.039305e-02   1.840274e-03   3.406132e-06   11783300
  4.715522e+00   1.037914e-02   1.841310e-03   3.410607e-06   11724800
  4.721898e+00   1.035427e-02   1.840639e-03   3.417567e-06   11657372
  4.728275e+00   1.033505e-02   1.840697e-03   3.423231e-06   11595320
  4.734652e+00   1.031420e-02   1.840360e-03   3.430647e-06   11527928
  4.741029e+00   1.030352e-02   1.841428e-03   3.437553e-06   11469008
  4.747404e+00   1.028268e-02   1.839492e-03   3.445430e-06   11392904
  4.753780e+00   1.027055e-02   1.841657e-03   3.452928e-06   11340476
  4.760155e+00   1.025278e-02   1.839780e-03   3.459536e-06   11263520
  4.766534e+00   1.023993e-02   1.842729e-03   3.466602e-06   11218472
  4.772911e+00   1.021351e-02   1.838731e-03   3.475799e-06   11129336
  4.779288e+00   1.020306e-02   1.842467e-03   3.481724e-06   11083964
  4.785665e+00   1.019663e-02   1.839931e-03   3.498933e-06   11001992
  4.792039e+00   1.018008e-02   1.840072e-03   3.502556e-06   10938228
  4.798414e+00   1.016258e-02   1.840560e-03   3.516296e-06   10874336
  4.804792e+00   1.015357e-02   1.841863e-03   3.526226e-06   10814828
  4.811169e+00   1.014877e-02   1.839739e-03   3.542799e-06   10736984
  4.817544e+00   1.013541e-02   1.840541e-03   3.551679e-06   10673948
  4.823923e+00   1.012633e-02   1.842721e-03   3.564661e-06   10617704
  4.830301e+00   1.010677e-02   1.840081e-03   3.574400e-06   10536416
  4.836675e+00   1.008756e-02   1.839468e-03   3.581532e-06   10466324
  4.843052e+00   1.009294e-02   1.842362e-03   3.600894e-06   10412984
  4.849431e+00   1.008920e-02   1.840724e-03   3.619710e-06   10334840
  4.855806e+00   1.006936e-02   1.840268e-03   3.629430e-06   10265528
  4.862183e+00   1.006385e-02   1.840956e-03   3.641339e-06   10200692
  4.868561e+00   1.005776e-02   1.841614e-03   3.656277e-06   10135292
  4.874938e+00   1.003699e-02   1.839941e-03   3.667278e-06   10058816
  4.881314e+00   1.003566e-02   1.840525e-03   3.684137e-06   9991772
  4.887691e+00   1.003103e-02   1.841575e-03   3.699768e-06   9925880
  4.894065e+00   1.001600e-02   1.838924e-03   3.716608e-06   9843288
  4.900441e+00   1.001016e-02   1.842306e-03   3.728645e-06   9792968
  4.906821e+00   1.001189e-02   1.840795e-03   3.751878e-06   9713612
  4.913196e+00   1.000609e-02   1.840365e-03   3.769986e-06   9640628
  4.919573e+00   9.993051e-03   1.840900e-03   3.780211e-06   9574256
  4.925949e+00   9.989460e-03   1.840276e-03   3.807392e-06   9499064
  4.932325e+00   9.990099e-03   1.841227e-03   3.823143e-06   9432296
  4.938702e+00   9.977522e-03   1.841040e-03   3.839593e-06   9362204
  4.945079e+00   9.967584e-03   1.840104e-03   3.855952e-06   9286052
  4.951457e+00   9.968212e-03   1.842090e-03   3.882071e-06   9222320
  4.957835e+00   9.962004e-03   1.841090e-03   3.897264e-06   9145976
  4.964211e+00   9.952212e-03   1.839895e-03   3.918229e-06   9070268
  4.970586e+00   9.953925e-03   1.840297e-03   3.942588e-06   8999720
  4.976964e+00   9.951811e-03   1.841617e-03   3.958816e-06   8932664
  4.983339e+00   9.924406e-03   1.838848e-03   3.971974e-06   8847344
  4.989712e+00   9.921259e-03   1.840809e-03   3.994366e-06   8782688
  4.996090e+00   9.928404e-03   1.841883e-03   4.021879e-06   8713440
  5.002468e+00   9.925865e-03   1.841131e-03   4.051377e-06   8638616
  5.008845e+00   9.911104e-03   1.839945e-03   4.066183e-06   8560856
  5.015220e+00   9.911285e-03   1.840402e-03   4.080742e-06   8487620
  5.021598e+00   9.909560e-03   1.842484e-03   4.117325e-06   8422796
  5.027976e+00   9.895919e-03   1.839559e-03   4.137412e-06   8336348
  5.034350e+00   9.887056e-03   1.840420e-03   4.159448e-06   8265176
  5.040727e+00   9.898157e-03   1.841761e-03   4.194091e-06   8196176
  5.047104e+00   9.869815e-03   1.839932e-03   4.200465e-06   8114636
  5.053478e+00   9.865758e-03   1.839889e-03   4.232638e-06   8038724
  5.059856e+00   9.868632e-03   1.842986e-03   4.260810e-06   7975460
  5.066235e+00   9.853524e-03   1.840210e-03   4.283149e-06   7889792
  5.072611e+00   9.834537e-03   1.840188e-03   4.304227e-06   7815728
  5.078987e+00   9.845338e-03   1.840544e-03   4.334118e-06   7739288
  5.085364e+00   9.832070e-03   1.841840e-03   4.364649e-06   7667432
  5.091741e+00   9.808296e-03   1.839798e-03   4.386289e-06   7583684
  5.098113e+00   9.808462e-03   1.839459e-03   4.415354e-06   7505172
  5.104490e+00   9.796905e-03   1.842916e-03   4.439277e-06   7442636
  5.110871e+00   9.779558e-03   1.841224e-03   4.463413e-06   7360676
  5.117246e+00   9.763066e-03   1.838532e-03   4.484074e-06   7272728
  5.123622e+00   9.772554e-03   1.842521e-03   4.516781e-06   7209140
  5.130001e+00   9.748527e-03   1.840984e-03   4.545962e-06   7125632
  5.136377e+00   9.724842e-03   1.840289e-03   4.558018e-06   7046924
  5.142753e+00   9.717414e-03   1.840046e-03   4.605463e-06   6966968
  5.149129e+00   9.703046e-03   1.841514e-03   4.629705e-06   6893408
  5.155505e+00   9.683437e-03   1.840118e-03   4.649204e-06   6811004
  5.161881e+00   9.655774e-03   1.840529e-03   4.672076e-06   6732944
  5.168258e+00   9.644619e-03   1.841885e-03   4.698725e-06   6658628
  5.174637e+00   9.616211e-03   1.841220e-03   4.729423e-06   6578804
  5.181014e+00   9.584414e-03   1.839505e-03   4.750750e-06   6493628
  5.187389e+00   9.582729e-03   1.841020e-03   4.781603e-06   6417476
  5.193767e+00   9.549869e-03   1.842303e-03   4.791297e-06   6341156
  5.200142e+00   9.498618e-03   1.838905e-03   4.815027e-06   6251676
  5.206515e+00   9.476725e-03   1.840100e-03   4.843095e-06   6176072
  5.212894e+00   9.455723e-03   1.842591e-03   4.863804e-06   6103028
  5.219273e+00   9.407305e-03   1.840028e-03   4.884581e-06   6015356
  5.225646e+00   9.362900e-03   1.838527e-03   4.887913e-06   5928908
  5.232022e+00   9.354670e-03   1.843529e-03   4.926123e-06   5861504
  5.238402e+00   9.284243e-03   1.840564e-03   4.928580e-06   5772440
  5.244776e+00   9.224828e-03   1.839302e-03   4.928020e-06   5688596
  5.251152e+00   9.217497e-03   1.841421e-03   4.976776e-06   5611412
  5.257531e+00   9.137813e-03   1.842425e-03   4.961188e-06   5532224
  5.263907e+00   9.087696e-03   1.838741e-03   4.964185e-06   5440748
  5.270281e+00   9.033847e-03   1.841068e-03   4.978345e-06   5364572
  5.276660e+00   8.969957e-03   1.842167e-03   4.964702e-06   5285204
  5.283039e+00   8.871870e-03   1.840147e-03   4.931622e-06   5197796
  5.289414e+00   8.821952e-03   1.840074e-03   4.948374e-06   5113244
  5.295789e+00   8.762772e-03   1.841509e-03   4.939592e-06   5032664
  5.302162e+00   8.664099e-03   1.838866e-03   4.905977e-06   4943484
  5.308538e+00   8.571822e-03   1.842083e-03   4.873711e-06   4869920
  5.314919e+00   8.478972e-03   1.840875e-03   4.831147e-06   4782608
  5.321298e+00   8.381092e-03   1.842000e-03   4.772317e-06   4700756
  5.327675e+00   8.276803e-03   1.839332e-03   4.718315e-06   4608920
  5.334047e+00   8.167656e-03   1.840509e-03   4.652165e-06   4528829
  5.340423e+00   8.072352e-03   1.840790e-03   4.597328e-06   4453172
  5.346801e+00   8.014292e-03   1.841398e-03   4.567498e-06   4381652
  5.353179e+00   7.942179e-03   1.840856e-03   4.532183e-06   4309628
  5.359558e+00   7.869407e-03   1.841542e-03   4.487668e-06   4242188
  5.365934e+00   7.814399e-03   1.840185e-03   4.472452e-06   4171796
  5.372309e+00   7.753856e-03   1.840332e-03   4.448331e-06   4107506
  5.378687e+00   7.713962e-03   1.841030e-03   4.437163e-06   4045694
  5.385067e+00   7.648621e-03   1.841878e-03   4.401790e-06   3984530
  5.391443e+00   7.601662e-03   1.839184e-03   4.388814e-06   3916622
  5.397815e+00   7.558681e-03   1.840413e-03   4.389091e-06   3858626
  5.404188e+00   7.518108e-03   1.839752e-03   4.375270e-06   3798918
  5.410566e+00   7.481401e-03   1.842453e-03   4.376342e-06   3747464
  5.416947e+00   7.448419e-03   1.840720e-03   4.356745e-06   3687278
  5.423327e+00   7.416089e-03   1.841755e-03   4.364708e-06   3632618
  5.429702e+00   7.381562e-03   1.839341e-03   4.356811e-06   3571766
  5.436076e+00   7.347153e-03   1.841405e-03   4.350045e-06   3521264
  5.442452e+00   7.319611e-03   1.840602e-03   4.354358e-06   3466964
  5.448828e+00   7.292613e-03   1.840149e-03   4.351722e-06   3414320
  5.455204e+00   7.279508e-03   1.840343e-03   4.362481e-06   3362948
  5.461581e+00   7.250852e-03   1.841385e-03   4.373725e-06   3313130
  5.467960e+00   7.223532e-03   1.841559e-03   4.361889e-06   3262766
  5.474335e+00   7.188923e-03   1.839552e-03   4.362866e-06   3210122
  5.480711e+00   7.174362e-03   1.841068e-03   4.368581e-06   3164282
  5.487089e+00   7.144320e-03   1.840871e-03   4.382584e-06   3115358
  5.493467e+00   7.143188e-03   1.841892e-03   4.396837e-06   3068642
  5.499842e+00   7.116411e-03   1.839367e-03   4.403356e-06   3017270
  5.506214e+00   7.106146e-03   1.840421e-03   4.422956e-06   2973396
  5.512592e+00   7.087979e-03   1.841795e-03   4.430942e-06   2930882
  5.518975e+00   7.084054e-03   1.842009e-03   4.450524e-06   2886296
  5.525354e+00   7.054484e-03   1.840110e-03   4.453309e-06   2838068
  5.531729e+00   7.045513e-03   1.840402e-03   4.473191e-06   2793680
  5.538103e+00   7.035372e-03   1.841057e-03   4.492714e-06   2750948
  5.544478e+00   7.031069e-03   1.840332e-03   4.520294e-06   2707712
  5.550852e+00   7.023522e-03   1.839444e-03   4.534270e-06   2665124
  5.557230e+00   7.010048e-03   1.841751e-03   4.550469e-06   2626712
  5.563610e+00   7.000007e-03   1.840829e-03   4.573653e-06   2583542
  5.569988e+00   7.012027e-03   1.841328e-03   4.611293e-06   2543108
  5.576363e+00   7.003819e-03   1.839426e-03   4.648177e-06   2500538
  5.582739e+00   6.989351e-03   1.841521e-03   4.645088e-06   2464052
  5.589119e+00   6.987670e-03   1.841364e-03   4.685564e-06   2424194
  5.595493e+00   6.981016e-03   1.839158e-03   4.706290e-06   2381732
  5.601866e+00   6.984564e-03   1.841683e-03   4.730146e-06   2346386
  5.608241e+00   6.976087e-03   1.839649e-03   4.765554e-06   2306598
  5.614618e+00   6.979209e-03   1.842029e-03   4.797175e-06   2273186
  5.621000e+00   6.968345e-03   1.840989e-03   4.821687e-06   2235188
  5.627378e+00   6.987205e-03   1.839949e-03   4.860700e-06   2196638
  5.633754e+00   6.986590e-03   1.841588e-03   4.906757e-06   2161706
  5.640129e+00   6.992393e-03   1.840261e-03   4.948853e-06   2124422
  5.646501e+00   6.996074e-03   1.838999e-03   4.986665e-06   2088578
  5.652879e+00   7.016627e-03   1.842650e-03   5.016290e-06   2058512
  5.659259e+00   7.001940e-03   1.839498e-03   5.052717e-06   2020202
  5.665635e+00   7.023442e-03   1.841528e-03   5.110502e-06   1987670
  5.672010e+00   7.021193e-03   1.840033e-03   5.140549e-06   1952114
  5.678381e+00   7.024389e-03   1.839290e-03   5.192921e-06   1918694
  5.684760e+00   7.034045e-03   1.843391e-03   5.230040e-06   1890932
  5.691143e+00   7.051212e-03   1.840482e-03   5.285517e-06   1855382
  5.697520e+00   7.066136e-03   1.841151e-03   5.342072e-06   1823276
  5.703897e+00   7.096113e-03   1.841467e-03   5.414426e-06   1791446
  5.710267e+00   7.096160e-03   1.837484e-03   5.448833e-06   1756566
  5.716642e+00   7.097419e-03   1.843486e-03   5.483766e-06   1732292
  5.723026e+00   7.109995e-03   1.841021e-03   5.542323e-06   1699718
  5.729405e+00   7.133897e-03   1.840666e-03   5.609255e-06   1668524
  5.735782e+00   7.148632e-03   1.841307e-03   5.669569e-06   1638656
  5.742152e+00   7.162309e-03   1.837941e-03   5.728615e-06   1606154
  5.748524e+00   7.178505e-03   1.841528e-03   5.787346e-06   1580984
  5.754907e+00   7.190248e-03   1.842158e-03   5.848778e-06   1553372
  5.761287e+00   7.211572e-03   1.839903e-03   5.931208e-06   1522502
  5.767663e+00   7.214579e-03   1.841211e-03   5.963304e-06   1494788
  5.774035e+00   7.248606e-03   1.839049e-03   6.067040e-06   1464992
  5.780407e+00   7.289079e-03   1.840885e-03   6.128695e-06   1439564
  5.786788e+00   7.282792e-03   1.842803e-03   6.189491e-06   1414766
  5.793173e+00   7.312625e-03   1.841316e-03   6.277621e-06   1386620
  5.799549e+00   7.329552e-03   1.839295e-03   6.340933e-06   1358024
  5.805920e+00   7.349018e-03   1.840494e-03   6.409583e-06   1332236
  5.812287e+00   7.378982e-03   1.837583e-03   6.517095e-06   1304568
  5.818666e+00   7.401621e-03   1.844995e-03   6.569113e-06   1285316
  5.825053e+00   7.429154e-03   1.840679e-03   6.686132e-06   1257272
  5.831429e+00   7.434391e-03   1.839591e-03   6.746167e-06   1231028
  5.837804e+00   7.480943e-03   1.841474e-03   6.866521e-06   1207136
  5.844175e+00   7.512095e-03   1.839197e-03   6.941936e-06   1181180
  5.850547e+00   7.527454e-03   1.841135e-03   7.039669e-06   1159352
  5.856931e+00   7.561881e-03   1.842986e-03   7.127104e-06   1137476
  5.863312e+00   7.591267e-03   1.839166e-03   7.227259e-06   1111280
  5.869686e+00   7.614800e-03   1.840689e-03   7.342392e-06   1088468
  5.876057e+00   7.651074e-03   1.840140e-03   7.447802e-06   1065008
  5.882427e+00   7.684383e-03   1.839713e-03   7.557993e-06   1042934
  5.888808e+00   7.717450e-03   1.843186e-03   7.644099e-06   1023488
  5.895195e+00   7.744601e-03   1.841961e-03   7.773947e-06   1000700
  5.901573e+00   7.785866e-03   1.839831e-03   7.898191e-06   977264
  5.907943e+00   7.819517e-03   1.839220e-03   8.019094e-06   955052
  5.914306e+00   7.844355e-03   1.837596e-03   8.149884e-06   933546
  5.920685e+00   7.886434e-03   1.845011e-03   8.243473e-06   917348
  5.927075e+00   7.922350e-03   1.841622e-03   8.395065e-06   895328
  5.933456e+00   7.958795e-03   1.840197e-03   8.520926e-06   873878
  5.939831e+00   7.990399e-03   1.841204e-03   8.686081e-06   853664
  5.946198e+00   8.024738e-03   1.838301e-03   8.808053e-06   832604
  5.952570e+00   8.069981e-03   1.841647e-03   8.966110e-06   815546
  5.958955e+00   8.108704e-03   1.841795e-03   9.093595e-06   797012
  5.965336e+00   8.131254e-03   1.838979e-03   9.231913e-06   776576
  5.971714e+00   8.188382e-03   1.842719e-03   9.434239e-06   758726
  5.978085e+00   8.248820e-03   1.838577e-03   9.582966e-06   738296
  5.984452e+00   8.296035e-03   1.839422e-03   9.809133e-06   721172
  5.990833e+00   8.322964e-03   1.842852e-03   9.934017e-06   705434
  5.997222e+00   8.385922e-03   1.841204e-03   1.016054e-05   687092
  6.003603e+00   8.428582e-03   1.841572e-03   1.033593e-05   669098
  6.009974e+00   8.448588e-03   1.839142e-03   1.050353e-05   650516
  6.016332e+00   8.512213e-03   1.836042e-03   1.069553e-05   632898
  6.022707e+00   8.527111e-03   1.844938e-03   1.084980e-05   620228
  6.029100e+00   8.558995e-03   1.842281e-03   1.102301e-05   603206
  6.035485e+00   8.630883e-03   1.841847e-03   1.130532e-05   586328
  6.041859e+00   8.693002e-03   1.840113e-03   1.154273e-05   569222
  6.048217e+00   8.751248e-03   1.835706e-03   1.176613e-05   552266
  6.054584e+00   8.809990e-03   1.843023e-03   1.201083e-05   539996
  6.060976e+00   8.857415e-03   1.843843e-03   1.222292e-05   525722
  6.067365e+00   8.892661e-03   1.839929e-03   1.242672e-05   509372
  6.073742e+00   8.943044e-03   1.840974e-03   1.275643e-05   494282
  6.080105e+00   9.029227e-03   1.836470e-03   1.310914e-05   478340
  6.086466e+00   9.027560e-03   1.839100e-03   1.326150e-05   465554
  6.092852e+00   9.132164e-03   1.844310e-03   1.357163e-05   453734
  6.099249e+00   9.215855e-03   1.841644e-03   1.389093e-05   439184
  6.105633e+00   9.257900e-03   1.841774e-03   1.416282e-05   424910
  6.112001e+00   9.279899e-03   1.839131e-03   1.451651e-05   410366
  6.118344e+00   9.378717e-03   1.830585e-03   1.484205e-05   395856
  6.124716e+00   9.384179e-03   1.849093e-03   1.510935e-05   387998
  6.131124e+00   9.476714e-03   1.844381e-03   1.549968e-05   374642
  6.137516e+00   9.523444e-03   1.841320e-03   1.579510e-05   361118
  6.143885e+00   9.611599e-03   1.838483e-03   1.628568e-05   347792
  6.150233e+00   9.647945e-03   1.833537e-03   1.662243e-05   335054
  6.156598e+00   9.733989e-03   1.843369e-03   1.710397e-05   326162
  6.163003e+00   9.793575e-03   1.845744e-03   1.746101e-05   315686
  6.169403e+00   9.833995e-03   1.839717e-03   1.780275e-05   302960
  6.175780e+00   9.925330e-03   1.841146e-03   1.844221e-05   291278
  6.182130e+00   9.998067e-03   1.834474e-03   1.886065e-05   278966
  6.188475e+00   1.004890e-02   1.838848e-03   1.924704e-05   269786
  6.194867e+00   1.012907e-02   1.848548e-03   1.978716e-05   261710
  6.201275e+00   1.018554e-02   1.841196e-03   2.038215e-05   250472
  6.207659e+00   1.031110e-02   1.840781e-03   2.107561e-05   239846
  6.214020e+00   1.037543e-02   1.837833e-03   2.171164e-05   229250
  6.220353e+00   1.042934e-02   1.827068e-03   2.236730e-05   218958
  6.226735e+00   1.047128e-02   1.853573e-03   2.263524e-05   213722
  6.233163e+00   1.056739e-02   1.842328e-03   2.339012e-05   203414
  6.239564e+00   1.060068e-02   1.844048e-03   2.412707e-05   193940
  6.245924e+00   1.076152e-02   1.836439e-03   2.498189e-05   183650
  6.252241e+00   1.079174e-02   1.829855e-03   2.590701e-05   174638
  6.258588e+00   1.088520e-02   1.843490e-03   2.666808e-05   168842
  6.265008e+00   1.089660e-02   1.847266e-03   2.723742e-05   161846
  6.271432e+00   1.102442e-02   1.841236e-03   2.804507e-05   153146
  6.277822e+00   1.118532e-02   1.840929e-03   2.936617e-05   144686
  6.284170e+00   1.125117e-02   1.837187e-03   3.039718e-05   136418
  6.290480e+00   1.126873e-02   1.823629e-03   3.151386e-05   128822
  6.296862e+00   1.131753e-02   1.856474e-03   3.197411e-05   124862
  6.303298e+00   1.144301e-02   1.842665e-03   3.340261e-05   117026
  6.309688e+00   1.155134e-02   1.840290e-03   3.510519e-05   109718
  6.316033e+00   1.160079e-02   1.835815e-03   3.610176e-05   102650
  6.322320e+00   1.177264e-02   1.808328e-03   3.774978e-05   95622
  6.328720e+00   1.186495e-02   1.871202e-03   3.873186e-05   93650
  6.335227e+00   1.182708e-02   1.849919e-03   3.986981e-05   86606
  6.341628e+00   1.203800e-02   1.828395e-03   4.263743e-05   79190
  6.347934e+00   1.207577e-02   1.839124e-03   4.472017e-05   73490
  6.354177e+00   1.215090e-02   1.810164e-03   4.684227e-05   67598
  6.360508e+00   1.218712e-02   1.844910e-03   4.795670e-05   65186
  6.367032e+00   1.240078e-02   1.858136e-03   5.054551e-05   61262
  6.373583e+00   1.253084e-02   1.851117e-03   5.260858e-05   55874
  6.379989e+00   1.256164e-02   1.823042e-03   5.641015e-05   49430
  6.386147e+00   1.258655e-02   1.803004e-03   5.998483e-05   43934
  6.392260e+00   1.292838e-02   1.790240e-03   6.369677e-05   41138
  6.398716e+00   1.294803e-02   1.870028e-03   6.490592e-05   40070
  6.405371e+00   1.297720e-02   1.854153e-03   6.794481e-05   35882
  6.411962e+00   1.329494e-02   1.842631e-03   7.562101e-05   31622
  6.418335e+00   1.333802e-02   1.817857e-03   8.192999e-05   26750
  6.424088e+00   1.322554e-02   1.593646e-03   9.078913e-05   21330
  6.430239e+00   1.335531e-02   1.860256e-03   8.660336e-05   23246
  6.436984e+00   1.321941e-02   1.855054e-03   9.260469e-05   20186
  6.443727e+00   1.347459e-02   1.848147e-03   1.013240e-04   17312
  6.450423e+00   1.382986e-02   1.830133e-03   1.173221e-04   14474
  6.456645e+00   1.382396e-02   1.688402e-03   1.342416e-04   10478
  6.462180e+00   1.431061e-02   1.692603e-03   1.526023e-04   9062
  6.468497e+00   1.396682e-02   1.842997e-03   1.480165e-04   8762
  6.475254e+00   1.447251e-02   1.841892e-03   1.739634e-04   6926
  6.482011e+00   1.400454e-02   1.840835e-03   1.910942e-04   5306
  6.488766e+00   1.447582e-02   1.839476e-03   2.286983e-04   3902
  6.494511e+00   1.453978e-02   1.128860e-03   3.270305e-04   1928
  6.500007e+00   1.498130e-02   1.834590e-03   3.387154e-04   2042
  6.506728e+00   1.429284e-02   1.826889e-03   3.942079e-04   1214
  6.513396e+00   1.609342e-02   1.806609e-03   6.805314e-04   602
  6.519909e+00   1.376117e-02   1.730042e-03   1.097955e-03   206
  6.525711e+00   1.287318e-02   9.814069e-04   2.024752e-03   24
