# power spectrum of delta_kessence
# redshift z=9.951253
# k              Pk             sigma(k)       sigma(Pk)      count
  5.011399e-03   8.713673e-09   7.667927e-04   1.844271e-09   18
  8.760343e-03   1.171486e-07   9.274321e-04   1.563177e-08   62
  1.219264e-02   2.692021e-07   6.415737e-04   2.644892e-08   90
  1.544208e-02   5.303046e-07   1.012578e-03   3.313397e-08   170
  1.882375e-02   7.685484e-07   1.052445e-03   4.449586e-08   246
  2.212586e-02   9.077402e-07   1.003365e-03   4.620754e-08   338
  2.538461e-02   1.339188e-06   8.625369e-04   6.294528e-08   432
  2.874098e-02   1.560747e-06   8.837915e-04   6.038124e-08   578
  3.227171e-02   1.988658e-06   1.029950e-03   6.535807e-08   786
  3.588781e-02   2.138043e-06   1.042120e-03   6.556566e-08   974
  3.927835e-02   2.542031e-06   9.024764e-04   8.127272e-08   1002
  4.262088e-02   3.004650e-06   1.031890e-03   8.561180e-08   1334
  4.605629e-02   3.324110e-06   9.928413e-04   8.496849e-08   1458
  4.927148e-02   3.587976e-06   9.383900e-04   9.369326e-08   1604
  5.258888e-02   4.176925e-06   9.527568e-04   9.887416e-08   1974
  5.604245e-02   4.945536e-06   9.344901e-04   1.056846e-07   2234
  5.946160e-02   5.109546e-06   9.563349e-04   1.091051e-07   2490
  6.298673e-02   5.884872e-06   1.050190e-03   1.074998e-07   3014
  6.645970e-02   6.419145e-06   9.569094e-04   1.145525e-07   3018
  6.980659e-02   7.163886e-06   9.901480e-04   1.185852e-07   3446
  7.314650e-02   7.428866e-06   9.499151e-04   1.231724e-07   3626
  7.649254e-02   7.846783e-06   9.848619e-04   1.186530e-07   4164
  7.989286e-02   8.452921e-06   9.543971e-04   1.268408e-07   4470
  8.331432e-02   8.939306e-06   9.760154e-04   1.314115e-07   4970
  8.675810e-02   9.494570e-06   9.868635e-04   1.274519e-07   5366
  9.019370e-02   9.412021e-06   1.001451e-03   1.231747e-07   5778
  9.359169e-02   1.029870e-05   1.005504e-03   1.303576e-07   6162
  9.700871e-02   1.015848e-05   1.013488e-03   1.288809e-07   6734
  1.003455e-01   1.088357e-05   9.405356e-04   1.322160e-07   6756
  1.036446e-01   1.105280e-05   9.524971e-04   1.268153e-07   7502
  1.070531e-01   1.164386e-05   9.671949e-04   1.268381e-07   8154
  1.104660e-01   1.209230e-05   9.653722e-04   1.324020e-07   8618
  1.139171e-01   1.273297e-05   1.003323e-03   1.317929e-07   9390
  1.173547e-01   1.375790e-05   9.852535e-04   1.393129e-07   9722
  1.207545e-01   1.392285e-05   9.860810e-04   1.375637e-07   10242
  1.241631e-01   1.465637e-05   1.005600e-03   1.368291e-07   11006
  1.275555e-01   1.563838e-05   9.685920e-04   1.493734e-07   11348
  1.309504e-01   1.597899e-05   9.675094e-04   1.432158e-07   12150
  1.343269e-01   1.674021e-05   9.435547e-04   1.519285e-07   12498
  1.377313e-01   1.749204e-05   9.886530e-04   1.493090e-07   13586
  1.411459e-01   1.759445e-05   9.905633e-04   1.500581e-07   14006
  1.445833e-01   1.796890e-05   1.020453e-03   1.446230e-07   15162
  1.479823e-01   1.816958e-05   9.640349e-04   1.487420e-07   14990
  1.513532e-01   1.840269e-05   1.000250e-03   1.437688e-07   16380
  1.547534e-01   1.867915e-05   9.673831e-04   1.441151e-07   16666
  1.581272e-01   1.907728e-05   9.715542e-04   1.459298e-07   17638
  1.615246e-01   1.910820e-05   9.629562e-04   1.427007e-07   18354
  1.649122e-01   1.952118e-05   9.648100e-04   1.428693e-07   19034
  1.683224e-01   2.023141e-05   1.001264e-03   1.418463e-07   20270
  1.717777e-01   2.102393e-05   1.011461e-03   1.442634e-07   21258
  1.751873e-01   2.154695e-05   9.729108e-04   1.462116e-07   21350
  1.785755e-01   2.180485e-05   9.827640e-04   1.458500e-07   22644
  1.819721e-01   2.235033e-05   9.637913e-04   1.480848e-07   23114
  1.853591e-01   2.351617e-05   9.784818e-04   1.522757e-07   24342
  1.887709e-01   2.390590e-05   9.779824e-04   1.503229e-07   25194
  1.921706e-01   2.487092e-05   9.766706e-04   1.560580e-07   25982
  1.955383e-01   2.525439e-05   9.708990e-04   1.549064e-07   26506
  1.989580e-01   2.572898e-05   1.021831e-03   1.530521e-07   28738
  2.023656e-01   2.600573e-05   9.717245e-04   1.565177e-07   28296
  2.057704e-01   2.621753e-05   1.000845e-03   1.500428e-07   30554
  2.091688e-01   2.630277e-05   9.485901e-04   1.515613e-07   30094
  2.125221e-01   2.714156e-05   9.710923e-04   1.517626e-07   31738
  2.159356e-01   2.699903e-05   9.929033e-04   1.494064e-07   33306
  2.193286e-01   2.759581e-05   9.661337e-04   1.511700e-07   33422
  2.227194e-01   2.777377e-05   9.900859e-04   1.488539e-07   35298
  2.261624e-01   2.814207e-05   1.000185e-03   1.474121e-07   36650
  2.295712e-01   2.839959e-05   9.760902e-04   1.475390e-07   36888
  2.329819e-01   2.857991e-05   9.904086e-04   1.450744e-07   38834
  2.363985e-01   2.899849e-05   9.689353e-04   1.474214e-07   39246
  2.397896e-01   2.976550e-05   9.728047e-04   1.492039e-07   40466
  2.431611e-01   3.023808e-05   9.698523e-04   1.480186e-07   41106
  2.465616e-01   3.044731e-05   1.002402e-03   1.456495e-07   43598
  2.499729e-01   3.121361e-05   9.767696e-04   1.503332e-07   43650
  2.533537e-01   3.185024e-05   9.807939e-04   1.495754e-07   45272
  2.567753e-01   3.210744e-05   9.902728e-04   1.480914e-07   46994
  2.601932e-01   3.304860e-05   9.838031e-04   1.491783e-07   47850
  2.635891e-01   3.289162e-05   9.763755e-04   1.486821e-07   48846
  2.669651e-01   3.354179e-05   9.674364e-04   1.513608e-07   49706
  2.703341e-01   3.360805e-05   9.741070e-04   1.489105e-07   51198
  2.737406e-01   3.363015e-05   9.924828e-04   1.454788e-07   53402
  2.771371e-01   3.443285e-05   9.722520e-04   1.509812e-07   53634
  2.805624e-01   3.424289e-05   1.000830e-03   1.433876e-07   56888
  2.839916e-01   3.459944e-05   9.684451e-04   1.461359e-07   56474
  2.874008e-01   3.493108e-05   9.892805e-04   1.443730e-07   58962
  2.908071e-01   3.484724e-05   9.753894e-04   1.429269e-07   59214
  2.941982e-01   3.564148e-05   9.869673e-04   1.433536e-07   61250
  2.975821e-01   3.593870e-05   9.719144e-04   1.457846e-07   61694
  3.009545e-01   3.617238e-05   9.802014e-04   1.443415e-07   63618
  3.043698e-01   3.660143e-05   9.975679e-04   1.411944e-07   66284
  3.077980e-01   3.700365e-05   9.829085e-04   1.440524e-07   67014
  3.111933e-01   3.708549e-05   9.745070e-04   1.427136e-07   67930
  3.145950e-01   3.747698e-05   9.864977e-04   1.417098e-07   70294
  3.179925e-01   3.857234e-05   9.751208e-04   1.446517e-07   70658
  3.213649e-01   3.872930e-05   9.817106e-04   1.450249e-07   72522
  3.247596e-01   3.848035e-05   9.844648e-04   1.408313e-07   74550
  3.281564e-01   3.892598e-05   9.737283e-04   1.413029e-07   75674
  3.315542e-01   3.952811e-05   9.772401e-04   1.415233e-07   77708
  3.349903e-01   3.945728e-05   9.941667e-04   1.373854e-07   80622
  3.384102e-01   3.966989e-05   9.737086e-04   1.413554e-07   80330
  3.418120e-01   3.987832e-05   9.872349e-04   1.393445e-07   82974
  3.452149e-01   3.994423e-05   9.787907e-04   1.386660e-07   83666
  3.486074e-01   4.036372e-05   9.855947e-04   1.376719e-07   85746
  3.519919e-01   4.021478e-05   9.786235e-04   1.361906e-07   86702
  3.553849e-01   4.053342e-05   9.853848e-04   1.333252e-07   89556
  3.587998e-01   4.091089e-05   9.787040e-04   1.354516e-07   91038
  3.622049e-01   4.159447e-05   9.781806e-04   1.371665e-07   92522
  3.655984e-01   4.154699e-05   9.796226e-04   1.362777e-07   94034
  3.690238e-01   4.166217e-05   1.002172e-03   1.335724e-07   97758
  3.724152e-01   4.214235e-05   9.656500e-04   1.355253e-07   95770
  3.757798e-01   4.218702e-05   9.833165e-04   1.344616e-07   99646
  3.791725e-01   4.263259e-05   9.759165e-04   1.347576e-07   100980
  3.825817e-01   4.278975e-05   9.863738e-04   1.331925e-07   104258
  3.859962e-01   4.286197e-05   9.755460e-04   1.323617e-07   104998
  3.894080e-01   4.314741e-05   9.835643e-04   1.320797e-07   107866
  3.928147e-01   4.349237e-05   9.740361e-04   1.317646e-07   108154
  3.962141e-01   4.388292e-05   9.934490e-04   1.318736e-07   111622
  3.996192e-01   4.401026e-05   9.826041e-04   1.318053e-07   112146
  4.030012e-01   4.438441e-05   9.795782e-04   1.313840e-07   114014
  4.063885e-01   4.428097e-05   9.764181e-04   1.304223e-07   116220
  4.097904e-01   4.447278e-05   9.798152e-04   1.285376e-07   118682
  4.132005e-01   4.453734e-05   9.857802e-04   1.287546e-07   121118
  4.166179e-01   4.458630e-05   9.842070e-04   1.279423e-07   122994
  4.200138e-01   4.459151e-05   9.755040e-04   1.266900e-07   123574
  4.234089e-01   4.515551e-05   9.898661e-04   1.265288e-07   126922
  4.268043e-01   4.513055e-05   9.841431e-04   1.269304e-07   127906
  4.301921e-01   4.513321e-05   9.815465e-04   1.253846e-07   130432
  4.335917e-01   4.509836e-05   9.754601e-04   1.236793e-07   132642
  4.369913e-01   4.556274e-05   9.719503e-04   1.239084e-07   134534
  4.404018e-01   4.586340e-05   9.840871e-04   1.240442e-07   137778
  4.438343e-01   4.604500e-05   9.933984e-04   1.234491e-07   140786
  4.472374e-01   4.627932e-05   9.717922e-04   1.238993e-07   139590
  4.506229e-01   4.641816e-05   9.849166e-04   1.234689e-07   143546
  4.540257e-01   4.646895e-05   9.844996e-04   1.214288e-07   145338
  4.574181e-01   4.659407e-05   9.804237e-04   1.215283e-07   147272
  4.608205e-01   4.666134e-05   9.820431e-04   1.212935e-07   150330
  4.642299e-01   4.643290e-05   9.784546e-04   1.188990e-07   152318
  4.676229e-01   4.666527e-05   9.721829e-04   1.196084e-07   153202
  4.710338e-01   4.666595e-05   9.963562e-04   1.176101e-07   158626
  4.744395e-01   4.692579e-05   9.772483e-04   1.187132e-07   157350
  4.778318e-01   4.672485e-05   9.898002e-04   1.164729e-07   161906
  4.812140e-01   4.715664e-05   9.669369e-04   1.187635e-07   160872
  4.846116e-01   4.721530e-05   9.917034e-04   1.159824e-07   167858
  4.880280e-01   4.761227e-05   9.756048e-04   1.170817e-07   167514
  4.914175e-01   4.732362e-05   9.745776e-04   1.145472e-07   169862
  4.948220e-01   4.721405e-05   9.838968e-04   1.141786e-07   173602
  4.982323e-01   4.765821e-05   9.830917e-04   1.134958e-07   175258
  5.016339e-01   4.758933e-05   9.862687e-04   1.137459e-07   177654
  5.050410e-01   4.746524e-05   9.895807e-04   1.114068e-07   180698
  5.084427e-01   4.774833e-05   9.791290e-04   1.120615e-07   181968
  5.118414e-01   4.791121e-05   9.787235e-04   1.112974e-07   184850
  5.152392e-01   4.805560e-05   9.792509e-04   1.116699e-07   187034
  5.186493e-01   4.793062e-05   9.887200e-04   1.095509e-07   191238
  5.220519e-01   4.826608e-05   9.768042e-04   1.106918e-07   191042
  5.254432e-01   4.820017e-05   9.855000e-04   1.086017e-07   195102
  5.288335e-01   4.802693e-05   9.778254e-04   1.089424e-07   195786
  5.322301e-01   4.792429e-05   9.901932e-04   1.060433e-07   201164
  5.356296e-01   4.842640e-05   9.735643e-04   1.088560e-07   201070
  5.390212e-01   4.803359e-05   9.785171e-04   1.060420e-07   205234
  5.424222e-01   4.844964e-05   9.768081e-04   1.062019e-07   207342
  5.458239e-01   4.806136e-05   9.815179e-04   1.046698e-07   210602
  5.492295e-01   4.821363e-05   9.836776e-04   1.049893e-07   213130
  5.526459e-01   4.828386e-05   9.915409e-04   1.036666e-07   217318
  5.560456e-01   4.824579e-05   9.743530e-04   1.035802e-07   216306
  5.594305e-01   4.794830e-05   9.794774e-04   1.026175e-07   220652
  5.628376e-01   4.824497e-05   9.842473e-04   1.020737e-07   224502
  5.662522e-01   4.848460e-05   9.844461e-04   1.017816e-07   227186
  5.696552e-01   4.812802e-05   9.784190e-04   1.009393e-07   228398
  5.730519e-01   4.813803e-05   9.819770e-04   1.002587e-07   231642
  5.764475e-01   4.825150e-05   9.824176e-04   1.000602e-07   233946
  5.798545e-01   4.827690e-05   9.913361e-04   9.932358e-08   238694
  5.832493e-01   4.814189e-05   9.753099e-04   9.894748e-08   238068
  5.866460e-01   4.827070e-05   9.835365e-04   9.776442e-08   244190
  5.900561e-01   4.807536e-05   9.771578e-04   9.730022e-08   245362
  5.934524e-01   4.846211e-05   9.800894e-04   9.760316e-08   248362
  5.968555e-01   4.821289e-05   9.839452e-04   9.643788e-08   251966
  6.002586e-01   4.844127e-05   9.805677e-04   9.568474e-08   254034
  6.036498e-01   4.839985e-05   9.775259e-04   9.603347e-08   255818
  6.070559e-01   4.795059e-05   9.912862e-04   9.438550e-08   262254
  6.104632e-01   4.822843e-05   9.773523e-04   9.461050e-08   261980
  6.138753e-01   4.810108e-05   9.883425e-04   9.292287e-08   268566
  6.172721e-01   4.816039e-05   9.667501e-04   9.356598e-08   265538
  6.206625e-01   4.812894e-05   9.869997e-04   9.193167e-08   273330
  6.240644e-01   4.792977e-05   9.812963e-04   9.195850e-08   273718
  6.274686e-01   4.779475e-05   9.910705e-04   9.033778e-08   279658
  6.308738e-01   4.818229e-05   9.800215e-04   9.170253e-08   279670
  6.342612e-01   4.791500e-05   9.791793e-04   9.058146e-08   282964
  6.376657e-01   4.785705e-05   9.856782e-04   8.971977e-08   288362
  6.410723e-01   4.787842e-05   9.787866e-04   8.954175e-08   289686
  6.444666e-01   4.785205e-05   9.767056e-04   8.913547e-08   292234
  6.478513e-01   4.772047e-05   9.736693e-04   8.834051e-08   294190
  6.512490e-01   4.753339e-05   9.869325e-04   8.683843e-08   300642
  6.546619e-01   4.756820e-05   9.871013e-04   8.657519e-08   303386
  6.580612e-01   4.720921e-05   9.793499e-04   8.565155e-08   304662
  6.614636e-01   4.715998e-05   9.820034e-04   8.555000e-08   309812
  6.648699e-01   4.716703e-05   9.779067e-04   8.510432e-08   311714
  6.682854e-01   4.715915e-05   9.889859e-04   8.364743e-08   318126
  6.716848e-01   4.713126e-05   9.721561e-04   8.429233e-08   315114
  6.750728e-01   4.700430e-05   9.862501e-04   8.318606e-08   322622
  6.784691e-01   4.712091e-05   9.775093e-04   8.358978e-08   322850
  6.818689e-01   4.688921e-05   9.897138e-04   8.201817e-08   329802
  6.852751e-01   4.687415e-05   9.833693e-04   8.193619e-08   331104
  6.886859e-01   4.677945e-05   9.866565e-04   8.126405e-08   336986
  6.920888e-01   4.668237e-05   9.721728e-04   8.085254e-08   335870
  6.954811e-01   4.641975e-05   9.807544e-04   7.997560e-08   341610
  6.988813e-01   4.633187e-05   9.817106e-04   7.927287e-08   344370
  7.022777e-01   4.649001e-05   9.819315e-04   7.956015e-08   347606
  7.056775e-01   4.626789e-05   9.835290e-04   7.828766e-08   351650
  7.090743e-01   4.626694e-05   9.788224e-04   7.811945e-08   353760
  7.124835e-01   4.603154e-05   9.883067e-04   7.716438e-08   360970
  7.159021e-01   4.606730e-05   9.827333e-04   7.690826e-08   362818
  7.192956e-01   4.595540e-05   9.713759e-04   7.655508e-08   362334
  7.226987e-01   4.573969e-05   9.881791e-04   7.552795e-08   371642
  7.260991e-01   4.567179e-05   9.752613e-04   7.607393e-08   368778
  7.294880e-01   4.552875e-05   9.876514e-04   7.476290e-08   376526
  7.328875e-01   4.534158e-05   9.811641e-04   7.418570e-08   377786
  7.362841e-01   4.534396e-05   9.830834e-04   7.375542e-08   382968
  7.396876e-01   4.536327e-05   9.807196e-04   7.316103e-08   386146
  7.430940e-01   4.537681e-05   9.835434e-04   7.285250e-08   390826
  7.464968e-01   4.515982e-05   9.797536e-04   7.275835e-08   392662
  7.499014e-01   4.505287e-05   9.850939e-04   7.209626e-08   398242
  7.532920e-01   4.481021e-05   9.729755e-04   7.177875e-08   396726
  7.566809e-01   4.463296e-05   9.841245e-04   7.055918e-08   404738
  7.600831e-01   4.461052e-05   9.825351e-04   7.041297e-08   407628
  7.634852e-01   4.428802e-05   9.813443e-04   6.959672e-08   411734
  7.668845e-01   4.430704e-05   9.775056e-04   6.914868e-08   414242
  7.702939e-01   4.412229e-05   9.855270e-04   6.846020e-08   421434
  7.737042e-01   4.406568e-05   9.802386e-04   6.833150e-08   421918
  7.771088e-01   4.399528e-05   9.872890e-04   6.759031e-08   427810
  7.805138e-01   4.369417e-05   9.826568e-04   6.710868e-08   429470
  7.839079e-01   4.368246e-05   9.797011e-04   6.694323e-08   432282
  7.873028e-01   4.342993e-05   9.821433e-04   6.618620e-08   437260
  7.907010e-01   4.351937e-05   9.806539e-04   6.620562e-08   440758
  7.941053e-01   4.341082e-05   9.841811e-04   6.527410e-08   446370
  7.975164e-01   4.301051e-05   9.834504e-04   6.478868e-08   450182
  8.009127e-01   4.286239e-05   9.757493e-04   6.445977e-08   449850
  8.043077e-01   4.279921e-05   9.864375e-04   6.378748e-08   457898
  8.077063e-01   4.260514e-05   9.796531e-04   6.363242e-08   458662
  8.111019e-01   4.244304e-05   9.815065e-04   6.318855e-08   464620
  8.144977e-01   4.255351e-05   9.750269e-04   6.300163e-08   466302
  8.179011e-01   4.225047e-05   9.839993e-04   6.176331e-08   474314
  8.213073e-01   4.205376e-05   9.800182e-04   6.154970e-08   475530
  8.247179e-01   4.184907e-05   9.879200e-04   6.082339e-08   483206
  8.281287e-01   4.176493e-05   9.814603e-04   6.069544e-08   483530
  8.315249e-01   4.172493e-05   9.809161e-04   6.024459e-08   487002
  8.349221e-01   4.144848e-05   9.835509e-04   5.963742e-08   491774
  8.383178e-01   4.133541e-05   9.804529e-04   5.944551e-08   495084
  8.417151e-01   4.130077e-05   9.794333e-04   5.897817e-08   499438
  8.451164e-01   4.105171e-05   9.820615e-04   5.856663e-08   504682
  8.485188e-01   4.098342e-05   9.813126e-04   5.833913e-08   507738
  8.519281e-01   4.075425e-05   9.891488e-04   5.754354e-08   515174
  8.553313e-01   4.067163e-05   9.796328e-04   5.723769e-08   514234
  8.587212e-01   4.050501e-05   9.795185e-04   5.714692e-08   519022
  8.621117e-01   4.024195e-05   9.776207e-04   5.621642e-08   522636
  8.655093e-01   4.020188e-05   9.815215e-04   5.597356e-08   529442
  8.689165e-01   3.998520e-05   9.823162e-04   5.537806e-08   534078
  8.723203e-01   3.982231e-05   9.785977e-04   5.508558e-08   536666
  8.757149e-01   3.969454e-05   9.771268e-04   5.493981e-08   539142
  8.791253e-01   3.945490e-05   9.924057e-04   5.409815e-08   550658
  8.825379e-01   3.942304e-05   9.816929e-04   5.405410e-08   548298
  8.859333e-01   3.920904e-05   9.826669e-04   5.341929e-08   553694
  8.893272e-01   3.905456e-05   9.768278e-04   5.309625e-08   556116
  8.927312e-01   3.883613e-05   9.844199e-04   5.229281e-08   564890
  8.961296e-01   3.865235e-05   9.766230e-04   5.211805e-08   563718
  8.995313e-01   3.857097e-05   9.874972e-04   5.137097e-08   574298
  9.029379e-01   3.837072e-05   9.804817e-04   5.146906e-08   573966
  9.063376e-01   3.825851e-05   9.852707e-04   5.107131e-08   580586
  9.097364e-01   3.802390e-05   9.817750e-04   5.070697e-08   582666
  9.131388e-01   3.796605e-05   9.852143e-04   5.031139e-08   590648
  9.165400e-01   3.772460e-05   9.754677e-04   4.996404e-08   590394
  9.199310e-01   3.750387e-05   9.770986e-04   4.939031e-08   596174
  9.233301e-01   3.736369e-05   9.802065e-04   4.888198e-08   601674
  9.267350e-01   3.722367e-05   9.846832e-04   4.849048e-08   607682
  9.301415e-01   3.709537e-05   9.838059e-04   4.833762e-08   611166
  9.335460e-01   3.692499e-05   9.835863e-04   4.788346e-08   615626
  9.369426e-01   3.677576e-05   9.795239e-04   4.751009e-08   617290
  9.403431e-01   3.658602e-05   9.852598e-04   4.709781e-08   626344
  9.437456e-01   3.646580e-05   9.776145e-04   4.695288e-08   626658
  9.471442e-01   3.630443e-05   9.821583e-04   4.663430e-08   634022
  9.505394e-01   3.609651e-05   9.766085e-04   4.611861e-08   634554
  9.539406e-01   3.586781e-05   9.874089e-04   4.552045e-08   645026
  9.573433e-01   3.563411e-05   9.821401e-04   4.514383e-08   645102
  9.607439e-01   3.553372e-05   9.860849e-04   4.485966e-08   653018
  9.641443e-01   3.552086e-05   9.792030e-04   4.472471e-08   654384
  9.675485e-01   3.516273e-05   9.834130e-04   4.407690e-08   663194
  9.709524e-01   3.512784e-05   9.778786e-04   4.393688e-08   663834
  9.743471e-01   3.481773e-05   9.789463e-04   4.344444e-08   669158
  9.777459e-01   3.469662e-05   9.805686e-04   4.327056e-08   674490
  9.811412e-01   3.449593e-05   9.786140e-04   4.287646e-08   677222
  9.845441e-01   3.437448e-05   9.871972e-04   4.255499e-08   686874
  9.879558e-01   3.427096e-05   9.859594e-04   4.212955e-08   690722
  9.913572e-01   3.407440e-05   9.790433e-04   4.195289e-08   692008
  9.947624e-01   3.387206e-05   9.840929e-04   4.150908e-08   701386
  9.981657e-01   3.371762e-05   9.773767e-04   4.130145e-08   700778
  1.001563e+00   3.353417e-05   9.829030e-04   4.079088e-08   708774
  1.004963e+00   3.341139e-05   9.817412e-04   4.056052e-08   711690
  1.008366e+00   3.316783e-05   9.861014e-04   3.999638e-08   719606
  1.011761e+00   3.309158e-05   9.768322e-04   4.008454e-08   717762
  1.015158e+00   3.281385e-05   9.862327e-04   3.929429e-08   730460
  1.018564e+00   3.270995e-05   9.793539e-04   3.920518e-08   731070
  1.021972e+00   3.254523e-05   9.851635e-04   3.878318e-08   741170
  1.025372e+00   3.246433e-05   9.730396e-04   3.876587e-08   737094
  1.028764e+00   3.213725e-05   9.820777e-04   3.815424e-08   747698
  1.032166e+00   3.206756e-05   9.825085e-04   3.808688e-08   751658
  1.035563e+00   3.188642e-05   9.813994e-04   3.784535e-08   755574
  1.038960e+00   3.174535e-05   9.819736e-04   3.735848e-08   761442
  1.042370e+00   3.156898e-05   9.859386e-04   3.699753e-08   770816
  1.045775e+00   3.148520e-05   9.778469e-04   3.697860e-08   769274
  1.049181e+00   3.118283e-05   9.883345e-04   3.632286e-08   782130
  1.052579e+00   3.103578e-05   9.735264e-04   3.630202e-08   775230
  1.055972e+00   3.087276e-05   9.857792e-04   3.580150e-08   789866
  1.059371e+00   3.072505e-05   9.785659e-04   3.567485e-08   787914
  1.062768e+00   3.060970e-05   9.871968e-04   3.526721e-08   799598
  1.066175e+00   3.035564e-05   9.836410e-04   3.495364e-08   802980
  1.069574e+00   3.019286e-05   9.780653e-04   3.476696e-08   805622
  1.072972e+00   3.013527e-05   9.797707e-04   3.459250e-08   812050
  1.076379e+00   2.998075e-05   9.852802e-04   3.414974e-08   820954
  1.079781e+00   2.969372e-05   9.789326e-04   3.392033e-08   820062
  1.083172e+00   2.946924e-05   9.799094e-04   3.356075e-08   826298
  1.086570e+00   2.939554e-05   9.815876e-04   3.337654e-08   833118
  1.089963e+00   2.922850e-05   9.774947e-04   3.309112e-08   834812
  1.093365e+00   2.914768e-05   9.859628e-04   3.272684e-08   847858
  1.096785e+00   2.891572e-05   9.865115e-04   3.238233e-08   854278
  1.100190e+00   2.875683e-05   9.767209e-04   3.239121e-08   850978
  1.103586e+00   2.860926e-05   9.814764e-04   3.202831e-08   859186
  1.106990e+00   2.843962e-05   9.865569e-04   3.180006e-08   867126
  1.110391e+00   2.813668e-05   9.816501e-04   3.131574e-08   868274
  1.113785e+00   2.809740e-05   9.808544e-04   3.129262e-08   873606
  1.117179e+00   2.803042e-05   9.794732e-04   3.112790e-08   879284
  1.120580e+00   2.783228e-05   9.820603e-04   3.074042e-08   887170
  1.123993e+00   2.768838e-05   9.876068e-04   3.040572e-08   897526
  1.127401e+00   2.746953e-05   9.778886e-04   3.028158e-08   894258
  1.130799e+00   2.729708e-05   9.823745e-04   2.988831e-08   903374
  1.134195e+00   2.711077e-05   9.785328e-04   2.966676e-08   904338
  1.137590e+00   2.696663e-05   9.832540e-04   2.947551e-08   913586
  1.140984e+00   2.684716e-05   9.783814e-04   2.933723e-08   915416
  1.144387e+00   2.667889e-05   9.836903e-04   2.897287e-08   928122
  1.147789e+00   2.651833e-05   9.757713e-04   2.876984e-08   926094
  1.151197e+00   2.640119e-05   9.888312e-04   2.844794e-08   942890
  1.154606e+00   2.616565e-05   9.789734e-04   2.818008e-08   937266
  1.158004e+00   2.601502e-05   9.856923e-04   2.801219e-08   948854
  1.161404e+00   2.587475e-05   9.801062e-04   2.779770e-08   948714
  1.164797e+00   2.571865e-05   9.823513e-04   2.766913e-08   956186
  1.168197e+00   2.560204e-05   9.838881e-04   2.734805e-08   964272
  1.171602e+00   2.537569e-05   9.813885e-04   2.706422e-08   969458
  1.175002e+00   2.522928e-05   9.785094e-04   2.683534e-08   972750
  1.178405e+00   2.513027e-05   9.839022e-04   2.663961e-08   982706
  1.181806e+00   2.498873e-05   9.798755e-04   2.660529e-08   982906
  1.185211e+00   2.483388e-05   9.881427e-04   2.622877e-08   996622
  1.188612e+00   2.463608e-05   9.782401e-04   2.610599e-08   992378
  1.191999e+00   2.451610e-05   9.775059e-04   2.585223e-08   999000
  1.195397e+00   2.439221e-05   9.817623e-04   2.555032e-08   1010114
  1.198803e+00   2.423705e-05   9.815316e-04   2.543380e-08   1015722
  1.202205e+00   2.408792e-05   9.793783e-04   2.518535e-08   1018742
  1.205613e+00   2.397989e-05   9.864495e-04   2.498665e-08   1031250
  1.209016e+00   2.369595e-05   9.786533e-04   2.473827e-08   1027226
  1.212413e+00   2.359797e-05   9.856307e-04   2.441150e-08   1039734
  1.215813e+00   2.347930e-05   9.805725e-04   2.438325e-08   1039914
  1.219210e+00   2.335873e-05   9.832224e-04   2.413177e-08   1050272
  1.222609e+00   2.317454e-05   9.777885e-04   2.394389e-08   1052306
  1.226010e+00   2.302866e-05   9.820199e-04   2.373257e-08   1062666
  1.229414e+00   2.281355e-05   9.821012e-04   2.348867e-08   1067262
  1.232818e+00   2.277937e-05   9.834577e-04   2.343613e-08   1073906
  1.236220e+00   2.256563e-05   9.821555e-04   2.311666e-08   1078190
  1.239623e+00   2.242639e-05   9.835287e-04   2.291304e-08   1085634
  1.243018e+00   2.236325e-05   9.777743e-04   2.287239e-08   1085508
  1.246420e+00   2.215695e-05   9.857694e-04   2.252330e-08   1101926
  1.249823e+00   2.203748e-05   9.765533e-04   2.247879e-08   1098322
  1.253220e+00   2.193083e-05   9.810493e-04   2.225004e-08   1109878
  1.256626e+00   2.174986e-05   9.822346e-04   2.203311e-08   1115338
  1.260031e+00   2.160859e-05   9.850685e-04   2.186060e-08   1122586
  1.263434e+00   2.148196e-05   9.828803e-04   2.168133e-08   1125862
  1.266833e+00   2.135200e-05   9.826042e-04   2.154112e-08   1132498
  1.270230e+00   2.117125e-05   9.794882e-04   2.133438e-08   1135444
  1.273627e+00   2.113471e-05   9.822580e-04   2.120787e-08   1145374
  1.277031e+00   2.092696e-05   9.829599e-04   2.090131e-08   1152698
  1.280435e+00   2.082660e-05   9.811808e-04   2.083395e-08   1157046
  1.283832e+00   2.069916e-05   9.792543e-04   2.070472e-08   1160226
  1.287236e+00   2.050158e-05   9.867747e-04   2.038277e-08   1174346
  1.290638e+00   2.038688e-05   9.799098e-04   2.035556e-08   1171462
  1.294035e+00   2.025773e-05   9.835292e-04   2.007988e-08   1183828
  1.297431e+00   2.015453e-05   9.751511e-04   2.006382e-08   1181822
  1.300825e+00   2.000383e-05   9.806813e-04   1.982012e-08   1194930
  1.304229e+00   1.986198e-05   9.822693e-04   1.961708e-08   1202010
  1.307632e+00   1.971161e-05   9.818508e-04   1.945119e-08   1207166
  1.311036e+00   1.961906e-05   9.828798e-04   1.935365e-08   1214106
  1.314433e+00   1.948534e-05   9.789042e-04   1.913835e-08   1215302
  1.317833e+00   1.936568e-05   9.858329e-04   1.896133e-08   1229274
  1.321244e+00   1.923496e-05   9.860143e-04   1.881680e-08   1236164
  1.324647e+00   1.909022e-05   9.790511e-04   1.871158e-08   1235326
  1.328043e+00   1.902677e-05   9.802315e-04   1.861069e-08   1244026
  1.331441e+00   1.886705e-05   9.803347e-04   1.840169e-08   1249154
  1.334844e+00   1.871426e-05   9.852720e-04   1.821267e-08   1260558
  1.338244e+00   1.858172e-05   9.799856e-04   1.806224e-08   1260394
  1.341646e+00   1.850002e-05   9.851173e-04   1.793711e-08   1274758
  1.345044e+00   1.836479e-05   9.761448e-04   1.783891e-08   1270188
  1.348447e+00   1.823332e-05   9.870074e-04   1.764109e-08   1291202
  1.351849e+00   1.817278e-05   9.757557e-04   1.763830e-08   1282654
  1.355244e+00   1.800384e-05   9.819229e-04   1.737202e-08   1298242
  1.358647e+00   1.789474e-05   9.803455e-04   1.724706e-08   1301774
  1.362047e+00   1.777903e-05   9.827693e-04   1.709794e-08   1309770
  1.365448e+00   1.760341e-05   9.830640e-04   1.692164e-08   1315714
  1.368852e+00   1.749648e-05   9.843087e-04   1.680190e-08   1325110
  1.372253e+00   1.742876e-05   9.790721e-04   1.676113e-08   1326012
  1.375652e+00   1.726300e-05   9.818283e-04   1.657549e-08   1336154
  1.379060e+00   1.716477e-05   9.856646e-04   1.639466e-08   1347334
  1.382463e+00   1.703704e-05   9.798090e-04   1.629511e-08   1345354
  1.385854e+00   1.692359e-05   9.796108e-04   1.617923e-08   1350998
  1.389254e+00   1.682857e-05   9.851001e-04   1.603670e-08   1365546
  1.392658e+00   1.671646e-05   9.818266e-04   1.586644e-08   1367474
  1.396060e+00   1.659899e-05   9.832315e-04   1.573280e-08   1377984
  1.399461e+00   1.649589e-05   9.785308e-04   1.570102e-08   1379394
  1.402863e+00   1.643076e-05   9.826740e-04   1.559912e-08   1392230
  1.406265e+00   1.627151e-05   9.788975e-04   1.546881e-08   1392634
  1.409662e+00   1.616855e-05   9.821355e-04   1.531443e-08   1402666
  1.413062e+00   1.606238e-05   9.819858e-04   1.519915e-08   1408502
  1.416462e+00   1.589252e-05   9.817857e-04   1.502338e-08   1415418
  1.419855e+00   1.583937e-05   9.774342e-04   1.497440e-08   1416856
  1.423264e+00   1.575455e-05   9.894876e-04   1.477924e-08   1442002
  1.426674e+00   1.560541e-05   9.781259e-04   1.470214e-08   1431634
  1.430071e+00   1.549332e-05   9.822615e-04   1.456811e-08   1444606
  1.433469e+00   1.538063e-05   9.789194e-04   1.442538e-08   1445890
  1.436871e+00   1.529168e-05   9.861222e-04   1.426499e-08   1462210
  1.440273e+00   1.516892e-05   9.807880e-04   1.422510e-08   1459590
  1.443669e+00   1.506789e-05   9.833740e-04   1.406200e-08   1471226
  1.447072e+00   1.500742e-05   9.829562e-04   1.402463e-08   1480072
  1.450479e+00   1.488690e-05   9.811931e-04   1.389501e-08   1486594
  1.453879e+00   1.477428e-05   9.787053e-04   1.384091e-08   1488882
  1.457279e+00   1.469879e-05   9.827371e-04   1.370455e-08   1500854
  1.460684e+00   1.455515e-05   9.826979e-04   1.351324e-08   1506874
  1.464078e+00   1.448574e-05   9.779210e-04   1.348225e-08   1506094
  1.467472e+00   1.438962e-05   9.824981e-04   1.336107e-08   1519682
  1.470872e+00   1.429663e-05   9.822978e-04   1.327744e-08   1526724
  1.474279e+00   1.419778e-05   9.845854e-04   1.311479e-08   1539038
  1.477685e+00   1.408008e-05   9.798767e-04   1.305834e-08   1539810
  1.481081e+00   1.398048e-05   9.791313e-04   1.295307e-08   1545046
  1.484485e+00   1.389247e-05   9.854562e-04   1.287387e-08   1560538
  1.487886e+00   1.381541e-05   9.804436e-04   1.280150e-08   1557506
  1.491282e+00   1.368434e-05   9.836002e-04   1.261315e-08   1570062
  1.494678e+00   1.361938e-05   9.793467e-04   1.253812e-08   1571290
  1.498078e+00   1.349282e-05   9.842488e-04   1.242428e-08   1588228
  1.501484e+00   1.344438e-05   9.810937e-04   1.241634e-08   1591046
  1.504889e+00   1.333272e-05   9.832504e-04   1.227434e-08   1602474
  1.508291e+00   1.323850e-05   9.782624e-04   1.221701e-08   1601646
  1.511687e+00   1.316746e-05   9.804817e-04   1.209490e-08   1611266
  1.515082e+00   1.304226e-05   9.805934e-04   1.199292e-08   1616634
  1.518484e+00   1.293394e-05   9.853950e-04   1.185967e-08   1631366
  1.521885e+00   1.288274e-05   9.796982e-04   1.180365e-08   1631028
  1.525282e+00   1.283979e-05   9.798719e-04   1.182265e-08   1641446
  1.528689e+00   1.272323e-05   9.836821e-04   1.164665e-08   1654234
  1.532101e+00   1.260625e-05   9.854232e-04   1.152517e-08   1662874
  1.535501e+00   1.251033e-05   9.777869e-04   1.146115e-08   1656686
  1.538894e+00   1.243594e-05   9.817573e-04   1.138196e-08   1670898
  1.542295e+00   1.233732e-05   9.826743e-04   1.125240e-08   1678074
  1.545693e+00   1.226822e-05   9.828970e-04   1.123588e-08   1685198
  1.549094e+00   1.219741e-05   9.826216e-04   1.115704e-08   1694524
  1.552497e+00   1.212792e-05   9.806206e-04   1.104790e-08   1701334
  1.555899e+00   1.204285e-05   9.807944e-04   1.096089e-08   1709386
  1.559306e+00   1.191514e-05   9.832546e-04   1.084993e-08   1719994
  1.562708e+00   1.184101e-05   9.808801e-04   1.077277e-08   1721510
  1.566111e+00   1.178769e-05   9.843526e-04   1.076358e-08   1734978
  1.569507e+00   1.167451e-05   9.766081e-04   1.065567e-08   1728646
  1.572899e+00   1.159522e-05   9.823741e-04   1.057793e-08   1746868
  1.576300e+00   1.153894e-05   9.809864e-04   1.051586e-08   1752922
  1.579707e+00   1.146837e-05   9.845798e-04   1.040940e-08   1767862
  1.583112e+00   1.137100e-05   9.793884e-04   1.035501e-08   1765698
  1.586515e+00   1.130213e-05   9.844058e-04   1.027720e-08   1781270
  1.589918e+00   1.122321e-05   9.810287e-04   1.022666e-08   1780650
  1.593316e+00   1.112183e-05   9.836246e-04   1.011713e-08   1792418
  1.596711e+00   1.106175e-05   9.794648e-04   1.008297e-08   1792790
  1.600109e+00   1.098037e-05   9.831424e-04   9.977495e-09   1809852
  1.603512e+00   1.090225e-05   9.801224e-04   9.901217e-09   1812666
  1.606915e+00   1.082522e-05   9.841796e-04   9.785106e-09   1827614
  1.610321e+00   1.076531e-05   9.814350e-04   9.782598e-09   1829970
  1.613720e+00   1.068361e-05   9.803236e-04   9.718328e-09   1835030
  1.617114e+00   1.060396e-05   9.798165e-04   9.604342e-09   1841410
  1.620515e+00   1.053226e-05   9.841327e-04   9.503880e-09   1856626
  1.623912e+00   1.047537e-05   9.785166e-04   9.529201e-09   1854656
  1.627309e+00   1.041162e-05   9.815053e-04   9.394346e-09   1870698
  1.630712e+00   1.035254e-05   9.804842e-04   9.390049e-09   1876998
  1.634114e+00   1.024380e-05   9.808565e-04   9.272700e-09   1884458
  1.637514e+00   1.018818e-05   9.820836e-04   9.236240e-09   1891730
  1.640921e+00   1.010003e-05   9.864027e-04   9.119090e-09   1907574
  1.644328e+00   1.004164e-05   9.824949e-04   9.081625e-09   1907730
  1.647725e+00   9.982719e-06   9.806100e-04   9.053840e-09   1912154
  1.651122e+00   9.913520e-06   9.815437e-04   8.970001e-09   1923216
  1.654527e+00   9.844948e-06   9.837853e-04   8.892969e-09   1936562
  1.657929e+00   9.769836e-06   9.797671e-04   8.841063e-09   1936862
  1.661330e+00   9.681504e-06   9.824032e-04   8.739301e-09   1950114
  1.664731e+00   9.663235e-06   9.809526e-04   8.754046e-09   1953306
  1.668134e+00   9.575389e-06   9.852343e-04   8.651422e-09   1968806
  1.671536e+00   9.496062e-06   9.810375e-04   8.602028e-09   1968818
  1.674935e+00   9.454186e-06   9.815051e-04   8.559354e-09   1980624
  1.678335e+00   9.381838e-06   9.789502e-04   8.500862e-09   1985034
  1.681733e+00   9.314124e-06   9.802456e-04   8.421343e-09   1995242
  1.685136e+00   9.266233e-06   9.833510e-04   8.365090e-09   2007742
  1.688539e+00   9.177564e-06   9.813083e-04   8.283575e-09   2010538
  1.691936e+00   9.130888e-06   9.811361e-04   8.279688e-09   2017390
  1.695340e+00   9.070103e-06   9.857772e-04   8.218327e-09   2034346
  1.698736e+00   8.977678e-06   9.777687e-04   8.142048e-09   2025498
  1.702137e+00   8.950449e-06   9.868689e-04   8.099582e-09   2055248
  1.705540e+00   8.892274e-06   9.770123e-04   8.099068e-09   2045090
  1.708936e+00   8.849472e-06   9.814027e-04   8.028622e-09   2062074
  1.712339e+00   8.755817e-06   9.823860e-04   7.946535e-09   2070190
  1.715742e+00   8.694838e-06   9.834046e-04   7.885734e-09   2079226
  1.719142e+00   8.636372e-06   9.818107e-04   7.823984e-09   2083990
  1.722545e+00   8.593183e-06   9.839507e-04   7.805530e-09   2097898
  1.725944e+00   8.536299e-06   9.787299e-04   7.755806e-09   2095452
  1.729345e+00   8.484540e-06   9.842373e-04   7.689257e-09   2117390
  1.732750e+00   8.418472e-06   9.796988e-04   7.634255e-09   2117066
  1.736142e+00   8.339450e-06   9.757475e-04   7.566920e-09   2117238
  1.739539e+00   8.297636e-06   9.838620e-04   7.539578e-09   2140026
  1.742945e+00   8.242802e-06   9.844962e-04   7.487020e-09   2147234
  1.746347e+00   8.183226e-06   9.820811e-04   7.452751e-09   2150118
  1.749746e+00   8.142768e-06   9.821004e-04   7.423720e-09   2160386
  1.753147e+00   8.094862e-06   9.809815e-04   7.390001e-09   2168256
  1.756552e+00   8.028373e-06   9.838581e-04   7.291528e-09   2183306
  1.759956e+00   7.999422e-06   9.808091e-04   7.284678e-09   2184642
  1.763354e+00   7.915852e-06   9.804471e-04   7.215392e-09   2192318
  1.766749e+00   7.874891e-06   9.788737e-04   7.182319e-09   2196066
  1.770152e+00   7.801790e-06   9.865986e-04   7.099690e-09   2220890
  1.773557e+00   7.738817e-06   9.809869e-04   7.040659e-09   2215758
  1.776958e+00   7.711255e-06   9.842037e-04   7.049238e-09   2233988
  1.780360e+00   7.672861e-06   9.782890e-04   7.044575e-09   2231670
  1.783756e+00   7.616011e-06   9.797617e-04   6.954687e-09   2244338
  1.787160e+00   7.574518e-06   9.830422e-04   6.917927e-09   2258610
  1.790563e+00   7.495236e-06   9.809188e-04   6.854597e-09   2260718
  1.793960e+00   7.472857e-06   9.807999e-04   6.853851e-09   2268162
  1.797357e+00   7.423074e-06   9.813749e-04   6.824563e-09   2277494
  1.800757e+00   7.356835e-06   9.827422e-04   6.747249e-09   2288796
  1.804164e+00   7.328561e-06   9.854716e-04   6.731542e-09   2305226
  1.807568e+00   7.265275e-06   9.797129e-04   6.662620e-09   2301630
  1.810969e+00   7.227405e-06   9.832644e-04   6.630783e-09   2319770
  1.814369e+00   7.169495e-06   9.785204e-04   6.622563e-09   2315610
  1.817766e+00   7.122841e-06   9.837069e-04   6.552612e-09   2334662
  1.821166e+00   7.075912e-06   9.806866e-04   6.519020e-09   2335722
  1.824566e+00   7.013283e-06   9.842253e-04   6.447155e-09   2354102
  1.827968e+00   6.998996e-06   9.802735e-04   6.462149e-09   2355156
  1.831373e+00   6.944002e-06   9.840368e-04   6.394710e-09   2374250
  1.834777e+00   6.897124e-06   9.800597e-04   6.391086e-09   2373102
  1.838179e+00   6.849496e-06   9.824130e-04   6.354663e-09   2388194
  1.841575e+00   6.805922e-06   9.773124e-04   6.303372e-09   2383470
  1.844971e+00   6.757159e-06   9.831656e-04   6.251369e-09   2404994
  1.848373e+00   6.707516e-06   9.816762e-04   6.241503e-09   2408538
  1.851770e+00   6.663779e-06   9.815239e-04   6.181281e-09   2417744
  1.855173e+00   6.643175e-06   9.838904e-04   6.175911e-09   2434578
  1.858579e+00   6.590696e-06   9.814961e-04   6.131471e-09   2438414
  1.861981e+00   6.553414e-06   9.821085e-04   6.112258e-09   2448066
  1.865384e+00   6.492414e-06   9.823292e-04   6.060496e-09   2456018
  1.868782e+00   6.455520e-06   9.812306e-04   6.013356e-09   2461230
  1.872181e+00   6.408237e-06   9.823212e-04   5.972945e-09   2474330
  1.875579e+00   6.366376e-06   9.796955e-04   5.949423e-09   2476498
  1.878979e+00   6.346488e-06   9.838203e-04   5.944820e-09   2497240
  1.882386e+00   6.305562e-06   9.822125e-04   5.913238e-09   2502930
  1.885787e+00   6.249216e-06   9.803409e-04   5.874648e-09   2508470
  1.889188e+00   6.208856e-06   9.808760e-04   5.850642e-09   2518482
  1.892591e+00   6.177256e-06   9.833500e-04   5.831913e-09   2532074
  1.895988e+00   6.127378e-06   9.784906e-04   5.790741e-09   2526678
  1.899384e+00   6.089971e-06   9.835395e-04   5.756403e-09   2549018
  1.902784e+00   6.053841e-06   9.800350e-04   5.731676e-09   2551704
  1.906185e+00   6.010318e-06   9.817747e-04   5.683783e-09   2566226
  1.909587e+00   5.972909e-06   9.819509e-04   5.661733e-09   2573898
  1.912993e+00   5.940772e-06   9.842387e-04   5.638821e-09   2589182
  1.916394e+00   5.888481e-06   9.792958e-04   5.609516e-09   2584890
  1.919793e+00   5.858338e-06   9.838242e-04   5.571486e-09   2605190
  1.923194e+00   5.799709e-06   9.814721e-04   5.531895e-09   2606418
  1.926593e+00   5.760527e-06   9.832736e-04   5.498985e-09   2621186
  1.929994e+00   5.726893e-06   9.806156e-04   5.469812e-09   2626608
  1.933393e+00   5.691698e-06   9.799953e-04   5.462459e-09   2636714
  1.936794e+00   5.658009e-06   9.811147e-04   5.430705e-09   2647482
  1.940202e+00   5.599438e-06   9.861446e-04   5.367443e-09   2668382
  1.943607e+00   5.571680e-06   9.801535e-04   5.371569e-09   2660418
  1.947005e+00   5.524270e-06   9.825106e-04   5.333443e-09   2676662
  1.950401e+00   5.490345e-06   9.781799e-04   5.325410e-09   2674210
  1.953797e+00   5.435272e-06   9.827621e-04   5.256439e-09   2697076
  1.957200e+00   5.407342e-06   9.813995e-04   5.243549e-09   2703558
  1.960601e+00   5.366721e-06   9.810424e-04   5.235859e-09   2713250
  1.964000e+00   5.324523e-06   9.793374e-04   5.206551e-09   2717718
  1.967406e+00   5.284723e-06   9.861436e-04   5.168022e-09   2743178
  1.970809e+00   5.242916e-06   9.802672e-04   5.153965e-09   2732730
  1.974208e+00   5.182876e-06   9.854133e-04   5.116758e-09   2758022
  1.977609e+00   5.150550e-06   9.791609e-04   5.115303e-09   2751994
  1.981005e+00   5.115364e-06   9.810250e-04   5.081047e-09   2769052
  1.984409e+00   5.060549e-06   9.824869e-04   5.042172e-09   2783062
  1.987812e+00   5.019835e-06   9.814391e-04   5.024665e-09   2789362
  1.991215e+00   4.954782e-06   9.817332e-04   4.969771e-09   2799582
  1.994619e+00   4.905003e-06   9.828319e-04   4.959306e-09   2811170
  1.998019e+00   4.836879e-06   9.809039e-04   4.904607e-09   2812658
  2.001421e+00   4.777861e-06   9.850690e-04   4.864517e-09   2833302
  2.004820e+00   4.718545e-06   9.785899e-04   4.829019e-09   2827420
  2.008216e+00   2.306255e-06   9.808908e-04   1.999957e-09   2846710
  2.011615e+00   2.126490e-06   9.806052e-04   1.640067e-09   2846535
  2.015014e+00   2.059178e-06   9.826225e-04   1.589542e-09   2848496
  2.018416e+00   1.992988e-06   9.819470e-04   1.531405e-09   2841084
  2.021820e+00   1.929953e-06   9.843122e-04   1.477924e-09   2843480
  2.025222e+00   1.864516e-06   9.802360e-04   1.424320e-09   2826624
  2.028621e+00   1.813992e-06   9.829329e-04   1.385464e-09   2828732
  2.032021e+00   1.761689e-06   9.812694e-04   1.341157e-09   2819296
  2.035422e+00   1.710417e-06   9.824594e-04   1.298720e-09   2819548
  2.038821e+00   1.664017e-06   9.790894e-04   1.262380e-09   2805192
  2.042221e+00   1.617231e-06   9.830303e-04   1.213647e-09   2811104
  2.045624e+00   1.577995e-06   9.815026e-04   1.187697e-09   2800672
  2.049025e+00   1.536214e-06   9.823222e-04   1.153780e-09   2798080
  2.052425e+00   1.496401e-06   9.802167e-04   1.120738e-09   2786976
  2.055826e+00   1.459885e-06   9.831451e-04   1.088275e-09   2791016
  2.059230e+00   1.424489e-06   9.812096e-04   1.061780e-09   2779360
  2.062626e+00   1.392648e-06   9.796265e-04   1.034801e-09   2768644
  2.066023e+00   1.356138e-06   9.822169e-04   1.006397e-09   2771192
  2.069425e+00   1.326598e-06   9.816405e-04   9.811826e-10   2765028
  2.072828e+00   1.295630e-06   9.824068e-04   9.568997e-10   2760864
  2.076235e+00   1.267668e-06   9.849780e-04   9.335206e-10   2761616
  2.079634e+00   1.236885e-06   9.787095e-04   9.118190e-10   2737932
  2.083034e+00   1.211653e-06   9.851663e-04   8.875228e-10   2752280
  2.086436e+00   1.186097e-06   9.786561e-04   8.684312e-10   2728764
  2.089835e+00   1.160857e-06   9.834451e-04   8.465912e-10   2736368
  2.093234e+00   1.135880e-06   9.795267e-04   8.297107e-10   2719952
  2.096636e+00   1.112211e-06   9.837062e-04   8.089093e-10   2727120
  2.100037e+00   1.092396e-06   9.787869e-04   7.956393e-10   2708400
  2.103440e+00   1.066754e-06   9.850039e-04   7.735526e-10   2718536
  2.106841e+00   1.046218e-06   9.786910e-04   7.605025e-10   2694300
  2.110244e+00   1.027356e-06   9.859443e-04   7.436117e-10   2709440
  2.113646e+00   1.007214e-06   9.780636e-04   7.292982e-10   2682108
  2.117041e+00   9.868672e-07   9.811448e-04   7.154017e-10   2684912
  2.120440e+00   9.681194e-07   9.817480e-04   6.999645e-10   2678868
  2.123840e+00   9.506163e-07   9.823344e-04   6.852124e-10   2674772
  2.127243e+00   9.334348e-07   9.826540e-04   6.726785e-10   2670120
  2.130643e+00   9.149538e-07   9.807037e-04   6.597488e-10   2659532
  2.134045e+00   9.008084e-07   9.832493e-04   6.475001e-10   2659704
  2.137451e+00   8.819703e-07   9.840399e-04   6.339035e-10   2654348
  2.140851e+00   8.653962e-07   9.808746e-04   6.243170e-10   2640276
  2.144250e+00   8.493754e-07   9.817432e-04   6.095802e-10   2638700
  2.147650e+00   8.346153e-07   9.800651e-04   6.001030e-10   2628244
  2.151051e+00   8.211229e-07   9.836008e-04   5.886080e-10   2630920
  2.154455e+00   8.073259e-07   9.816425e-04   5.785777e-10   2618904
  2.157854e+00   7.925664e-07   9.803923e-04   5.673196e-10   2610932
  2.161254e+00   7.769684e-07   9.817073e-04   5.569640e-10   2608464
  2.164658e+00   7.650419e-07   9.827466e-04   5.487407e-10   2603708
  2.168056e+00   7.521418e-07   9.797322e-04   5.386752e-10   2588012
  2.171453e+00   7.399849e-07   9.819219e-04   5.296439e-10   2588364
  2.174852e+00   7.269325e-07   9.803360e-04   5.211510e-10   2579076
  2.178251e+00   7.149010e-07   9.809908e-04   5.108144e-10   2574152
  2.181649e+00   7.037538e-07   9.813167e-04   5.039324e-10   2566812
  2.185056e+00   6.922284e-07   9.861783e-04   4.934679e-10   2573732
  2.188461e+00   6.801404e-07   9.795833e-04   4.865826e-10   2550568
  2.191860e+00   6.692306e-07   9.826556e-04   4.787295e-10   2552068
  2.195261e+00   6.575874e-07   9.809956e-04   4.709206e-10   2539620
  2.198663e+00   6.466677e-07   9.840554e-04   4.632961e-10   2540936
  2.202066e+00   6.370668e-07   9.809099e-04   4.571523e-10   2528032
  2.205465e+00   6.270123e-07   9.803189e-04   4.488594e-10   2521480
  2.208867e+00   6.168803e-07   9.820539e-04   4.415421e-10   2517980
  2.212270e+00   6.068186e-07   9.826345e-04   4.342497e-10   2511744
  2.215671e+00   5.980626e-07   9.807485e-04   4.298266e-10   2500140
  2.219071e+00   5.891097e-07   9.816849e-04   4.223481e-10   2496980
  2.222472e+00   5.795600e-07   9.809842e-04   4.155975e-10   2486924
  2.225874e+00   5.699737e-07   9.841669e-04   4.082032e-10   2487000
  2.229275e+00   5.610751e-07   9.801840e-04   4.036610e-10   2469840
  2.232673e+00   5.518522e-07   9.823076e-04   3.966843e-10   2469656
  2.236072e+00   5.435202e-07   9.795354e-04   3.904659e-10   2456844
  2.239476e+00   5.358802e-07   9.852194e-04   3.840004e-10   2462876
  2.242879e+00   5.273498e-07   9.804127e-04   3.793458e-10   2442136
  2.246278e+00   5.197843e-07   9.827694e-04   3.739807e-10   2441944
  2.249678e+00   5.119712e-07   9.806730e-04   3.682900e-10   2430508
  2.253076e+00   5.037067e-07   9.810126e-04   3.619101e-10   2424352
  2.256478e+00   4.969125e-07   9.832316e-04   3.581758e-10   2421264
  2.259881e+00   4.887668e-07   9.825332e-04   3.521464e-10   2413064
  2.263282e+00   4.821957e-07   9.805912e-04   3.485406e-10   2401572
  2.266681e+00   4.750388e-07   9.815087e-04   3.426949e-10   2397284
  2.270081e+00   4.680919e-07   9.813118e-04   3.382826e-10   2388336
  2.273484e+00   4.598793e-07   9.843250e-04   3.322688e-10   2387204
  2.276884e+00   4.545151e-07   9.793704e-04   3.294146e-10   2368644
  2.280279e+00   4.481551e-07   9.805359e-04   3.246459e-10   2365400
  2.283678e+00   4.408927e-07   9.814789e-04   3.196187e-10   2360072
  2.287082e+00   4.343511e-07   9.832021e-04   3.142026e-10   2356464
  2.290484e+00   4.285064e-07   9.810620e-04   3.107363e-10   2343240
  2.293885e+00   4.223720e-07   9.822795e-04   3.066349e-10   2340248
  2.297284e+00   4.153434e-07   9.789711e-04   3.016982e-10   2325000
  2.300686e+00   4.104058e-07   9.843393e-04   2.981699e-10   2328632
  2.304090e+00   4.048222e-07   9.816712e-04   2.950539e-10   2313220
  2.307492e+00   3.987376e-07   9.835834e-04   2.903734e-10   2310772
  2.310892e+00   3.932179e-07   9.798086e-04   2.871383e-10   2295420
  2.314292e+00   3.873799e-07   9.822607e-04   2.829742e-10   2293592
  2.317692e+00   3.825598e-07   9.808333e-04   2.802737e-10   2281384
  2.321098e+00   3.761141e-07   9.858657e-04   2.748237e-10   2285776
  2.324499e+00   3.719645e-07   9.776590e-04   2.735049e-10   2259408
  2.327898e+00   3.664483e-07   9.837748e-04   2.687342e-10   2266808
  2.331301e+00   3.615870e-07   9.803406e-04   2.661648e-10   2248836
  2.334698e+00   3.566921e-07   9.826639e-04   2.630121e-10   2245244
  2.338097e+00   3.510105e-07   9.807008e-04   2.588382e-10   2233908
  2.341498e+00   3.462391e-07   9.826023e-04   2.547464e-10   2231660
  2.344900e+00   3.415511e-07   9.803694e-04   2.522531e-10   2218544
  2.348303e+00   3.363476e-07   9.841932e-04   2.488368e-10   2218176
  2.351706e+00   3.322296e-07   9.811254e-04   2.458638e-10   2202900
  2.355107e+00   3.274491e-07   9.815282e-04   2.428200e-10   2197472
  2.358504e+00   3.239683e-07   9.785599e-04   2.413693e-10   2181960
  2.361902e+00   3.192337e-07   9.836141e-04   2.372681e-10   2183696
  2.365306e+00   3.147866e-07   9.832539e-04   2.341505e-10   2173416
  2.368709e+00   3.107837e-07   9.825525e-04   2.325993e-10   2165444
  2.372110e+00   3.067398e-07   9.797907e-04   2.294402e-10   2152688
  2.375509e+00   3.023089e-07   9.815549e-04   2.260143e-10   2147628
  2.378910e+00   2.983886e-07   9.820428e-04   2.236670e-10   2139012
  2.382315e+00   2.944492e-07   9.845724e-04   2.206987e-10   2136008
  2.385709e+00   2.908663e-07   9.752701e-04   2.192687e-10   2108656
  2.389104e+00   2.866422e-07   9.832761e-04   2.155034e-10   2117896
  2.392509e+00   2.830563e-07   9.830191e-04   2.134988e-10   2106260
  2.395912e+00   2.786817e-07   9.833730e-04   2.105613e-10   2099088
  2.399315e+00   2.752182e-07   9.817275e-04   2.083613e-10   2088432
  2.402716e+00   2.719809e-07   9.804125e-04   2.068594e-10   2078432
  2.406115e+00   2.684281e-07   9.806198e-04   2.043146e-10   2069048
  2.409516e+00   2.647752e-07   9.833522e-04   2.019847e-10   2064804
  2.412920e+00   2.615939e-07   9.831224e-04   1.996500e-10   2055644
  2.416321e+00   2.583516e-07   9.806126e-04   1.976720e-10   2043000
  2.419718e+00   2.545127e-07   9.800589e-04   1.955505e-10   2032348
  2.423121e+00   2.516077e-07   9.856832e-04   1.931734e-10   2034064
  2.426526e+00   2.486518e-07   9.819348e-04   1.916188e-10   2017740
  2.429926e+00   2.447465e-07   9.812949e-04   1.887693e-10   2010188
  2.433325e+00   2.417192e-07   9.789075e-04   1.867155e-10   1996556
  2.436723e+00   2.384544e-07   9.821491e-04   1.843792e-10   1992816
  2.440123e+00   2.356850e-07   9.821092e-04   1.824080e-10   1982400
  2.443522e+00   2.334054e-07   9.811038e-04   1.816559e-10   1972256
  2.446920e+00   2.299523e-07   9.808752e-04   1.793630e-10   1964384
  2.450323e+00   2.271427e-07   9.825278e-04   1.776599e-10   1958544
  2.453726e+00   2.243890e-07   9.821775e-04   1.756592e-10   1946988
  2.457130e+00   2.213592e-07   9.840500e-04   1.732098e-10   1942532
  2.460529e+00   2.184472e-07   9.777101e-04   1.718258e-10   1921692
  2.463928e+00   2.159305e-07   9.833317e-04   1.702696e-10   1924004
  2.467330e+00   2.132606e-07   9.803195e-04   1.684378e-10   1907344
  2.470733e+00   2.105309e-07   9.853101e-04   1.665559e-10   1907440
  2.474135e+00   2.081726e-07   9.788798e-04   1.656140e-10   1886136
  2.477531e+00   2.060026e-07   9.816797e-04   1.646306e-10   1883144
  2.480934e+00   2.028901e-07   9.824091e-04   1.617733e-10   1874724
  2.484338e+00   2.007777e-07   9.833480e-04   1.607685e-10   1866068
  2.487738e+00   1.979922e-07   9.812729e-04   1.587794e-10   1852980
  2.491140e+00   1.955816e-07   9.824339e-04   1.573528e-10   1847468
  2.494538e+00   1.940386e-07   9.781928e-04   1.567959e-10   1829636
  2.497936e+00   1.911091e-07   9.834643e-04   1.544700e-10   1829688
  2.501341e+00   1.889443e-07   9.824400e-04   1.529299e-10   1817192
  2.504741e+00   1.864765e-07   9.810060e-04   1.516478e-10   1806312
  2.508140e+00   1.842296e-07   9.802531e-04   1.501326e-10   1795984
  2.511543e+00   1.819373e-07   9.831733e-04   1.488163e-10   1791100
  2.514946e+00   1.801509e-07   9.817942e-04   1.480282e-10   1777648
  2.518347e+00   1.776743e-07   9.826630e-04   1.462089e-10   1769848
  2.521746e+00   1.757439e-07   9.799953e-04   1.454530e-10   1756536
  2.525146e+00   1.737611e-07   9.812129e-04   1.441846e-10   1748960
  2.528547e+00   1.717949e-07   9.826374e-04   1.429635e-10   1739952
  2.531950e+00   1.696037e-07   9.837089e-04   1.415099e-10   1732124
  2.535351e+00   1.676838e-07   9.802823e-04   1.403334e-10   1716852
  2.538751e+00   1.656476e-07   9.823932e-04   1.390458e-10   1712276
  2.542154e+00   1.633224e-07   9.810692e-04   1.373712e-10   1698500
  2.545557e+00   1.620131e-07   9.849039e-04   1.371294e-10   1693932
  2.548957e+00   1.603545e-07   9.793284e-04   1.362379e-10   1675204
  2.552353e+00   1.579067e-07   9.815499e-04   1.343738e-10   1670644
  2.555751e+00   1.564386e-07   9.787008e-04   1.341875e-10   1655532
  2.559155e+00   1.550839e-07   9.861163e-04   1.326732e-10   1656860
  2.562557e+00   1.526876e-07   9.798597e-04   1.316407e-10   1635372
  2.565959e+00   1.509328e-07   9.841765e-04   1.302892e-10   1634324
  2.569359e+00   1.495781e-07   9.777008e-04   1.300604e-10   1613676
  2.572758e+00   1.475630e-07   9.840395e-04   1.284575e-10   1613348
  2.576160e+00   1.461891e-07   9.807023e-04   1.277473e-10   1596236
  2.579561e+00   1.445072e-07   9.834991e-04   1.268310e-10   1591476
  2.582962e+00   1.426055e-07   9.792427e-04   1.258326e-10   1575732
  2.586359e+00   1.407494e-07   9.803750e-04   1.245349e-10   1566236
  2.589759e+00   1.398867e-07   9.841339e-04   1.241612e-10   1560292
  2.593166e+00   1.380719e-07   9.838869e-04   1.231857e-10   1550092
  2.596565e+00   1.365046e-07   9.789064e-04   1.227382e-10   1532628
  2.599963e+00   1.351355e-07   9.813188e-04   1.219076e-10   1527332
  2.603365e+00   1.335952e-07   9.816488e-04   1.208671e-10   1515212
  2.606765e+00   1.320657e-07   9.831211e-04   1.198807e-10   1506444
  2.610167e+00   1.307545e-07   9.819780e-04   1.191013e-10   1495116
  2.613562e+00   1.293292e-07   9.774397e-04   1.189179e-10   1479152
  2.616961e+00   1.279225e-07   9.826090e-04   1.177131e-10   1475512
  2.620369e+00   1.268360e-07   9.857671e-04   1.172164e-10   1467820
  2.623774e+00   1.251444e-07   9.816828e-04   1.166358e-10   1451256
  2.627176e+00   1.236167e-07   9.823847e-04   1.155141e-10   1443212
  2.630573e+00   1.222510e-07   9.775986e-04   1.150152e-10   1425680
  2.633972e+00   1.211440e-07   9.838248e-04   1.143976e-10   1422972
  2.637375e+00   1.199661e-07   9.826449e-04   1.139231e-10   1408632
  2.640778e+00   1.182528e-07   9.834480e-04   1.125911e-10   1400984
  2.644178e+00   1.175981e-07   9.781513e-04   1.132169e-10   1383196
  2.647576e+00   1.159427e-07   9.827970e-04   1.118004e-10   1378120
  2.650981e+00   1.147950e-07   9.838936e-04   1.110708e-10   1367272
  2.654386e+00   1.136410e-07   9.839001e-04   1.109430e-10   1356580
  2.657781e+00   1.122263e-07   9.764772e-04   1.103742e-10   1337028
  2.661175e+00   1.113322e-07   9.807019e-04   1.098077e-10   1332500
  2.664576e+00   1.101962e-07   9.824328e-04   1.094415e-10   1321796
  2.667980e+00   1.090925e-07   9.842336e-04   1.092258e-10   1312716
  2.671381e+00   1.077373e-07   9.799494e-04   1.080617e-10   1296580
  2.674784e+00   1.065797e-07   9.836937e-04   1.076544e-10   1291528
  2.678185e+00   1.057883e-07   9.791874e-04   1.077444e-10   1273128
  2.681585e+00   1.046201e-07   9.849289e-04   1.072067e-10   1268720
  2.684990e+00   1.037367e-07   9.820200e-04   1.068262e-10   1254016
  2.688389e+00   1.020419e-07   9.799073e-04   1.061238e-10   1241296
  2.691782e+00   1.011200e-07   9.773359e-04   1.056662e-10   1226712
  2.695185e+00   1.001537e-07   9.871642e-04   1.049355e-10   1226228
  2.698592e+00   9.941174e-08   9.822935e-04   1.053983e-10   1207768
  2.701993e+00   9.806245e-08   9.821287e-04   1.037518e-10   1198336
  2.705390e+00   9.702159e-08   9.774693e-04   1.042323e-10   1181484
  2.708791e+00   9.574119e-08   9.847434e-04   1.033527e-10   1178012
  2.712196e+00   9.501219e-08   9.828591e-04   1.037488e-10   1162564
  2.715593e+00   9.405063e-08   9.802955e-04   1.031057e-10   1149340
  2.718991e+00   9.298978e-08   9.799593e-04   1.026954e-10   1138848
  2.722390e+00   9.187563e-08   9.801680e-04   1.024294e-10   1126748
  2.725791e+00   9.138769e-08   9.834222e-04   1.022913e-10   1117428
  2.729199e+00   8.999587e-08   9.855325e-04   1.017438e-10   1108112
  2.732601e+00   8.905620e-08   9.796049e-04   1.015257e-10   1090596
  2.736000e+00   8.796454e-08   9.802553e-04   1.012486e-10   1081052
  2.739396e+00   8.722676e-08   9.787000e-04   1.013544e-10   1065716
  2.742798e+00   8.623206e-08   9.867653e-04   1.004437e-10   1061940
  2.746204e+00   8.555290e-08   9.811985e-04   1.010431e-10   1044096
  2.749604e+00   8.423141e-08   9.818713e-04   1.001346e-10   1034864
  2.753003e+00   8.311870e-08   9.778923e-04   9.942162e-11   1018308
  2.756407e+00   8.272250e-08   9.880499e-04   9.995513e-11   1014812
  2.759813e+00   8.158504e-08   9.817334e-04   9.958817e-11   996288
  2.763211e+00   8.037270e-08   9.807414e-04   9.894670e-11   985376
  2.766605e+00   7.918831e-08   9.763946e-04   9.828172e-11   969652
  2.770007e+00   7.869661e-08   9.852383e-04   9.849238e-11   964924
  2.773408e+00   7.785252e-08   9.813255e-04   9.845307e-11   947228
  2.776808e+00   7.648451e-08   9.830247e-04   9.740981e-11   939084
  2.780208e+00   7.544507e-08   9.769128e-04   9.704839e-11   921864
  2.783607e+00   7.469556e-08   9.830641e-04   9.659239e-11   914252
  2.787014e+00   7.404048e-08   9.855161e-04   9.684116e-11   902572
  2.790419e+00   7.280343e-08   9.827520e-04   9.660630e-11   888784
  2.793815e+00   7.172542e-08   9.766961e-04   9.572475e-11   872540
  2.797210e+00   7.046223e-08   9.801377e-04   9.484136e-11   862848
  2.800610e+00   6.997995e-08   9.835812e-04   9.504247e-11   851760
  2.804018e+00   6.887816e-08   9.862752e-04   9.400455e-11   841940
  2.807419e+00   6.763837e-08   9.779538e-04   9.358651e-11   823032
  2.810819e+00   6.667418e-08   9.834420e-04   9.299657e-11   816044
  2.814221e+00   6.569383e-08   9.803182e-04   9.253900e-11   799292
  2.817622e+00   6.445391e-08   9.859358e-04   9.131255e-11   791304
  2.821022e+00   6.333682e-08   9.778036e-04   9.094447e-11   772868
  2.824414e+00   6.213760e-08   9.799444e-04   8.925230e-11   762552
  2.827814e+00   6.109445e-08   9.815264e-04   8.857790e-11   750876
  2.831218e+00   6.018575e-08   9.834990e-04   8.813785e-11   739280
  2.834619e+00   5.889895e-08   9.815612e-04   8.620923e-11   724944
  2.838024e+00   5.737096e-08   9.837337e-04   8.383996e-11   714380
  2.841419e+00   5.627334e-08   9.765403e-04   8.317377e-11   695932
  2.844820e+00   5.488367e-08   9.860188e-04   8.026643e-11   690949
  2.848225e+00   5.375016e-08   9.790494e-04   7.868782e-11   673638
  2.851624e+00   5.249446e-08   9.838795e-04   7.737485e-11   666092
  2.855023e+00   5.179117e-08   9.776476e-04   7.671820e-11   651024
  2.858420e+00   5.072976e-08   9.835476e-04   7.522497e-11   644804
  2.861824e+00   4.994198e-08   9.809055e-04   7.443964e-11   632676
  2.865228e+00   4.891855e-08   9.847549e-04   7.339803e-11   624962
  2.868627e+00   4.807483e-08   9.786841e-04   7.200077e-11   611280
  2.872031e+00   4.716322e-08   9.864670e-04   7.118130e-11   607256
  2.875434e+00   4.652049e-08   9.785773e-04   7.075483e-11   592616
  2.878833e+00   4.575509e-08   9.838766e-04   6.973656e-11   587160
  2.882235e+00   4.492558e-08   9.806552e-04   6.856139e-11   575482
  2.885633e+00   4.431382e-08   9.821917e-04   6.782428e-11   568258
  2.889037e+00   4.379993e-08   9.823894e-04   6.798628e-11   559638
  2.892441e+00   4.285458e-08   9.828085e-04   6.660830e-11   551498
  2.895844e+00   4.233457e-08   9.815660e-04   6.586661e-11   542364
  2.899245e+00   4.146814e-08   9.820373e-04   6.497047e-11   534146
  2.902642e+00   4.100487e-08   9.799896e-04   6.452509e-11   524980
  2.906047e+00   4.031135e-08   9.845691e-04   6.374607e-11   519964
  2.909443e+00   3.975611e-08   9.764000e-04   6.352460e-11   507108
  2.912842e+00   3.891955e-08   9.860421e-04   6.203340e-11   504992
  2.916245e+00   3.862601e-08   9.788238e-04   6.205181e-11   492948
  2.919647e+00   3.795655e-08   9.864404e-04   6.098130e-11   489740
  2.923050e+00   3.749119e-08   9.776779e-04   6.083215e-11   477716
  2.926447e+00   3.682862e-08   9.842557e-04   6.007812e-11   473844
  2.929849e+00   3.655800e-08   9.793241e-04   5.993065e-11   464222
  2.933249e+00   3.564309e-08   9.833380e-04   5.849887e-11   459048
  2.936646e+00   3.541921e-08   9.781522e-04   5.862513e-11   449574
  2.940047e+00   3.473097e-08   9.843913e-04   5.761859e-11   445820
  2.943444e+00   3.433452e-08   9.766847e-04   5.730736e-11   435158
  2.946848e+00   3.397104e-08   9.868688e-04   5.718400e-11   433566
  2.950249e+00   3.333682e-08   9.754175e-04   5.672761e-11   421014
  2.953647e+00   3.313941e-08   9.867845e-04   5.617668e-11   419996
  2.957054e+00   3.252106e-08   9.785008e-04   5.586175e-11   409482
  2.960447e+00   3.190428e-08   9.814565e-04   5.495682e-11   404414
  2.963850e+00   3.187348e-08   9.822465e-04   5.551754e-11   398518
  2.967254e+00   3.120726e-08   9.832814e-04   5.441697e-11   392302
  2.970654e+00   3.102006e-08   9.815439e-04   5.472474e-11   385318
  2.974064e+00   3.062664e-08   9.866772e-04   5.408292e-11   381718
  2.977460e+00   2.994845e-08   9.751975e-04   5.315673e-11   370674
  2.980859e+00   2.982269e-08   9.875886e-04   5.321143e-11   370166
  2.984264e+00   2.929439e-08   9.774032e-04   5.275117e-11   359838
  2.987662e+00   2.889410e-08   9.857853e-04   5.219577e-11   357488
  2.991061e+00   2.864315e-08   9.759886e-04   5.236046e-11   348174
  2.994460e+00   2.812720e-08   9.853707e-04   5.123381e-11   346010
  2.997858e+00   2.811977e-08   9.762078e-04   5.224538e-11   336966
  3.001265e+00   2.752254e-08   9.900594e-04   5.080917e-11   336488
  3.004668e+00   2.734631e-08   9.740308e-04   5.132061e-11   325206
  3.008066e+00   2.693136e-08   9.873451e-04   5.043946e-11   324614
  3.011466e+00   2.656826e-08   9.747062e-04   5.048118e-11   314792
  3.014866e+00   2.619533e-08   9.879043e-04   5.008163e-11   314082
  3.018264e+00   2.598386e-08   9.737379e-04   5.010382e-11   303918
  3.021663e+00   2.570236e-08   9.889509e-04   4.965130e-11   303872
  3.025070e+00   2.524015e-08   9.784574e-04   4.951039e-11   295070
  3.028471e+00   2.496668e-08   9.862273e-04   4.890214e-11   292776
  3.031875e+00   2.486397e-08   9.783859e-04   4.932861e-11   285198
  3.035272e+00   2.441350e-08   9.836512e-04   4.838780e-11   282068
  3.038673e+00   2.426348e-08   9.805621e-04   4.888704e-11   276094
  3.042072e+00   2.394933e-08   9.815492e-04   4.859531e-11   271936
  3.045470e+00   2.378647e-08   9.796535e-04   4.843683e-11   266352
  3.048872e+00   2.327529e-08   9.837389e-04   4.766450e-11   263198
  3.052270e+00   2.331908e-08   9.774507e-04   4.812639e-11   256540
  3.055674e+00   2.283730e-08   9.870156e-04   4.736076e-11   254758
  3.059074e+00   2.280671e-08   9.752535e-04   4.771097e-11   246888
  3.062476e+00   2.248294e-08   9.882518e-04   4.744118e-11   245984
  3.065876e+00   2.214458e-08   9.745285e-04   4.737117e-11   237838
  3.069275e+00   2.185776e-08   9.875456e-04   4.698036e-11   236932
  3.072674e+00   2.193202e-08   9.753501e-04   4.759829e-11   229296
  3.076079e+00   2.152743e-08   9.905935e-04   4.709958e-11   228968
  3.079484e+00   2.139320e-08   9.759176e-04   4.724237e-11   220862
  3.082887e+00   2.112193e-08   9.907802e-04   4.682795e-11   220440
  3.086289e+00   2.101469e-08   9.746422e-04   4.734321e-11   212400
  3.089691e+00   2.059922e-08   9.910214e-04   4.657360e-11   212228
  3.093094e+00   2.054771e-08   9.746868e-04   4.690647e-11   204518
  3.096495e+00   2.027418e-08   9.889482e-04   4.628552e-11   203928
  3.099893e+00   2.015854e-08   9.720561e-04   4.674675e-11   196280
  3.103292e+00   1.985451e-08   9.890661e-04   4.628435e-11   196272
  3.106690e+00   1.975553e-08   9.712571e-04   4.692535e-11   188572
  3.110087e+00   1.950013e-08   9.879143e-04   4.608032e-11   188440
  3.113488e+00   1.942368e-08   9.734613e-04   4.687494e-11   181574
  3.116887e+00   1.916994e-08   9.881590e-04   4.631698e-11   180912
  3.120287e+00   1.915373e-08   9.735403e-04   4.719468e-11   174304
  3.123686e+00   1.898033e-08   9.886917e-04   4.691854e-11   173620
  3.127087e+00   1.870586e-08   9.751672e-04   4.691800e-11   167424
  3.130494e+00   1.853670e-08   9.911060e-04   4.662521e-11   166952
  3.133891e+00   1.847849e-08   9.707301e-04   4.709585e-11   159744
  3.137294e+00   1.808031e-08   9.930247e-04   4.599907e-11   160424
  3.140692e+00   1.806000e-08   9.688943e-04   4.712912e-11   152748
  3.144094e+00   1.798204e-08   9.946857e-04   4.686170e-11   153920
  3.147494e+00   1.792210e-08   9.672886e-04   4.765319e-11   146016
  3.150891e+00   1.765006e-08   9.941819e-04   4.679832e-11   147176
  3.154293e+00   1.751331e-08   9.692460e-04   4.726200e-11   139992
  3.157692e+00   1.725847e-08   9.933564e-04   4.686106e-11   140588
  3.161097e+00   1.722460e-08   9.721310e-04   4.781917e-11   134184
  3.164500e+00   1.712773e-08   9.923555e-04   4.750433e-11   134192
  3.167900e+00   1.697740e-08   9.713175e-04   4.845449e-11   127992
  3.171301e+00   1.684544e-08   9.922025e-04   4.766843e-11   128132
  3.174706e+00   1.672780e-08   9.738163e-04   4.849913e-11   122384
  3.178105e+00   1.660904e-08   9.894388e-04   4.798845e-11   121896
  3.181505e+00   1.644305e-08   9.729889e-04   4.850199e-11   116592
  3.184902e+00   1.630321e-08   9.887769e-04   4.856720e-11   116072
  3.188304e+00   1.624766e-08   9.741208e-04   4.926464e-11   111196
  3.191708e+00   1.605851e-08   9.922343e-04   4.890153e-11   110824
  3.195109e+00   1.596409e-08   9.706819e-04   4.997722e-11   105456
  3.198515e+00   1.581541e-08   9.956721e-04   4.927587e-11   105746
  3.201914e+00   1.579532e-08   9.664985e-04   5.043785e-11   99816
  3.205315e+00   1.558765e-08   9.954263e-04   4.942037e-11   100460
  3.208711e+00   1.567129e-08   9.652876e-04   5.183802e-11   94616
  3.212112e+00   1.532791e-08   9.961719e-04   5.019595e-11   95448
  3.215512e+00   1.530221e-08   9.666714e-04   5.173862e-11   89784
  3.218916e+00   1.521225e-08   9.964090e-04   5.092235e-11   90536
  3.222310e+00   1.524778e-08   9.614793e-04   5.283777e-11   84566
  3.225712e+00   1.501630e-08   1.000274e-03   5.129232e-11   86088
  3.229109e+00   1.510954e-08   9.576880e-04   5.398879e-11   79680
  3.232504e+00   1.501610e-08   1.000528e-03   5.289622e-11   81368
  3.235905e+00   1.499993e-08   9.590062e-04   5.486553e-11   75356
  3.239299e+00   1.472616e-08   1.000262e-03   5.376924e-11   76704
  3.242704e+00   1.476200e-08   9.625143e-04   5.526891e-11   71322
  3.246105e+00   1.457812e-08   1.000713e-03   5.428339e-11   72248
  3.249509e+00   1.460896e-08   9.624193e-04   5.639948e-11   67160
  3.252908e+00   1.429884e-08   9.988504e-04   5.506585e-11   67836
  3.256303e+00   1.437694e-08   9.598606e-04   5.747000e-11   62976
  3.259706e+00   1.421119e-08   1.001348e-03   5.667993e-11   63914
  3.263097e+00   1.428053e-08   9.561656e-04   5.896815e-11   58832
  3.266501e+00   1.411343e-08   1.003699e-03   5.829338e-11   60108
  3.269890e+00   1.414886e-08   9.539295e-04   6.040350e-11   54920
  3.273312e+00   1.396343e-08   1.015086e-03   5.874639e-11   56970
  3.276708e+00   1.409438e-08   9.440493e-04   6.211947e-11   50760
  3.280114e+00   1.391685e-08   1.016179e-03   5.984762e-11   53312
  3.283511e+00   1.385624e-08   9.404818e-04   6.427267e-11   47164
  3.286913e+00   1.395582e-08   1.018327e-03   6.220218e-11   49810
  3.290311e+00   1.409550e-08   9.356940e-04   6.725713e-11   43680
  3.293705e+00   1.355763e-08   1.019216e-03   6.266344e-11   46328
  3.297113e+00   1.355486e-08   9.396643e-04   6.699726e-11   40694
  3.300512e+00   1.380882e-08   1.021248e-03   6.760637e-11   42984
  3.303924e+00   1.358006e-08   9.393885e-04   7.038401e-11   37656
  3.307314e+00   1.344176e-08   1.018706e-03   6.707859e-11   39578
  3.310727e+00   1.348067e-08   9.431432e-04   7.167684e-11   34920
  3.314118e+00   1.354494e-08   1.015057e-03   7.127607e-11   36308
  3.317520e+00   1.324406e-08   9.417761e-04   7.387003e-11   32136
  3.320917e+00   1.339134e-08   1.014476e-03   7.402372e-11   33362
  3.324306e+00   1.341630e-08   9.360215e-04   7.818120e-11   29336
  3.327716e+00   1.321549e-08   1.021505e-03   7.562117e-11   30804
  3.331095e+00   1.341758e-08   9.233243e-04   8.320343e-11   26490
  3.334511e+00   1.322932e-08   1.029571e-03   7.899896e-11   28376
  3.337879e+00   1.322858e-08   9.097669e-04   8.490625e-11   23784
  3.341307e+00   1.308144e-08   1.040923e-03   8.100230e-11   26150
  3.344669e+00   1.324772e-08   8.938898e-04   9.094657e-11   21192
  3.348106e+00   1.294096e-08   1.054204e-03   8.482045e-11   24050
  3.351471e+00   1.332046e-08   8.769951e-04   9.581613e-11   18768
  3.354917e+00   1.311183e-08   1.068828e-03   8.894621e-11   22052
  3.358276e+00   1.301977e-08   8.453078e-04   1.014017e-10   16346
  3.361716e+00   1.295727e-08   1.081988e-03   9.020670e-11   20136
  3.365077e+00   1.291429e-08   8.114920e-04   1.092507e-10   14160
  3.368506e+00   1.283933e-08   1.091186e-03   9.682901e-11   18218
  3.371870e+00   1.285461e-08   7.752035e-04   1.173862e-10   12204
  3.375286e+00   1.298879e-08   1.099293e-03   1.019610e-10   16346
  3.378666e+00   1.308071e-08   7.492433e-04   1.285340e-10   10536
  3.382068e+00   1.305307e-08   1.103455e-03   1.079327e-10   14456
  3.385446e+00   1.333778e-08   7.144473e-04   1.392909e-10   8990
  3.388846e+00   1.298171e-08   1.111587e-03   1.165588e-10   12744
  3.392213e+00   1.296492e-08   6.547202e-04   1.550874e-10   7506
  3.395615e+00   1.260309e-08   1.122493e-03   1.202797e-10   11192
  3.398977e+00   1.286618e-08   5.748287e-04   1.599248e-10   6156
  3.402378e+00   1.303684e-08   1.132774e-03   1.332469e-10   9722
  3.405746e+00   1.280928e-08   4.871262e-04   1.772422e-10   4992
  3.409138e+00   1.282683e-08   1.141441e-03   1.371770e-10   8306
  3.412522e+00   1.274773e-08   3.836029e-04   2.054273e-10   3996
  3.415893e+00   1.294992e-08   1.145615e-03   1.515250e-10   6938
  3.419295e+00   1.310847e-08   2.666671e-04   2.411227e-10   3168
  3.422636e+00   1.315235e-08   1.141746e-03   1.682459e-10   5624
  3.426050e+00   1.250242e-08   1.840323e-04   2.476142e-10   2502
  3.429375e+00   1.348554e-08   1.135529e-03   2.049661e-10   4424
  3.432807e+00   1.380313e-08   1.951644e-04   3.032636e-10   1946
  3.436123e+00   1.289406e-08   1.131191e-03   2.207552e-10   3360
  3.439554e+00   1.326924e-08   1.068915e-04   3.339077e-10   1446
  3.442870e+00   1.288497e-08   1.128932e-03   2.466001e-10   2456
  3.446333e+00   1.336437e-08   2.047845e-04   4.389793e-10   1034
  3.449628e+00   1.256016e-08   1.127267e-03   3.008417e-10   1680
  3.453085e+00   1.211341e-08   5.107876e-05   4.452346e-10   678
  3.456375e+00   1.395833e-08   1.125846e-03   4.399195e-10   1064
  3.459905e+00   1.481671e-08   3.097621e-04   7.654649e-10   410
  3.463134e+00   1.403212e-08   1.124156e-03   5.857094e-10   576
  3.466644e+00   1.103567e-08   1.623447e-05   7.372466e-10   198
  3.469837e+00   1.436868e-08   1.113683e-03   9.570114e-10   248
  3.473678e+00   1.359266e-08   7.017054e-04   1.593781e-09   74
  3.476548e+00   1.074429e-08   1.096056e-03   1.197292e-09   48
  3.480229e+00   2.783672e-09   4.404833e-08   7.007778e-10   6
