# power spectrum of delta_kessence
# redshift z=99.597220
# k              Pk             sigma(k)       sigma(Pk)      count
  5.011399e-03   1.410834e-08   7.667927e-04   3.530117e-09   18
  8.760343e-03   9.152828e-08   9.274321e-04   1.200095e-08   62
  1.219264e-02   2.575236e-07   6.415737e-04   2.306038e-08   90
  1.544208e-02   3.935888e-07   1.012578e-03   2.462419e-08   170
  1.882375e-02   6.334806e-07   1.052445e-03   3.943558e-08   246
  2.212586e-02   6.516235e-07   1.003365e-03   3.343074e-08   338
  2.538461e-02   7.805776e-07   8.625369e-04   3.710230e-08   432
  2.874098e-02   8.616175e-07   8.837915e-04   3.332492e-08   578
  3.227171e-02   1.010052e-06   1.029950e-03   3.584204e-08   786
  3.588781e-02   1.245386e-06   1.042120e-03   4.018408e-08   974
  3.927835e-02   1.294154e-06   9.024764e-04   4.031568e-08   1002
  4.262088e-02   1.462956e-06   1.031890e-03   3.758207e-08   1334
  4.605629e-02   1.501035e-06   9.928413e-04   3.993584e-08   1458
  4.927148e-02   1.668591e-06   9.383900e-04   4.190490e-08   1604
  5.258888e-02   1.784070e-06   9.527568e-04   4.226556e-08   1974
  5.604245e-02   1.907228e-06   9.344901e-04   3.915768e-08   2234
  5.946160e-02   1.839782e-06   9.563349e-04   3.653828e-08   2490
  6.298673e-02   2.009538e-06   1.050190e-03   3.565464e-08   3014
  6.645970e-02   2.012938e-06   9.569094e-04   3.806641e-08   3018
  6.980659e-02   2.103074e-06   9.901480e-04   3.556846e-08   3446
  7.314650e-02   1.944715e-06   9.499151e-04   3.225122e-08   3626
  7.649254e-02   2.159074e-06   9.848619e-04   3.322228e-08   4164
  7.989286e-02   2.169848e-06   9.543971e-04   3.209934e-08   4470
  8.331432e-02   2.240595e-06   9.760154e-04   3.106242e-08   4970
  8.675810e-02   2.293872e-06   9.868635e-04   3.153859e-08   5366
  9.019370e-02   2.325108e-06   1.001451e-03   3.095180e-08   5778
  9.359169e-02   2.307311e-06   1.005504e-03   3.025631e-08   6162
  9.700871e-02   2.314500e-06   1.013488e-03   2.809960e-08   6734
  1.003455e-01   2.328912e-06   9.405356e-04   2.850601e-08   6756
  1.036446e-01   2.355285e-06   9.524971e-04   2.717740e-08   7502
  1.070531e-01   2.338563e-06   9.671949e-04   2.560336e-08   8154
  1.104660e-01   2.406346e-06   9.653722e-04   2.600164e-08   8618
  1.139171e-01   2.357857e-06   1.003323e-03   2.502471e-08   9390
  1.173547e-01   2.413833e-06   9.852535e-04   2.439293e-08   9722
  1.207545e-01   2.387151e-06   9.860810e-04   2.324169e-08   10242
  1.241631e-01   2.391251e-06   1.005600e-03   2.259593e-08   11006
  1.275555e-01   2.386644e-06   9.685920e-04   2.216053e-08   11348
  1.309504e-01   2.331813e-06   9.675094e-04   2.096838e-08   12150
  1.343269e-01   2.342292e-06   9.435547e-04   2.077389e-08   12498
  1.377313e-01   2.339380e-06   9.886530e-04   2.013102e-08   13586
  1.411459e-01   2.352139e-06   9.905633e-04   2.042592e-08   14006
  1.445833e-01   2.297383e-06   1.020453e-03   1.863836e-08   15162
  1.479823e-01   2.281203e-06   9.640349e-04   1.873553e-08   14990
  1.513532e-01   2.310415e-06   1.000250e-03   1.856098e-08   16380
  1.547534e-01   2.355949e-06   9.673831e-04   1.829907e-08   16666
  1.581272e-01   2.266802e-06   9.715542e-04   1.697234e-08   17638
  1.615246e-01   2.296674e-06   9.629562e-04   1.689177e-08   18354
  1.649122e-01   2.273986e-06   9.648100e-04   1.662647e-08   19034
  1.683224e-01   2.270930e-06   1.001264e-03   1.607002e-08   20270
  1.717777e-01   2.268122e-06   1.011461e-03   1.606095e-08   21258
  1.751873e-01   2.234204e-06   9.729108e-04   1.524308e-08   21350
  1.785755e-01   2.212674e-06   9.827640e-04   1.453442e-08   22644
  1.819721e-01   2.181353e-06   9.637913e-04   1.441948e-08   23114
  1.853591e-01   2.190951e-06   9.784818e-04   1.421647e-08   24342
  1.887709e-01   2.147817e-06   9.779824e-04   1.357757e-08   25194
  1.921706e-01   2.147736e-06   9.766706e-04   1.346403e-08   25982
  1.955383e-01   2.121715e-06   9.708990e-04   1.293016e-08   26506
  1.989580e-01   2.165362e-06   1.021831e-03   1.282919e-08   28738
  2.023656e-01   2.115147e-06   9.717245e-04   1.263380e-08   28296
  2.057704e-01   2.127084e-06   1.000845e-03   1.225122e-08   30554
  2.091688e-01   2.101794e-06   9.485901e-04   1.222153e-08   30094
  2.125221e-01   2.081743e-06   9.710923e-04   1.166807e-08   31738
  2.159356e-01   2.050690e-06   9.929033e-04   1.126319e-08   33306
  2.193286e-01   2.043818e-06   9.661337e-04   1.111243e-08   33422
  2.227194e-01   2.016523e-06   9.900859e-04   1.086681e-08   35298
  2.261624e-01   2.004746e-06   1.000185e-03   1.056914e-08   36650
  2.295712e-01   1.976994e-06   9.760902e-04   1.015526e-08   36888
  2.329819e-01   1.975911e-06   9.904086e-04   1.000289e-08   38834
  2.363985e-01   1.946731e-06   9.689353e-04   9.950756e-09   39246
  2.397896e-01   1.940143e-06   9.728047e-04   9.686577e-09   40466
  2.431611e-01   1.939127e-06   9.698523e-04   9.527117e-09   41106
  2.465616e-01   1.915962e-06   1.002402e-03   9.191942e-09   43598
  2.499729e-01   1.924169e-06   9.767696e-04   9.171840e-09   43650
  2.533537e-01   1.894428e-06   9.807939e-04   8.830890e-09   45272
  2.567753e-01   1.891628e-06   9.902728e-04   8.752987e-09   46994
  2.601932e-01   1.865717e-06   9.838031e-04   8.555450e-09   47850
  2.635891e-01   1.835270e-06   9.763755e-04   8.342753e-09   48846
  2.669651e-01   1.832359e-06   9.674364e-04   8.231986e-09   49706
  2.703341e-01   1.835797e-06   9.741070e-04   8.228652e-09   51198
  2.737406e-01   1.799608e-06   9.924828e-04   7.749243e-09   53402
  2.771371e-01   1.786517e-06   9.722520e-04   7.775509e-09   53634
  2.805624e-01   1.778610e-06   1.000830e-03   7.388356e-09   56888
  2.839916e-01   1.769277e-06   9.684451e-04   7.368834e-09   56474
  2.874008e-01   1.742214e-06   9.892805e-04   7.110898e-09   58962
  2.908071e-01   1.733847e-06   9.753894e-04   7.117321e-09   59214
  2.941982e-01   1.715362e-06   9.869673e-04   6.897464e-09   61250
  2.975821e-01   1.721057e-06   9.719144e-04   6.933070e-09   61694
  3.009545e-01   1.702957e-06   9.802014e-04   6.744322e-09   63618
  3.043698e-01   1.685062e-06   9.975679e-04   6.577185e-09   66284
  3.077980e-01   1.671592e-06   9.829085e-04   6.481711e-09   67014
  3.111933e-01   1.650201e-06   9.745070e-04   6.372999e-09   67930
  3.145950e-01   1.645142e-06   9.864977e-04   6.251694e-09   70294
  3.179925e-01   1.626935e-06   9.751208e-04   6.185371e-09   70658
  3.213649e-01   1.630628e-06   9.817106e-04   6.059935e-09   72522
  3.247596e-01   1.614510e-06   9.844648e-04   5.929167e-09   74550
  3.281564e-01   1.599356e-06   9.737283e-04   5.815157e-09   75674
  3.315542e-01   1.581898e-06   9.772401e-04   5.619728e-09   77708
  3.349903e-01   1.579999e-06   9.941667e-04   5.504762e-09   80622
  3.384102e-01   1.554541e-06   9.737086e-04   5.526294e-09   80330
  3.418120e-01   1.553802e-06   9.872349e-04   5.366897e-09   82974
  3.452149e-01   1.534887e-06   9.787907e-04   5.268449e-09   83666
  3.486074e-01   1.539879e-06   9.855947e-04   5.300721e-09   85746
  3.519919e-01   1.510867e-06   9.786235e-04   5.165856e-09   86702
  3.553849e-01   1.509655e-06   9.853848e-04   5.055197e-09   89556
  3.587998e-01   1.503056e-06   9.787040e-04   4.978682e-09   91038
  3.622049e-01   1.497889e-06   9.781806e-04   4.934204e-09   92522
  3.655984e-01   1.476640e-06   9.796226e-04   4.802295e-09   94034
  3.690238e-01   1.469048e-06   1.002172e-03   4.723062e-09   97758
  3.724152e-01   1.455136e-06   9.656500e-04   4.665245e-09   95770
  3.757798e-01   1.445365e-06   9.833165e-04   4.615245e-09   99646
  3.791725e-01   1.449463e-06   9.759165e-04   4.548387e-09   100980
  3.825817e-01   1.430644e-06   9.863738e-04   4.473131e-09   104258
  3.859962e-01   1.418352e-06   9.755460e-04   4.386107e-09   104998
  3.894080e-01   1.408503e-06   9.835643e-04   4.293609e-09   107866
  3.928147e-01   1.410836e-06   9.740361e-04   4.250400e-09   108154
  3.962141e-01   1.399461e-06   9.934490e-04   4.188695e-09   111622
  3.996192e-01   1.385229e-06   9.826041e-04   4.150602e-09   112146
  4.030012e-01   1.383174e-06   9.795782e-04   4.093567e-09   114014
  4.063885e-01   1.362377e-06   9.764181e-04   3.988686e-09   116220
  4.097904e-01   1.344743e-06   9.798152e-04   3.900924e-09   118682
  4.132005e-01   1.346063e-06   9.857802e-04   3.878307e-09   121118
  4.166179e-01   1.332334e-06   9.842070e-04   3.808125e-09   122994
  4.200138e-01   1.314152e-06   9.755040e-04   3.762057e-09   123574
  4.234089e-01   1.321056e-06   9.898661e-04   3.729843e-09   126922
  4.268043e-01   1.320113e-06   9.841431e-04   3.713322e-09   127906
  4.301921e-01   1.306409e-06   9.815465e-04   3.622257e-09   130432
  4.335917e-01   1.285665e-06   9.754601e-04   3.511196e-09   132642
  4.369913e-01   1.285142e-06   9.719503e-04   3.513105e-09   134534
  4.404018e-01   1.283515e-06   9.840871e-04   3.483776e-09   137778
  4.438343e-01   1.275167e-06   9.933984e-04   3.384924e-09   140786
  4.472374e-01   1.272054e-06   9.717922e-04   3.414157e-09   139590
  4.506229e-01   1.261356e-06   9.849166e-04   3.337747e-09   143546
  4.540257e-01   1.246747e-06   9.844996e-04   3.270789e-09   145338
  4.574181e-01   1.244134e-06   9.804237e-04   3.246809e-09   147272
  4.608205e-01   1.234926e-06   9.820431e-04   3.200694e-09   150330
  4.642299e-01   1.229630e-06   9.784546e-04   3.136019e-09   152318
  4.676229e-01   1.220796e-06   9.721829e-04   3.118783e-09   153202
  4.710338e-01   1.211131e-06   9.963562e-04   3.066633e-09   158626
  4.744395e-01   1.204054e-06   9.772483e-04   3.045254e-09   157350
  4.778318e-01   1.189628e-06   9.898002e-04   2.964254e-09   161906
  4.812140e-01   1.187559e-06   9.669369e-04   2.977296e-09   160872
  4.846116e-01   1.182751e-06   9.917034e-04   2.896100e-09   167858
  4.880280e-01   1.181748e-06   9.756048e-04   2.895920e-09   167514
  4.914175e-01   1.162567e-06   9.745776e-04   2.835666e-09   169862
  4.948220e-01   1.159844e-06   9.838968e-04   2.789074e-09   173602
  4.982323e-01   1.153715e-06   9.830917e-04   2.760692e-09   175258
  5.016339e-01   1.154446e-06   9.862687e-04   2.727032e-09   177654
  5.050410e-01   1.142253e-06   9.895807e-04   2.686712e-09   180698
  5.084427e-01   1.147647e-06   9.791290e-04   2.711530e-09   181968
  5.118414e-01   1.130833e-06   9.787235e-04   2.631739e-09   184850
  5.152392e-01   1.130595e-06   9.792509e-04   2.620691e-09   187034
  5.186493e-01   1.120613e-06   9.887200e-04   2.578133e-09   191238
  5.220519e-01   1.119313e-06   9.768042e-04   2.566693e-09   191042
  5.254432e-01   1.111805e-06   9.855000e-04   2.504043e-09   195102
  5.288335e-01   1.100875e-06   9.778254e-04   2.485937e-09   195786
  5.322301e-01   1.089996e-06   9.901932e-04   2.423173e-09   201164
  5.356296e-01   1.091000e-06   9.735643e-04   2.441898e-09   201070
  5.390212e-01   1.085075e-06   9.785171e-04   2.392879e-09   205234
  5.424222e-01   1.076323e-06   9.768081e-04   2.351328e-09   207342
  5.458239e-01   1.071019e-06   9.815179e-04   2.328041e-09   210602
  5.492295e-01   1.071628e-06   9.836776e-04   2.319788e-09   213130
  5.526459e-01   1.069735e-06   9.915409e-04   2.290761e-09   217318
  5.560456e-01   1.052665e-06   9.743530e-04   2.266654e-09   216306
  5.594305e-01   1.046554e-06   9.794774e-04   2.227223e-09   220652
  5.628376e-01   1.045857e-06   9.842473e-04   2.203443e-09   224502
  5.662522e-01   1.042896e-06   9.844461e-04   2.178815e-09   227186
  5.696552e-01   1.030590e-06   9.784190e-04   2.164149e-09   228398
  5.730519e-01   1.028478e-06   9.819770e-04   2.138279e-09   231642
  5.764475e-01   1.026992e-06   9.824176e-04   2.122126e-09   233946
  5.798545e-01   1.020881e-06   9.913361e-04   2.083527e-09   238694
  5.832493e-01   1.009626e-06   9.753099e-04   2.069119e-09   238068
  5.866460e-01   1.007233e-06   9.835365e-04   2.045709e-09   244190
  5.900561e-01   1.006613e-06   9.771578e-04   2.026336e-09   245362
  5.934524e-01   1.005279e-06   9.800894e-04   2.028740e-09   248362
  5.968555e-01   9.956664e-07   9.839452e-04   1.998764e-09   251966
  6.002586e-01   9.887717e-07   9.805677e-04   1.957751e-09   254034
  6.036498e-01   9.899114e-07   9.775259e-04   1.957005e-09   255818
  6.070559e-01   9.825309e-07   9.912862e-04   1.925617e-09   262254
  6.104632e-01   9.780131e-07   9.773523e-04   1.917495e-09   261980
  6.138753e-01   9.741893e-07   9.883425e-04   1.879248e-09   268566
  6.172721e-01   9.735646e-07   9.667501e-04   1.894209e-09   265538
  6.206625e-01   9.696359e-07   9.869997e-04   1.854007e-09   273330
  6.240644e-01   9.601769e-07   9.812963e-04   1.843439e-09   273718
  6.274686e-01   9.546588e-07   9.910705e-04   1.801782e-09   279658
  6.308738e-01   9.591674e-07   9.800215e-04   1.813231e-09   279670
  6.342612e-01   9.494449e-07   9.791793e-04   1.789279e-09   282964
  6.376657e-01   9.483245e-07   9.856782e-04   1.764383e-09   288362
  6.410723e-01   9.436954e-07   9.787866e-04   1.759578e-09   289686
  6.444666e-01   9.382133e-07   9.767056e-04   1.737830e-09   292234
  6.478513e-01   9.343779e-07   9.736693e-04   1.727257e-09   294190
  6.512490e-01   9.277454e-07   9.869325e-04   1.691791e-09   300642
  6.546619e-01   9.230482e-07   9.871013e-04   1.670121e-09   303386
  6.580612e-01   9.176428e-07   9.793499e-04   1.665898e-09   304662
  6.614636e-01   9.160920e-07   9.820034e-04   1.654300e-09   309812
  6.648699e-01   9.119252e-07   9.779067e-04   1.639632e-09   311714
  6.682854e-01   9.095892e-07   9.889859e-04   1.615025e-09   318126
  6.716848e-01   9.037209e-07   9.721561e-04   1.618076e-09   315114
  6.750728e-01   9.035078e-07   9.862501e-04   1.593054e-09   322622
  6.784691e-01   9.008430e-07   9.775093e-04   1.596342e-09   322850
  6.818689e-01   8.978247e-07   9.897138e-04   1.567049e-09   329802
  6.852751e-01   8.929878e-07   9.833693e-04   1.553098e-09   331104
  6.886859e-01   8.890571e-07   9.866565e-04   1.535308e-09   336986
  6.920888e-01   8.832369e-07   9.721728e-04   1.534589e-09   335870
  6.954811e-01   8.802544e-07   9.807544e-04   1.515235e-09   341610
  6.988813e-01   8.761078e-07   9.817106e-04   1.497663e-09   344370
  7.022777e-01   8.802613e-07   9.819315e-04   1.492478e-09   347606
  7.056775e-01   8.710960e-07   9.835290e-04   1.468497e-09   351650
  7.090743e-01   8.689810e-07   9.788224e-04   1.459347e-09   353760
  7.124835e-01   8.630490e-07   9.883067e-04   1.441161e-09   360970
  7.159021e-01   8.643642e-07   9.827333e-04   1.440026e-09   362818
  7.192956e-01   8.594623e-07   9.713759e-04   1.431343e-09   362334
  7.226987e-01   8.554398e-07   9.881791e-04   1.406160e-09   371642
  7.260991e-01   8.535347e-07   9.752613e-04   1.414101e-09   368778
  7.294880e-01   8.501996e-07   9.876514e-04   1.390851e-09   376526
  7.328875e-01   8.458253e-07   9.811641e-04   1.378053e-09   377786
  7.362841e-01   8.454984e-07   9.830834e-04   1.366613e-09   382968
  7.396876e-01   8.435787e-07   9.807196e-04   1.354006e-09   386146
  7.430940e-01   8.425950e-07   9.835434e-04   1.342323e-09   390826
  7.464968e-01   8.373184e-07   9.797536e-04   1.339786e-09   392662
  7.499014e-01   8.350954e-07   9.850939e-04   1.328512e-09   398242
  7.532920e-01   8.293650e-07   9.729755e-04   1.322595e-09   396726
  7.566809e-01   8.279969e-07   9.841245e-04   1.304212e-09   404738
  7.600831e-01   8.264008e-07   9.825351e-04   1.299906e-09   407628
  7.634852e-01   8.206006e-07   9.813443e-04   1.282071e-09   411734
  7.668845e-01   8.203445e-07   9.775056e-04   1.272279e-09   414242
  7.702939e-01   8.160372e-07   9.855270e-04   1.260738e-09   421434
  7.737042e-01   8.165322e-07   9.802386e-04   1.257273e-09   421918
  7.771088e-01   8.128884e-07   9.872890e-04   1.241995e-09   427810
  7.805138e-01   8.078251e-07   9.826568e-04   1.236032e-09   429470
  7.839079e-01   8.080717e-07   9.797011e-04   1.231467e-09   432282
  7.873028e-01   8.018536e-07   9.821433e-04   1.211843e-09   437260
  7.907010e-01   8.022195e-07   9.806539e-04   1.213581e-09   440758
  7.941053e-01   7.995359e-07   9.841811e-04   1.195095e-09   446370
  7.975164e-01   7.965666e-07   9.834504e-04   1.196502e-09   450182
  8.009127e-01   7.915151e-07   9.757493e-04   1.182425e-09   449850
  8.043077e-01   7.929110e-07   9.864375e-04   1.176018e-09   457898
  8.077063e-01   7.871669e-07   9.796531e-04   1.166853e-09   458662
  8.111019e-01   7.858985e-07   9.815065e-04   1.157589e-09   464620
  8.144977e-01   7.879806e-07   9.750269e-04   1.159545e-09   466302
  8.179011e-01   7.839677e-07   9.839993e-04   1.139070e-09   474314
  8.213073e-01   7.810120e-07   9.800182e-04   1.136908e-09   475530
  8.247179e-01   7.755552e-07   9.879200e-04   1.116743e-09   483206
  8.281287e-01   7.732068e-07   9.814603e-04   1.113903e-09   483530
  8.315249e-01   7.735579e-07   9.809161e-04   1.109484e-09   487002
  8.349221e-01   7.707068e-07   9.835509e-04   1.100225e-09   491774
  8.383178e-01   7.680292e-07   9.804529e-04   1.093898e-09   495084
  8.417151e-01   7.682045e-07   9.794333e-04   1.090832e-09   499438
  8.451164e-01   7.636187e-07   9.820615e-04   1.081326e-09   504682
  8.485188e-01   7.627077e-07   9.813126e-04   1.073257e-09   507738
  8.519281e-01   7.603808e-07   9.891488e-04   1.064987e-09   515174
  8.553313e-01   7.608558e-07   9.796328e-04   1.062533e-09   514234
  8.587212e-01   7.575705e-07   9.795185e-04   1.059405e-09   519022
  8.621117e-01   7.537937e-07   9.776207e-04   1.042394e-09   522636
  8.655093e-01   7.540006e-07   9.815215e-04   1.040572e-09   529442
  8.689165e-01   7.511654e-07   9.823162e-04   1.029439e-09   534078
  8.723203e-01   7.492220e-07   9.785977e-04   1.026400e-09   536666
  8.757149e-01   7.467875e-07   9.771268e-04   1.020238e-09   539142
  8.791253e-01   7.454158e-07   9.924057e-04   1.009706e-09   550658
  8.825379e-01   7.456229e-07   9.816929e-04   1.012972e-09   548298
  8.859333e-01   7.425693e-07   9.826669e-04   1.003116e-09   553694
  8.893272e-01   7.391965e-07   9.768278e-04   9.933943e-10   556116
  8.927312e-01   7.385336e-07   9.844199e-04   9.838683e-10   564890
  8.961296e-01   7.348322e-07   9.766230e-04   9.796132e-10   563718
  8.995313e-01   7.345804e-07   9.874972e-04   9.685498e-10   574298
  9.029379e-01   7.320181e-07   9.804817e-04   9.723050e-10   573966
  9.063376e-01   7.315491e-07   9.852707e-04   9.642255e-10   580586
  9.097364e-01   7.282283e-07   9.817750e-04   9.591412e-10   582666
  9.131388e-01   7.299542e-07   9.852143e-04   9.551968e-10   590648
  9.165400e-01   7.237979e-07   9.754677e-04   9.447047e-10   590394
  9.199310e-01   7.227907e-07   9.770986e-04   9.389096e-10   596174
  9.233301e-01   7.220232e-07   9.802065e-04   9.319341e-10   601674
  9.267350e-01   7.212105e-07   9.846832e-04   9.268013e-10   607682
  9.301415e-01   7.196725e-07   9.838059e-04   9.251513e-10   611166
  9.335460e-01   7.177709e-07   9.835863e-04   9.182875e-10   615626
  9.369426e-01   7.176532e-07   9.795239e-04   9.146629e-10   617290
  9.403431e-01   7.149726e-07   9.852598e-04   9.090647e-10   626344
  9.437456e-01   7.137722e-07   9.776145e-04   9.067264e-10   626658
  9.471442e-01   7.113616e-07   9.821583e-04   8.974307e-10   634022
  9.505394e-01   7.107115e-07   9.766085e-04   8.938759e-10   634554
  9.539406e-01   7.072297e-07   9.874089e-04   8.837979e-10   645026
  9.573433e-01   7.062755e-07   9.821401e-04   8.809155e-10   645102
  9.607439e-01   7.040919e-07   9.860849e-04   8.743270e-10   653018
  9.641443e-01   7.057081e-07   9.792030e-04   8.733614e-10   654384
  9.675485e-01   7.004843e-07   9.834130e-04   8.631409e-10   663194
  9.709524e-01   7.021226e-07   9.778786e-04   8.638985e-10   663834
  9.743471e-01   6.986775e-07   9.789463e-04   8.565975e-10   669158
  9.777459e-01   6.976902e-07   9.805686e-04   8.528649e-10   674490
  9.811412e-01   6.942938e-07   9.786140e-04   8.464011e-10   677222
  9.845441e-01   6.958583e-07   9.871972e-04   8.445947e-10   686874
  9.879558e-01   6.952375e-07   9.859594e-04   8.376768e-10   690722
  9.913572e-01   6.924126e-07   9.790433e-04   8.342711e-10   692008
  9.947624e-01   6.912449e-07   9.840929e-04   8.290292e-10   701386
  9.981657e-01   6.898094e-07   9.773767e-04   8.268075e-10   700778
  1.001563e+00   6.888798e-07   9.829030e-04   8.202301e-10   708774
  1.004963e+00   6.869361e-07   9.817412e-04   8.144357e-10   711690
  1.008366e+00   6.864821e-07   9.861014e-04   8.108727e-10   719606
  1.011761e+00   6.857213e-07   9.768322e-04   8.129174e-10   717762
  1.015158e+00   6.831975e-07   9.862327e-04   8.009722e-10   730460
  1.018564e+00   6.818779e-07   9.793539e-04   7.984781e-10   731070
  1.021972e+00   6.818637e-07   9.851635e-04   7.941566e-10   741170
  1.025372e+00   6.819220e-07   9.730396e-04   7.957798e-10   737094
  1.028764e+00   6.788658e-07   9.820777e-04   7.877683e-10   747698
  1.032166e+00   6.779350e-07   9.825085e-04   7.853121e-10   751658
  1.035563e+00   6.781333e-07   9.813994e-04   7.836046e-10   755574
  1.038960e+00   6.761399e-07   9.819736e-04   7.777280e-10   761442
  1.042370e+00   6.746732e-07   9.859386e-04   7.691345e-10   770816
  1.045775e+00   6.753650e-07   9.778469e-04   7.744966e-10   769274
  1.049181e+00   6.718975e-07   9.883345e-04   7.608003e-10   782130
  1.052579e+00   6.717463e-07   9.735264e-04   7.638558e-10   775230
  1.055972e+00   6.693137e-07   9.857792e-04   7.552587e-10   789866
  1.059371e+00   6.690624e-07   9.785659e-04   7.550369e-10   787914
  1.062768e+00   6.697184e-07   9.871968e-04   7.501971e-10   799598
  1.066175e+00   6.667547e-07   9.836410e-04   7.459296e-10   802980
  1.069574e+00   6.648924e-07   9.780653e-04   7.435402e-10   805622
  1.072972e+00   6.654528e-07   9.797707e-04   7.420635e-10   812050
  1.076379e+00   6.665738e-07   9.852802e-04   7.379957e-10   820954
  1.079781e+00   6.630448e-07   9.789326e-04   7.340208e-10   820062
  1.083172e+00   6.606576e-07   9.799094e-04   7.288502e-10   826298
  1.086570e+00   6.609702e-07   9.815876e-04   7.281634e-10   833118
  1.089963e+00   6.608222e-07   9.774947e-04   7.252032e-10   834812
  1.093365e+00   6.603577e-07   9.859628e-04   7.192653e-10   847858
  1.096785e+00   6.583791e-07   9.865115e-04   7.123707e-10   854278
  1.100190e+00   6.570484e-07   9.767209e-04   7.162153e-10   850978
  1.103586e+00   6.572677e-07   9.814764e-04   7.104585e-10   859186
  1.106990e+00   6.547810e-07   9.865569e-04   7.067361e-10   867126
  1.110391e+00   6.534820e-07   9.816501e-04   7.042896e-10   868274
  1.113785e+00   6.536447e-07   9.808544e-04   7.026714e-10   873606
  1.117179e+00   6.532610e-07   9.794732e-04   6.996850e-10   879284
  1.120580e+00   6.524201e-07   9.820603e-04   6.935193e-10   887170
  1.123993e+00   6.521750e-07   9.876068e-04   6.915904e-10   897526
  1.127401e+00   6.504188e-07   9.778886e-04   6.895924e-10   894258
  1.130799e+00   6.496734e-07   9.823745e-04   6.846554e-10   903374
  1.134195e+00   6.479172e-07   9.785328e-04   6.827157e-10   904338
  1.137590e+00   6.471365e-07   9.832540e-04   6.788606e-10   913586
  1.140984e+00   6.471434e-07   9.783814e-04   6.784199e-10   915416
  1.144387e+00   6.460025e-07   9.836903e-04   6.727847e-10   928122
  1.147789e+00   6.451636e-07   9.757713e-04   6.721412e-10   926094
  1.151197e+00   6.464118e-07   9.888312e-04   6.671986e-10   942890
  1.154606e+00   6.434196e-07   9.789734e-04   6.666090e-10   937266
  1.158004e+00   6.422737e-07   9.856923e-04   6.622971e-10   948854
  1.161404e+00   6.415739e-07   9.801062e-04   6.608735e-10   948714
  1.164797e+00   6.413702e-07   9.823513e-04   6.577107e-10   956186
  1.168197e+00   6.406204e-07   9.838881e-04   6.555389e-10   964272
  1.171602e+00   6.385296e-07   9.813885e-04   6.508780e-10   969458
  1.175002e+00   6.379648e-07   9.785094e-04   6.488247e-10   972750
  1.178405e+00   6.392142e-07   9.839022e-04   6.465106e-10   982706
  1.181806e+00   6.385763e-07   9.798755e-04   6.467449e-10   982906
  1.185211e+00   6.379498e-07   9.881427e-04   6.405695e-10   996622
  1.188612e+00   6.350604e-07   9.782401e-04   6.393178e-10   992378
  1.191999e+00   6.362831e-07   9.775059e-04   6.379688e-10   999000
  1.195397e+00   6.352770e-07   9.817623e-04   6.331351e-10   1010114
  1.198803e+00   6.337934e-07   9.815316e-04   6.313533e-10   1015722
  1.202205e+00   6.331331e-07   9.793783e-04   6.286150e-10   1018742
  1.205613e+00   6.344361e-07   9.864495e-04   6.267285e-10   1031250
  1.209016e+00   6.305263e-07   9.786533e-04   6.245642e-10   1027226
  1.212413e+00   6.310865e-07   9.856307e-04   6.199542e-10   1039734
  1.215813e+00   6.320870e-07   9.805725e-04   6.219477e-10   1039914
  1.219210e+00   6.314710e-07   9.832224e-04   6.169690e-10   1050272
  1.222609e+00   6.292986e-07   9.777885e-04   6.138897e-10   1052306
  1.226010e+00   6.294293e-07   9.820199e-04   6.134641e-10   1062666
  1.229414e+00   6.261603e-07   9.821012e-04   6.073562e-10   1067262
  1.232818e+00   6.288946e-07   9.834577e-04   6.086124e-10   1073906
  1.236220e+00   6.264528e-07   9.821555e-04   6.060604e-10   1078190
  1.239623e+00   6.259246e-07   9.835287e-04   6.010522e-10   1085634
  1.243018e+00   6.270622e-07   9.777743e-04   6.029547e-10   1085508
  1.246420e+00   6.245240e-07   9.857694e-04   5.967009e-10   1101926
  1.249823e+00   6.250110e-07   9.765533e-04   5.986633e-10   1098322
  1.253220e+00   6.244878e-07   9.810493e-04   5.944103e-10   1109878
  1.256626e+00   6.234789e-07   9.822346e-04   5.925271e-10   1115338
  1.260031e+00   6.232248e-07   9.850685e-04   5.915342e-10   1122586
  1.263434e+00   6.220756e-07   9.828803e-04   5.880402e-10   1125862
  1.266833e+00   6.230714e-07   9.826042e-04   5.874567e-10   1132498
  1.270230e+00   6.199989e-07   9.794882e-04   5.846560e-10   1135444
  1.273627e+00   6.213658e-07   9.822580e-04   5.809273e-10   1145374
  1.277031e+00   6.193972e-07   9.829599e-04   5.777611e-10   1152698
  1.280435e+00   6.199993e-07   9.811808e-04   5.773779e-10   1157046
  1.283832e+00   6.199235e-07   9.792543e-04   5.771514e-10   1160226
  1.287236e+00   6.182850e-07   9.867747e-04   5.725077e-10   1174346
  1.290638e+00   6.193424e-07   9.799098e-04   5.736860e-10   1171462
  1.294035e+00   6.171566e-07   9.835292e-04   5.688930e-10   1183828
  1.297431e+00   6.180302e-07   9.751511e-04   5.702028e-10   1181822
  1.300825e+00   6.158763e-07   9.806813e-04   5.644056e-10   1194930
  1.304229e+00   6.165824e-07   9.822693e-04   5.633928e-10   1202010
  1.307632e+00   6.148680e-07   9.818508e-04   5.610027e-10   1207166
  1.311036e+00   6.151681e-07   9.828798e-04   5.601592e-10   1214106
  1.314433e+00   6.159072e-07   9.789042e-04   5.605216e-10   1215302
  1.317833e+00   6.155683e-07   9.858329e-04   5.558262e-10   1229274
  1.321244e+00   6.146770e-07   9.860143e-04   5.540536e-10   1236164
  1.324647e+00   6.138379e-07   9.790511e-04   5.552970e-10   1235326
  1.328043e+00   6.152047e-07   9.802315e-04   5.531688e-10   1244026
  1.331441e+00   6.129676e-07   9.803347e-04   5.502739e-10   1249154
  1.334844e+00   6.129163e-07   9.852720e-04   5.485079e-10   1260558
  1.338244e+00   6.118460e-07   9.799856e-04   5.460493e-10   1260394
  1.341646e+00   6.123272e-07   9.851173e-04   5.438938e-10   1274758
  1.345044e+00   6.107384e-07   9.761448e-04   5.424097e-10   1270188
  1.348447e+00   6.112312e-07   9.870074e-04   5.393764e-10   1291202
  1.351849e+00   6.123833e-07   9.757557e-04   5.436132e-10   1282654
  1.355244e+00   6.112361e-07   9.819229e-04   5.371087e-10   1298242
  1.358647e+00   6.103803e-07   9.803455e-04   5.354707e-10   1301774
  1.362047e+00   6.100660e-07   9.827693e-04   5.349453e-10   1309770
  1.365448e+00   6.083048e-07   9.830640e-04   5.321422e-10   1315714
  1.368852e+00   6.077372e-07   9.843087e-04   5.293786e-10   1325110
  1.372253e+00   6.080627e-07   9.790721e-04   5.297102e-10   1326012
  1.375652e+00   6.073271e-07   9.818283e-04   5.268087e-10   1336154
  1.379060e+00   6.076370e-07   9.856646e-04   5.252994e-10   1347334
  1.382463e+00   6.066877e-07   9.798090e-04   5.252639e-10   1345354
  1.385854e+00   6.064490e-07   9.796108e-04   5.237439e-10   1350998
  1.389254e+00   6.063246e-07   9.851001e-04   5.203305e-10   1365546
  1.392658e+00   6.068555e-07   9.818266e-04   5.196008e-10   1367474
  1.396060e+00   6.059943e-07   9.832315e-04   5.175216e-10   1377984
  1.399461e+00   6.049733e-07   9.785308e-04   5.164359e-10   1379394
  1.402863e+00   6.066984e-07   9.826740e-04   5.171117e-10   1392230
  1.406265e+00   6.045867e-07   9.788975e-04   5.142362e-10   1392634
  1.409662e+00   6.056554e-07   9.821355e-04   5.127512e-10   1402666
  1.413062e+00   6.043045e-07   9.819858e-04   5.107525e-10   1408502
  1.416462e+00   6.022257e-07   9.817857e-04   5.073153e-10   1415418
  1.419855e+00   6.043021e-07   9.774342e-04   5.105451e-10   1416856
  1.423264e+00   6.043880e-07   9.894876e-04   5.046513e-10   1442002
  1.426674e+00   6.025771e-07   9.781259e-04   5.045272e-10   1431634
  1.430071e+00   6.016277e-07   9.822615e-04   5.017344e-10   1444606
  1.433469e+00   6.033729e-07   9.789194e-04   5.028406e-10   1445890
  1.436871e+00   6.026009e-07   9.861222e-04   4.993328e-10   1462210
  1.440273e+00   6.015786e-07   9.807880e-04   4.990642e-10   1459590
  1.443669e+00   6.011883e-07   9.833740e-04   4.958030e-10   1471226
  1.447072e+00   6.017087e-07   9.829562e-04   4.958882e-10   1480072
  1.450479e+00   6.013904e-07   9.811931e-04   4.937538e-10   1486594
  1.453879e+00   6.005721e-07   9.787053e-04   4.925083e-10   1488882
  1.457279e+00   6.013829e-07   9.827371e-04   4.912617e-10   1500854
  1.460684e+00   6.000721e-07   9.826979e-04   4.903859e-10   1506874
  1.464078e+00   6.010029e-07   9.779210e-04   4.907120e-10   1506094
  1.467472e+00   6.001149e-07   9.824981e-04   4.869300e-10   1519682
  1.470872e+00   6.010007e-07   9.822978e-04   4.873719e-10   1526724
  1.474279e+00   5.985523e-07   9.845854e-04   4.823694e-10   1539038
  1.477685e+00   5.993353e-07   9.798767e-04   4.846713e-10   1539810
  1.481081e+00   5.984607e-07   9.791313e-04   4.826921e-10   1545046
  1.484485e+00   5.993230e-07   9.854562e-04   4.809684e-10   1560538
  1.487886e+00   5.991526e-07   9.804436e-04   4.806976e-10   1557506
  1.491282e+00   5.985241e-07   9.836002e-04   4.794099e-10   1570062
  1.494678e+00   5.986727e-07   9.793467e-04   4.776868e-10   1571290
  1.498078e+00   5.973165e-07   9.842488e-04   4.749880e-10   1588228
  1.501484e+00   5.983249e-07   9.810937e-04   4.746227e-10   1591046
  1.504889e+00   5.979052e-07   9.832504e-04   4.735907e-10   1602474
  1.508291e+00   5.971856e-07   9.782624e-04   4.728807e-10   1601646
  1.511687e+00   5.967932e-07   9.804817e-04   4.710671e-10   1611266
  1.515082e+00   5.967804e-07   9.805934e-04   4.704703e-10   1616634
  1.518484e+00   5.958295e-07   9.853950e-04   4.671218e-10   1631366
  1.521885e+00   5.977746e-07   9.796982e-04   4.683030e-10   1631028
  1.525282e+00   5.974857e-07   9.798719e-04   4.661969e-10   1641446
  1.528689e+00   5.970622e-07   9.836821e-04   4.656114e-10   1654234
  1.532101e+00   5.960190e-07   9.854232e-04   4.629780e-10   1662874
  1.535501e+00   5.962411e-07   9.777869e-04   4.637649e-10   1656686
  1.538894e+00   5.957951e-07   9.817573e-04   4.614160e-10   1670898
  1.542295e+00   5.957641e-07   9.826743e-04   4.605583e-10   1678074
  1.545693e+00   5.959247e-07   9.828970e-04   4.598800e-10   1685198
  1.549094e+00   5.950760e-07   9.826216e-04   4.584217e-10   1694524
  1.552497e+00   5.959550e-07   9.806206e-04   4.572783e-10   1701334
  1.555899e+00   5.951720e-07   9.807944e-04   4.560030e-10   1709386
  1.559306e+00   5.951581e-07   9.832546e-04   4.541694e-10   1719994
  1.562708e+00   5.946391e-07   9.808801e-04   4.536550e-10   1721510
  1.566111e+00   5.940577e-07   9.843526e-04   4.518600e-10   1734978
  1.569507e+00   5.944269e-07   9.766081e-04   4.527469e-10   1728646
  1.572899e+00   5.950557e-07   9.823741e-04   4.508697e-10   1746868
  1.576300e+00   5.938381e-07   9.809864e-04   4.492594e-10   1752922
  1.579707e+00   5.946072e-07   9.845798e-04   4.482271e-10   1767862
  1.583112e+00   5.929143e-07   9.793884e-04   4.471556e-10   1765698
  1.586515e+00   5.938304e-07   9.844058e-04   4.457018e-10   1781270
  1.589918e+00   5.930401e-07   9.810287e-04   4.452927e-10   1780650
  1.593316e+00   5.915808e-07   9.836246e-04   4.422693e-10   1792418
  1.596711e+00   5.932686e-07   9.794648e-04   4.432341e-10   1792790
  1.600109e+00   5.920803e-07   9.831424e-04   4.403733e-10   1809852
  1.603512e+00   5.926314e-07   9.801224e-04   4.410659e-10   1812666
  1.606915e+00   5.940284e-07   9.841796e-04   4.397584e-10   1827614
  1.610321e+00   5.934215e-07   9.814350e-04   4.386302e-10   1829970
  1.613720e+00   5.917409e-07   9.803236e-04   4.370867e-10   1835030
  1.617114e+00   5.922038e-07   9.798165e-04   4.363843e-10   1841410
  1.620515e+00   5.928468e-07   9.841327e-04   4.355759e-10   1856626
  1.623912e+00   5.924157e-07   9.785166e-04   4.359611e-10   1854656
  1.627309e+00   5.920692e-07   9.815053e-04   4.337019e-10   1870698
  1.630712e+00   5.924237e-07   9.804842e-04   4.334863e-10   1876998
  1.634114e+00   5.917568e-07   9.808565e-04   4.321814e-10   1884458
  1.637514e+00   5.923920e-07   9.820836e-04   4.313541e-10   1891730
  1.640921e+00   5.918824e-07   9.864027e-04   4.297291e-10   1907574
  1.644328e+00   5.911138e-07   9.824949e-04   4.286036e-10   1907730
  1.647725e+00   5.922274e-07   9.806100e-04   4.285069e-10   1912154
  1.651122e+00   5.915500e-07   9.815437e-04   4.275539e-10   1923216
  1.654527e+00   5.915665e-07   9.837853e-04   4.255581e-10   1936562
  1.657929e+00   5.915785e-07   9.797671e-04   4.264334e-10   1936862
  1.661330e+00   5.898316e-07   9.824032e-04   4.227175e-10   1950114
  1.664731e+00   5.918130e-07   9.809526e-04   4.233190e-10   1953306
  1.668134e+00   5.912770e-07   9.852343e-04   4.215435e-10   1968806
  1.671536e+00   5.898094e-07   9.810375e-04   4.215058e-10   1968818
  1.674935e+00   5.910660e-07   9.815051e-04   4.202125e-10   1980624
  1.678335e+00   5.899210e-07   9.789502e-04   4.200414e-10   1985034
  1.681733e+00   5.910673e-07   9.802456e-04   4.189806e-10   1995242
  1.685136e+00   5.909043e-07   9.833510e-04   4.176266e-10   2007742
  1.688539e+00   5.902388e-07   9.813083e-04   4.160564e-10   2010538
  1.691936e+00   5.895099e-07   9.811361e-04   4.162613e-10   2017390
  1.695340e+00   5.901284e-07   9.857772e-04   4.140482e-10   2034346
  1.698736e+00   5.890008e-07   9.777687e-04   4.140887e-10   2025498
  1.702137e+00   5.898238e-07   9.868689e-04   4.120193e-10   2055248
  1.705540e+00   5.893157e-07   9.770123e-04   4.128491e-10   2045090
  1.708936e+00   5.909501e-07   9.814027e-04   4.117762e-10   2062074
  1.712339e+00   5.895531e-07   9.823860e-04   4.112405e-10   2070190
  1.715742e+00   5.901255e-07   9.834046e-04   4.097934e-10   2079226
  1.719142e+00   5.901491e-07   9.818107e-04   4.093287e-10   2083990
  1.722545e+00   5.903060e-07   9.839507e-04   4.083640e-10   2097898
  1.725944e+00   5.895047e-07   9.787299e-04   4.079281e-10   2095452
  1.729345e+00   5.893373e-07   9.842373e-04   4.049992e-10   2117390
  1.732750e+00   5.889796e-07   9.796988e-04   4.054857e-10   2117066
  1.736142e+00   5.880814e-07   9.757475e-04   4.046857e-10   2117238
  1.739539e+00   5.887233e-07   9.838620e-04   4.026183e-10   2140026
  1.742945e+00   5.893996e-07   9.844962e-04   4.026331e-10   2147234
  1.746347e+00   5.886453e-07   9.820811e-04   4.029730e-10   2150118
  1.749746e+00   5.891226e-07   9.821004e-04   4.016401e-10   2160386
  1.753147e+00   5.890192e-07   9.809815e-04   4.000875e-10   2168256
  1.756552e+00   5.880424e-07   9.838581e-04   3.982713e-10   2183306
  1.759956e+00   5.893417e-07   9.808091e-04   3.991486e-10   2184642
  1.763354e+00   5.892260e-07   9.804471e-04   3.989293e-10   2192318
  1.766749e+00   5.881177e-07   9.788737e-04   3.972447e-10   2196066
  1.770152e+00   5.881377e-07   9.865986e-04   3.951555e-10   2220890
  1.773557e+00   5.879376e-07   9.809869e-04   3.953405e-10   2215758
  1.776958e+00   5.887483e-07   9.842037e-04   3.944108e-10   2233988
  1.780360e+00   5.881567e-07   9.782890e-04   3.935284e-10   2231670
  1.783756e+00   5.880482e-07   9.797617e-04   3.934207e-10   2244338
  1.787160e+00   5.886001e-07   9.830422e-04   3.924426e-10   2258610
  1.790563e+00   5.869778e-07   9.809188e-04   3.906918e-10   2260718
  1.793960e+00   5.885934e-07   9.807999e-04   3.916939e-10   2268162
  1.797357e+00   5.880893e-07   9.813749e-04   3.901823e-10   2277494
  1.800757e+00   5.879961e-07   9.827422e-04   3.890428e-10   2288796
  1.804164e+00   5.885650e-07   9.854716e-04   3.878500e-10   2305226
  1.807568e+00   5.879442e-07   9.797129e-04   3.873540e-10   2301630
  1.810969e+00   5.881808e-07   9.832644e-04   3.872616e-10   2319770
  1.814369e+00   5.874386e-07   9.785204e-04   3.868459e-10   2315610
  1.817766e+00   5.877375e-07   9.837069e-04   3.852219e-10   2334662
  1.821166e+00   5.883828e-07   9.806866e-04   3.848108e-10   2335722
  1.824566e+00   5.876121e-07   9.842253e-04   3.834799e-10   2354102
  1.827968e+00   5.882956e-07   9.802735e-04   3.830155e-10   2355156
  1.831373e+00   5.869994e-07   9.840368e-04   3.814771e-10   2374250
  1.834777e+00   5.880363e-07   9.800597e-04   3.825337e-10   2373102
  1.838179e+00   5.865151e-07   9.824130e-04   3.801121e-10   2388194
  1.841575e+00   5.868370e-07   9.773124e-04   3.806059e-10   2383470
  1.844971e+00   5.885367e-07   9.831656e-04   3.795349e-10   2404994
  1.848373e+00   5.866068e-07   9.816762e-04   3.781734e-10   2408538
  1.851770e+00   5.876007e-07   9.815239e-04   3.780648e-10   2417744
  1.855173e+00   5.875617e-07   9.838904e-04   3.770422e-10   2434578
  1.858579e+00   5.869543e-07   9.814961e-04   3.768368e-10   2438414
  1.861981e+00   5.873809e-07   9.821085e-04   3.752419e-10   2448066
  1.865384e+00   5.868694e-07   9.823292e-04   3.751349e-10   2456018
  1.868782e+00   5.870281e-07   9.812306e-04   3.746943e-10   2461230
  1.872181e+00   5.874432e-07   9.823212e-04   3.733360e-10   2474330
  1.875579e+00   5.867764e-07   9.796955e-04   3.730041e-10   2476498
  1.878979e+00   5.870663e-07   9.838203e-04   3.717826e-10   2497240
  1.882386e+00   5.868562e-07   9.822125e-04   3.715234e-10   2502930
  1.885787e+00   5.856983e-07   9.803409e-04   3.704844e-10   2508470
  1.889188e+00   5.860978e-07   9.808760e-04   3.702088e-10   2518482
  1.892591e+00   5.868355e-07   9.833500e-04   3.693017e-10   2532074
  1.895988e+00   5.868339e-07   9.784906e-04   3.695055e-10   2526678
  1.899384e+00   5.864093e-07   9.835395e-04   3.678601e-10   2549018
  1.902784e+00   5.864361e-07   9.800350e-04   3.673870e-10   2551704
  1.906185e+00   5.866305e-07   9.817747e-04   3.659823e-10   2566226
  1.909587e+00   5.860724e-07   9.819509e-04   3.659271e-10   2573898
  1.912993e+00   5.869487e-07   9.842387e-04   3.652965e-10   2589182
  1.916394e+00   5.864990e-07   9.792958e-04   3.650989e-10   2584890
  1.919793e+00   5.863313e-07   9.838242e-04   3.634743e-10   2605190
  1.923194e+00   5.856021e-07   9.814721e-04   3.634325e-10   2606418
  1.926593e+00   5.853581e-07   9.832736e-04   3.622391e-10   2621186
  1.929994e+00   5.848149e-07   9.806156e-04   3.609384e-10   2626608
  1.933393e+00   5.851762e-07   9.799953e-04   3.603647e-10   2636714
  1.936794e+00   5.855822e-07   9.811147e-04   3.600124e-10   2647482
  1.940202e+00   5.859251e-07   9.861446e-04   3.595561e-10   2668382
  1.943607e+00   5.854725e-07   9.801535e-04   3.590070e-10   2660418
  1.947005e+00   5.859598e-07   9.825106e-04   3.581918e-10   2676662
  1.950401e+00   5.853772e-07   9.781799e-04   3.581476e-10   2674210
  1.953797e+00   5.842049e-07   9.827621e-04   3.562383e-10   2697076
  1.957200e+00   5.837168e-07   9.813995e-04   3.554160e-10   2703558
  1.960601e+00   5.847791e-07   9.810424e-04   3.549841e-10   2713250
  1.964000e+00   5.842285e-07   9.793374e-04   3.548254e-10   2717718
  1.967406e+00   5.838997e-07   9.861436e-04   3.526759e-10   2743178
  1.970809e+00   5.843130e-07   9.802672e-04   3.539009e-10   2732730
  1.974208e+00   5.831662e-07   9.854133e-04   3.513428e-10   2758022
  1.977609e+00   5.832878e-07   9.791609e-04   3.518173e-10   2751994
  1.981005e+00   5.831265e-07   9.810250e-04   3.505361e-10   2769052
  1.984409e+00   5.825263e-07   9.824869e-04   3.494186e-10   2783062
  1.987812e+00   5.817339e-07   9.814391e-04   3.490830e-10   2789362
  1.991215e+00   5.814680e-07   9.817332e-04   3.481077e-10   2799582
  1.994619e+00   5.798742e-07   9.828319e-04   3.460576e-10   2811170
  1.998019e+00   5.797499e-07   9.809039e-04   3.453818e-10   2812658
  2.001421e+00   5.795890e-07   9.850690e-04   3.446598e-10   2833302
  2.004820e+00   5.786425e-07   9.785899e-04   3.438295e-10   2827420
  2.008216e+00   4.182205e-08   9.808908e-04   1.038101e-10   2846710
  2.011615e+00   1.410519e-08   9.806052e-04   1.005553e-11   2846535
  2.015014e+00   1.341775e-08   9.826225e-04   9.605063e-12   2848496
  2.018416e+00   1.270594e-08   9.819470e-04   9.111847e-12   2841084
  2.021820e+00   1.204054e-08   9.843122e-04   8.633851e-12   2843480
  2.025222e+00   1.142663e-08   9.802360e-04   8.197379e-12   2826624
  2.028621e+00   1.089307e-08   9.829329e-04   7.794903e-12   2828732
  2.032021e+00   1.039180e-08   9.812694e-04   7.418910e-12   2819296
  2.035422e+00   9.945984e-09   9.824594e-04   7.095773e-12   2819548
  2.038821e+00   9.546554e-09   9.790894e-04   6.808737e-12   2805192
  2.042221e+00   9.202023e-09   9.830303e-04   6.551096e-12   2811104
  2.045624e+00   8.855524e-09   9.815026e-04   6.282269e-12   2800672
  2.049025e+00   8.555341e-09   9.823222e-04   6.065412e-12   2798080
  2.052425e+00   8.243117e-09   9.802167e-04   5.832331e-12   2786976
  2.055826e+00   7.994662e-09   9.831451e-04   5.646215e-12   2791016
  2.059230e+00   7.739909e-09   9.812096e-04   5.445761e-12   2779360
  2.062626e+00   7.506159e-09   9.796265e-04   5.287781e-12   2768644
  2.066023e+00   7.281287e-09   9.822169e-04   5.107240e-12   2771192
  2.069425e+00   7.073065e-09   9.816405e-04   4.953805e-12   2765028
  2.072828e+00   6.875230e-09   9.824068e-04   4.799093e-12   2760864
  2.076235e+00   6.700593e-09   9.849780e-04   4.669499e-12   2761616
  2.079634e+00   6.523690e-09   9.787095e-04   4.552158e-12   2737932
  2.083034e+00   6.346961e-09   9.851663e-04   4.403553e-12   2752280
  2.086436e+00   6.176522e-09   9.786561e-04   4.286842e-12   2728764
  2.089835e+00   6.039398e-09   9.834451e-04   4.176362e-12   2736368
  2.093234e+00   5.907560e-09   9.795267e-04   4.091835e-12   2719952
  2.096636e+00   5.765357e-09   9.837062e-04   3.975001e-12   2727120
  2.100037e+00   5.642844e-09   9.787869e-04   3.885208e-12   2708400
  2.103440e+00   5.531700e-09   9.850039e-04   3.796038e-12   2718536
  2.106841e+00   5.399730e-09   9.786910e-04   3.709162e-12   2694300
  2.110244e+00   5.289556e-09   9.859443e-04   3.611308e-12   2709440
  2.113646e+00   5.182258e-09   9.780636e-04   3.549297e-12   2682108
  2.117041e+00   5.085211e-09   9.811448e-04   3.473163e-12   2684912
  2.120440e+00   4.978152e-09   9.817480e-04   3.395435e-12   2678868
  2.123840e+00   4.894873e-09   9.823344e-04   3.325638e-12   2674772
  2.127243e+00   4.785164e-09   9.826540e-04   3.249355e-12   2670120
  2.130643e+00   4.702264e-09   9.807037e-04   3.190161e-12   2659532
  2.134045e+00   4.617613e-09   9.832493e-04   3.131615e-12   2659704
  2.137451e+00   4.533482e-09   9.840399e-04   3.071502e-12   2654348
  2.140851e+00   4.451533e-09   9.808746e-04   3.010680e-12   2640276
  2.144250e+00   4.373372e-09   9.817432e-04   2.953977e-12   2638700
  2.147650e+00   4.300043e-09   9.800651e-04   2.902820e-12   2628244
  2.151051e+00   4.235666e-09   9.836008e-04   2.848421e-12   2630920
  2.154455e+00   4.161673e-09   9.816425e-04   2.802142e-12   2618904
  2.157854e+00   4.088918e-09   9.803923e-04   2.749157e-12   2610932
  2.161254e+00   4.024494e-09   9.817073e-04   2.706029e-12   2608464
  2.164658e+00   3.955379e-09   9.827466e-04   2.655870e-12   2603708
  2.168056e+00   3.893217e-09   9.797322e-04   2.611376e-12   2588012
  2.171453e+00   3.838745e-09   9.819219e-04   2.572433e-12   2588364
  2.174852e+00   3.775499e-09   9.803360e-04   2.530417e-12   2579076
  2.178251e+00   3.725490e-09   9.809908e-04   2.492763e-12   2574152
  2.181649e+00   3.662072e-09   9.813167e-04   2.452795e-12   2566812
  2.185056e+00   3.608363e-09   9.861783e-04   2.407909e-12   2573732
  2.188461e+00   3.553143e-09   9.795833e-04   2.375540e-12   2550568
  2.191860e+00   3.503670e-09   9.826556e-04   2.344215e-12   2552068
  2.195261e+00   3.454675e-09   9.809956e-04   2.310417e-12   2539620
  2.198663e+00   3.403909e-09   9.840554e-04   2.270186e-12   2540936
  2.202066e+00   3.351693e-09   9.809099e-04   2.238769e-12   2528032
  2.205465e+00   3.300702e-09   9.803189e-04   2.201820e-12   2521480
  2.208867e+00   3.260003e-09   9.820539e-04   2.174098e-12   2517980
  2.212270e+00   3.215014e-09   9.826345e-04   2.145955e-12   2511744
  2.215671e+00   3.174955e-09   9.807485e-04   2.121092e-12   2500140
  2.219071e+00   3.130782e-09   9.816849e-04   2.088230e-12   2496980
  2.222472e+00   3.088427e-09   9.809842e-04   2.059300e-12   2486924
  2.225874e+00   3.047573e-09   9.841669e-04   2.036132e-12   2487000
  2.229275e+00   2.999518e-09   9.801840e-04   2.000997e-12   2469840
  2.232673e+00   2.963727e-09   9.823076e-04   1.972603e-12   2469656
  2.236072e+00   2.927060e-09   9.795354e-04   1.959136e-12   2456844
  2.239476e+00   2.889485e-09   9.852194e-04   1.929134e-12   2462876
  2.242879e+00   2.849902e-09   9.804127e-04   1.906318e-12   2442136
  2.246278e+00   2.815360e-09   9.827694e-04   1.882310e-12   2441944
  2.249678e+00   2.777658e-09   9.806730e-04   1.860993e-12   2430508
  2.253076e+00   2.744787e-09   9.810126e-04   1.840086e-12   2424352
  2.256478e+00   2.707890e-09   9.832316e-04   1.811936e-12   2421264
  2.259881e+00   2.676384e-09   9.825332e-04   1.794627e-12   2413064
  2.263282e+00   2.642675e-09   9.805912e-04   1.770557e-12   2401572
  2.266681e+00   2.613723e-09   9.815087e-04   1.757554e-12   2397284
  2.270081e+00   2.578318e-09   9.813118e-04   1.731604e-12   2388336
  2.273484e+00   2.543194e-09   9.843250e-04   1.706872e-12   2387204
  2.276884e+00   2.514791e-09   9.793704e-04   1.696258e-12   2368644
  2.280279e+00   2.486273e-09   9.805359e-04   1.671299e-12   2365400
  2.283678e+00   2.457654e-09   9.814789e-04   1.658004e-12   2360072
  2.287082e+00   2.425098e-09   9.832021e-04   1.636401e-12   2356464
  2.290484e+00   2.401164e-09   9.810620e-04   1.620992e-12   2343240
  2.293885e+00   2.370277e-09   9.822795e-04   1.597958e-12   2340248
  2.297284e+00   2.338978e-09   9.789711e-04   1.584279e-12   2325000
  2.300686e+00   2.315842e-09   9.843393e-04   1.566393e-12   2328632
  2.304090e+00   2.289162e-09   9.816712e-04   1.552163e-12   2313220
  2.307492e+00   2.256300e-09   9.835834e-04   1.527755e-12   2310772
  2.310892e+00   2.232697e-09   9.798086e-04   1.516321e-12   2295420
  2.314292e+00   2.208468e-09   9.822607e-04   1.500411e-12   2293592
  2.317692e+00   2.179522e-09   9.808333e-04   1.484983e-12   2281384
  2.321098e+00   2.158839e-09   9.858657e-04   1.473230e-12   2285776
  2.324499e+00   2.130912e-09   9.776590e-04   1.460128e-12   2259408
  2.327898e+00   2.109820e-09   9.837748e-04   1.439379e-12   2266808
  2.331301e+00   2.085077e-09   9.803406e-04   1.432320e-12   2248836
  2.334698e+00   2.058912e-09   9.826639e-04   1.412325e-12   2245244
  2.338097e+00   2.035901e-09   9.807008e-04   1.398659e-12   2233908
  2.341498e+00   2.014917e-09   9.826023e-04   1.387240e-12   2231660
  2.344900e+00   1.990620e-09   9.803694e-04   1.375551e-12   2218544
  2.348303e+00   1.969265e-09   9.841932e-04   1.361410e-12   2218176
  2.351706e+00   1.948825e-09   9.811254e-04   1.346847e-12   2202900
  2.355107e+00   1.928140e-09   9.815282e-04   1.334870e-12   2197472
  2.358504e+00   1.906430e-09   9.785599e-04   1.325488e-12   2181960
  2.361902e+00   1.885789e-09   9.836141e-04   1.310607e-12   2183696
  2.365306e+00   1.864798e-09   9.832539e-04   1.297949e-12   2173416
  2.368709e+00   1.847468e-09   9.825525e-04   1.287540e-12   2165444
  2.372110e+00   1.823887e-09   9.797907e-04   1.276837e-12   2152688
  2.375509e+00   1.805985e-09   9.815549e-04   1.265137e-12   2147628
  2.378910e+00   1.784481e-09   9.820428e-04   1.252258e-12   2139012
  2.382315e+00   1.766057e-09   9.845724e-04   1.239225e-12   2136008
  2.385709e+00   1.744074e-09   9.752701e-04   1.231750e-12   2108656
  2.389104e+00   1.731004e-09   9.832761e-04   1.218629e-12   2117896
  2.392509e+00   1.710054e-09   9.830191e-04   1.206765e-12   2106260
  2.395912e+00   1.694811e-09   9.833730e-04   1.198913e-12   2099088
  2.399315e+00   1.669258e-09   9.817275e-04   1.184894e-12   2088432
  2.402716e+00   1.655878e-09   9.804125e-04   1.176066e-12   2078432
  2.406115e+00   1.637240e-09   9.806198e-04   1.166561e-12   2069048
  2.409516e+00   1.620946e-09   9.833522e-04   1.156351e-12   2064804
  2.412920e+00   1.602118e-09   9.831224e-04   1.145769e-12   2055644
  2.416321e+00   1.589901e-09   9.806126e-04   1.138403e-12   2043000
  2.419718e+00   1.568760e-09   9.800589e-04   1.127357e-12   2032348
  2.423121e+00   1.556932e-09   9.856832e-04   1.117330e-12   2034064
  2.426526e+00   1.541494e-09   9.819348e-04   1.111803e-12   2017740
  2.429926e+00   1.521391e-09   9.812949e-04   1.098784e-12   2010188
  2.433325e+00   1.506937e-09   9.789075e-04   1.090185e-12   1996556
  2.436723e+00   1.494686e-09   9.821491e-04   1.083023e-12   1992816
  2.440123e+00   1.474567e-09   9.821092e-04   1.070256e-12   1982400
  2.443522e+00   1.462166e-09   9.811038e-04   1.064408e-12   1972256
  2.446920e+00   1.448417e-09   9.808752e-04   1.058092e-12   1964384
  2.450323e+00   1.432689e-09   9.825278e-04   1.048126e-12   1958544
  2.453726e+00   1.419505e-09   9.821775e-04   1.041142e-12   1946988
  2.457130e+00   1.404546e-09   9.840500e-04   1.031891e-12   1942532
  2.460529e+00   1.391549e-09   9.777101e-04   1.027316e-12   1921692
  2.463928e+00   1.379681e-09   9.833317e-04   1.016514e-12   1924004
  2.467330e+00   1.362273e-09   9.803195e-04   1.009882e-12   1907344
  2.470733e+00   1.347883e-09   9.853101e-04   9.997507e-13   1907440
  2.474135e+00   1.336482e-09   9.788798e-04   9.959068e-13   1886136
  2.477531e+00   1.322977e-09   9.816797e-04   9.883443e-13   1883144
  2.480934e+00   1.310072e-09   9.824091e-04   9.785768e-13   1874724
  2.484338e+00   1.300816e-09   9.833480e-04   9.750586e-13   1866068
  2.487738e+00   1.281721e-09   9.812729e-04   9.633126e-13   1852980
  2.491140e+00   1.272970e-09   9.824339e-04   9.614017e-13   1847468
  2.494538e+00   1.259730e-09   9.781928e-04   9.506683e-13   1829636
  2.497936e+00   1.246277e-09   9.834643e-04   9.432675e-13   1829688
  2.501341e+00   1.233023e-09   9.824400e-04   9.351052e-13   1817192
  2.504741e+00   1.223227e-09   9.810060e-04   9.324559e-13   1806312
  2.508140e+00   1.211881e-09   9.802531e-04   9.266047e-13   1795984
  2.511543e+00   1.198950e-09   9.831733e-04   9.171192e-13   1791100
  2.514946e+00   1.188368e-09   9.817942e-04   9.122542e-13   1777648
  2.518347e+00   1.176144e-09   9.826630e-04   9.032118e-13   1769848
  2.521746e+00   1.165199e-09   9.799953e-04   8.994807e-13   1756536
  2.525146e+00   1.155643e-09   9.812129e-04   8.925741e-13   1748960
  2.528547e+00   1.142517e-09   9.826374e-04   8.860255e-13   1739952
  2.531950e+00   1.130964e-09   9.837089e-04   8.795536e-13   1732124
  2.535351e+00   1.124178e-09   9.802823e-04   8.781181e-13   1716852
  2.538751e+00   1.113083e-09   9.823932e-04   8.696783e-13   1712276
  2.542154e+00   1.100617e-09   9.810692e-04   8.627238e-13   1698500
  2.545557e+00   1.092406e-09   9.849039e-04   8.568241e-13   1693932
  2.548957e+00   1.080916e-09   9.793284e-04   8.525659e-13   1675204
  2.552353e+00   1.072153e-09   9.815499e-04   8.492474e-13   1670644
  2.555751e+00   1.062421e-09   9.787008e-04   8.438890e-13   1655532
  2.559155e+00   1.053814e-09   9.861163e-04   8.370391e-13   1656860
  2.562557e+00   1.043806e-09   9.798597e-04   8.349370e-13   1635372
  2.565959e+00   1.031629e-09   9.841765e-04   8.229727e-13   1634324
  2.569359e+00   1.024533e-09   9.777008e-04   8.227516e-13   1613676
  2.572758e+00   1.014584e-09   9.840395e-04   8.153287e-13   1613348
  2.576160e+00   1.005150e-09   9.807023e-04   8.135937e-13   1596236
  2.579561e+00   9.963268e-10   9.834991e-04   8.086251e-13   1591476
  2.582962e+00   9.871742e-10   9.792427e-04   8.030793e-13   1575732
  2.586359e+00   9.783706e-10   9.803750e-04   7.969401e-13   1566236
  2.589759e+00   9.706629e-10   9.841339e-04   7.930814e-13   1560292
  2.593166e+00   9.608840e-10   9.838869e-04   7.872175e-13   1550092
  2.596565e+00   9.516181e-10   9.789064e-04   7.829447e-13   1532628
  2.599963e+00   9.462675e-10   9.813188e-04   7.779666e-13   1527332
  2.603365e+00   9.378154e-10   9.816488e-04   7.772061e-13   1515212
  2.606765e+00   9.302419e-10   9.831211e-04   7.716811e-13   1506444
  2.610167e+00   9.216675e-10   9.819780e-04   7.662713e-13   1495116
  2.613562e+00   9.134918e-10   9.774397e-04   7.638839e-13   1479152
  2.616961e+00   9.033370e-10   9.826090e-04   7.569581e-13   1475512
  2.620369e+00   8.996546e-10   9.857671e-04   7.558408e-13   1467820
  2.623774e+00   8.895930e-10   9.816828e-04   7.525255e-13   1451256
  2.627176e+00   8.832453e-10   9.823847e-04   7.479049e-13   1443212
  2.630573e+00   8.744188e-10   9.775986e-04   7.430635e-13   1425680
  2.633972e+00   8.666117e-10   9.838248e-04   7.389807e-13   1422972
  2.637375e+00   8.606954e-10   9.826449e-04   7.375583e-13   1408632
  2.640778e+00   8.541950e-10   9.834480e-04   7.333769e-13   1400984
  2.644178e+00   8.448053e-10   9.781513e-04   7.282484e-13   1383196
  2.647576e+00   8.405404e-10   9.827970e-04   7.268485e-13   1378120
  2.650981e+00   8.335914e-10   9.838936e-04   7.236807e-13   1367272
  2.654386e+00   8.287229e-10   9.839001e-04   7.238946e-13   1356580
  2.657781e+00   8.192275e-10   9.764772e-04   7.175370e-13   1337028
  2.661175e+00   8.126152e-10   9.807019e-04   7.153207e-13   1332500
  2.664576e+00   8.069965e-10   9.824328e-04   7.105307e-13   1321796
  2.667980e+00   8.000553e-10   9.842336e-04   7.087523e-13   1312716
  2.671381e+00   7.949005e-10   9.799494e-04   7.068000e-13   1296580
  2.674784e+00   7.870084e-10   9.836937e-04   7.028650e-13   1291528
  2.678185e+00   7.811459e-10   9.791874e-04   7.012449e-13   1273128
  2.681585e+00   7.757213e-10   9.849289e-04   6.978272e-13   1268720
  2.684990e+00   7.685687e-10   9.820200e-04   6.942338e-13   1254016
  2.688389e+00   7.639251e-10   9.799073e-04   6.939306e-13   1241296
  2.691782e+00   7.585194e-10   9.773359e-04   6.920340e-13   1226712
  2.695185e+00   7.523280e-10   9.871642e-04   6.863862e-13   1226228
  2.698592e+00   7.455086e-10   9.822935e-04   6.853232e-13   1207768
  2.701993e+00   7.416016e-10   9.821287e-04   6.851060e-13   1198336
  2.705390e+00   7.379762e-10   9.774693e-04   6.866378e-13   1181484
  2.708791e+00   7.278834e-10   9.847434e-04   6.780878e-13   1178012
  2.712196e+00   7.263865e-10   9.828591e-04   6.808051e-13   1162564
  2.715593e+00   7.182933e-10   9.802955e-04   6.770202e-13   1149340
  2.718991e+00   7.144100e-10   9.799593e-04   6.758883e-13   1138848
  2.722390e+00   7.091032e-10   9.801680e-04   6.745631e-13   1126748
  2.725791e+00   7.044674e-10   9.834222e-04   6.726073e-13   1117428
  2.729199e+00   6.994480e-10   9.855325e-04   6.693641e-13   1108112
  2.732601e+00   6.934419e-10   9.796049e-04   6.700166e-13   1090596
  2.736000e+00   6.876396e-10   9.802553e-04   6.677180e-13   1081052
  2.739396e+00   6.843864e-10   9.787000e-04   6.683520e-13   1065716
  2.742798e+00   6.813084e-10   9.867653e-04   6.643738e-13   1061940
  2.746204e+00   6.748390e-10   9.811985e-04   6.657122e-13   1044096
  2.749604e+00   6.687690e-10   9.818713e-04   6.622758e-13   1034864
  2.753003e+00   6.659948e-10   9.778923e-04   6.635499e-13   1018308
  2.756407e+00   6.616433e-10   9.880499e-04   6.632179e-13   1014812
  2.759813e+00   6.557794e-10   9.817334e-04   6.627865e-13   996288
  2.763211e+00   6.522589e-10   9.807414e-04   6.612367e-13   985376
  2.766605e+00   6.491028e-10   9.763946e-04   6.641604e-13   969652
  2.770007e+00   6.429116e-10   9.852383e-04   6.585880e-13   964924
  2.773408e+00   6.389143e-10   9.813255e-04   6.599966e-13   947228
  2.776808e+00   6.345224e-10   9.830247e-04   6.618350e-13   939084
  2.780208e+00   6.309733e-10   9.769128e-04   6.616605e-13   921864
  2.783607e+00   6.248446e-10   9.830641e-04   6.586774e-13   914252
  2.787014e+00   6.216030e-10   9.855161e-04   6.599278e-13   902572
  2.790419e+00   6.194838e-10   9.827520e-04   6.603343e-13   888784
  2.793815e+00   6.138623e-10   9.766961e-04   6.617074e-13   872540
  2.797210e+00   6.096071e-10   9.801377e-04   6.578346e-13   862848
  2.800610e+00   6.036457e-10   9.835812e-04   6.593546e-13   851760
  2.804018e+00   6.021193e-10   9.862752e-04   6.593302e-13   841940
  2.807419e+00   5.967105e-10   9.779538e-04   6.623582e-13   823032
  2.810819e+00   5.941188e-10   9.834420e-04   6.612518e-13   816044
  2.814221e+00   5.879748e-10   9.803182e-04   6.636620e-13   799292
  2.817622e+00   5.848218e-10   9.859358e-04   6.618176e-13   791304
  2.821022e+00   5.806613e-10   9.778036e-04   6.643406e-13   772868
  2.824414e+00   5.762903e-10   9.799444e-04   6.663014e-13   762552
  2.827814e+00   5.745906e-10   9.815264e-04   6.679216e-13   750876
  2.831218e+00   5.701718e-10   9.834990e-04   6.667899e-13   739280
  2.834619e+00   5.652564e-10   9.815612e-04   6.703913e-13   724944
  2.838024e+00   5.598631e-10   9.837337e-04   6.679958e-13   714380
  2.841419e+00   5.549717e-10   9.765403e-04   6.715824e-13   695932
  2.844820e+00   5.498567e-10   9.860188e-04   6.688473e-13   690949
  2.848225e+00   5.466134e-10   9.790494e-04   6.691255e-13   673638
  2.851624e+00   5.415177e-10   9.838795e-04   6.690816e-13   666092
  2.855023e+00   5.386062e-10   9.776476e-04   6.744327e-13   651024
  2.858420e+00   5.359830e-10   9.835476e-04   6.742802e-13   644804
  2.861824e+00   5.301252e-10   9.809055e-04   6.744734e-13   632676
  2.865228e+00   5.257487e-10   9.847549e-04   6.708962e-13   624962
  2.868627e+00   5.216333e-10   9.786841e-04   6.724291e-13   611280
  2.872031e+00   5.172481e-10   9.864670e-04   6.703037e-13   607256
  2.875434e+00   5.148972e-10   9.785773e-04   6.739550e-13   592616
  2.878833e+00   5.110057e-10   9.838766e-04   6.736674e-13   587160
  2.882235e+00   5.059477e-10   9.806552e-04   6.762249e-13   575482
  2.885633e+00   5.024212e-10   9.821917e-04   6.747402e-13   568258
  2.889037e+00   4.986279e-10   9.823894e-04   6.768712e-13   559638
  2.892441e+00   4.939523e-10   9.828085e-04   6.743439e-13   551498
  2.895844e+00   4.913409e-10   9.815660e-04   6.767655e-13   542364
  2.899245e+00   4.876071e-10   9.820373e-04   6.767632e-13   534146
  2.902642e+00   4.823880e-10   9.799896e-04   6.739379e-13   524980
  2.906047e+00   4.758876e-10   9.845691e-04   6.684779e-13   519964
  2.909443e+00   4.739940e-10   9.764000e-04   6.737829e-13   507108
  2.912842e+00   4.703057e-10   9.860421e-04   6.676790e-13   504992
  2.916245e+00   4.676035e-10   9.788238e-04   6.753006e-13   492948
  2.919647e+00   4.647594e-10   9.864404e-04   6.731196e-13   489740
  2.923050e+00   4.592099e-10   9.776779e-04   6.727898e-13   477716
  2.926447e+00   4.547565e-10   9.842557e-04   6.725656e-13   473844
  2.929849e+00   4.527794e-10   9.793241e-04   6.747098e-13   464222
  2.933249e+00   4.470755e-10   9.833380e-04   6.695508e-13   459048
  2.936646e+00   4.465999e-10   9.781522e-04   6.755332e-13   449574
  2.940047e+00   4.396132e-10   9.843913e-04   6.683552e-13   445820
  2.943444e+00   4.383676e-10   9.766847e-04   6.742968e-13   435158
  2.946848e+00   4.345937e-10   9.868688e-04   6.718425e-13   433566
  2.950249e+00   4.325356e-10   9.754175e-04   6.772269e-13   421014
  2.953647e+00   4.255005e-10   9.867845e-04   6.653640e-13   419996
  2.957054e+00   4.239475e-10   9.785008e-04   6.709709e-13   409482
  2.960447e+00   4.188746e-10   9.814565e-04   6.700125e-13   404414
  2.963850e+00   4.177429e-10   9.822465e-04   6.709919e-13   398518
  2.967254e+00   4.122875e-10   9.832814e-04   6.678505e-13   392302
  2.970654e+00   4.101357e-10   9.815439e-04   6.732540e-13   385318
  2.974064e+00   4.048651e-10   9.866772e-04   6.684368e-13   381718
  2.977460e+00   4.027214e-10   9.751975e-04   6.717588e-13   370674
  2.980859e+00   3.999543e-10   9.875886e-04   6.711246e-13   370166
  2.984264e+00   3.989057e-10   9.774032e-04   6.755713e-13   359838
  2.987662e+00   3.940380e-10   9.857853e-04   6.702560e-13   357488
  2.991061e+00   3.917436e-10   9.759886e-04   6.770054e-13   348174
  2.994460e+00   3.884501e-10   9.853707e-04   6.741536e-13   346010
  2.997858e+00   3.847833e-10   9.762078e-04   6.728278e-13   336966
  3.001265e+00   3.808638e-10   9.900594e-04   6.697572e-13   336488
  3.004668e+00   3.783125e-10   9.740308e-04   6.752035e-13   325206
  3.008066e+00   3.753021e-10   9.873451e-04   6.706072e-13   324614
  3.011466e+00   3.712941e-10   9.747062e-04   6.769977e-13   314792
  3.014866e+00   3.674659e-10   9.879043e-04   6.678807e-13   314082
  3.018264e+00   3.643734e-10   9.737379e-04   6.755800e-13   303918
  3.021663e+00   3.637866e-10   9.889509e-04   6.694021e-13   303872
  3.025070e+00   3.604527e-10   9.784574e-04   6.790396e-13   295070
  3.028471e+00   3.573980e-10   9.862273e-04   6.704765e-13   292776
  3.031875e+00   3.531095e-10   9.783859e-04   6.686087e-13   285198
  3.035272e+00   3.495138e-10   9.836512e-04   6.696971e-13   282068
  3.038673e+00   3.488670e-10   9.805621e-04   6.750398e-13   276094
  3.042072e+00   3.443756e-10   9.815492e-04   6.713396e-13   271936
  3.045470e+00   3.428268e-10   9.796535e-04   6.768856e-13   266352
  3.048872e+00   3.404974e-10   9.837389e-04   6.738024e-13   263198
  3.052270e+00   3.383230e-10   9.774507e-04   6.812180e-13   256540
  3.055674e+00   3.352430e-10   9.870156e-04   6.758250e-13   254758
  3.059074e+00   3.312250e-10   9.752535e-04   6.764328e-13   246888
  3.062476e+00   3.287137e-10   9.882518e-04   6.765900e-13   245984
  3.065876e+00   3.256348e-10   9.745285e-04   6.812192e-13   237838
  3.069275e+00   3.227528e-10   9.875456e-04   6.755401e-13   236932
  3.072674e+00   3.204110e-10   9.753501e-04   6.790599e-13   229296
  3.076079e+00   3.173159e-10   9.905935e-04   6.765377e-13   228968
  3.079484e+00   3.161941e-10   9.759176e-04   6.822600e-13   220862
  3.082887e+00   3.128166e-10   9.907802e-04   6.778456e-13   220440
  3.086289e+00   3.116138e-10   9.746422e-04   6.849013e-13   212400
  3.089691e+00   3.084444e-10   9.910214e-04   6.814159e-13   212228
  3.093094e+00   3.080415e-10   9.746868e-04   6.922995e-13   204518
  3.096495e+00   3.026321e-10   9.889482e-04   6.816398e-13   203928
  3.099893e+00   2.999702e-10   9.720561e-04   6.851005e-13   196280
  3.103292e+00   2.967164e-10   9.890661e-04   6.805819e-13   196272
  3.106690e+00   2.953441e-10   9.712571e-04   6.900687e-13   188572
  3.110087e+00   2.917931e-10   9.879143e-04   6.784478e-13   188440
  3.113488e+00   2.912348e-10   9.734613e-04   6.919692e-13   181574
  3.116887e+00   2.880888e-10   9.881590e-04   6.898288e-13   180912
  3.120287e+00   2.883156e-10   9.735403e-04   6.995766e-13   174304
  3.123686e+00   2.840794e-10   9.886917e-04   6.924651e-13   173620
  3.127087e+00   2.837552e-10   9.751672e-04   7.058778e-13   167424
  3.130494e+00   2.797494e-10   9.911060e-04   6.954020e-13   166952
  3.133891e+00   2.787078e-10   9.707301e-04   7.107450e-13   159744
  3.137294e+00   2.736965e-10   9.930247e-04   6.931866e-13   160424
  3.140692e+00   2.760978e-10   9.688943e-04   7.205196e-13   152748
  3.144094e+00   2.718483e-10   9.946857e-04   7.042563e-13   153920
  3.147494e+00   2.692498e-10   9.672886e-04   7.085931e-13   146016
  3.150891e+00   2.667960e-10   9.941819e-04   7.045925e-13   147176
  3.154293e+00   2.657631e-10   9.692460e-04   7.206266e-13   139992
  3.157692e+00   2.649238e-10   9.933564e-04   7.209166e-13   140588
  3.161097e+00   2.620623e-10   9.721310e-04   7.223472e-13   134184
  3.164500e+00   2.598744e-10   9.923555e-04   7.188859e-13   134192
  3.167900e+00   2.586175e-10   9.713175e-04   7.327224e-13   127992
  3.171301e+00   2.567778e-10   9.922025e-04   7.252947e-13   128132
  3.174706e+00   2.556017e-10   9.738163e-04   7.406756e-13   122384
  3.178105e+00   2.507413e-10   9.894388e-04   7.231919e-13   121896
  3.181505e+00   2.523047e-10   9.729889e-04   7.470427e-13   116592
  3.184902e+00   2.488068e-10   9.887769e-04   7.332496e-13   116072
  3.188304e+00   2.494779e-10   9.741208e-04   7.599280e-13   111196
  3.191708e+00   2.453294e-10   9.922343e-04   7.415602e-13   110824
  3.195109e+00   2.446713e-10   9.706819e-04   7.584458e-13   105456
  3.198515e+00   2.404695e-10   9.956721e-04   7.408944e-13   105746
  3.201914e+00   2.409086e-10   9.664985e-04   7.690979e-13   99816
  3.205315e+00   2.372761e-10   9.954263e-04   7.500821e-13   100460
  3.208711e+00   2.394107e-10   9.652876e-04   7.901514e-13   94616
  3.212112e+00   2.370017e-10   9.961719e-04   7.731939e-13   95448
  3.215512e+00   2.333722e-10   9.666714e-04   7.838494e-13   89784
  3.218916e+00   2.328897e-10   9.964090e-04   7.834097e-13   90536
  3.222310e+00   2.303586e-10   9.614793e-04   7.962754e-13   84566
  3.225712e+00   2.283803e-10   1.000274e-03   7.861585e-13   86088
  3.229109e+00   2.301033e-10   9.576880e-04   8.128565e-13   79680
  3.232504e+00   2.289728e-10   1.000528e-03   8.053748e-13   81368
  3.235905e+00   2.253540e-10   9.590062e-04   8.251247e-13   75356
  3.239299e+00   2.247602e-10   1.000262e-03   8.202355e-13   76704
  3.242704e+00   2.260923e-10   9.625143e-04   8.475816e-13   71322
  3.246105e+00   2.221859e-10   1.000713e-03   8.319307e-13   72248
  3.249509e+00   2.216188e-10   9.624193e-04   8.525153e-13   67160
  3.252908e+00   2.186501e-10   9.988504e-04   8.473361e-13   67836
  3.256303e+00   2.191090e-10   9.598606e-04   8.795261e-13   62976
  3.259706e+00   2.142250e-10   1.001348e-03   8.520872e-13   63914
  3.263097e+00   2.144404e-10   9.561656e-04   8.891008e-13   58832
  3.266501e+00   2.147678e-10   1.003699e-03   8.742598e-13   60108
  3.269890e+00   2.140774e-10   9.539295e-04   9.192386e-13   54920
  3.273312e+00   2.120420e-10   1.015086e-03   8.942420e-13   56970
  3.276708e+00   2.113223e-10   9.440493e-04   9.390691e-13   50760
  3.280114e+00   2.107886e-10   1.016179e-03   9.135030e-13   53312
  3.283511e+00   2.103152e-10   9.404818e-04   9.753096e-13   47164
  3.286913e+00   2.047584e-10   1.018327e-03   9.253702e-13   49810
  3.290311e+00   2.085472e-10   9.356940e-04   1.002600e-12   43680
  3.293705e+00   2.044541e-10   1.019216e-03   9.580486e-13   46328
  3.297113e+00   2.039016e-10   9.396643e-04   1.010903e-12   40694
  3.300512e+00   1.999481e-10   1.021248e-03   9.705213e-13   42984
  3.303924e+00   2.043403e-10   9.393885e-04   1.055218e-12   37656
  3.307314e+00   2.007957e-10   1.018706e-03   1.011569e-12   39578
  3.310727e+00   2.017328e-10   9.431432e-04   1.075016e-12   34920
  3.314118e+00   1.993457e-10   1.015057e-03   1.043131e-12   36308
  3.317520e+00   1.994660e-10   9.417761e-04   1.117780e-12   32136
  3.320917e+00   1.948407e-10   1.014476e-03   1.073583e-12   33362
  3.324306e+00   1.986897e-10   9.360215e-04   1.173535e-12   29336
  3.327716e+00   1.959087e-10   1.021505e-03   1.108121e-12   30804
  3.331095e+00   1.975901e-10   9.233243e-04   1.222656e-12   26490
  3.334511e+00   1.955430e-10   1.029571e-03   1.159797e-12   28376
  3.337879e+00   1.963903e-10   9.097669e-04   1.293829e-12   23784
  3.341307e+00   1.951354e-10   1.040923e-03   1.182171e-12   26150
  3.344669e+00   1.962411e-10   8.938898e-04   1.357274e-12   21192
  3.348106e+00   1.965749e-10   1.054204e-03   1.279444e-12   24050
  3.351471e+00   1.924002e-10   8.769951e-04   1.398925e-12   18768
  3.354917e+00   1.919624e-10   1.068828e-03   1.280435e-12   22052
  3.358276e+00   1.939907e-10   8.453078e-04   1.526006e-12   16346
  3.361716e+00   1.889811e-10   1.081988e-03   1.345500e-12   20136
  3.365077e+00   1.906504e-10   8.114920e-04   1.626540e-12   14160
  3.368506e+00   1.918367e-10   1.091186e-03   1.387939e-12   18218
  3.371870e+00   1.905018e-10   7.752035e-04   1.743323e-12   12204
  3.375286e+00   1.892363e-10   1.099293e-03   1.478278e-12   16346
  3.378666e+00   1.879918e-10   7.492433e-04   1.821259e-12   10536
  3.382068e+00   1.853919e-10   1.103455e-03   1.557099e-12   14456
  3.385446e+00   1.909664e-10   7.144473e-04   2.041359e-12   8990
  3.388846e+00   1.882991e-10   1.111587e-03   1.675707e-12   12744
  3.392213e+00   1.908060e-10   6.547202e-04   2.238446e-12   7506
  3.395615e+00   1.891770e-10   1.122493e-03   1.757494e-12   11192
  3.398977e+00   1.901959e-10   5.748287e-04   2.441222e-12   6156
  3.402378e+00   1.845881e-10   1.132774e-03   1.865166e-12   9722
  3.405746e+00   1.850617e-10   4.871262e-04   2.596839e-12   4992
  3.409138e+00   1.940185e-10   1.141441e-03   2.154495e-12   8306
  3.412522e+00   1.902587e-10   3.836029e-04   3.057655e-12   3996
  3.415893e+00   1.873417e-10   1.145615e-03   2.222228e-12   6938
  3.419295e+00   1.941688e-10   2.666671e-04   3.396413e-12   3168
  3.422636e+00   1.906373e-10   1.141746e-03   2.526053e-12   5624
  3.426050e+00   1.900259e-10   1.840323e-04   3.798890e-12   2502
  3.429375e+00   1.891736e-10   1.135529e-03   2.795528e-12   4424
  3.432807e+00   1.965964e-10   1.951644e-04   4.225686e-12   1946
  3.436123e+00   1.843524e-10   1.131191e-03   3.197972e-12   3360
  3.439554e+00   1.975410e-10   1.068915e-04   5.218773e-12   1446
  3.442870e+00   1.809099e-10   1.128932e-03   3.737688e-12   2456
  3.446333e+00   1.883182e-10   2.047845e-04   5.692556e-12   1034
  3.449628e+00   1.844256e-10   1.127267e-03   4.572613e-12   1680
  3.453085e+00   1.795230e-10   5.107876e-05   6.499620e-12   678
  3.456375e+00   1.788436e-10   1.125846e-03   5.463705e-12   1064
  3.459905e+00   1.707709e-10   3.097621e-04   8.468285e-12   410
  3.463134e+00   1.832998e-10   1.124156e-03   7.625166e-12   576
  3.466644e+00   2.123753e-10   1.623447e-05   1.295618e-11   198
  3.469837e+00   1.564602e-10   1.113683e-03   1.129131e-11   248
  3.473678e+00   1.576489e-10   7.017054e-04   1.852438e-11   74
  3.476548e+00   2.180027e-10   1.096056e-03   3.259846e-11   48
  3.480229e+00   2.023662e-10   4.404833e-08   5.278310e-11   6
