# power spectrum of pi_k * H (dimensionless)
# redshift z=48.322258
# k              Pk             sigma(k)       sigma(Pk)      count
  5.011399e-03   1.450305e-10   7.667927e-04   3.189651e-11   18
  8.760343e-03   2.500328e-10   9.274321e-04   3.567338e-11   62
  1.219264e-02   1.833537e-10   6.415737e-04   2.248990e-11   90
  1.544208e-02   1.810886e-10   1.012578e-03   1.194099e-11   170
  1.882375e-02   1.397533e-10   1.052445e-03   8.693593e-12   246
  2.212586e-02   1.084105e-10   1.003365e-03   6.057463e-12   338
  2.538461e-02   1.010991e-10   8.625369e-04   4.985793e-12   432
  2.874098e-02   8.228006e-11   8.837915e-04   3.733220e-12   578
  3.227171e-02   6.355256e-11   1.029950e-03   2.315326e-12   786
  3.588781e-02   4.950372e-11   1.042120e-03   1.586402e-12   974
  3.927835e-02   4.172344e-11   9.024764e-04   1.319835e-12   1002
  4.262088e-02   3.753813e-11   1.031890e-03   9.927130e-13   1334
  4.605629e-02   3.037018e-11   9.928413e-04   8.272678e-13   1458
  4.927148e-02   2.736906e-11   9.383900e-04   6.760332e-13   1604
  5.258888e-02   2.422633e-11   9.527568e-04   5.837003e-13   1974
  5.604245e-02   2.220127e-11   9.344901e-04   4.724027e-13   2234
  5.946160e-02   1.995369e-11   9.563349e-04   4.109118e-13   2490
  6.298673e-02   1.816694e-11   1.050190e-03   3.410562e-13   3014
  6.645970e-02   1.668818e-11   9.569094e-04   3.034469e-13   3018
  6.980659e-02   1.522216e-11   9.901480e-04   2.612913e-13   3446
  7.314650e-02   1.363945e-11   9.499151e-04   2.288515e-13   3626
  7.649254e-02   1.214668e-11   9.848619e-04   1.896250e-13   4164
  7.989286e-02   1.132373e-11   9.543971e-04   1.738319e-13   4470
  8.331432e-02   1.008553e-11   9.760154e-04   1.469904e-13   4970
  8.675810e-02   9.232452e-12   9.868635e-04   1.244253e-13   5366
  9.019370e-02   7.951813e-12   1.001451e-03   1.015575e-13   5778
  9.359169e-02   7.469834e-12   1.005504e-03   9.480043e-14   6162
  9.700871e-02   6.588454e-12   1.013488e-03   8.326608e-14   6734
  1.003455e-01   5.982475e-12   9.405356e-04   7.172854e-14   6756
  1.036446e-01   5.496047e-12   9.524971e-04   6.124619e-14   7502
  1.070531e-01   5.135773e-12   9.671949e-04   5.690701e-14   8154
  1.104660e-01   4.693293e-12   9.653722e-04   5.112317e-14   8618
  1.139171e-01   4.471186e-12   1.003323e-03   4.649512e-14   9390
  1.173547e-01   4.299557e-12   9.852535e-04   4.378569e-14   9722
  1.207545e-01   3.914982e-12   9.860810e-04   3.899309e-14   10242
  1.241631e-01   3.717448e-12   1.005600e-03   3.485733e-14   11006
  1.275555e-01   3.598159e-12   9.685920e-04   3.419234e-14   11348
  1.309504e-01   3.340471e-12   9.675094e-04   2.994172e-14   12150
  1.343269e-01   3.137217e-12   9.435547e-04   2.886583e-14   12498
  1.377313e-01   2.986505e-12   9.886530e-04   2.541901e-14   13586
  1.411459e-01   2.741356e-12   9.905633e-04   2.345042e-14   14006
  1.445833e-01   2.581994e-12   1.020453e-03   2.053201e-14   15162
  1.479823e-01   2.370712e-12   9.640349e-04   1.939305e-14   14990
  1.513532e-01   2.204094e-12   1.000250e-03   1.730000e-14   16380
  1.547534e-01   2.056457e-12   9.673831e-04   1.587283e-14   16666
  1.581272e-01   1.944912e-12   9.715542e-04   1.486248e-14   17638
  1.615246e-01   1.796109e-12   9.629562e-04   1.343493e-14   18354
  1.649122e-01   1.685936e-12   9.648100e-04   1.231178e-14   19034
  1.683224e-01   1.622340e-12   1.001264e-03   1.133194e-14   20270
  1.717777e-01   1.559949e-12   1.011461e-03   1.064232e-14   21258
  1.751873e-01   1.487030e-12   9.729108e-04   1.011177e-14   21350
  1.785755e-01   1.387089e-12   9.827640e-04   9.367539e-15   22644
  1.819721e-01   1.341034e-12   9.637913e-04   8.871915e-15   23114
  1.853591e-01   1.300295e-12   9.784818e-04   8.424788e-15   24342
  1.887709e-01   1.234616e-12   9.779824e-04   7.757486e-15   25194
  1.921706e-01   1.199037e-12   9.766706e-04   7.583157e-15   25982
  1.955383e-01   1.149717e-12   9.708990e-04   7.070181e-15   26506
  1.989580e-01   1.091334e-12   1.021831e-03   6.530795e-15   28738
  2.023656e-01   1.032343e-12   9.717245e-04   6.175690e-15   28296
  2.057704e-01   9.719804e-13   1.000845e-03   5.533997e-15   30554
  2.091688e-01   9.192698e-13   9.485901e-04   5.299540e-15   30094
  2.125221e-01   8.930507e-13   9.710923e-04   5.008144e-15   31738
  2.159356e-01   8.341399e-13   9.929033e-04   4.633775e-15   33306
  2.193286e-01   8.059579e-13   9.661337e-04   4.376503e-15   33422
  2.227194e-01   7.664020e-13   9.900859e-04   4.108138e-15   35298
  2.261624e-01   7.270511e-13   1.000185e-03   3.811578e-15   36650
  2.295712e-01   6.949097e-13   9.760902e-04   3.606162e-15   36888
  2.329819e-01   6.629909e-13   9.904086e-04   3.338245e-15   38834
  2.363985e-01   6.359876e-13   9.689353e-04   3.231615e-15   39246
  2.397896e-01   6.196407e-13   9.728047e-04   3.097250e-15   40466
  2.431611e-01   5.949737e-13   9.698523e-04   2.902338e-15   41106
  2.465616e-01   5.701424e-13   1.002402e-03   2.735719e-15   43598
  2.499729e-01   5.543649e-13   9.767696e-04   2.671020e-15   43650
  2.533537e-01   5.350367e-13   9.807939e-04   2.505606e-15   45272
  2.567753e-01   5.152216e-13   9.902728e-04   2.380472e-15   46994
  2.601932e-01   5.052965e-13   9.838031e-04   2.289882e-15   47850
  2.635891e-01   4.788382e-13   9.763755e-04   2.174159e-15   48846
  2.669651e-01   4.635765e-13   9.674364e-04   2.088362e-15   49706
  2.703341e-01   4.445988e-13   9.741070e-04   1.968208e-15   51198
  2.737406e-01   4.252110e-13   9.924828e-04   1.841322e-15   53402
  2.771371e-01   4.140250e-13   9.722520e-04   1.826165e-15   53634
  2.805624e-01   3.941896e-13   1.000830e-03   1.646776e-15   56888
  2.839916e-01   3.791488e-13   9.684451e-04   1.600285e-15   56474
  2.874008e-01   3.655870e-13   9.892805e-04   1.506779e-15   58962
  2.908071e-01   3.485280e-13   9.753894e-04   1.433661e-15   59214
  2.941982e-01   3.431309e-13   9.869673e-04   1.381149e-15   61250
  2.975821e-01   3.304811e-13   9.719144e-04   1.330790e-15   61694
  3.009545e-01   3.198619e-13   9.802014e-04   1.272780e-15   63618
  3.043698e-01   3.094370e-13   9.975679e-04   1.197687e-15   66284
  3.077980e-01   3.000454e-13   9.829085e-04   1.158874e-15   67014
  3.111933e-01   2.878393e-13   9.745070e-04   1.107371e-15   67930
  3.145950e-01   2.806168e-13   9.864977e-04   1.059679e-15   70294
  3.179925e-01   2.758619e-13   9.751208e-04   1.032694e-15   70658
  3.213649e-01   2.672304e-13   9.817106e-04   1.003529e-15   72522
  3.247596e-01   2.559591e-13   9.844648e-04   9.403375e-16   74550
  3.281564e-01   2.489095e-13   9.737283e-04   9.050060e-16   75674
  3.315542e-01   2.426355e-13   9.772401e-04   8.698410e-16   77708
  3.349903e-01   2.335455e-13   9.941667e-04   8.157042e-16   80622
  3.384102e-01   2.261767e-13   9.737086e-04   8.050251e-16   80330
  3.418120e-01   2.195272e-13   9.872349e-04   7.688980e-16   82974
  3.452149e-01   2.118521e-13   9.787907e-04   7.361438e-16   83666
  3.486074e-01   2.064321e-13   9.855947e-04   7.050901e-16   85746
  3.519919e-01   1.981485e-13   9.786235e-04   6.722048e-16   86702
  3.553849e-01   1.931309e-13   9.853848e-04   6.396425e-16   89556
  3.587998e-01   1.871819e-13   9.787040e-04   6.208341e-16   91038
  3.622049e-01   1.839204e-13   9.781806e-04   6.055923e-16   92522
  3.655984e-01   1.774212e-13   9.796226e-04   5.822704e-16   94034
  3.690238e-01   1.722906e-13   1.002172e-03   5.515776e-16   97758
  3.724152e-01   1.687613e-13   9.656500e-04   5.476513e-16   95770
  3.757798e-01   1.634081e-13   9.833165e-04   5.222707e-16   99646
  3.791725e-01   1.601775e-13   9.759165e-04   5.054250e-16   100980
  3.825817e-01   1.551720e-13   9.863738e-04   4.844667e-16   104258
  3.859962e-01   1.501372e-13   9.755460e-04   4.666845e-16   104998
  3.894080e-01   1.467716e-13   9.835643e-04   4.484365e-16   107866
  3.928147e-01   1.435537e-13   9.740361e-04   4.369568e-16   108154
  3.962141e-01   1.403133e-13   9.934490e-04   4.200330e-16   111622
  3.996192e-01   1.363955e-13   9.826041e-04   4.082770e-16   112146
  4.030012e-01   1.336573e-13   9.795782e-04   3.953667e-16   114014
  4.063885e-01   1.286372e-13   9.764181e-04   3.785334e-16   116220
  4.097904e-01   1.258379e-13   9.798152e-04   3.624262e-16   118682
  4.132005e-01   1.225713e-13   9.857802e-04   3.541916e-16   121118
  4.166179e-01   1.187319e-13   9.842070e-04   3.405859e-16   122994
  4.200138e-01   1.152672e-13   9.755040e-04   3.291529e-16   123574
  4.234089e-01   1.136654e-13   9.898661e-04   3.199974e-16   126922
  4.268043e-01   1.103344e-13   9.841431e-04   3.094378e-16   127906
  4.301921e-01   1.071549e-13   9.815465e-04   2.970770e-16   130432
  4.335917e-01   1.049446e-13   9.754601e-04   2.873629e-16   132642
  4.369913e-01   1.025737e-13   9.719503e-04   2.790763e-16   134534
  4.404018e-01   1.003619e-13   9.840871e-04   2.708765e-16   137778
  4.438343e-01   9.783567e-14   9.933984e-04   2.611100e-16   140786
  4.472374e-01   9.533673e-14   9.717922e-04   2.547121e-16   139590
  4.506229e-01   9.323914e-14   9.849166e-04   2.470448e-16   143546
  4.540257e-01   9.113076e-14   9.844996e-04   2.391471e-16   145338
  4.574181e-01   8.928202e-14   9.804237e-04   2.324840e-16   147272
  4.608205e-01   8.649090e-14   9.820431e-04   2.245348e-16   150330
  4.642299e-01   8.440077e-14   9.784546e-04   2.154774e-16   152318
  4.676229e-01   8.280060e-14   9.721829e-04   2.113835e-16   153202
  4.710338e-01   8.030310e-14   9.963562e-04   2.019581e-16   158626
  4.744395e-01   7.894613e-14   9.772483e-04   1.997176e-16   157350
  4.778318e-01   7.661514e-14   9.898002e-04   1.919859e-16   161906
  4.812140e-01   7.567547e-14   9.669369e-04   1.904511e-16   160872
  4.846116e-01   7.388964e-14   9.917034e-04   1.812177e-16   167858
  4.880280e-01   7.267651e-14   9.756048e-04   1.780410e-16   167514
  4.914175e-01   7.029089e-14   9.745776e-04   1.696033e-16   169862
  4.948220e-01   6.875493e-14   9.838968e-04   1.663513e-16   173602
  4.982323e-01   6.760896e-14   9.830917e-04   1.600323e-16   175258
  5.016339e-01   6.586023e-14   9.862687e-04   1.572144e-16   177654
  5.050410e-01   6.454706e-14   9.895807e-04   1.509890e-16   180698
  5.084427e-01   6.297947e-14   9.791290e-04   1.478242e-16   181968
  5.118414e-01   6.214349e-14   9.787235e-04   1.442517e-16   184850
  5.152392e-01   6.076276e-14   9.792509e-04   1.407791e-16   187034
  5.186493e-01   5.933495e-14   9.887200e-04   1.359496e-16   191238
  5.220519e-01   5.826624e-14   9.768042e-04   1.332710e-16   191042
  5.254432e-01   5.696096e-14   9.855000e-04   1.287954e-16   195102
  5.288335e-01   5.571854e-14   9.778254e-04   1.259306e-16   195786
  5.322301e-01   5.445380e-14   9.901932e-04   1.204014e-16   201164
  5.356296e-01   5.365347e-14   9.735643e-04   1.204267e-16   201070
  5.390212e-01   5.211115e-14   9.785171e-04   1.145930e-16   205234
  5.424222e-01   5.144946e-14   9.768081e-04   1.131877e-16   207342
  5.458239e-01   5.014659e-14   9.815179e-04   1.088874e-16   210602
  5.492295e-01   4.916951e-14   9.836776e-04   1.068288e-16   213130
  5.526459e-01   4.820856e-14   9.915409e-04   1.033792e-16   217318
  5.560456e-01   4.724714e-14   9.743530e-04   1.014279e-16   216306
  5.594305e-01   4.613245e-14   9.794774e-04   9.840715e-17   220652
  5.628376e-01   4.544931e-14   9.842473e-04   9.634842e-17   224502
  5.662522e-01   4.469209e-14   9.844461e-04   9.418723e-17   227186
  5.696552e-01   4.348501e-14   9.784190e-04   9.090761e-17   228398
  5.730519e-01   4.272096e-14   9.819770e-04   8.868486e-17   231642
  5.764475e-01   4.188514e-14   9.824176e-04   8.676970e-17   233946
  5.798545e-01   4.135850e-14   9.913361e-04   8.497277e-17   238694
  5.832493e-01   4.051600e-14   9.753099e-04   8.287517e-17   238068
  5.866460e-01   3.981357e-14   9.835365e-04   8.063078e-17   244190
  5.900561e-01   3.871620e-14   9.771578e-04   7.830354e-17   245362
  5.934524e-01   3.833111e-14   9.800894e-04   7.691207e-17   248362
  5.968555e-01   3.748344e-14   9.839452e-04   7.451635e-17   251966
  6.002586e-01   3.697981e-14   9.805677e-04   7.323112e-17   254034
  6.036498e-01   3.620873e-14   9.775259e-04   7.204568e-17   255818
  6.070559e-01   3.524000e-14   9.912862e-04   6.913961e-17   262254
  6.104632e-01   3.501061e-14   9.773523e-04   6.847355e-17   261980
  6.138753e-01   3.418368e-14   9.883425e-04   6.618317e-17   268566
  6.172721e-01   3.364870e-14   9.667501e-04   6.526660e-17   265538
  6.206625e-01   3.309319e-14   9.869997e-04   6.320761e-17   273330
  6.240644e-01   3.229149e-14   9.812963e-04   6.200796e-17   273718
  6.274686e-01   3.167334e-14   9.910705e-04   6.010082e-17   279658
  6.308738e-01   3.141567e-14   9.800215e-04   5.954185e-17   279670
  6.342612e-01   3.072465e-14   9.791793e-04   5.800107e-17   282964
  6.376657e-01   3.008789e-14   9.856782e-04   5.655169e-17   288362
  6.410723e-01   2.959887e-14   9.787866e-04   5.526192e-17   289686
  6.444666e-01   2.918586e-14   9.767056e-04   5.427450e-17   292234
  6.478513e-01   2.856534e-14   9.736693e-04   5.284939e-17   294190
  6.512490e-01   2.807361e-14   9.869325e-04   5.135251e-17   300642
  6.546619e-01   2.766385e-14   9.871013e-04   5.030694e-17   303386
  6.580612e-01   2.703941e-14   9.793499e-04   4.902283e-17   304662
  6.614636e-01   2.657476e-14   9.820034e-04   4.809814e-17   309812
  6.648699e-01   2.612011e-14   9.779067e-04   4.704682e-17   311714
  6.682854e-01   2.575077e-14   9.889859e-04   4.576036e-17   318126
  6.716848e-01   2.531868e-14   9.721561e-04   4.511751e-17   315114
  6.750728e-01   2.487156e-14   9.862501e-04   4.396013e-17   322622
  6.784691e-01   2.449622e-14   9.775093e-04   4.332582e-17   322850
  6.818689e-01   2.401093e-14   9.897138e-04   4.187639e-17   329802
  6.852751e-01   2.366542e-14   9.833693e-04   4.135233e-17   331104
  6.886859e-01   2.335433e-14   9.866565e-04   4.038979e-17   336986
  6.920888e-01   2.287301e-14   9.721728e-04   3.963453e-17   335870
  6.954811e-01   2.243360e-14   9.807544e-04   3.853459e-17   341610
  6.988813e-01   2.209653e-14   9.817106e-04   3.781999e-17   344370
  7.022777e-01   2.181719e-14   9.819315e-04   3.733993e-17   347606
  7.056775e-01   2.140309e-14   9.835290e-04   3.620650e-17   351650
  7.090743e-01   2.110631e-14   9.788224e-04   3.554633e-17   353760
  7.124835e-01   2.073761e-14   9.883067e-04   3.461254e-17   360970
  7.159021e-01   2.045632e-14   9.827333e-04   3.410518e-17   362818
  7.192956e-01   2.009578e-14   9.713759e-04   3.337927e-17   362334
  7.226987e-01   1.973497e-14   9.881791e-04   3.254460e-17   371642
  7.260991e-01   1.943821e-14   9.752613e-04   3.229832e-17   368778
  7.294880e-01   1.917136e-14   9.876514e-04   3.139252e-17   376526
  7.328875e-01   1.880098e-14   9.811641e-04   3.075858e-17   377786
  7.362841e-01   1.855783e-14   9.830834e-04   3.017410e-17   382968
  7.396876e-01   1.827888e-14   9.807196e-04   2.946488e-17   386146
  7.430940e-01   1.805458e-14   9.835434e-04   2.892355e-17   390826
  7.464968e-01   1.772275e-14   9.797536e-04   2.842925e-17   392662
  7.499014e-01   1.747137e-14   9.850939e-04   2.779319e-17   398242
  7.532920e-01   1.715829e-14   9.729755e-04   2.732677e-17   396726
  7.566809e-01   1.693168e-14   9.841245e-04   2.670251e-17   404738
  7.600831e-01   1.666732e-14   9.825351e-04   2.619632e-17   407628
  7.634852e-01   1.635343e-14   9.813443e-04   2.563123e-17   411734
  7.668845e-01   1.612928e-14   9.775056e-04   2.512419e-17   414242
  7.702939e-01   1.588301e-14   9.855270e-04   2.459796e-17   421434
  7.737042e-01   1.560770e-14   9.802386e-04   2.413308e-17   421918
  7.771088e-01   1.547261e-14   9.872890e-04   2.381950e-17   427810
  7.805138e-01   1.516615e-14   9.826568e-04   2.317229e-17   429470
  7.839079e-01   1.498440e-14   9.797011e-04   2.291004e-17   432282
  7.873028e-01   1.474641e-14   9.821433e-04   2.238364e-17   437260
  7.907010e-01   1.455519e-14   9.806539e-04   2.202041e-17   440758
  7.941053e-01   1.438809e-14   9.841811e-04   2.157218e-17   446370
  7.975164e-01   1.407555e-14   9.834504e-04   2.107222e-17   450182
  8.009127e-01   1.386179e-14   9.757493e-04   2.081208e-17   449850
  8.043077e-01   1.366566e-14   9.864375e-04   2.026537e-17   457898
  8.077063e-01   1.348479e-14   9.796531e-04   2.000951e-17   458662
  8.111019e-01   1.330916e-14   9.815065e-04   1.967205e-17   464620
  8.144977e-01   1.310412e-14   9.750269e-04   1.935601e-17   466302
  8.179011e-01   1.292088e-14   9.839993e-04   1.882835e-17   474314
  8.213073e-01   1.273478e-14   9.800182e-04   1.853504e-17   475530
  8.247179e-01   1.254470e-14   9.879200e-04   1.811490e-17   483206
  8.281287e-01   1.238357e-14   9.814603e-04   1.791592e-17   483530
  8.315249e-01   1.222894e-14   9.809161e-04   1.757819e-17   487002
  8.349221e-01   1.205262e-14   9.835509e-04   1.722625e-17   491774
  8.383178e-01   1.184537e-14   9.804529e-04   1.693823e-17   495084
  8.417151e-01   1.169704e-14   9.794333e-04   1.662218e-17   499438
  8.451164e-01   1.151687e-14   9.820615e-04   1.633418e-17   504682
  8.485188e-01   1.135798e-14   9.813126e-04   1.604148e-17   507738
  8.519281e-01   1.121900e-14   9.891488e-04   1.579895e-17   515174
  8.553313e-01   1.108052e-14   9.796328e-04   1.552814e-17   514234
  8.587212e-01   1.091266e-14   9.795185e-04   1.527966e-17   519022
  8.621117e-01   1.071148e-14   9.776207e-04   1.485000e-17   522636
  8.655093e-01   1.060495e-14   9.815215e-04   1.463675e-17   529442
  8.689165e-01   1.046287e-14   9.823162e-04   1.439676e-17   534078
  8.723203e-01   1.030621e-14   9.785977e-04   1.414855e-17   536666
  8.757149e-01   1.015879e-14   9.771268e-04   1.392651e-17   539142
  8.791253e-01   1.000916e-14   9.924057e-04   1.364658e-17   550658
  8.825379e-01   9.925084e-15   9.816929e-04   1.350784e-17   548298
  8.859333e-01   9.770900e-15   9.826669e-04   1.321713e-17   553694
  8.893272e-01   9.647784e-15   9.768278e-04   1.302722e-17   556116
  8.927312e-01   9.503699e-15   9.844199e-04   1.273843e-17   564890
  8.961296e-01   9.352070e-15   9.766230e-04   1.253135e-17   563718
  8.995313e-01   9.261342e-15   9.874972e-04   1.227908e-17   574298
  9.029379e-01   9.152091e-15   9.804817e-04   1.217242e-17   573966
  9.063376e-01   9.041919e-15   9.852707e-04   1.198352e-17   580586
  9.097364e-01   8.902508e-15   9.817750e-04   1.177433e-17   582666
  9.131388e-01   8.789522e-15   9.852143e-04   1.153461e-17   590648
  9.165400e-01   8.665230e-15   9.754677e-04   1.137808e-17   590394
  9.199310e-01   8.540772e-15   9.770986e-04   1.113018e-17   596174
  9.233301e-01   8.444044e-15   9.802065e-04   1.094146e-17   601674
  9.267350e-01   8.324035e-15   9.846832e-04   1.075879e-17   607682
  9.301415e-01   8.226858e-15   9.838059e-04   1.062119e-17   611166
  9.335460e-01   8.141130e-15   9.835863e-04   1.044603e-17   615626
  9.369426e-01   8.029504e-15   9.795239e-04   1.028921e-17   617290
  9.403431e-01   7.892683e-15   9.852598e-04   1.004631e-17   626344
  9.437456e-01   7.821703e-15   9.776145e-04   9.977201e-18   626658
  9.471442e-01   7.730230e-15   9.821583e-04   9.793216e-18   634022
  9.505394e-01   7.599327e-15   9.766085e-04   9.603312e-18   634554
  9.539406e-01   7.510583e-15   9.874089e-04   9.402061e-18   645026
  9.573433e-01   7.415783e-15   9.821401e-04   9.289391e-18   645102
  9.607439e-01   7.319954e-15   9.860849e-04   9.128067e-18   653018
  9.641443e-01   7.239005e-15   9.792030e-04   8.998476e-18   654384
  9.675485e-01   7.133073e-15   9.834130e-04   8.838428e-18   663194
  9.709524e-01   7.082954e-15   9.778786e-04   8.761448e-18   663834
  9.743471e-01   6.951066e-15   9.789463e-04   8.587123e-18   669158
  9.777459e-01   6.873588e-15   9.805686e-04   8.447385e-18   674490
  9.811412e-01   6.791833e-15   9.786140e-04   8.330562e-18   677222
  9.845441e-01   6.741187e-15   9.871972e-04   8.246541e-18   686874
  9.879558e-01   6.640681e-15   9.859594e-04   8.072103e-18   690722
  9.913572e-01   6.558934e-15   9.790433e-04   7.996760e-18   692008
  9.947624e-01   6.465006e-15   9.840929e-04   7.796957e-18   701386
  9.981657e-01   6.398707e-15   9.773767e-04   7.733086e-18   700778
  1.001563e+00   6.302811e-15   9.829030e-04   7.547248e-18   708774
  1.004963e+00   6.233514e-15   9.817412e-04   7.472803e-18   711690
  1.008366e+00   6.154068e-15   9.861014e-04   7.321022e-18   719606
  1.011761e+00   6.087507e-15   9.768322e-04   7.245633e-18   717762
  1.015158e+00   6.011419e-15   9.862327e-04   7.076615e-18   730460
  1.018564e+00   5.942067e-15   9.793539e-04   7.009124e-18   731070
  1.021972e+00   5.855791e-15   9.851635e-04   6.871147e-18   741170
  1.025372e+00   5.808956e-15   9.730396e-04   6.841502e-18   737094
  1.028764e+00   5.738376e-15   9.820777e-04   6.729161e-18   747698
  1.032166e+00   5.654322e-15   9.825085e-04   6.611055e-18   751658
  1.035563e+00   5.596170e-15   9.813994e-04   6.528270e-18   755574
  1.038960e+00   5.529477e-15   9.819736e-04   6.413796e-18   761442
  1.042370e+00   5.456110e-15   9.859386e-04   6.285384e-18   770816
  1.045775e+00   5.427563e-15   9.778469e-04   6.279411e-18   769274
  1.049181e+00   5.329464e-15   9.883345e-04   6.106960e-18   782130
  1.052579e+00   5.282453e-15   9.735264e-04   6.053233e-18   775230
  1.055972e+00   5.204382e-15   9.857792e-04   5.925788e-18   789866
  1.059371e+00   5.149710e-15   9.785659e-04   5.872690e-18   787914
  1.062768e+00   5.098141e-15   9.871968e-04   5.770942e-18   799598
  1.066175e+00   5.028785e-15   9.836410e-04   5.686086e-18   802980
  1.069574e+00   4.971089e-15   9.780653e-04   5.616239e-18   805622
  1.072972e+00   4.921653e-15   9.797707e-04   5.552703e-18   812050
  1.076379e+00   4.860184e-15   9.852802e-04   5.441094e-18   820954
  1.079781e+00   4.806451e-15   9.789326e-04   5.373202e-18   820062
  1.083172e+00   4.740157e-15   9.799094e-04   5.280833e-18   826298
  1.086570e+00   4.704920e-15   9.815876e-04   5.239207e-18   833118
  1.089963e+00   4.645760e-15   9.774947e-04   5.157927e-18   834812
  1.093365e+00   4.601607e-15   9.859628e-04   5.055907e-18   847858
  1.096785e+00   4.541044e-15   9.865115e-04   4.977951e-18   854278
  1.100190e+00   4.488679e-15   9.767209e-04   4.934516e-18   850978
  1.103586e+00   4.444806e-15   9.814764e-04   4.874367e-18   859186
  1.106990e+00   4.384428e-15   9.865569e-04   4.790115e-18   867126
  1.110391e+00   4.339101e-15   9.816501e-04   4.734250e-18   868274
  1.113785e+00   4.284956e-15   9.808544e-04   4.672757e-18   873606
  1.117179e+00   4.240811e-15   9.794732e-04   4.603448e-18   879284
  1.120580e+00   4.202310e-15   9.820603e-04   4.540845e-18   887170
  1.123993e+00   4.155713e-15   9.876068e-04   4.468160e-18   897526
  1.127401e+00   4.098876e-15   9.778886e-04   4.405417e-18   894258
  1.130799e+00   4.065069e-15   9.823745e-04   4.341599e-18   903374
  1.134195e+00   4.015714e-15   9.785328e-04   4.286475e-18   904338
  1.137590e+00   3.970667e-15   9.832540e-04   4.217961e-18   913586
  1.140984e+00   3.937305e-15   9.783814e-04   4.198887e-18   915416
  1.144387e+00   3.883531e-15   9.836903e-04   4.109950e-18   928122
  1.147789e+00   3.844907e-15   9.757713e-04   4.069152e-18   926094
  1.151197e+00   3.808442e-15   9.888312e-04   3.992208e-18   942890
  1.154606e+00   3.756756e-15   9.789734e-04   3.946964e-18   937266
  1.158004e+00   3.719777e-15   9.856923e-04   3.900004e-18   948854
  1.161404e+00   3.676511e-15   9.801062e-04   3.847798e-18   948714
  1.164797e+00   3.636055e-15   9.823513e-04   3.802797e-18   956186
  1.168197e+00   3.603025e-15   9.838881e-04   3.739550e-18   964272
  1.171602e+00   3.557650e-15   9.813885e-04   3.689797e-18   969458
  1.175002e+00   3.522545e-15   9.785094e-04   3.642071e-18   972750
  1.178405e+00   3.487973e-15   9.839022e-04   3.589182e-18   982706
  1.181806e+00   3.452158e-15   9.798755e-04   3.556650e-18   982906
  1.185211e+00   3.412501e-15   9.881427e-04   3.486342e-18   996622
  1.188612e+00   3.368100e-15   9.782401e-04   3.455021e-18   992378
  1.191999e+00   3.340549e-15   9.775059e-04   3.400513e-18   999000
  1.195397e+00   3.302849e-15   9.817623e-04   3.354130e-18   1010114
  1.198803e+00   3.272914e-15   9.815316e-04   3.327188e-18   1015722
  1.202205e+00   3.235827e-15   9.793783e-04   3.278495e-18   1018742
  1.205613e+00   3.206717e-15   9.864495e-04   3.226711e-18   1031250
  1.209016e+00   3.164871e-15   9.786533e-04   3.201179e-18   1027226
  1.212413e+00   3.134339e-15   9.856307e-04   3.147109e-18   1039734
  1.215813e+00   3.108252e-15   9.805725e-04   3.116394e-18   1039914
  1.219210e+00   3.077387e-15   9.832224e-04   3.068435e-18   1050272
  1.222609e+00   3.038470e-15   9.777885e-04   3.028676e-18   1052306
  1.226010e+00   3.014417e-15   9.820199e-04   2.994426e-18   1062666
  1.229414e+00   2.970266e-15   9.821012e-04   2.948620e-18   1067262
  1.232818e+00   2.953882e-15   9.834577e-04   2.925418e-18   1073906
  1.236220e+00   2.914476e-15   9.821555e-04   2.883882e-18   1078190
  1.239623e+00   2.887563e-15   9.835287e-04   2.835365e-18   1085634
  1.243018e+00   2.859866e-15   9.777743e-04   2.816092e-18   1085508
  1.246420e+00   2.823404e-15   9.857694e-04   2.756512e-18   1101926
  1.249823e+00   2.798465e-15   9.765533e-04   2.740894e-18   1098322
  1.253220e+00   2.774112e-15   9.810493e-04   2.703618e-18   1109878
  1.256626e+00   2.744931e-15   9.822346e-04   2.671459e-18   1115338
  1.260031e+00   2.713972e-15   9.850685e-04   2.636237e-18   1122586
  1.263434e+00   2.688629e-15   9.828803e-04   2.600558e-18   1125862
  1.266833e+00   2.663893e-15   9.826042e-04   2.575717e-18   1132498
  1.270230e+00   2.635013e-15   9.794882e-04   2.551085e-18   1135444
  1.273627e+00   2.609104e-15   9.822580e-04   2.502330e-18   1145374
  1.277031e+00   2.578744e-15   9.829599e-04   2.468936e-18   1152698
  1.280435e+00   2.556884e-15   9.811808e-04   2.448374e-18   1157046
  1.283832e+00   2.535410e-15   9.792543e-04   2.425473e-18   1160226
  1.287236e+00   2.505922e-15   9.867747e-04   2.378274e-18   1174346
  1.290638e+00   2.484632e-15   9.799098e-04   2.367533e-18   1171462
  1.294035e+00   2.450383e-15   9.835292e-04   2.320863e-18   1183828
  1.297431e+00   2.438388e-15   9.751511e-04   2.311873e-18   1181822
  1.300825e+00   2.409132e-15   9.806813e-04   2.273726e-18   1194930
  1.304229e+00   2.385625e-15   9.822693e-04   2.242124e-18   1202010
  1.307632e+00   2.358025e-15   9.818508e-04   2.219872e-18   1207166
  1.311036e+00   2.338863e-15   9.828798e-04   2.191882e-18   1214106
  1.314433e+00   2.315834e-15   9.789042e-04   2.168854e-18   1215302
  1.317833e+00   2.293155e-15   9.858329e-04   2.135571e-18   1229274
  1.321244e+00   2.276343e-15   9.860143e-04   2.122104e-18   1236164
  1.324647e+00   2.249712e-15   9.790511e-04   2.099521e-18   1235326
  1.328043e+00   2.234765e-15   9.802315e-04   2.078250e-18   1244026
  1.331441e+00   2.206059e-15   9.803347e-04   2.040367e-18   1249154
  1.334844e+00   2.186032e-15   9.852720e-04   2.019704e-18   1260558
  1.338244e+00   2.161273e-15   9.799856e-04   1.990926e-18   1260394
  1.341646e+00   2.149255e-15   9.851173e-04   1.973281e-18   1274758
  1.345044e+00   2.121488e-15   9.761448e-04   1.946358e-18   1270188
  1.348447e+00   2.105450e-15   9.870074e-04   1.919835e-18   1291202
  1.351849e+00   2.087403e-15   9.757557e-04   1.913920e-18   1282654
  1.355244e+00   2.065842e-15   9.819229e-04   1.879803e-18   1298242
  1.358647e+00   2.049190e-15   9.803455e-04   1.860267e-18   1301774
  1.362047e+00   2.025704e-15   9.827693e-04   1.839945e-18   1309770
  1.365448e+00   2.004856e-15   9.830640e-04   1.817479e-18   1315714
  1.368852e+00   1.983641e-15   9.843087e-04   1.791064e-18   1325110
  1.372253e+00   1.969790e-15   9.790721e-04   1.779556e-18   1326012
  1.375652e+00   1.947257e-15   9.818283e-04   1.754936e-18   1336154
  1.379060e+00   1.930361e-15   9.856646e-04   1.732250e-18   1347334
  1.382463e+00   1.912033e-15   9.798090e-04   1.714754e-18   1345354
  1.385854e+00   1.894750e-15   9.796108e-04   1.699382e-18   1350998
  1.389254e+00   1.875625e-15   9.851001e-04   1.676374e-18   1365546
  1.392658e+00   1.862597e-15   9.818266e-04   1.655953e-18   1367474
  1.396060e+00   1.842835e-15   9.832315e-04   1.634454e-18   1377984
  1.399461e+00   1.827245e-15   9.785308e-04   1.626869e-18   1379394
  1.402863e+00   1.814552e-15   9.826740e-04   1.611560e-18   1392230
  1.406265e+00   1.792116e-15   9.788975e-04   1.588089e-18   1392634
  1.409662e+00   1.780242e-15   9.821355e-04   1.573951e-18   1402666
  1.413062e+00   1.762318e-15   9.819858e-04   1.557462e-18   1408502
  1.416462e+00   1.741919e-15   9.817857e-04   1.532994e-18   1415418
  1.419855e+00   1.731449e-15   9.774342e-04   1.527097e-18   1416856
  1.423264e+00   1.716022e-15   9.894876e-04   1.496058e-18   1442002
  1.426674e+00   1.697102e-15   9.781259e-04   1.484978e-18   1431634
  1.430071e+00   1.680629e-15   9.822615e-04   1.466112e-18   1444606
  1.433469e+00   1.669949e-15   9.789194e-04   1.454343e-18   1445890
  1.436871e+00   1.651995e-15   9.861222e-04   1.433064e-18   1462210
  1.440273e+00   1.636348e-15   9.807880e-04   1.420501e-18   1459590
  1.443669e+00   1.620305e-15   9.833740e-04   1.398887e-18   1471226
  1.447072e+00   1.609590e-15   9.829562e-04   1.390030e-18   1480072
  1.450479e+00   1.596103e-15   9.811931e-04   1.377090e-18   1486594
  1.453879e+00   1.580857e-15   9.787053e-04   1.364629e-18   1488882
  1.457279e+00   1.567561e-15   9.827371e-04   1.344554e-18   1500854
  1.460684e+00   1.550659e-15   9.826979e-04   1.326787e-18   1506874
  1.464078e+00   1.542313e-15   9.779210e-04   1.323409e-18   1506094
  1.467472e+00   1.525423e-15   9.824981e-04   1.304509e-18   1519682
  1.470872e+00   1.512721e-15   9.822978e-04   1.291713e-18   1526724
  1.474279e+00   1.496595e-15   9.845854e-04   1.269375e-18   1539038
  1.477685e+00   1.484657e-15   9.798767e-04   1.262150e-18   1539810
  1.481081e+00   1.472893e-15   9.791313e-04   1.251020e-18   1545046
  1.484485e+00   1.461319e-15   9.854562e-04   1.237868e-18   1560538
  1.487886e+00   1.447179e-15   9.804436e-04   1.225991e-18   1557506
  1.491282e+00   1.433226e-15   9.836002e-04   1.210339e-18   1570062
  1.494678e+00   1.422159e-15   9.793467e-04   1.198902e-18   1571290
  1.498078e+00   1.409439e-15   9.842488e-04   1.184460e-18   1588228
  1.501484e+00   1.398803e-15   9.810937e-04   1.176071e-18   1591046
  1.504889e+00   1.387217e-15   9.832504e-04   1.163097e-18   1602474
  1.508291e+00   1.373975e-15   9.782624e-04   1.152685e-18   1601646
  1.511687e+00   1.360945e-15   9.804817e-04   1.139541e-18   1611266
  1.515082e+00   1.349603e-15   9.805934e-04   1.126576e-18   1616634
  1.518484e+00   1.336106e-15   9.853950e-04   1.111040e-18   1631366
  1.521885e+00   1.328717e-15   9.796982e-04   1.104974e-18   1631028
  1.525282e+00   1.320729e-15   9.798719e-04   1.097652e-18   1641446
  1.528689e+00   1.307167e-15   9.836821e-04   1.084141e-18   1654234
  1.532101e+00   1.294198e-15   9.854232e-04   1.069580e-18   1662874
  1.535501e+00   1.284292e-15   9.777869e-04   1.063072e-18   1656686
  1.538894e+00   1.272124e-15   9.817573e-04   1.048394e-18   1670898
  1.542295e+00   1.261690e-15   9.826743e-04   1.038375e-18   1678074
  1.545693e+00   1.251572e-15   9.828970e-04   1.032436e-18   1685198
  1.549094e+00   1.240596e-15   9.826216e-04   1.020079e-18   1694524
  1.552497e+00   1.231764e-15   9.806206e-04   1.007973e-18   1701334
  1.555899e+00   1.220927e-15   9.807944e-04   9.978738e-19   1709386
  1.559306e+00   1.208430e-15   9.832546e-04   9.849991e-19   1719994
  1.562708e+00   1.199708e-15   9.808801e-04   9.793412e-19   1721510
  1.566111e+00   1.189092e-15   9.843526e-04   9.690591e-19   1734978
  1.569507e+00   1.179316e-15   9.766081e-04   9.612629e-19   1728646
  1.572899e+00   1.171179e-15   9.823741e-04   9.508232e-19   1746868
  1.576300e+00   1.160643e-15   9.809864e-04   9.424910e-19   1752922
  1.579707e+00   1.152187e-15   9.845798e-04   9.323863e-19   1767862
  1.583112e+00   1.140150e-15   9.793884e-04   9.251269e-19   1765698
  1.586515e+00   1.133584e-15   9.844058e-04   9.151811e-19   1781270
  1.589918e+00   1.123927e-15   9.810287e-04   9.089658e-19   1780650
  1.593316e+00   1.110435e-15   9.836246e-04   8.945762e-19   1792418
  1.596711e+00   1.104837e-15   9.794648e-04   8.896945e-19   1792790
  1.600109e+00   1.094580e-15   9.831424e-04   8.786497e-19   1809852
  1.603512e+00   1.086694e-15   9.801224e-04   8.712568e-19   1812666
  1.606915e+00   1.080088e-15   9.841796e-04   8.623163e-19   1827614
  1.610321e+00   1.070937e-15   9.814350e-04   8.561902e-19   1829970
  1.613720e+00   1.059924e-15   9.803236e-04   8.470180e-19   1835030
  1.617114e+00   1.052357e-15   9.798165e-04   8.387067e-19   1841410
  1.620515e+00   1.043897e-15   9.841327e-04   8.291472e-19   1856626
  1.623912e+00   1.036348e-15   9.785166e-04   8.270137e-19   1854656
  1.627309e+00   1.027412e-15   9.815053e-04   8.158624e-19   1870698
  1.630712e+00   1.021618e-15   9.804842e-04   8.126103e-19   1876998
  1.634114e+00   1.010849e-15   9.808565e-04   8.014813e-19   1884458
  1.637514e+00   1.004029e-15   9.820836e-04   7.947654e-19   1891730
  1.640921e+00   9.944404e-16   9.864027e-04   7.855933e-19   1907574
  1.644328e+00   9.866139e-16   9.824949e-04   7.788256e-19   1907730
  1.647725e+00   9.807337e-16   9.806100e-04   7.735828e-19   1912154
  1.651122e+00   9.724387e-16   9.815437e-04   7.663238e-19   1923216
  1.654527e+00   9.648769e-16   9.837853e-04   7.572142e-19   1936562
  1.657929e+00   9.572900e-16   9.797671e-04   7.526841e-19   1936862
  1.661330e+00   9.471578e-16   9.824032e-04   7.415926e-19   1950114
  1.664731e+00   9.444147e-16   9.809526e-04   7.404575e-19   1953306
  1.668134e+00   9.350354e-16   9.852343e-04   7.310737e-19   1968806
  1.671536e+00   9.252452e-16   9.810375e-04   7.233766e-19   1968818
  1.674935e+00   9.205254e-16   9.815051e-04   7.182363e-19   1980624
  1.678335e+00   9.127011e-16   9.789502e-04   7.131942e-19   1985034
  1.681733e+00   9.066213e-16   9.802456e-04   7.045313e-19   1995242
  1.685136e+00   8.991869e-16   9.833510e-04   6.982960e-19   2007742
  1.688539e+00   8.905550e-16   9.813083e-04   6.905429e-19   2010538
  1.691936e+00   8.839683e-16   9.811361e-04   6.876315e-19   2017390
  1.695340e+00   8.786155e-16   9.857772e-04   6.807478e-19   2034346
  1.698736e+00   8.697761e-16   9.777687e-04   6.753366e-19   2025498
  1.702137e+00   8.653615e-16   9.868689e-04   6.683918e-19   2055248
  1.705540e+00   8.580833e-16   9.770123e-04   6.651276e-19   2045090
  1.708936e+00   8.536432e-16   9.814027e-04   6.595009e-19   2062074
  1.712339e+00   8.444689e-16   9.823860e-04   6.517425e-19   2070190
  1.715742e+00   8.393584e-16   9.834046e-04   6.456496e-19   2079226
  1.719142e+00   8.338130e-16   9.818107e-04   6.420892e-19   2083990
  1.722545e+00   8.277972e-16   9.839507e-04   6.365921e-19   2097898
  1.725944e+00   8.201854e-16   9.787299e-04   6.309253e-19   2095452
  1.729345e+00   8.141178e-16   9.842373e-04   6.231264e-19   2117390
  1.732750e+00   8.078230e-16   9.796988e-04   6.196975e-19   2117066
  1.736142e+00   8.007637e-16   9.757475e-04   6.139061e-19   2117238
  1.739539e+00   7.962586e-16   9.838620e-04   6.090955e-19   2140026
  1.742945e+00   7.899111e-16   9.844962e-04   6.032471e-19   2147234
  1.746347e+00   7.831785e-16   9.820811e-04   5.980748e-19   2150118
  1.749746e+00   7.787337e-16   9.821004e-04   5.944097e-19   2160386
  1.753147e+00   7.732052e-16   9.809815e-04   5.895565e-19   2168256
  1.756552e+00   7.663142e-16   9.838581e-04   5.823152e-19   2183306
  1.759956e+00   7.628203e-16   9.808091e-04   5.808683e-19   2184642
  1.763354e+00   7.559079e-16   9.804471e-04   5.742109e-19   2192318
  1.766749e+00   7.499242e-16   9.788737e-04   5.694706e-19   2196066
  1.770152e+00   7.441593e-16   9.865986e-04   5.635145e-19   2220890
  1.773557e+00   7.373574e-16   9.809869e-04   5.578810e-19   2215758
  1.776958e+00   7.342340e-16   9.842037e-04   5.555168e-19   2233988
  1.780360e+00   7.294134e-16   9.782890e-04   5.529764e-19   2231670
  1.783756e+00   7.233996e-16   9.797617e-04   5.467455e-19   2244338
  1.787160e+00   7.180284e-16   9.830422e-04   5.405959e-19   2258610
  1.790563e+00   7.114078e-16   9.809188e-04   5.365881e-19   2260718
  1.793960e+00   7.081807e-16   9.807999e-04   5.351211e-19   2268162
  1.797357e+00   7.028974e-16   9.813749e-04   5.295374e-19   2277494
  1.800757e+00   6.975297e-16   9.827422e-04   5.254706e-19   2288796
  1.804164e+00   6.935259e-16   9.854716e-04   5.203140e-19   2305226
  1.807568e+00   6.880930e-16   9.797129e-04   5.163348e-19   2301630
  1.810969e+00   6.831418e-16   9.832644e-04   5.120233e-19   2319770
  1.814369e+00   6.774773e-16   9.785204e-04   5.096828e-19   2315610
  1.817766e+00   6.735467e-16   9.837069e-04   5.052372e-19   2334662
  1.821166e+00   6.689585e-16   9.806866e-04   5.009705e-19   2335722
  1.824566e+00   6.638348e-16   9.842253e-04   4.962163e-19   2354102
  1.827968e+00   6.602134e-16   9.802735e-04   4.935641e-19   2355156
  1.831373e+00   6.538911e-16   9.840368e-04   4.881320e-19   2374250
  1.834777e+00   6.506544e-16   9.800597e-04   4.864630e-19   2373102
  1.838179e+00   6.446345e-16   9.824130e-04   4.818091e-19   2388194
  1.841575e+00   6.399955e-16   9.773124e-04   4.777509e-19   2383470
  1.844971e+00   6.373075e-16   9.831656e-04   4.736235e-19   2404994
  1.848373e+00   6.313290e-16   9.816762e-04   4.710800e-19   2408538
  1.851770e+00   6.276337e-16   9.815239e-04   4.661896e-19   2417744
  1.855173e+00   6.243676e-16   9.838904e-04   4.644483e-19   2434578
  1.858579e+00   6.186250e-16   9.814961e-04   4.602797e-19   2438414
  1.861981e+00   6.151322e-16   9.821085e-04   4.558515e-19   2448066
  1.865384e+00   6.100962e-16   9.823292e-04   4.536916e-19   2456018
  1.868782e+00   6.057946e-16   9.812306e-04   4.491365e-19   2461230
  1.872181e+00   6.023131e-16   9.823212e-04   4.457320e-19   2474330
  1.875579e+00   5.976872e-16   9.796955e-04   4.430132e-19   2476498
  1.878979e+00   5.945780e-16   9.838203e-04   4.402552e-19   2497240
  1.882386e+00   5.902563e-16   9.822125e-04   4.371180e-19   2502930
  1.885787e+00   5.850600e-16   9.803409e-04   4.327595e-19   2508470
  1.889188e+00   5.814829e-16   9.808760e-04   4.303674e-19   2518482
  1.892591e+00   5.784057e-16   9.833500e-04   4.272648e-19   2532074
  1.895988e+00   5.742580e-16   9.784906e-04   4.243256e-19   2526678
  1.899384e+00   5.700868e-16   9.835395e-04   4.213594e-19   2549018
  1.902784e+00   5.672861e-16   9.800350e-04   4.187155e-19   2551704
  1.906185e+00   5.630351e-16   9.817747e-04   4.141826e-19   2566226
  1.909587e+00   5.590430e-16   9.819509e-04   4.124145e-19   2573898
  1.912993e+00   5.563871e-16   9.842387e-04   4.098734e-19   2589182
  1.916394e+00   5.520770e-16   9.792958e-04   4.067251e-19   2584890
  1.919793e+00   5.482388e-16   9.838242e-04   4.023879e-19   2605190
  1.923194e+00   5.436984e-16   9.814721e-04   4.004621e-19   2606418
  1.926593e+00   5.400633e-16   9.832736e-04   3.975394e-19   2621186
  1.929994e+00   5.362745e-16   9.806156e-04   3.938722e-19   2626608
  1.933393e+00   5.336240e-16   9.799953e-04   3.921990e-19   2636714
  1.936794e+00   5.303186e-16   9.811147e-04   3.895540e-19   2647482
  1.940202e+00   5.271281e-16   9.861446e-04   3.861782e-19   2668382
  1.943607e+00   5.231554e-16   9.801535e-04   3.831721e-19   2660418
  1.947005e+00   5.203989e-16   9.825106e-04   3.820045e-19   2676662
  1.950401e+00   5.169076e-16   9.781799e-04   3.800726e-19   2674210
  1.953797e+00   5.120772e-16   9.827621e-04   3.744159e-19   2697076
  1.957200e+00   5.092121e-16   9.813995e-04   3.731699e-19   2703558
  1.960601e+00   5.068575e-16   9.810424e-04   3.706837e-19   2713250
  1.964000e+00   5.032399e-16   9.793374e-04   3.689737e-19   2717718
  1.967406e+00   4.997064e-16   9.861436e-04   3.652954e-19   2743178
  1.970809e+00   4.969077e-16   9.802672e-04   3.641626e-19   2732730
  1.974208e+00   4.927576e-16   9.854133e-04   3.603104e-19   2758022
  1.977609e+00   4.905243e-16   9.791609e-04   3.596969e-19   2751994
  1.981005e+00   4.876134e-16   9.810250e-04   3.576086e-19   2769052
  1.984409e+00   4.839346e-16   9.824869e-04   3.536133e-19   2783062
  1.987812e+00   4.807142e-16   9.814391e-04   3.513703e-19   2789362
  1.991215e+00   4.773713e-16   9.817332e-04   3.494202e-19   2799582
  1.994619e+00   4.737098e-16   9.828319e-04   3.468683e-19   2811170
  1.998019e+00   4.702631e-16   9.809039e-04   3.435212e-19   2812658
  2.001421e+00   4.672111e-16   9.850690e-04   3.412789e-19   2833302
  2.004820e+00   4.641941e-16   9.785899e-04   3.391479e-19   2827420
  2.008216e+00   2.619364e-17   9.808908e-04   9.523550e-20   2846710
  2.011615e+00   3.677238e-18   9.806052e-04   2.458671e-21   2846535
  2.015014e+00   3.446074e-18   9.826225e-04   2.313926e-21   2848496
  2.018416e+00   3.228082e-18   9.819470e-04   2.172251e-21   2841084
  2.021820e+00   3.031372e-18   9.843122e-04   2.041243e-21   2843480
  2.025222e+00   2.855247e-18   9.802360e-04   1.925267e-21   2826624
  2.028621e+00   2.706799e-18   9.829329e-04   1.820709e-21   2828732
  2.032021e+00   2.571707e-18   9.812694e-04   1.729888e-21   2819296
  2.035422e+00   2.447261e-18   9.824594e-04   1.640904e-21   2819548
  2.038821e+00   2.339112e-18   9.790894e-04   1.570759e-21   2805192
  2.042221e+00   2.248055e-18   9.830303e-04   1.505065e-21   2811104
  2.045624e+00   2.158398e-18   9.815026e-04   1.444416e-21   2800672
  2.049025e+00   2.075892e-18   9.823222e-04   1.384442e-21   2798080
  2.052425e+00   1.997127e-18   9.802167e-04   1.331783e-21   2786976
  2.055826e+00   1.928745e-18   9.831451e-04   1.282145e-21   2791016
  2.059230e+00   1.864318e-18   9.812096e-04   1.237638e-21   2779360
  2.062626e+00   1.802490e-18   9.796265e-04   1.196535e-21   2768644
  2.066023e+00   1.743578e-18   9.822169e-04   1.152577e-21   2771192
  2.069425e+00   1.688888e-18   9.816405e-04   1.115075e-21   2765028
  2.072828e+00   1.639697e-18   9.824068e-04   1.080742e-21   2760864
  2.076235e+00   1.594473e-18   9.849780e-04   1.046230e-21   2761616
  2.079634e+00   1.548307e-18   9.787095e-04   1.019686e-21   2737932
  2.083034e+00   1.503673e-18   9.851663e-04   9.826084e-22   2752280
  2.086436e+00   1.461762e-18   9.786561e-04   9.577089e-22   2728764
  2.089835e+00   1.427149e-18   9.834451e-04   9.311835e-22   2736368
  2.093234e+00   1.392539e-18   9.795267e-04   9.091972e-22   2719952
  2.096636e+00   1.357476e-18   9.837062e-04   8.836783e-22   2727120
  2.100037e+00   1.327012e-18   9.787869e-04   8.633027e-22   2708400
  2.103440e+00   1.298648e-18   9.850039e-04   8.420761e-22   2718536
  2.106841e+00   1.268912e-18   9.786910e-04   8.249962e-22   2694300
  2.110244e+00   1.240581e-18   9.859443e-04   8.009994e-22   2709440
  2.113646e+00   1.214931e-18   9.780636e-04   7.873555e-22   2682108
  2.117041e+00   1.188569e-18   9.811448e-04   7.677156e-22   2684912
  2.120440e+00   1.165327e-18   9.817480e-04   7.524801e-22   2678868
  2.123840e+00   1.143945e-18   9.823344e-04   7.367603e-22   2674772
  2.127243e+00   1.116947e-18   9.826540e-04   7.194809e-22   2670120
  2.130643e+00   1.096268e-18   9.807037e-04   7.067244e-22   2659532
  2.134045e+00   1.076020e-18   9.832493e-04   6.915135e-22   2659704
  2.137451e+00   1.055471e-18   9.840399e-04   6.788821e-22   2654348
  2.140851e+00   1.035160e-18   9.808746e-04   6.653957e-22   2640276
  2.144250e+00   1.016120e-18   9.817432e-04   6.526862e-22   2638700
  2.147650e+00   9.988170e-19   9.800651e-04   6.425602e-22   2628244
  2.151051e+00   9.831695e-19   9.836008e-04   6.303291e-22   2630920
  2.154455e+00   9.662726e-19   9.816425e-04   6.204779e-22   2618904
  2.157854e+00   9.489585e-19   9.803923e-04   6.098088e-22   2610932
  2.161254e+00   9.331050e-19   9.817073e-04   5.986519e-22   2608464
  2.164658e+00   9.172454e-19   9.827466e-04   5.888946e-22   2603708
  2.168056e+00   9.024946e-19   9.797322e-04   5.787203e-22   2588012
  2.171453e+00   8.885967e-19   9.819219e-04   5.696070e-22   2588364
  2.174852e+00   8.742958e-19   9.803360e-04   5.607536e-22   2579076
  2.178251e+00   8.623413e-19   9.809908e-04   5.536788e-22   2574152
  2.181649e+00   8.481083e-19   9.813167e-04   5.451087e-22   2566812
  2.185056e+00   8.348264e-19   9.861783e-04   5.349517e-22   2573732
  2.188461e+00   8.222342e-19   9.795833e-04   5.287470e-22   2550568
  2.191860e+00   8.095639e-19   9.826556e-04   5.211353e-22   2552068
  2.195261e+00   7.985879e-19   9.809956e-04   5.150738e-22   2539620
  2.198663e+00   7.864297e-19   9.840554e-04   5.061445e-22   2540936
  2.202066e+00   7.756704e-19   9.809099e-04   5.004898e-22   2528032
  2.205465e+00   7.623178e-19   9.803189e-04   4.918278e-22   2521480
  2.208867e+00   7.535050e-19   9.820539e-04   4.867976e-22   2517980
  2.212270e+00   7.423218e-19   9.826345e-04   4.800984e-22   2511744
  2.215671e+00   7.335401e-19   9.807485e-04   4.755599e-22   2500140
  2.219071e+00   7.224000e-19   9.816849e-04   4.686448e-22   2496980
  2.222472e+00   7.131215e-19   9.809842e-04   4.632417e-22   2486924
  2.225874e+00   7.033414e-19   9.841669e-04   4.570850e-22   2487000
  2.229275e+00   6.929621e-19   9.801840e-04   4.517534e-22   2469840
  2.232673e+00   6.839718e-19   9.823076e-04   4.455174e-22   2469656
  2.236072e+00   6.761514e-19   9.795354e-04   4.424725e-22   2456844
  2.239476e+00   6.667956e-19   9.852194e-04   4.356840e-22   2462876
  2.242879e+00   6.583733e-19   9.804127e-04   4.317643e-22   2442136
  2.246278e+00   6.496235e-19   9.827694e-04   4.261511e-22   2441944
  2.249678e+00   6.412264e-19   9.806730e-04   4.225458e-22   2430508
  2.253076e+00   6.329341e-19   9.810126e-04   4.175779e-22   2424352
  2.256478e+00   6.254559e-19   9.832316e-04   4.128270e-22   2421264
  2.259881e+00   6.174850e-19   9.825332e-04   4.082781e-22   2413064
  2.263282e+00   6.098677e-19   9.805912e-04   4.043662e-22   2401572
  2.266681e+00   6.025788e-19   9.815087e-04   4.009616e-22   2397284
  2.270081e+00   5.951455e-19   9.813118e-04   3.966040e-22   2388336
  2.273484e+00   5.867753e-19   9.843250e-04   3.912147e-22   2387204
  2.276884e+00   5.801499e-19   9.793704e-04   3.890553e-22   2368644
  2.280279e+00   5.733768e-19   9.805359e-04   3.851668e-22   2365400
  2.283678e+00   5.677074e-19   9.814789e-04   3.815663e-22   2360072
  2.287082e+00   5.596659e-19   9.832021e-04   3.774184e-22   2356464
  2.290484e+00   5.541972e-19   9.810620e-04   3.744067e-22   2343240
  2.293885e+00   5.466845e-19   9.822795e-04   3.693167e-22   2340248
  2.297284e+00   5.396428e-19   9.789711e-04   3.662224e-22   2325000
  2.300686e+00   5.338430e-19   9.843393e-04   3.626770e-22   2328632
  2.304090e+00   5.283264e-19   9.816712e-04   3.606520e-22   2313220
  2.307492e+00   5.207909e-19   9.835834e-04   3.558157e-22   2310772
  2.310892e+00   5.154388e-19   9.798086e-04   3.540484e-22   2295420
  2.314292e+00   5.090147e-19   9.822607e-04   3.494401e-22   2293592
  2.317692e+00   5.035368e-19   9.808333e-04   3.473996e-22   2281384
  2.321098e+00   4.979385e-19   9.858657e-04   3.436895e-22   2285776
  2.324499e+00   4.917077e-19   9.776590e-04   3.422376e-22   2259408
  2.327898e+00   4.864659e-19   9.837748e-04   3.387635e-22   2266808
  2.331301e+00   4.810453e-19   9.803406e-04   3.367336e-22   2248836
  2.334698e+00   4.749915e-19   9.826639e-04   3.330769e-22   2245244
  2.338097e+00   4.697461e-19   9.807008e-04   3.303287e-22   2233908
  2.341498e+00   4.645775e-19   9.826023e-04   3.269061e-22   2231660
  2.344900e+00   4.592477e-19   9.803694e-04   3.257608e-22   2218544
  2.348303e+00   4.542518e-19   9.841932e-04   3.220155e-22   2218176
  2.351706e+00   4.493268e-19   9.811254e-04   3.196855e-22   2202900
  2.355107e+00   4.446079e-19   9.815282e-04   3.176298e-22   2197472
  2.358504e+00   4.398154e-19   9.785599e-04   3.156499e-22   2181960
  2.361902e+00   4.349680e-19   9.836141e-04   3.121930e-22   2183696
  2.365306e+00   4.303196e-19   9.832539e-04   3.108270e-22   2173416
  2.368709e+00   4.260570e-19   9.825525e-04   3.085530e-22   2165444
  2.372110e+00   4.201745e-19   9.797907e-04   3.055951e-22   2152688
  2.375509e+00   4.164152e-19   9.815549e-04   3.037378e-22   2147628
  2.378910e+00   4.117647e-19   9.820428e-04   3.015494e-22   2139012
  2.382315e+00   4.073278e-19   9.845724e-04   2.989039e-22   2136008
  2.385709e+00   4.019058e-19   9.752701e-04   2.972563e-22   2108656
  2.389104e+00   3.983981e-19   9.832761e-04   2.940555e-22   2117896
  2.392509e+00   3.944433e-19   9.830191e-04   2.924505e-22   2106260
  2.395912e+00   3.897842e-19   9.833730e-04   2.902175e-22   2099088
  2.399315e+00   3.845193e-19   9.817275e-04   2.880496e-22   2088432
  2.402716e+00   3.805737e-19   9.804125e-04   2.855575e-22   2078432
  2.406115e+00   3.768078e-19   9.806198e-04   2.841213e-22   2069048
  2.409516e+00   3.734100e-19   9.833522e-04   2.825856e-22   2064804
  2.412920e+00   3.687241e-19   9.831224e-04   2.799787e-22   2055644
  2.416321e+00   3.653912e-19   9.806126e-04   2.785615e-22   2043000
  2.419718e+00   3.607456e-19   9.800589e-04   2.759501e-22   2032348
  2.423121e+00   3.579185e-19   9.856832e-04   2.738257e-22   2034064
  2.426526e+00   3.547573e-19   9.819348e-04   2.739989e-22   2017740
  2.429926e+00   3.494052e-19   9.812949e-04   2.701811e-22   2010188
  2.433325e+00   3.460586e-19   9.789075e-04   2.688255e-22   1996556
  2.436723e+00   3.434072e-19   9.821491e-04   2.677140e-22   1992816
  2.440123e+00   3.390233e-19   9.821092e-04   2.657615e-22   1982400
  2.443522e+00   3.358969e-19   9.811038e-04   2.649088e-22   1972256
  2.446920e+00   3.323139e-19   9.808752e-04   2.623248e-22   1964384
  2.450323e+00   3.284994e-19   9.825278e-04   2.603501e-22   1958544
  2.453726e+00   3.262615e-19   9.821775e-04   2.601105e-22   1946988
  2.457130e+00   3.218695e-19   9.840500e-04   2.575802e-22   1942532
  2.460529e+00   3.190889e-19   9.777101e-04   2.568273e-22   1921692
  2.463928e+00   3.154706e-19   9.833317e-04   2.539464e-22   1924004
  2.467330e+00   3.124800e-19   9.803195e-04   2.535239e-22   1907344
  2.470733e+00   3.087419e-19   9.853101e-04   2.511815e-22   1907440
  2.474135e+00   3.060516e-19   9.788798e-04   2.508960e-22   1886136
  2.477531e+00   3.027237e-19   9.816797e-04   2.493168e-22   1883144
  2.480934e+00   2.993283e-19   9.824091e-04   2.462494e-22   1874724
  2.484338e+00   2.976364e-19   9.833480e-04   2.467543e-22   1866068
  2.487738e+00   2.932075e-19   9.812729e-04   2.443145e-22   1852980
  2.491140e+00   2.901999e-19   9.824339e-04   2.429743e-22   1847468
  2.494538e+00   2.879090e-19   9.781928e-04   2.421684e-22   1829636
  2.497936e+00   2.841754e-19   9.834643e-04   2.399745e-22   1829688
  2.501341e+00   2.815969e-19   9.824400e-04   2.392950e-22   1817192
  2.504741e+00   2.792054e-19   9.810060e-04   2.385802e-22   1806312
  2.508140e+00   2.761401e-19   9.802531e-04   2.370013e-22   1795984
  2.511543e+00   2.735618e-19   9.831733e-04   2.354709e-22   1791100
  2.514946e+00   2.712960e-19   9.817942e-04   2.353966e-22   1777648
  2.518347e+00   2.678987e-19   9.826630e-04   2.331655e-22   1769848
  2.521746e+00   2.653882e-19   9.799953e-04   2.324433e-22   1756536
  2.525146e+00   2.628608e-19   9.812129e-04   2.317686e-22   1748960
  2.528547e+00   2.607502e-19   9.826374e-04   2.306981e-22   1739952
  2.531950e+00   2.570971e-19   9.837089e-04   2.285250e-22   1732124
  2.535351e+00   2.549314e-19   9.802823e-04   2.277066e-22   1716852
  2.538751e+00   2.521768e-19   9.823932e-04   2.265772e-22   1712276
  2.542154e+00   2.497057e-19   9.810692e-04   2.256874e-22   1698500
  2.545557e+00   2.476146e-19   9.849039e-04   2.238551e-22   1693932
  2.548957e+00   2.451081e-19   9.793284e-04   2.241983e-22   1675204
  2.552353e+00   2.423442e-19   9.815499e-04   2.228801e-22   1670644
  2.555751e+00   2.403276e-19   9.787008e-04   2.229750e-22   1655532
  2.559155e+00   2.383945e-19   9.861163e-04   2.211235e-22   1656860
  2.562557e+00   2.362156e-19   9.798597e-04   2.213692e-22   1635372
  2.565959e+00   2.327929e-19   9.841765e-04   2.184811e-22   1634324
  2.569359e+00   2.312027e-19   9.777008e-04   2.187541e-22   1613676
  2.572758e+00   2.285613e-19   9.840395e-04   2.170195e-22   1613348
  2.576160e+00   2.267528e-19   9.807023e-04   2.174365e-22   1596236
  2.579561e+00   2.242849e-19   9.834991e-04   2.160307e-22   1591476
  2.582962e+00   2.221208e-19   9.792427e-04   2.156635e-22   1575732
  2.586359e+00   2.193144e-19   9.803750e-04   2.139341e-22   1566236
  2.589759e+00   2.186282e-19   9.841339e-04   2.142992e-22   1560292
  2.593166e+00   2.153927e-19   9.838869e-04   2.126230e-22   1550092
  2.596565e+00   2.136730e-19   9.789064e-04   2.132119e-22   1532628
  2.599963e+00   2.115151e-19   9.813188e-04   2.111518e-22   1527332
  2.603365e+00   2.097101e-19   9.816488e-04   2.114591e-22   1515212
  2.606765e+00   2.079861e-19   9.831211e-04   2.109196e-22   1506444
  2.610167e+00   2.057602e-19   9.819780e-04   2.100317e-22   1495116
  2.613562e+00   2.031679e-19   9.774397e-04   2.095015e-22   1479152
  2.616961e+00   2.010466e-19   9.826090e-04   2.078192e-22   1475512
  2.620369e+00   2.003978e-19   9.857671e-04   2.088597e-22   1467820
  2.623774e+00   1.976997e-19   9.816828e-04   2.071299e-22   1451256
  2.627176e+00   1.956017e-19   9.823847e-04   2.065104e-22   1443212
  2.630573e+00   1.935424e-19   9.775986e-04   2.054914e-22   1425680
  2.633972e+00   1.914233e-19   9.838248e-04   2.053288e-22   1422972
  2.637375e+00   1.906421e-19   9.826449e-04   2.059506e-22   1408632
  2.640778e+00   1.879350e-19   9.834480e-04   2.039762e-22   1400984
  2.644178e+00   1.862752e-19   9.781513e-04   2.043630e-22   1383196
  2.647576e+00   1.843707e-19   9.827970e-04   2.028037e-22   1378120
  2.650981e+00   1.832058e-19   9.838936e-04   2.041949e-22   1367272
  2.654386e+00   1.813248e-19   9.839001e-04   2.032811e-22   1356580
  2.657781e+00   1.789656e-19   9.764772e-04   2.022268e-22   1337028
  2.661175e+00   1.767377e-19   9.807019e-04   2.013512e-22   1332500
  2.664576e+00   1.757594e-19   9.824328e-04   2.013409e-22   1321796
  2.667980e+00   1.738201e-19   9.842336e-04   2.012907e-22   1312716
  2.671381e+00   1.722719e-19   9.799494e-04   2.016404e-22   1296580
  2.674784e+00   1.696653e-19   9.836937e-04   1.990844e-22   1291528
  2.678185e+00   1.683772e-19   9.791874e-04   2.001635e-22   1273128
  2.681585e+00   1.671634e-19   9.849289e-04   2.004757e-22   1268720
  2.684990e+00   1.651332e-19   9.820200e-04   1.990908e-22   1254016
  2.688389e+00   1.629614e-19   9.799073e-04   1.989563e-22   1241296
  2.691782e+00   1.612895e-19   9.773359e-04   1.974493e-22   1226712
  2.695185e+00   1.600313e-19   9.871642e-04   1.978660e-22   1226228
  2.698592e+00   1.589230e-19   9.822935e-04   1.994721e-22   1207768
  2.701993e+00   1.565160e-19   9.821287e-04   1.979252e-22   1198336
  2.705390e+00   1.551636e-19   9.774693e-04   1.980299e-22   1181484
  2.708791e+00   1.527697e-19   9.847434e-04   1.967216e-22   1178012
  2.712196e+00   1.524492e-19   9.828591e-04   1.983209e-22   1162564
  2.715593e+00   1.497611e-19   9.802955e-04   1.970930e-22   1149340
  2.718991e+00   1.480216e-19   9.799593e-04   1.958780e-22   1138848
  2.722390e+00   1.462882e-19   9.801680e-04   1.965176e-22   1126748
  2.725791e+00   1.459067e-19   9.834222e-04   1.979366e-22   1117428
  2.729199e+00   1.436244e-19   9.855325e-04   1.956976e-22   1108112
  2.732601e+00   1.413676e-19   9.796049e-04   1.953284e-22   1090596
  2.736000e+00   1.392663e-19   9.802553e-04   1.942033e-22   1081052
  2.739396e+00   1.386785e-19   9.787000e-04   1.964564e-22   1065716
  2.742798e+00   1.373550e-19   9.867653e-04   1.950280e-22   1061940
  2.746204e+00   1.353072e-19   9.811985e-04   1.958378e-22   1044096
  2.749604e+00   1.323640e-19   9.818713e-04   1.929122e-22   1034864
  2.753003e+00   1.313190e-19   9.778923e-04   1.929305e-22   1018308
  2.756407e+00   1.305971e-19   9.880499e-04   1.948141e-22   1014812
  2.759813e+00   1.282095e-19   9.817334e-04   1.940202e-22   996288
  2.763211e+00   1.259032e-19   9.807414e-04   1.921307e-22   985376
  2.766605e+00   1.243992e-19   9.763946e-04   1.925174e-22   969652
  2.770007e+00   1.230598e-19   9.852383e-04   1.920518e-22   964924
  2.773408e+00   1.218153e-19   9.813255e-04   1.934467e-22   947228
  2.776808e+00   1.185765e-19   9.830247e-04   1.897629e-22   939084
  2.780208e+00   1.166291e-19   9.769128e-04   1.875014e-22   921864
  2.783607e+00   1.150541e-19   9.830641e-04   1.875565e-22   914252
  2.787014e+00   1.144925e-19   9.855161e-04   1.897614e-22   902572
  2.790419e+00   1.116884e-19   9.827520e-04   1.868971e-22   888784
  2.793815e+00   1.087655e-19   9.766961e-04   1.833226e-22   872540
  2.797210e+00   1.070077e-19   9.801377e-04   1.829190e-22   862848
  2.800610e+00   1.064718e-19   9.835812e-04   1.854317e-22   851760
  2.804018e+00   1.036126e-19   9.862752e-04   1.811362e-22   841940
  2.807419e+00   1.010588e-19   9.779538e-04   1.793426e-22   823032
  2.810819e+00   9.892350e-20   9.834420e-04   1.774277e-22   816044
  2.814221e+00   9.707584e-20   9.803182e-04   1.764911e-22   799292
  2.817622e+00   9.498196e-20   9.859358e-04   1.748853e-22   791304
  2.821022e+00   9.210019e-20   9.778036e-04   1.705211e-22   772868
  2.824414e+00   8.941674e-20   9.799444e-04   1.671805e-22   762552
  2.827814e+00   8.759843e-20   9.815264e-04   1.645524e-22   750876
  2.831218e+00   8.524778e-20   9.834990e-04   1.624944e-22   739280
  2.834619e+00   8.226084e-20   9.815612e-04   1.569677e-22   724944
  2.838024e+00   7.921964e-20   9.837337e-04   1.520350e-22   714380
  2.841419e+00   7.649128e-20   9.765403e-04   1.463680e-22   695932
  2.844820e+00   7.373156e-20   9.860188e-04   1.395655e-22   690949
  2.848225e+00   7.121274e-20   9.790494e-04   1.342882e-22   673638
  2.851624e+00   6.878619e-20   9.838795e-04   1.300454e-22   666092
  2.855023e+00   6.740537e-20   9.776476e-04   1.279790e-22   651024
  2.858420e+00   6.517516e-20   9.835476e-04   1.231177e-22   644804
  2.861824e+00   6.347085e-20   9.809055e-04   1.203096e-22   632676
  2.865228e+00   6.158672e-20   9.847549e-04   1.176290e-22   624962
  2.868627e+00   5.969840e-20   9.786841e-04   1.118947e-22   611280
  2.872031e+00   5.848479e-20   9.864670e-04   1.109294e-22   607256
  2.875434e+00   5.709917e-20   9.785773e-04   1.091568e-22   592616
  2.878833e+00   5.564663e-20   9.838766e-04   1.065062e-22   587160
  2.882235e+00   5.392370e-20   9.806552e-04   1.031059e-22   575482
  2.885633e+00   5.262584e-20   9.821917e-04   1.016895e-22   568258
  2.889037e+00   5.147681e-20   9.823894e-04   9.897011e-23   559638
  2.892441e+00   5.017760e-20   9.828085e-04   9.725218e-23   551498
  2.895844e+00   4.905327e-20   9.815660e-04   9.420812e-23   542364
  2.899245e+00   4.752977e-20   9.820373e-04   9.221142e-23   534146
  2.902642e+00   4.671327e-20   9.799896e-04   9.086864e-23   524980
  2.906047e+00   4.526857e-20   9.845691e-04   8.835930e-23   519964
  2.909443e+00   4.412277e-20   9.764000e-04   8.594616e-23   507108
  2.912842e+00   4.310523e-20   9.860421e-04   8.345206e-23   504992
  2.916245e+00   4.220873e-20   9.788238e-04   8.256693e-23   492948
  2.919647e+00   4.117865e-20   9.864404e-04   8.040305e-23   489740
  2.923050e+00   4.019825e-20   9.776779e-04   7.959462e-23   477716
  2.926447e+00   3.909023e-20   9.842557e-04   7.729338e-23   473844
  2.929849e+00   3.846184e-20   9.793241e-04   7.543419e-23   464222
  2.933249e+00   3.715542e-20   9.833380e-04   7.349779e-23   459048
  2.936646e+00   3.680350e-20   9.781522e-04   7.286647e-23   449574
  2.940047e+00   3.558237e-20   9.843913e-04   7.100916e-23   445820
  2.943444e+00   3.504538e-20   9.766847e-04   7.089670e-23   435158
  2.946848e+00   3.424257e-20   9.868688e-04   6.905091e-23   433566
  2.950249e+00   3.337282e-20   9.754175e-04   6.751426e-23   421014
  2.953647e+00   3.253102e-20   9.867845e-04   6.614828e-23   419996
  2.957054e+00   3.191963e-20   9.785008e-04   6.448729e-23   409482
  2.960447e+00   3.078609e-20   9.814565e-04   6.260322e-23   404414
  2.963850e+00   3.051787e-20   9.822465e-04   6.206907e-23   398518
  2.967254e+00   2.943469e-20   9.832814e-04   5.999244e-23   392302
  2.970654e+00   2.917677e-20   9.815439e-04   6.019289e-23   385318
  2.974064e+00   2.830308e-20   9.866772e-04   5.852696e-23   381718
  2.977460e+00   2.760629e-20   9.751975e-04   5.767466e-23   370674
  2.980859e+00   2.720068e-20   9.875886e-04   5.718350e-23   370166
  2.984264e+00   2.669433e-20   9.774032e-04   5.589750e-23   359838
  2.987662e+00   2.590012e-20   9.857853e-04   5.432110e-23   357488
  2.991061e+00   2.557552e-20   9.759886e-04   5.456678e-23   348174
  2.994460e+00   2.472332e-20   9.853707e-04   5.248063e-23   346010
  2.997858e+00   2.441825e-20   9.762078e-04   5.243810e-23   336966
  3.001265e+00   2.366971e-20   9.900594e-04   5.030874e-23   336488
  3.004668e+00   2.332453e-20   9.740308e-04   5.042615e-23   325206
  3.008066e+00   2.273757e-20   9.873451e-04   4.903222e-23   324614
  3.011466e+00   2.221046e-20   9.747062e-04   4.854066e-23   314792
  3.014866e+00   2.164890e-20   9.879043e-04   4.720899e-23   314082
  3.018264e+00   2.120176e-20   9.737379e-04   4.723219e-23   303918
  3.021663e+00   2.090343e-20   9.889509e-04   4.601756e-23   303872
  3.025070e+00   2.047209e-20   9.784574e-04   4.536005e-23   295070
  3.028471e+00   1.988543e-20   9.862273e-04   4.408053e-23   292776
  3.031875e+00   1.952753e-20   9.783859e-04   4.359443e-23   285198
  3.035272e+00   1.898705e-20   9.836512e-04   4.281016e-23   282068
  3.038673e+00   1.866843e-20   9.805621e-04   4.223619e-23   276094
  3.042072e+00   1.816837e-20   9.815492e-04   4.159854e-23   271936
  3.045470e+00   1.784102e-20   9.796535e-04   4.080444e-23   266352
  3.048872e+00   1.749419e-20   9.837389e-04   3.980438e-23   263198
  3.052270e+00   1.725585e-20   9.774507e-04   4.020501e-23   256540
  3.055674e+00   1.684880e-20   9.870156e-04   3.902932e-23   254758
  3.059074e+00   1.643075e-20   9.752535e-04   3.863505e-23   246888
  3.062476e+00   1.611373e-20   9.882518e-04   3.788993e-23   245984
  3.065876e+00   1.573067e-20   9.745285e-04   3.730845e-23   237838
  3.069275e+00   1.531843e-20   9.875456e-04   3.647099e-23   236932
  3.072674e+00   1.511120e-20   9.753501e-04   3.605482e-23   229296
  3.076079e+00   1.473202e-20   9.905935e-04   3.560333e-23   228968
  3.079484e+00   1.449817e-20   9.759176e-04   3.519447e-23   220862
  3.082887e+00   1.410696e-20   9.907802e-04   3.454112e-23   220440
  3.086289e+00   1.397323e-20   9.746422e-04   3.439648e-23   212400
  3.089691e+00   1.354873e-20   9.910214e-04   3.327903e-23   212228
  3.093094e+00   1.339400e-20   9.746868e-04   3.343734e-23   204518
  3.096495e+00   1.303139e-20   9.889482e-04   3.280110e-23   203928
  3.099893e+00   1.282942e-20   9.720561e-04   3.239767e-23   196280
  3.103292e+00   1.240404e-20   9.890661e-04   3.114691e-23   196272
  3.106690e+00   1.236261e-20   9.712571e-04   3.171595e-23   188572
  3.110087e+00   1.195859e-20   9.879143e-04   3.064505e-23   188440
  3.113488e+00   1.183143e-20   9.734613e-04   3.089215e-23   181574
  3.116887e+00   1.150328e-20   9.881590e-04   2.979613e-23   180912
  3.120287e+00   1.141902e-20   9.735403e-04   3.020139e-23   174304
  3.123686e+00   1.105250e-20   9.886917e-04   2.928935e-23   173620
  3.127087e+00   1.103061e-20   9.751672e-04   2.948614e-23   167424
  3.130494e+00   1.063634e-20   9.911060e-04   2.850757e-23   166952
  3.133891e+00   1.054131e-20   9.707301e-04   2.876434e-23   159744
  3.137294e+00   1.026625e-20   9.930247e-04   2.798354e-23   160424
  3.140692e+00   1.019336e-20   9.688943e-04   2.819361e-23   152748
  3.144094e+00   9.870469e-21   9.946857e-04   2.749031e-23   153920
  3.147494e+00   9.755992e-21   9.672886e-04   2.738128e-23   146016
  3.150891e+00   9.490483e-21   9.941819e-04   2.663751e-23   147176
  3.154293e+00   9.408458e-21   9.692460e-04   2.698252e-23   139992
  3.157692e+00   9.227887e-21   9.933564e-04   2.641613e-23   140588
  3.161097e+00   9.141886e-21   9.721310e-04   2.684234e-23   134184
  3.164500e+00   8.803617e-21   9.923555e-04   2.555617e-23   134192
  3.167900e+00   8.762304e-21   9.713175e-04   2.627471e-23   127992
  3.171301e+00   8.570256e-21   9.922025e-04   2.537830e-23   128132
  3.174706e+00   8.438929e-21   9.738163e-04   2.585223e-23   122384
  3.178105e+00   8.231587e-21   9.894388e-04   2.478439e-23   121896
  3.181505e+00   8.164057e-21   9.729889e-04   2.532793e-23   116592
  3.184902e+00   7.996351e-21   9.887769e-04   2.474208e-23   116072
  3.188304e+00   7.925368e-21   9.741208e-04   2.522962e-23   111196
  3.191708e+00   7.646810e-21   9.922343e-04   2.408165e-23   110824
  3.195109e+00   7.684730e-21   9.706819e-04   2.504626e-23   105456
  3.198515e+00   7.431391e-21   9.956721e-04   2.400004e-23   105746
  3.201914e+00   7.380766e-21   9.664985e-04   2.440983e-23   99816
  3.205315e+00   7.225510e-21   9.954263e-04   2.372499e-23   100460
  3.208711e+00   7.112000e-21   9.652876e-04   2.407161e-23   94616
  3.212112e+00   7.044469e-21   9.961719e-04   2.373475e-23   95448
  3.215512e+00   6.959259e-21   9.666714e-04   2.409134e-23   89784
  3.218916e+00   6.738353e-21   9.964090e-04   2.322252e-23   90536
  3.222310e+00   6.783906e-21   9.614793e-04   2.412545e-23   84566
  3.225712e+00   6.595972e-21   1.000274e-03   2.340488e-23   86088
  3.229109e+00   6.493482e-21   9.576880e-04   2.375175e-23   79680
  3.232504e+00   6.434977e-21   1.000528e-03   2.320537e-23   81368
  3.235905e+00   6.360709e-21   9.590062e-04   2.385266e-23   75356
  3.239299e+00   6.169951e-21   1.000262e-03   2.275412e-23   76704
  3.242704e+00   6.201928e-21   9.625143e-04   2.373316e-23   71322
  3.246105e+00   6.000346e-21   1.000713e-03   2.268527e-23   72248
  3.249509e+00   6.050683e-21   9.624193e-04   2.393362e-23   67160
  3.252908e+00   5.869405e-21   9.988504e-04   2.297746e-23   67836
  3.256303e+00   5.787643e-21   9.598606e-04   2.345957e-23   62976
  3.259706e+00   5.712312e-21   1.001348e-03   2.299602e-23   63914
  3.263097e+00   5.699660e-21   9.561656e-04   2.396633e-23   58832
  3.266501e+00   5.587329e-21   1.003699e-03   2.316903e-23   60108
  3.269890e+00   5.580282e-21   9.539295e-04   2.387840e-23   54920
  3.273312e+00   5.484578e-21   1.015086e-03   2.322054e-23   56970
  3.276708e+00   5.486570e-21   9.440493e-04   2.464250e-23   50760
  3.280114e+00   5.301403e-21   1.016179e-03   2.326108e-23   53312
  3.283511e+00   5.329777e-21   9.404818e-04   2.478124e-23   47164
  3.286913e+00   5.237293e-21   1.018327e-03   2.376914e-23   49810
  3.290311e+00   5.208263e-21   9.356940e-04   2.512201e-23   43680
  3.293705e+00   5.117576e-21   1.019216e-03   2.419410e-23   46328
  3.297113e+00   5.024882e-21   9.396643e-04   2.531812e-23   40694
  3.300512e+00   5.003234e-21   1.021248e-03   2.388122e-23   42984
  3.303924e+00   4.955265e-21   9.393885e-04   2.599110e-23   37656
  3.307314e+00   4.921877e-21   1.018706e-03   2.495763e-23   39578
  3.310727e+00   4.871693e-21   9.431432e-04   2.595285e-23   34920
  3.314118e+00   4.825823e-21   1.015057e-03   2.524107e-23   36308
  3.317520e+00   4.867019e-21   9.417761e-04   2.732783e-23   32136
  3.320917e+00   4.765685e-21   1.014476e-03   2.606238e-23   33362
  3.324306e+00   4.754433e-21   9.360215e-04   2.811735e-23   29336
  3.327716e+00   4.646604e-21   1.021505e-03   2.630718e-23   30804
  3.331095e+00   4.668975e-21   9.233243e-04   2.892973e-23   26490
  3.334511e+00   4.504005e-21   1.029571e-03   2.653796e-23   28376
  3.337879e+00   4.582679e-21   9.097669e-04   3.061611e-23   23784
  3.341307e+00   4.553147e-21   1.040923e-03   2.787107e-23   26150
  3.344669e+00   4.539937e-21   8.938898e-04   3.115955e-23   21192
  3.348106e+00   4.463166e-21   1.054204e-03   2.849417e-23   24050
  3.351471e+00   4.440441e-21   8.769951e-04   3.257358e-23   18768
  3.354917e+00   4.418290e-21   1.068828e-03   2.959394e-23   22052
  3.358276e+00   4.416098e-21   8.453078e-04   3.465934e-23   16346
  3.361716e+00   4.358731e-21   1.081988e-03   3.143264e-23   20136
  3.365077e+00   4.348370e-21   8.114920e-04   3.666358e-23   14160
  3.368506e+00   4.313169e-21   1.091186e-03   3.212349e-23   18218
  3.371870e+00   4.281323e-21   7.752035e-04   3.872498e-23   12204
  3.375286e+00   4.264564e-21   1.099293e-03   3.329222e-23   16346
  3.378666e+00   4.387478e-21   7.492433e-04   4.275477e-23   10536
  3.382068e+00   4.219467e-21   1.103455e-03   3.506402e-23   14456
  3.385446e+00   4.301321e-21   7.144473e-04   4.592738e-23   8990
  3.388846e+00   4.249000e-21   1.111587e-03   3.767782e-23   12744
  3.392213e+00   4.096271e-21   6.547202e-04   4.706735e-23   7506
  3.395615e+00   4.241231e-21   1.122493e-03   4.112849e-23   11192
  3.398977e+00   4.155293e-21   5.748287e-04   5.302300e-23   6156
  3.402378e+00   4.131701e-21   1.132774e-03   4.245257e-23   9722
  3.405746e+00   4.209407e-21   4.871262e-04   5.979365e-23   4992
  3.409138e+00   4.159531e-21   1.141441e-03   4.572535e-23   8306
  3.412522e+00   4.066062e-21   3.836029e-04   6.649418e-23   3996
  3.415893e+00   4.219185e-21   1.145615e-03   5.091530e-23   6938
  3.419295e+00   4.407720e-21   2.666671e-04   7.695347e-23   3168
  3.422636e+00   4.156925e-21   1.141746e-03   5.468160e-23   5624
  3.426050e+00   4.003451e-21   1.840323e-04   7.647183e-23   2502
  3.429375e+00   4.055941e-21   1.135529e-03   6.360843e-23   4424
  3.432807e+00   4.351646e-21   1.951644e-04   9.752934e-23   1946
  3.436123e+00   4.033421e-21   1.131191e-03   7.179578e-23   3360
  3.439554e+00   4.395833e-21   1.068915e-04   1.097270e-22   1446
  3.442870e+00   3.945581e-21   1.128932e-03   7.975009e-23   2456
  3.446333e+00   4.203419e-21   2.047845e-04   1.249457e-22   1034
  3.449628e+00   4.258096e-21   1.127267e-03   1.041563e-22   1680
  3.453085e+00   3.823533e-21   5.107876e-05   1.458971e-22   678
  3.456375e+00   4.338333e-21   1.125846e-03   1.437684e-22   1064
  3.459905e+00   4.404332e-21   3.097621e-04   2.237759e-22   410
  3.463134e+00   3.923056e-21   1.124156e-03   1.658023e-22   576
  3.466644e+00   3.813985e-21   1.623447e-05   2.375700e-22   198
  3.469837e+00   4.072260e-21   1.113683e-03   2.450555e-22   248
  3.473678e+00   3.964688e-21   7.017054e-04   5.407672e-22   74
  3.476548e+00   3.190659e-21   1.096056e-03   4.362651e-22   48
  3.480229e+00   9.905214e-21   4.404833e-08   1.097924e-21   6
