# power spectrum of phi_prime/H (dimensionless)
# redshift z=48.322258
# k              Pk             sigma(k)       sigma(Pk)      count
  5.011399e-03   2.251141e-14   7.667927e-04   7.130611e-15   18
  8.760343e-03   2.807229e-14   9.274321e-04   4.087678e-15   62
  1.219264e-02   2.925578e-14   6.415737e-04   3.615690e-15   90
  1.544208e-02   3.308663e-14   1.012578e-03   2.143072e-15   170
  1.882375e-02   2.761185e-14   1.052445e-03   1.707523e-15   246
  2.212586e-02   2.298393e-14   1.003365e-03   1.264515e-15   338
  2.538461e-02   2.216325e-14   8.625369e-04   1.105312e-15   432
  2.874098e-02   1.890983e-14   8.837915e-04   8.648124e-16   578
  3.227171e-02   1.516758e-14   1.029950e-03   5.509295e-16   786
  3.588781e-02   1.211447e-14   1.042120e-03   3.817309e-16   974
  3.927835e-02   1.059197e-14   9.024764e-04   3.385569e-16   1002
  4.262088e-02   9.666591e-15   1.031890e-03   2.647087e-16   1334
  4.605629e-02   8.112469e-15   9.928413e-04   2.188974e-16   1458
  4.927148e-02   7.397344e-15   9.383900e-04   1.913202e-16   1604
  5.258888e-02   6.662849e-15   9.527568e-04   1.612187e-16   1974
  5.604245e-02   6.515356e-15   9.344901e-04   1.404529e-16   2234
  5.946160e-02   5.616642e-15   9.563349e-04   1.191135e-16   2490
  6.298673e-02   5.413271e-15   1.050190e-03   1.000112e-16   3014
  6.645970e-02   5.136892e-15   9.569094e-04   9.299400e-17   3018
  6.980659e-02   4.830152e-15   9.901480e-04   8.454198e-17   3446
  7.314650e-02   4.464610e-15   9.499151e-04   7.667295e-17   3626
  7.649254e-02   4.123420e-15   9.848619e-04   6.572288e-17   4164
  7.989286e-02   3.840689e-15   9.543971e-04   6.035920e-17   4470
  8.331432e-02   3.635407e-15   9.760154e-04   5.191182e-17   4970
  8.675810e-02   3.382841e-15   9.868635e-04   4.744704e-17   5366
  9.019370e-02   3.138793e-15   1.001451e-03   4.182255e-17   5778
  9.359169e-02   2.974115e-15   1.005504e-03   3.805247e-17   6162
  9.700871e-02   2.755742e-15   1.013488e-03   3.451131e-17   6734
  1.003455e-01   2.611096e-15   9.405356e-04   3.276219e-17   6756
  1.036446e-01   2.444864e-15   9.524971e-04   2.833132e-17   7502
  1.070531e-01   2.345884e-15   9.671949e-04   2.778352e-17   8154
  1.104660e-01   2.261120e-15   9.653722e-04   2.559633e-17   8618
  1.139171e-01   2.191310e-15   1.003323e-03   2.329481e-17   9390
  1.173547e-01   2.182122e-15   9.852535e-04   2.332493e-17   9722
  1.207545e-01   2.080209e-15   9.860810e-04   2.206289e-17   10242
  1.241631e-01   2.055323e-15   1.005600e-03   2.045116e-17   11006
  1.275555e-01   1.968275e-15   9.685920e-04   1.997250e-17   11348
  1.309504e-01   1.924640e-15   9.675094e-04   1.891565e-17   12150
  1.343269e-01   1.843212e-15   9.435547e-04   1.848440e-17   12498
  1.377313e-01   1.863644e-15   9.886530e-04   1.726894e-17   13586
  1.411459e-01   1.746441e-15   9.905633e-04   1.617387e-17   14006
  1.445833e-01   1.734423e-15   1.020453e-03   1.522434e-17   15162
  1.479823e-01   1.671512e-15   9.640349e-04   1.505268e-17   14990
  1.513532e-01   1.589621e-15   1.000250e-03   1.363120e-17   16380
  1.547534e-01   1.552050e-15   9.673831e-04   1.326092e-17   16666
  1.581272e-01   1.509910e-15   9.715542e-04   1.253718e-17   17638
  1.615246e-01   1.440798e-15   9.629562e-04   1.176467e-17   18354
  1.649122e-01   1.394431e-15   9.648100e-04   1.099189e-17   19034
  1.683224e-01   1.399586e-15   1.001264e-03   1.108187e-17   20270
  1.717777e-01   1.383240e-15   1.011461e-03   1.057515e-17   21258
  1.751873e-01   1.359340e-15   9.729108e-04   1.044824e-17   21350
  1.785755e-01   1.298741e-15   9.827640e-04   9.814920e-18   22644
  1.819721e-01   1.285085e-15   9.637913e-04   9.618743e-18   23114
  1.853591e-01   1.260918e-15   9.784818e-04   9.020001e-18   24342
  1.887709e-01   1.244881e-15   9.779824e-04   8.928339e-18   25194
  1.921706e-01   1.236833e-15   9.766706e-04   8.816728e-18   25982
  1.955383e-01   1.230729e-15   9.708990e-04   8.496173e-18   26506
  1.989580e-01   1.194695e-15   1.021831e-03   8.053205e-18   28738
  2.023656e-01   1.163994e-15   9.717245e-04   7.985687e-18   28296
  2.057704e-01   1.146819e-15   1.000845e-03   7.450244e-18   30554
  2.091688e-01   1.128749e-15   9.485901e-04   7.474613e-18   30094
  2.125221e-01   1.113453e-15   9.710923e-04   7.219294e-18   31738
  2.159356e-01   1.092018e-15   9.929033e-04   6.877602e-18   33306
  2.193286e-01   1.066540e-15   9.661337e-04   6.703869e-18   33422
  2.227194e-01   1.056851e-15   9.900859e-04   6.480960e-18   35298
  2.261624e-01   1.032109e-15   1.000185e-03   6.242344e-18   36650
  2.295712e-01   1.004870e-15   9.760902e-04   6.163816e-18   36888
  2.329819e-01   9.955363e-16   9.904086e-04   5.828276e-18   38834
  2.363985e-01   9.771019e-16   9.689353e-04   5.719898e-18   39246
  2.397896e-01   9.701059e-16   9.728047e-04   5.606385e-18   40466
  2.431611e-01   9.545029e-16   9.698523e-04   5.500100e-18   41106
  2.465616e-01   9.592698e-16   1.002402e-03   5.395290e-18   43598
  2.499729e-01   9.402661e-16   9.767696e-04   5.302636e-18   43650
  2.533537e-01   9.309042e-16   9.807939e-04   5.019730e-18   45272
  2.567753e-01   9.030099e-16   9.902728e-04   4.871939e-18   46994
  2.601932e-01   9.114863e-16   9.838031e-04   4.927469e-18   47850
  2.635891e-01   8.991278e-16   9.763755e-04   4.836514e-18   48846
  2.669651e-01   8.889053e-16   9.674364e-04   4.737912e-18   49706
  2.703341e-01   8.752589e-16   9.741070e-04   4.514444e-18   51198
  2.737406e-01   8.687275e-16   9.924828e-04   4.448371e-18   53402
  2.771371e-01   8.588113e-16   9.722520e-04   4.426268e-18   53634
  2.805624e-01   8.466944e-16   1.000830e-03   4.187668e-18   56888
  2.839916e-01   8.309392e-16   9.684451e-04   4.130969e-18   56474
  2.874008e-01   8.173187e-16   9.892805e-04   3.970016e-18   58962
  2.908071e-01   8.132078e-16   9.753894e-04   4.030420e-18   59214
  2.941982e-01   8.170217e-16   9.869673e-04   3.944169e-18   61250
  2.975821e-01   8.044092e-16   9.719144e-04   3.826513e-18   61694
  3.009545e-01   7.871148e-16   9.802014e-04   3.708069e-18   63618
  3.043698e-01   7.851945e-16   9.975679e-04   3.651496e-18   66284
  3.077980e-01   7.785644e-16   9.829085e-04   3.570315e-18   67014
  3.111933e-01   7.697254e-16   9.745070e-04   3.528168e-18   67930
  3.145950e-01   7.688447e-16   9.864977e-04   3.446770e-18   70294
  3.179925e-01   7.529876e-16   9.751208e-04   3.378084e-18   70658
  3.213649e-01   7.626617e-16   9.817106e-04   3.442540e-18   72522
  3.247596e-01   7.479841e-16   9.844648e-04   3.298985e-18   74550
  3.281564e-01   7.344610e-16   9.737283e-04   3.195750e-18   75674
  3.315542e-01   7.250802e-16   9.772401e-04   3.143034e-18   77708
  3.349903e-01   7.283684e-16   9.941667e-04   3.102359e-18   80622
  3.384102e-01   7.156033e-16   9.737086e-04   3.008141e-18   80330
  3.418120e-01   7.213491e-16   9.872349e-04   3.004016e-18   82974
  3.452149e-01   7.073302e-16   9.787907e-04   2.963796e-18   83666
  3.486074e-01   7.075452e-16   9.855947e-04   2.929502e-18   85746
  3.519919e-01   6.900355e-16   9.786235e-04   2.806269e-18   86702
  3.553849e-01   6.860440e-16   9.853848e-04   2.807068e-18   89556
  3.587998e-01   6.807172e-16   9.787040e-04   2.762407e-18   91038
  3.622049e-01   6.788067e-16   9.781806e-04   2.687781e-18   92522
  3.655984e-01   6.711797e-16   9.796226e-04   2.669727e-18   94034
  3.690238e-01   6.679982e-16   1.002172e-03   2.593147e-18   97758
  3.724152e-01   6.638340e-16   9.656500e-04   2.650538e-18   95770
  3.757798e-01   6.617054e-16   9.833165e-04   2.563536e-18   99646
  3.791725e-01   6.599378e-16   9.759165e-04   2.560078e-18   100980
  3.825817e-01   6.558548e-16   9.863738e-04   2.485049e-18   104258
  3.859962e-01   6.438681e-16   9.755460e-04   2.430858e-18   104998
  3.894080e-01   6.422913e-16   9.835643e-04   2.389958e-18   107866
  3.928147e-01   6.427777e-16   9.740361e-04   2.412250e-18   108154
  3.962141e-01   6.358716e-16   9.934490e-04   2.315334e-18   111622
  3.996192e-01   6.356976e-16   9.826041e-04   2.329694e-18   112146
  4.030012e-01   6.394373e-16   9.795782e-04   2.322832e-18   114014
  4.063885e-01   6.210438e-16   9.764181e-04   2.236738e-18   116220
  4.097904e-01   6.218272e-16   9.798152e-04   2.224962e-18   118682
  4.132005e-01   6.161396e-16   9.857802e-04   2.177590e-18   121118
  4.166179e-01   6.156159e-16   9.842070e-04   2.166532e-18   122994
  4.200138e-01   6.019949e-16   9.755040e-04   2.112034e-18   123574
  4.234089e-01   6.064905e-16   9.898661e-04   2.093847e-18   126922
  4.268043e-01   6.037482e-16   9.841431e-04   2.088792e-18   127906
  4.301921e-01   5.950234e-16   9.815465e-04   2.027588e-18   130432
  4.335917e-01   5.964319e-16   9.754601e-04   2.015617e-18   132642
  4.369913e-01   5.895907e-16   9.719503e-04   1.982792e-18   134534
  4.404018e-01   5.887045e-16   9.840871e-04   1.947267e-18   137778
  4.438343e-01   5.869840e-16   9.933984e-04   1.931203e-18   140786
  4.472374e-01   5.797418e-16   9.717922e-04   1.906272e-18   139590
  4.506229e-01   5.823106e-16   9.849166e-04   1.901907e-18   143546
  4.540257e-01   5.777005e-16   9.844996e-04   1.868774e-18   145338
  4.574181e-01   5.785609e-16   9.804237e-04   1.864580e-18   147272
  4.608205e-01   5.674676e-16   9.820431e-04   1.829981e-18   150330
  4.642299e-01   5.668227e-16   9.784546e-04   1.804856e-18   152318
  4.676229e-01   5.675937e-16   9.721829e-04   1.795890e-18   153202
  4.710338e-01   5.589010e-16   9.963562e-04   1.744100e-18   158626
  4.744395e-01   5.599710e-16   9.772483e-04   1.753497e-18   157350
  4.778318e-01   5.569705e-16   9.898002e-04   1.728635e-18   161906
  4.812140e-01   5.544970e-16   9.669369e-04   1.713761e-18   160872
  4.846116e-01   5.526034e-16   9.917034e-04   1.676876e-18   167858
  4.880280e-01   5.547261e-16   9.756048e-04   1.687916e-18   167514
  4.914175e-01   5.414368e-16   9.745776e-04   1.632633e-18   169862
  4.948220e-01   5.432976e-16   9.838968e-04   1.623857e-18   173602
  4.982323e-01   5.414602e-16   9.830917e-04   1.611807e-18   175258
  5.016339e-01   5.404368e-16   9.862687e-04   1.594033e-18   177654
  5.050410e-01   5.412883e-16   9.895807e-04   1.584016e-18   180698
  5.084427e-01   5.332819e-16   9.791290e-04   1.566987e-18   181968
  5.118414e-01   5.344222e-16   9.787235e-04   1.539281e-18   184850
  5.152392e-01   5.293031e-16   9.792509e-04   1.528151e-18   187034
  5.186493e-01   5.321930e-16   9.887200e-04   1.522395e-18   191238
  5.220519e-01   5.255709e-16   9.768042e-04   1.499651e-18   191042
  5.254432e-01   5.270581e-16   9.855000e-04   1.499454e-18   195102
  5.288335e-01   5.237677e-16   9.778254e-04   1.477735e-18   195786
  5.322301e-01   5.216338e-16   9.901932e-04   1.459986e-18   201164
  5.356296e-01   5.175091e-16   9.735643e-04   1.448795e-18   201070
  5.390212e-01   5.162948e-16   9.785171e-04   1.430869e-18   205234
  5.424222e-01   5.169107e-16   9.768081e-04   1.432340e-18   207342
  5.458239e-01   5.116280e-16   9.815179e-04   1.397601e-18   210602
  5.492295e-01   5.099439e-16   9.836776e-04   1.388775e-18   213130
  5.526459e-01   5.134327e-16   9.915409e-04   1.376493e-18   217318
  5.560456e-01   5.090222e-16   9.743530e-04   1.379521e-18   216306
  5.594305e-01   5.061689e-16   9.794774e-04   1.358187e-18   220652
  5.628376e-01   5.033460e-16   9.842473e-04   1.342751e-18   224502
  5.662522e-01   5.027892e-16   9.844461e-04   1.329724e-18   227186
  5.696552e-01   5.006241e-16   9.784190e-04   1.319371e-18   228398
  5.730519e-01   5.003421e-16   9.819770e-04   1.308991e-18   231642
  5.764475e-01   4.994789e-16   9.824176e-04   1.303644e-18   233946
  5.798545e-01   5.011766e-16   9.913361e-04   1.291637e-18   238694
  5.832493e-01   4.972657e-16   9.753099e-04   1.276722e-18   238068
  5.866460e-01   4.977057e-16   9.835365e-04   1.276645e-18   244190
  5.900561e-01   4.906810e-16   9.771578e-04   1.252778e-18   245362
  5.934524e-01   4.939366e-16   9.800894e-04   1.243316e-18   248362
  5.968555e-01   4.904307e-16   9.839452e-04   1.235821e-18   251966
  6.002586e-01   4.880540e-16   9.805677e-04   1.212859e-18   254034
  6.036498e-01   4.858927e-16   9.775259e-04   1.210237e-18   255818
  6.070559e-01   4.842077e-16   9.912862e-04   1.200549e-18   262254
  6.104632e-01   4.868397e-16   9.773523e-04   1.202632e-18   261980
  6.138753e-01   4.825303e-16   9.883425e-04   1.184893e-18   268566
  6.172721e-01   4.826963e-16   9.667501e-04   1.187567e-18   265538
  6.206625e-01   4.836514e-16   9.869997e-04   1.167595e-18   273330
  6.240644e-01   4.794083e-16   9.812963e-04   1.163179e-18   273718
  6.274686e-01   4.769304e-16   9.910705e-04   1.142187e-18   279658
  6.308738e-01   4.789773e-16   9.800215e-04   1.150841e-18   279670
  6.342612e-01   4.753245e-16   9.791793e-04   1.135735e-18   282964
  6.376657e-01   4.731590e-16   9.856782e-04   1.121419e-18   288362
  6.410723e-01   4.732125e-16   9.787866e-04   1.124826e-18   289686
  6.444666e-01   4.734101e-16   9.767056e-04   1.117772e-18   292234
  6.478513e-01   4.705798e-16   9.736693e-04   1.107229e-18   294190
  6.512490e-01   4.699598e-16   9.869325e-04   1.087966e-18   300642
  6.546619e-01   4.680531e-16   9.871013e-04   1.074374e-18   303386
  6.580612e-01   4.667656e-16   9.793499e-04   1.070645e-18   304662
  6.614636e-01   4.641868e-16   9.820034e-04   1.059602e-18   309812
  6.648699e-01   4.624439e-16   9.779067e-04   1.055665e-18   311714
  6.682854e-01   4.632059e-16   9.889859e-04   1.041046e-18   318126
  6.716848e-01   4.627565e-16   9.721561e-04   1.048864e-18   315114
  6.750728e-01   4.617027e-16   9.862501e-04   1.034641e-18   322622
  6.784691e-01   4.591439e-16   9.775093e-04   1.026995e-18   322850
  6.818689e-01   4.577225e-16   9.897138e-04   1.012482e-18   329802
  6.852751e-01   4.570666e-16   9.833693e-04   1.005718e-18   331104
  6.886859e-01   4.601905e-16   9.866565e-04   1.011370e-18   336986
  6.920888e-01   4.535938e-16   9.721728e-04   9.987726e-19   335870
  6.954811e-01   4.545569e-16   9.807544e-04   9.864434e-19   341610
  6.988813e-01   4.547982e-16   9.817106e-04   9.852742e-19   344370
  7.022777e-01   4.543016e-16   9.819315e-04   9.775092e-19   347606
  7.056775e-01   4.498243e-16   9.835290e-04   9.696770e-19   351650
  7.090743e-01   4.520865e-16   9.788224e-04   9.675754e-19   353760
  7.124835e-01   4.496402e-16   9.883067e-04   9.501471e-19   360970
  7.159021e-01   4.494243e-16   9.827333e-04   9.502741e-19   362818
  7.192956e-01   4.461755e-16   9.713759e-04   9.428824e-19   362334
  7.226987e-01   4.458286e-16   9.881791e-04   9.324443e-19   371642
  7.260991e-01   4.431893e-16   9.752613e-04   9.283481e-19   368778
  7.294880e-01   4.471501e-16   9.876514e-04   9.266552e-19   376526
  7.328875e-01   4.436489e-16   9.811641e-04   9.200524e-19   377786
  7.362841e-01   4.435430e-16   9.830834e-04   9.141941e-19   382968
  7.396876e-01   4.425218e-16   9.807196e-04   9.073316e-19   386146
  7.430940e-01   4.418719e-16   9.835434e-04   9.022909e-19   390826
  7.464968e-01   4.402557e-16   9.797536e-04   8.920211e-19   392662
  7.499014e-01   4.405766e-16   9.850939e-04   8.888526e-19   398242
  7.532920e-01   4.386630e-16   9.729755e-04   8.917454e-19   396726
  7.566809e-01   4.396287e-16   9.841245e-04   8.823833e-19   404738
  7.600831e-01   4.360337e-16   9.825351e-04   8.687022e-19   407628
  7.634852e-01   4.350728e-16   9.813443e-04   8.637965e-19   411734
  7.668845e-01   4.342037e-16   9.775056e-04   8.621296e-19   414242
  7.702939e-01   4.343508e-16   9.855270e-04   8.500335e-19   421434
  7.737042e-01   4.325747e-16   9.802386e-04   8.470714e-19   421918
  7.771088e-01   4.333984e-16   9.872890e-04   8.494016e-19   427810
  7.805138e-01   4.325514e-16   9.826568e-04   8.390634e-19   429470
  7.839079e-01   4.336954e-16   9.797011e-04   8.423037e-19   432282
  7.873028e-01   4.308484e-16   9.821433e-04   8.313210e-19   437260
  7.907010e-01   4.302282e-16   9.806539e-04   8.272429e-19   440758
  7.941053e-01   4.291420e-16   9.841811e-04   8.176443e-19   446370
  7.975164e-01   4.285014e-16   9.834504e-04   8.101702e-19   450182
  8.009127e-01   4.257712e-16   9.757493e-04   8.101186e-19   449850
  8.043077e-01   4.261822e-16   9.864375e-04   8.023355e-19   457898
  8.077063e-01   4.258799e-16   9.796531e-04   8.036080e-19   458662
  8.111019e-01   4.245411e-16   9.815065e-04   7.918877e-19   464620
  8.144977e-01   4.234577e-16   9.750269e-04   7.942045e-19   466302
  8.179011e-01   4.240227e-16   9.839993e-04   7.854068e-19   474314
  8.213073e-01   4.229348e-16   9.800182e-04   7.815728e-19   475530
  8.247179e-01   4.223642e-16   9.879200e-04   7.741897e-19   483206
  8.281287e-01   4.215303e-16   9.814603e-04   7.728107e-19   483530
  8.315249e-01   4.205508e-16   9.809161e-04   7.682214e-19   487002
  8.349221e-01   4.228312e-16   9.835509e-04   7.685847e-19   491774
  8.383178e-01   4.184132e-16   9.804529e-04   7.567971e-19   495084
  8.417151e-01   4.173359e-16   9.794333e-04   7.538209e-19   499438
  8.451164e-01   4.164660e-16   9.820615e-04   7.452208e-19   504682
  8.485188e-01   4.148436e-16   9.813126e-04   7.424063e-19   507738
  8.519281e-01   4.164672e-16   9.891488e-04   7.412818e-19   515174
  8.553313e-01   4.165487e-16   9.796328e-04   7.435773e-19   514234
  8.587212e-01   4.152263e-16   9.795185e-04   7.370583e-19   519022
  8.621117e-01   4.120595e-16   9.776207e-04   7.259574e-19   522636
  8.655093e-01   4.124797e-16   9.815215e-04   7.213189e-19   529442
  8.689165e-01   4.129169e-16   9.823162e-04   7.207033e-19   534078
  8.723203e-01   4.123752e-16   9.785977e-04   7.201219e-19   536666
  8.757149e-01   4.091683e-16   9.771268e-04   7.099492e-19   539142
  8.791253e-01   4.100601e-16   9.924057e-04   7.047486e-19   550658
  8.825379e-01   4.114792e-16   9.816929e-04   7.085184e-19   548298
  8.859333e-01   4.094814e-16   9.826669e-04   7.012043e-19   553694
  8.893272e-01   4.067030e-16   9.768278e-04   6.949031e-19   556116
  8.927312e-01   4.078499e-16   9.844199e-04   6.902032e-19   564890
  8.961296e-01   4.046882e-16   9.766230e-04   6.862227e-19   563718
  8.995313e-01   4.069258e-16   9.874972e-04   6.822345e-19   574298
  9.029379e-01   4.064848e-16   9.804817e-04   6.857767e-19   573966
  9.063376e-01   4.066013e-16   9.852707e-04   6.794621e-19   580586
  9.097364e-01   4.048261e-16   9.817750e-04   6.748466e-19   582666
  9.131388e-01   4.029689e-16   9.852143e-04   6.654375e-19   590648
  9.165400e-01   4.007515e-16   9.754677e-04   6.638201e-19   590394
  9.199310e-01   4.022239e-16   9.770986e-04   6.647846e-19   596174
  9.233301e-01   4.024648e-16   9.802065e-04   6.612508e-19   601674
  9.267350e-01   4.018748e-16   9.846832e-04   6.587984e-19   607682
  9.301415e-01   3.990053e-16   9.838059e-04   6.490765e-19   611166
  9.335460e-01   4.005511e-16   9.835863e-04   6.469828e-19   615626
  9.369426e-01   3.992810e-16   9.795239e-04   6.461925e-19   617290
  9.403431e-01   3.980725e-16   9.852598e-04   6.414611e-19   626344
  9.437456e-01   3.979774e-16   9.776145e-04   6.423781e-19   626658
  9.471442e-01   3.980667e-16   9.821583e-04   6.357927e-19   634022
  9.505394e-01   3.955237e-16   9.766085e-04   6.303992e-19   634554
  9.539406e-01   3.956680e-16   9.874089e-04   6.274391e-19   645026
  9.573433e-01   3.954538e-16   9.821401e-04   6.251724e-19   645102
  9.607439e-01   3.952980e-16   9.860849e-04   6.205348e-19   653018
  9.641443e-01   3.931883e-16   9.792030e-04   6.173821e-19   654384
  9.675485e-01   3.926774e-16   9.834130e-04   6.130482e-19   663194
  9.709524e-01   3.934702e-16   9.778786e-04   6.147485e-19   663834
  9.743471e-01   3.900183e-16   9.789463e-04   6.060106e-19   669158
  9.777459e-01   3.898260e-16   9.805686e-04   6.011780e-19   674490
  9.811412e-01   3.905893e-16   9.786140e-04   6.007872e-19   677222
  9.845441e-01   3.907270e-16   9.871972e-04   5.968580e-19   686874
  9.879558e-01   3.903689e-16   9.859594e-04   5.963924e-19   690722
  9.913572e-01   3.877483e-16   9.790433e-04   5.932864e-19   692008
  9.947624e-01   3.867652e-16   9.840929e-04   5.868685e-19   701386
  9.981657e-01   3.881931e-16   9.773767e-04   5.877612e-19   700778
  1.001563e+00   3.862053e-16   9.829030e-04   5.793405e-19   708774
  1.004963e+00   3.854786e-16   9.817412e-04   5.821612e-19   711690
  1.008366e+00   3.852123e-16   9.861014e-04   5.762158e-19   719606
  1.011761e+00   3.852944e-16   9.768322e-04   5.755407e-19   717762
  1.015158e+00   3.842731e-16   9.862327e-04   5.684083e-19   730460
  1.018564e+00   3.828098e-16   9.793539e-04   5.655245e-19   731070
  1.021972e+00   3.819676e-16   9.851635e-04   5.617395e-19   741170
  1.025372e+00   3.823971e-16   9.730396e-04   5.640284e-19   737094
  1.028764e+00   3.822329e-16   9.820777e-04   5.610658e-19   747698
  1.032166e+00   3.799881e-16   9.825085e-04   5.554793e-19   751658
  1.035563e+00   3.807567e-16   9.813994e-04   5.533424e-19   755574
  1.038960e+00   3.801818e-16   9.819736e-04   5.537634e-19   761442
  1.042370e+00   3.785451e-16   9.859386e-04   5.452333e-19   770816
  1.045775e+00   3.796173e-16   9.778469e-04   5.474825e-19   769274
  1.049181e+00   3.772399e-16   9.883345e-04   5.408740e-19   782130
  1.052579e+00   3.778416e-16   9.735264e-04   5.424435e-19   775230
  1.055972e+00   3.756036e-16   9.857792e-04   5.366960e-19   789866
  1.059371e+00   3.764783e-16   9.785659e-04   5.378258e-19   787914
  1.062768e+00   3.761516e-16   9.871968e-04   5.322065e-19   799598
  1.066175e+00   3.744211e-16   9.836410e-04   5.276910e-19   802980
  1.069574e+00   3.738533e-16   9.780653e-04   5.272183e-19   805622
  1.072972e+00   3.722480e-16   9.797707e-04   5.228971e-19   812050
  1.076379e+00   3.726999e-16   9.852802e-04   5.206165e-19   820954
  1.079781e+00   3.721897e-16   9.789326e-04   5.177432e-19   820062
  1.083172e+00   3.714802e-16   9.799094e-04   5.155961e-19   826298
  1.086570e+00   3.711840e-16   9.815876e-04   5.127197e-19   833118
  1.089963e+00   3.707206e-16   9.774947e-04   5.110108e-19   834812
  1.093365e+00   3.707370e-16   9.859628e-04   5.079815e-19   847858
  1.096785e+00   3.688819e-16   9.865115e-04   5.033727e-19   854278
  1.100190e+00   3.687042e-16   9.767209e-04   5.029482e-19   850978
  1.103586e+00   3.677831e-16   9.814764e-04   4.998800e-19   859186
  1.106990e+00   3.666131e-16   9.865569e-04   4.959116e-19   867126
  1.110391e+00   3.678409e-16   9.816501e-04   4.988655e-19   868274
  1.113785e+00   3.658823e-16   9.808544e-04   4.933695e-19   873606
  1.117179e+00   3.648282e-16   9.794732e-04   4.909210e-19   879284
  1.120580e+00   3.650266e-16   9.820603e-04   4.900557e-19   887170
  1.123993e+00   3.643423e-16   9.876068e-04   4.853342e-19   897526
  1.127401e+00   3.626249e-16   9.778886e-04   4.826611e-19   894258
  1.130799e+00   3.636129e-16   9.823745e-04   4.823088e-19   903374
  1.134195e+00   3.629005e-16   9.785328e-04   4.812679e-19   904338
  1.137590e+00   3.622277e-16   9.832540e-04   4.760874e-19   913586
  1.140984e+00   3.616795e-16   9.783814e-04   4.764916e-19   915416
  1.144387e+00   3.607482e-16   9.836903e-04   4.727387e-19   928122
  1.147789e+00   3.593736e-16   9.757713e-04   4.701611e-19   926094
  1.151197e+00   3.609084e-16   9.888312e-04   4.682259e-19   942890
  1.154606e+00   3.593895e-16   9.789734e-04   4.656793e-19   937266
  1.158004e+00   3.580124e-16   9.856923e-04   4.615922e-19   948854
  1.161404e+00   3.575065e-16   9.801062e-04   4.608564e-19   948714
  1.164797e+00   3.571838e-16   9.823513e-04   4.591870e-19   956186
  1.168197e+00   3.568605e-16   9.838881e-04   4.576715e-19   964272
  1.171602e+00   3.555174e-16   9.813885e-04   4.532984e-19   969458
  1.175002e+00   3.551539e-16   9.785094e-04   4.521605e-19   972750
  1.178405e+00   3.550656e-16   9.839022e-04   4.498362e-19   982706
  1.181806e+00   3.537423e-16   9.798755e-04   4.461682e-19   982906
  1.185211e+00   3.529280e-16   9.881427e-04   4.423751e-19   996622
  1.188612e+00   3.522812e-16   9.782401e-04   4.433449e-19   992378
  1.191999e+00   3.521022e-16   9.775059e-04   4.409437e-19   999000
  1.195397e+00   3.507869e-16   9.817623e-04   4.376361e-19   1010114
  1.198803e+00   3.506460e-16   9.815316e-04   4.367400e-19   1015722
  1.202205e+00   3.502381e-16   9.793783e-04   4.345070e-19   1018742
  1.205613e+00   3.497150e-16   9.864495e-04   4.315111e-19   1031250
  1.209016e+00   3.485964e-16   9.786533e-04   4.305784e-19   1027226
  1.212413e+00   3.488346e-16   9.856307e-04   4.278870e-19   1039734
  1.215813e+00   3.483724e-16   9.805725e-04   4.260175e-19   1039914
  1.219210e+00   3.476665e-16   9.832224e-04   4.241446e-19   1050272
  1.222609e+00   3.457264e-16   9.777885e-04   4.215745e-19   1052306
  1.226010e+00   3.462973e-16   9.820199e-04   4.188836e-19   1062666
  1.229414e+00   3.449930e-16   9.821012e-04   4.176748e-19   1067262
  1.232818e+00   3.453288e-16   9.834577e-04   4.159006e-19   1073906
  1.236220e+00   3.443716e-16   9.821555e-04   4.155854e-19   1078190
  1.239623e+00   3.439596e-16   9.835287e-04   4.113627e-19   1085634
  1.243018e+00   3.431115e-16   9.777743e-04   4.106777e-19   1085508
  1.246420e+00   3.422019e-16   9.857694e-04   4.068460e-19   1101926
  1.249823e+00   3.402085e-16   9.765533e-04   4.043677e-19   1098322
  1.253220e+00   3.406001e-16   9.810493e-04   4.031060e-19   1109878
  1.256626e+00   3.408182e-16   9.822346e-04   4.027700e-19   1115338
  1.260031e+00   3.394578e-16   9.850685e-04   3.991559e-19   1122586
  1.263434e+00   3.388223e-16   9.828803e-04   3.977866e-19   1125862
  1.266833e+00   3.393138e-16   9.826042e-04   3.971830e-19   1132498
  1.270230e+00   3.376896e-16   9.794882e-04   3.946679e-19   1135444
  1.273627e+00   3.371824e-16   9.822580e-04   3.916823e-19   1145374
  1.277031e+00   3.362352e-16   9.829599e-04   3.895813e-19   1152698
  1.280435e+00   3.354433e-16   9.811808e-04   3.879454e-19   1157046
  1.283832e+00   3.349921e-16   9.792543e-04   3.859678e-19   1160226
  1.287236e+00   3.355239e-16   9.867747e-04   3.832549e-19   1174346
  1.290638e+00   3.353254e-16   9.799098e-04   3.857385e-19   1171462
  1.294035e+00   3.329080e-16   9.835292e-04   3.802054e-19   1183828
  1.297431e+00   3.332178e-16   9.751511e-04   3.795740e-19   1181822
  1.300825e+00   3.319337e-16   9.806813e-04   3.770472e-19   1194930
  1.304229e+00   3.318616e-16   9.822693e-04   3.753575e-19   1202010
  1.307632e+00   3.305652e-16   9.818508e-04   3.733875e-19   1207166
  1.311036e+00   3.306556e-16   9.828798e-04   3.723837e-19   1214106
  1.314433e+00   3.298483e-16   9.789042e-04   3.703637e-19   1215302
  1.317833e+00   3.288447e-16   9.858329e-04   3.666946e-19   1229274
  1.321244e+00   3.293692e-16   9.860143e-04   3.672992e-19   1236164
  1.324647e+00   3.276764e-16   9.790511e-04   3.650399e-19   1235326
  1.328043e+00   3.272650e-16   9.802315e-04   3.636359e-19   1244026
  1.331441e+00   3.273157e-16   9.803347e-04   3.625904e-19   1249154
  1.334844e+00   3.260953e-16   9.852720e-04   3.609031e-19   1260558
  1.338244e+00   3.256451e-16   9.799856e-04   3.580958e-19   1260394
  1.341646e+00   3.256134e-16   9.851173e-04   3.568578e-19   1274758
  1.345044e+00   3.237876e-16   9.761448e-04   3.547167e-19   1270188
  1.348447e+00   3.238935e-16   9.870074e-04   3.521866e-19   1291202
  1.351849e+00   3.233267e-16   9.757557e-04   3.528988e-19   1282654
  1.355244e+00   3.227427e-16   9.819229e-04   3.494594e-19   1298242
  1.358647e+00   3.220277e-16   9.803455e-04   3.478562e-19   1301774
  1.362047e+00   3.214862e-16   9.827693e-04   3.463624e-19   1309770
  1.365448e+00   3.210868e-16   9.830640e-04   3.450628e-19   1315714
  1.368852e+00   3.197726e-16   9.843087e-04   3.425954e-19   1325110
  1.372253e+00   3.190163e-16   9.790721e-04   3.422283e-19   1326012
  1.375652e+00   3.182123e-16   9.818283e-04   3.394388e-19   1336154
  1.379060e+00   3.181067e-16   9.856646e-04   3.369496e-19   1347334
  1.382463e+00   3.171023e-16   9.798090e-04   3.367118e-19   1345354
  1.385854e+00   3.163070e-16   9.796108e-04   3.350431e-19   1350998
  1.389254e+00   3.159114e-16   9.851001e-04   3.329831e-19   1365546
  1.392658e+00   3.161411e-16   9.818266e-04   3.321818e-19   1367474
  1.396060e+00   3.151474e-16   9.832315e-04   3.302236e-19   1377984
  1.399461e+00   3.142503e-16   9.785308e-04   3.292228e-19   1379394
  1.402863e+00   3.136920e-16   9.826740e-04   3.267961e-19   1392230
  1.406265e+00   3.126354e-16   9.788975e-04   3.260132e-19   1392634
  1.409662e+00   3.127910e-16   9.821355e-04   3.243093e-19   1402666
  1.413062e+00   3.119269e-16   9.819858e-04   3.229268e-19   1408502
  1.416462e+00   3.110858e-16   9.817857e-04   3.203092e-19   1415418
  1.419855e+00   3.107793e-16   9.774342e-04   3.213693e-19   1416856
  1.423264e+00   3.097995e-16   9.894876e-04   3.159043e-19   1442002
  1.426674e+00   3.088386e-16   9.781259e-04   3.167375e-19   1431634
  1.430071e+00   3.084160e-16   9.822615e-04   3.146194e-19   1444606
  1.433469e+00   3.090419e-16   9.789194e-04   3.149625e-19   1445890
  1.436871e+00   3.080043e-16   9.861222e-04   3.120250e-19   1462210
  1.440273e+00   3.067310e-16   9.807880e-04   3.102728e-19   1459590
  1.443669e+00   3.061940e-16   9.833740e-04   3.084792e-19   1471226
  1.447072e+00   3.049229e-16   9.829562e-04   3.069290e-19   1480072
  1.450479e+00   3.050599e-16   9.811931e-04   3.064040e-19   1486594
  1.453879e+00   3.034177e-16   9.787053e-04   3.033626e-19   1488882
  1.457279e+00   3.038773e-16   9.827371e-04   3.027121e-19   1500854
  1.460684e+00   3.034300e-16   9.826979e-04   3.028123e-19   1506874
  1.464078e+00   3.027291e-16   9.779210e-04   3.011812e-19   1506094
  1.467472e+00   3.014071e-16   9.824981e-04   2.982051e-19   1519682
  1.470872e+00   3.015283e-16   9.822978e-04   2.980188e-19   1526724
  1.474279e+00   3.001235e-16   9.845854e-04   2.954797e-19   1539038
  1.477685e+00   2.999069e-16   9.798767e-04   2.952145e-19   1539810
  1.481081e+00   2.994452e-16   9.791313e-04   2.940237e-19   1545046
  1.484485e+00   2.990217e-16   9.854562e-04   2.917777e-19   1560538
  1.487886e+00   2.980905e-16   9.804436e-04   2.906316e-19   1557506
  1.491282e+00   2.978770e-16   9.836002e-04   2.894702e-19   1570062
  1.494678e+00   2.969726e-16   9.793467e-04   2.883345e-19   1571290
  1.498078e+00   2.961689e-16   9.842488e-04   2.860345e-19   1588228
  1.501484e+00   2.953313e-16   9.810937e-04   2.840283e-19   1591046
  1.504889e+00   2.953154e-16   9.832504e-04   2.836976e-19   1602474
  1.508291e+00   2.944707e-16   9.782624e-04   2.832900e-19   1601646
  1.511687e+00   2.932642e-16   9.804817e-04   2.803880e-19   1611266
  1.515082e+00   2.932184e-16   9.805934e-04   2.798289e-19   1616634
  1.518484e+00   2.924579e-16   9.853950e-04   2.775512e-19   1631366
  1.521885e+00   2.921383e-16   9.796982e-04   2.781169e-19   1631028
  1.525282e+00   2.916116e-16   9.798719e-04   2.761289e-19   1641446
  1.528689e+00   2.906171e-16   9.836821e-04   2.742768e-19   1654234
  1.532101e+00   2.898957e-16   9.854232e-04   2.718319e-19   1662874
  1.535501e+00   2.895567e-16   9.777869e-04   2.727218e-19   1656686
  1.538894e+00   2.890764e-16   9.817573e-04   2.708043e-19   1670898
  1.542295e+00   2.882180e-16   9.826743e-04   2.690210e-19   1678074
  1.545693e+00   2.879848e-16   9.828970e-04   2.688229e-19   1685198
  1.549094e+00   2.864977e-16   9.826216e-04   2.667763e-19   1694524
  1.552497e+00   2.860767e-16   9.806206e-04   2.652981e-19   1701334
  1.555899e+00   2.850363e-16   9.807944e-04   2.639175e-19   1709386
  1.559306e+00   2.856406e-16   9.832546e-04   2.632620e-19   1719994
  1.562708e+00   2.842762e-16   9.808801e-04   2.619788e-19   1721510
  1.566111e+00   2.836036e-16   9.843526e-04   2.600950e-19   1734978
  1.569507e+00   2.834008e-16   9.766081e-04   2.601655e-19   1728646
  1.572899e+00   2.829542e-16   9.823741e-04   2.578808e-19   1746868
  1.576300e+00   2.818840e-16   9.809864e-04   2.571191e-19   1752922
  1.579707e+00   2.813378e-16   9.845798e-04   2.552311e-19   1767862
  1.583112e+00   2.800908e-16   9.793884e-04   2.543794e-19   1765698
  1.586515e+00   2.801712e-16   9.844058e-04   2.526889e-19   1781270
  1.589918e+00   2.794687e-16   9.810287e-04   2.527818e-19   1780650
  1.593316e+00   2.783508e-16   9.836246e-04   2.508472e-19   1792418
  1.596711e+00   2.779857e-16   9.794648e-04   2.499609e-19   1792790
  1.600109e+00   2.769547e-16   9.831424e-04   2.475724e-19   1809852
  1.603512e+00   2.767735e-16   9.801224e-04   2.475600e-19   1812666
  1.606915e+00   2.766191e-16   9.841796e-04   2.458904e-19   1827614
  1.610321e+00   2.759770e-16   9.814350e-04   2.450281e-19   1829970
  1.613720e+00   2.749965e-16   9.803236e-04   2.441073e-19   1835030
  1.617114e+00   2.744086e-16   9.798165e-04   2.425488e-19   1841410
  1.620515e+00   2.740794e-16   9.841327e-04   2.414008e-19   1856626
  1.623912e+00   2.731071e-16   9.785166e-04   2.406309e-19   1854656
  1.627309e+00   2.725322e-16   9.815053e-04   2.393505e-19   1870698
  1.630712e+00   2.716962e-16   9.804842e-04   2.376333e-19   1876998
  1.634114e+00   2.712008e-16   9.808565e-04   2.369743e-19   1884458
  1.637514e+00   2.710402e-16   9.820836e-04   2.364670e-19   1891730
  1.640921e+00   2.700851e-16   9.864027e-04   2.343612e-19   1907574
  1.644328e+00   2.696224e-16   9.824949e-04   2.336299e-19   1907730
  1.647725e+00   2.696870e-16   9.806100e-04   2.332244e-19   1912154
  1.651122e+00   2.682694e-16   9.815437e-04   2.317243e-19   1923216
  1.654527e+00   2.680453e-16   9.837853e-04   2.304773e-19   1936562
  1.657929e+00   2.672288e-16   9.797671e-04   2.299674e-19   1936862
  1.661330e+00   2.658415e-16   9.824032e-04   2.272809e-19   1950114
  1.664731e+00   2.662864e-16   9.809526e-04   2.274325e-19   1953306
  1.668134e+00   2.652139e-16   9.852343e-04   2.258082e-19   1968806
  1.671536e+00   2.641928e-16   9.810375e-04   2.248356e-19   1968818
  1.674935e+00   2.640553e-16   9.815051e-04   2.238312e-19   1980624
  1.678335e+00   2.630775e-16   9.789502e-04   2.231609e-19   1985034
  1.681733e+00   2.631726e-16   9.802456e-04   2.223333e-19   1995242
  1.685136e+00   2.622221e-16   9.833510e-04   2.205503e-19   2007742
  1.688539e+00   2.613672e-16   9.813083e-04   2.196282e-19   2010538
  1.691936e+00   2.603563e-16   9.811361e-04   2.187838e-19   2017390
  1.695340e+00   2.601777e-16   9.857772e-04   2.173509e-19   2034346
  1.698736e+00   2.595345e-16   9.777687e-04   2.172124e-19   2025498
  1.702137e+00   2.590959e-16   9.868689e-04   2.149980e-19   2055248
  1.705540e+00   2.581287e-16   9.770123e-04   2.150840e-19   2045090
  1.708936e+00   2.578678e-16   9.814027e-04   2.134968e-19   2062074
  1.712339e+00   2.569736e-16   9.823860e-04   2.123772e-19   2070190
  1.715742e+00   2.568496e-16   9.834046e-04   2.115754e-19   2079226
  1.719142e+00   2.558743e-16   9.818107e-04   2.105189e-19   2083990
  1.722545e+00   2.555827e-16   9.839507e-04   2.091779e-19   2097898
  1.725944e+00   2.547971e-16   9.787299e-04   2.091059e-19   2095452
  1.729345e+00   2.536051e-16   9.842373e-04   2.067150e-19   2117390
  1.732750e+00   2.533649e-16   9.796988e-04   2.069412e-19   2117066
  1.736142e+00   2.527915e-16   9.757475e-04   2.062782e-19   2117238
  1.739539e+00   2.519045e-16   9.838620e-04   2.040407e-19   2140026
  1.742945e+00   2.516857e-16   9.844962e-04   2.032807e-19   2147234
  1.746347e+00   2.508747e-16   9.820811e-04   2.028739e-19   2150118
  1.749746e+00   2.506474e-16   9.821004e-04   2.021227e-19   2160386
  1.753147e+00   2.495137e-16   9.809815e-04   2.006703e-19   2168256
  1.756552e+00   2.487033e-16   9.838581e-04   1.987627e-19   2183306
  1.759956e+00   2.485823e-16   9.808091e-04   1.987992e-19   2184642
  1.763354e+00   2.482864e-16   9.804471e-04   1.986621e-19   2192318
  1.766749e+00   2.469584e-16   9.788737e-04   1.970563e-19   2196066
  1.770152e+00   2.467281e-16   9.865986e-04   1.956540e-19   2220890
  1.773557e+00   2.461076e-16   9.809869e-04   1.951018e-19   2215758
  1.776958e+00   2.454482e-16   9.842037e-04   1.940247e-19   2233988
  1.780360e+00   2.445566e-16   9.782890e-04   1.930577e-19   2231670
  1.783756e+00   2.439029e-16   9.797617e-04   1.920122e-19   2244338
  1.787160e+00   2.437400e-16   9.830422e-04   1.915218e-19   2258610
  1.790563e+00   2.426864e-16   9.809188e-04   1.903297e-19   2260718
  1.793960e+00   2.424391e-16   9.807999e-04   1.897681e-19   2268162
  1.797357e+00   2.416847e-16   9.813749e-04   1.886912e-19   2277494
  1.800757e+00   2.408750e-16   9.827422e-04   1.873472e-19   2288796
  1.804164e+00   2.407537e-16   9.854716e-04   1.863844e-19   2305226
  1.807568e+00   2.397356e-16   9.797129e-04   1.857958e-19   2301630
  1.810969e+00   2.393947e-16   9.832644e-04   1.850471e-19   2319770
  1.814369e+00   2.388088e-16   9.785204e-04   1.849051e-19   2315610
  1.817766e+00   2.379254e-16   9.837069e-04   1.829559e-19   2334662
  1.821166e+00   2.377050e-16   9.806866e-04   1.825884e-19   2335722
  1.824566e+00   2.371473e-16   9.842253e-04   1.815756e-19   2354102
  1.827968e+00   2.364375e-16   9.802735e-04   1.809044e-19   2355156
  1.831373e+00   2.350312e-16   9.840368e-04   1.788315e-19   2374250
  1.834777e+00   2.352586e-16   9.800597e-04   1.795034e-19   2373102
  1.838179e+00   2.340518e-16   9.824130e-04   1.777525e-19   2388194
  1.841575e+00   2.335774e-16   9.773124e-04   1.773816e-19   2383470
  1.844971e+00   2.337935e-16   9.831656e-04   1.765468e-19   2404994
  1.848373e+00   2.323220e-16   9.816762e-04   1.753113e-19   2408538
  1.851770e+00   2.322731e-16   9.815239e-04   1.749098e-19   2417744
  1.855173e+00   2.314351e-16   9.838904e-04   1.736714e-19   2434578
  1.858579e+00   2.305682e-16   9.814961e-04   1.729165e-19   2438414
  1.861981e+00   2.303825e-16   9.821085e-04   1.721899e-19   2448066
  1.865384e+00   2.297263e-16   9.823292e-04   1.713879e-19   2456018
  1.868782e+00   2.291207e-16   9.812306e-04   1.707130e-19   2461230
  1.872181e+00   2.286125e-16   9.823212e-04   1.697647e-19   2474330
  1.875579e+00   2.278613e-16   9.796955e-04   1.690449e-19   2476498
  1.878979e+00   2.272777e-16   9.838203e-04   1.678441e-19   2497240
  1.882386e+00   2.265879e-16   9.822125e-04   1.672541e-19   2502930
  1.885787e+00   2.257345e-16   9.803409e-04   1.663610e-19   2508470
  1.889188e+00   2.250855e-16   9.808760e-04   1.656495e-19   2518482
  1.892591e+00   2.249292e-16   9.833500e-04   1.647973e-19   2532074
  1.895988e+00   2.244008e-16   9.784906e-04   1.645463e-19   2526678
  1.899384e+00   2.235701e-16   9.835395e-04   1.631467e-19   2549018
  1.902784e+00   2.228867e-16   9.800350e-04   1.624312e-19   2551704
  1.906185e+00   2.226040e-16   9.817747e-04   1.617129e-19   2566226
  1.909587e+00   2.217553e-16   9.819509e-04   1.608955e-19   2573898
  1.912993e+00   2.214632e-16   9.842387e-04   1.603057e-19   2589182
  1.916394e+00   2.208809e-16   9.792958e-04   1.596950e-19   2584890
  1.919793e+00   2.204132e-16   9.838242e-04   1.588122e-19   2605190
  1.923194e+00   2.194984e-16   9.814721e-04   1.579853e-19   2606418
  1.926593e+00   2.186519e-16   9.832736e-04   1.567642e-19   2621186
  1.929994e+00   2.178348e-16   9.806156e-04   1.561415e-19   2626608
  1.933393e+00   2.174895e-16   9.799953e-04   1.554097e-19   2636714
  1.936794e+00   2.169061e-16   9.811147e-04   1.547467e-19   2647482
  1.940202e+00   2.168456e-16   9.861446e-04   1.540834e-19   2668382
  1.943607e+00   2.160294e-16   9.801535e-04   1.535442e-19   2660418
  1.947005e+00   2.155430e-16   9.825106e-04   1.527239e-19   2676662
  1.950401e+00   2.146821e-16   9.781799e-04   1.519714e-19   2674210
  1.953797e+00   2.139463e-16   9.827621e-04   1.509767e-19   2697076
  1.957200e+00   2.130568e-16   9.813995e-04   1.500738e-19   2703558
  1.960601e+00   2.130294e-16   9.810424e-04   1.498439e-19   2713250
  1.964000e+00   2.120675e-16   9.793374e-04   1.491914e-19   2717718
  1.967406e+00   2.114231e-16   9.861436e-04   1.476216e-19   2743178
  1.970809e+00   2.112217e-16   9.802672e-04   1.481119e-19   2732730
  1.974208e+00   2.102321e-16   9.854133e-04   1.465496e-19   2758022
  1.977609e+00   2.096400e-16   9.791609e-04   1.461182e-19   2751994
  1.981005e+00   2.089108e-16   9.810250e-04   1.450873e-19   2769052
  1.984409e+00   2.083307e-16   9.824869e-04   1.443856e-19   2783062
  1.987812e+00   2.074113e-16   9.814391e-04   1.437840e-19   2789362
  1.991215e+00   2.067643e-16   9.817332e-04   1.429745e-19   2799582
  1.994619e+00   2.057316e-16   9.828319e-04   1.419665e-19   2811170
  1.998019e+00   2.053874e-16   9.809039e-04   1.414620e-19   2812658
  2.001421e+00   2.047666e-16   9.850690e-04   1.407622e-19   2833302
  2.004820e+00   2.035227e-16   9.785899e-04   1.397571e-19   2827420
  2.008216e+00   1.518614e-17   9.808908e-04   3.942972e-20   2846710
  2.011615e+00   5.485012e-18   9.806052e-04   3.648002e-21   2846535
  2.015014e+00   5.231979e-18   9.826225e-04   3.461812e-21   2848496
  2.018416e+00   4.993395e-18   9.819470e-04   3.287345e-21   2841084
  2.021820e+00   4.762980e-18   9.843122e-04   3.130754e-21   2843480
  2.025222e+00   4.558890e-18   9.802360e-04   3.009150e-21   2826624
  2.028621e+00   4.372557e-18   9.829329e-04   2.887269e-21   2828732
  2.032021e+00   4.207523e-18   9.812694e-04   2.787191e-21   2819296
  2.035422e+00   4.056228e-18   9.824594e-04   2.697783e-21   2819548
  2.038821e+00   3.911323e-18   9.790894e-04   2.611194e-21   2805192
  2.042221e+00   3.782233e-18   9.830303e-04   2.531688e-21   2811104
  2.045624e+00   3.668282e-18   9.815026e-04   2.462383e-21   2800672
  2.049025e+00   3.550069e-18   9.823222e-04   2.392970e-21   2798080
  2.052425e+00   3.444286e-18   9.802167e-04   2.332646e-21   2786976
  2.055826e+00   3.340307e-18   9.831451e-04   2.266740e-21   2791016
  2.059230e+00   3.251856e-18   9.812096e-04   2.214598e-21   2779360
  2.062626e+00   3.160020e-18   9.796265e-04   2.159800e-21   2768644
  2.066023e+00   3.070677e-18   9.822169e-04   2.104407e-21   2771192
  2.069425e+00   2.990652e-18   9.816405e-04   2.055897e-21   2765028
  2.072828e+00   2.910125e-18   9.824068e-04   2.007210e-21   2760864
  2.076235e+00   2.844792e-18   9.849780e-04   1.965512e-21   2761616
  2.079634e+00   2.770889e-18   9.787095e-04   1.925188e-21   2737932
  2.083034e+00   2.703122e-18   9.851663e-04   1.881206e-21   2752280
  2.086436e+00   2.638477e-18   9.786561e-04   1.849310e-21   2728764
  2.089835e+00   2.574930e-18   9.834451e-04   1.805460e-21   2736368
  2.093234e+00   2.516648e-18   9.795267e-04   1.773712e-21   2719952
  2.096636e+00   2.459864e-18   9.837062e-04   1.730755e-21   2727120
  2.100037e+00   2.409446e-18   9.787869e-04   1.710951e-21   2708400
  2.103440e+00   2.354487e-18   9.850039e-04   1.668042e-21   2718536
  2.106841e+00   2.306061e-18   9.786910e-04   1.644686e-21   2694300
  2.110244e+00   2.255637e-18   9.859443e-04   1.604002e-21   2709440
  2.113646e+00   2.209013e-18   9.780636e-04   1.582620e-21   2682108
  2.117041e+00   2.160687e-18   9.811448e-04   1.552379e-21   2684912
  2.120440e+00   2.120384e-18   9.817480e-04   1.525130e-21   2678868
  2.123840e+00   2.077709e-18   9.823344e-04   1.495843e-21   2674772
  2.127243e+00   2.029102e-18   9.826540e-04   1.467501e-21   2670120
  2.130643e+00   1.990384e-18   9.807037e-04   1.445117e-21   2659532
  2.134045e+00   1.948453e-18   9.832493e-04   1.416317e-21   2659704
  2.137451e+00   1.910823e-18   9.840399e-04   1.388502e-21   2654348
  2.140851e+00   1.873512e-18   9.808746e-04   1.368869e-21   2640276
  2.144250e+00   1.836893e-18   9.817432e-04   1.344021e-21   2638700
  2.147650e+00   1.802410e-18   9.800651e-04   1.325192e-21   2628244
  2.151051e+00   1.766820e-18   9.836008e-04   1.297389e-21   2630920
  2.154455e+00   1.735620e-18   9.816425e-04   1.280801e-21   2618904
  2.157854e+00   1.702751e-18   9.803923e-04   1.260531e-21   2610932
  2.161254e+00   1.670758e-18   9.817073e-04   1.236812e-21   2608464
  2.164658e+00   1.637644e-18   9.827466e-04   1.215081e-21   2603708
  2.168056e+00   1.604304e-18   9.797322e-04   1.190052e-21   2588012
  2.171453e+00   1.578148e-18   9.819219e-04   1.176869e-21   2588364
  2.174852e+00   1.549970e-18   9.803360e-04   1.158138e-21   2579076
  2.178251e+00   1.523859e-18   9.809908e-04   1.144384e-21   2574152
  2.181649e+00   1.493194e-18   9.813167e-04   1.119573e-21   2566812
  2.185056e+00   1.467034e-18   9.861783e-04   1.099793e-21   2573732
  2.188461e+00   1.439866e-18   9.795833e-04   1.084590e-21   2550568
  2.191860e+00   1.414344e-18   9.826556e-04   1.069512e-21   2552068
  2.195261e+00   1.389418e-18   9.809956e-04   1.052466e-21   2539620
  2.198663e+00   1.363201e-18   9.840554e-04   1.030542e-21   2540936
  2.202066e+00   1.342076e-18   9.809099e-04   1.018674e-21   2528032
  2.205465e+00   1.314722e-18   9.803189e-04   9.999963e-22   2521480
  2.208867e+00   1.294497e-18   9.820539e-04   9.877243e-22   2517980
  2.212270e+00   1.269242e-18   9.826345e-04   9.701972e-22   2511744
  2.215671e+00   1.250728e-18   9.807485e-04   9.580820e-22   2500140
  2.219071e+00   1.227665e-18   9.816849e-04   9.445761e-22   2496980
  2.222472e+00   1.207541e-18   9.809842e-04   9.286631e-22   2486924
  2.225874e+00   1.184086e-18   9.841669e-04   9.128561e-22   2487000
  2.229275e+00   1.165257e-18   9.801840e-04   9.010305e-22   2469840
  2.232673e+00   1.144255e-18   9.823076e-04   8.859929e-22   2469656
  2.236072e+00   1.126509e-18   9.795354e-04   8.761554e-22   2456844
  2.239476e+00   1.106967e-18   9.852194e-04   8.604363e-22   2462876
  2.242879e+00   1.088214e-18   9.804127e-04   8.472828e-22   2442136
  2.246278e+00   1.069288e-18   9.827694e-04   8.334497e-22   2441944
  2.249678e+00   1.053165e-18   9.806730e-04   8.257849e-22   2430508
  2.253076e+00   1.034516e-18   9.810126e-04   8.118925e-22   2424352
  2.256478e+00   1.017931e-18   9.832316e-04   7.987540e-22   2421264
  2.259881e+00   9.986504e-19   9.825332e-04   7.863180e-22   2413064
  2.263282e+00   9.846929e-19   9.805912e-04   7.759011e-22   2401572
  2.266681e+00   9.661966e-19   9.815087e-04   7.642191e-22   2397284
  2.270081e+00   9.518699e-19   9.813118e-04   7.558525e-22   2388336
  2.273484e+00   9.341056e-19   9.843250e-04   7.421120e-22   2387204
  2.276884e+00   9.214450e-19   9.793704e-04   7.351483e-22   2368644
  2.280279e+00   9.050578e-19   9.805359e-04   7.232011e-22   2365400
  2.283678e+00   8.940119e-19   9.814789e-04   7.147065e-22   2360072
  2.287082e+00   8.767427e-19   9.832021e-04   7.029431e-22   2356464
  2.290484e+00   8.631359e-19   9.810620e-04   6.928372e-22   2343240
  2.293885e+00   8.485548e-19   9.822795e-04   6.816966e-22   2340248
  2.297284e+00   8.345744e-19   9.789711e-04   6.741082e-22   2325000
  2.300686e+00   8.213820e-19   9.843393e-04   6.636918e-22   2328632
  2.304090e+00   8.085218e-19   9.816712e-04   6.541561e-22   2313220
  2.307492e+00   7.943724e-19   9.835834e-04   6.447189e-22   2310772
  2.310892e+00   7.833998e-19   9.798086e-04   6.374548e-22   2295420
  2.314292e+00   7.694477e-19   9.822607e-04   6.263694e-22   2293592
  2.317692e+00   7.579426e-19   9.808333e-04   6.185737e-22   2281384
  2.321098e+00   7.456289e-19   9.858657e-04   6.090025e-22   2285776
  2.324499e+00   7.342019e-19   9.776590e-04   6.047997e-22   2259408
  2.327898e+00   7.212298e-19   9.837748e-04   5.941434e-22   2266808
  2.331301e+00   7.110712e-19   9.803406e-04   5.890440e-22   2248836
  2.334698e+00   6.993985e-19   9.826639e-04   5.791345e-22   2245244
  2.338097e+00   6.881845e-19   9.807008e-04   5.712580e-22   2233908
  2.341498e+00   6.780226e-19   9.826023e-04   5.629397e-22   2231660
  2.344900e+00   6.668787e-19   9.803694e-04   5.577544e-22   2218544
  2.348303e+00   6.574352e-19   9.841932e-04   5.496111e-22   2218176
  2.351706e+00   6.470339e-19   9.811254e-04   5.426990e-22   2202900
  2.355107e+00   6.373231e-19   9.815282e-04   5.356110e-22   2197472
  2.358504e+00   6.277229e-19   9.785599e-04   5.305576e-22   2181960
  2.361902e+00   6.179403e-19   9.836141e-04   5.224712e-22   2183696
  2.365306e+00   6.076060e-19   9.832539e-04   5.152674e-22   2173416
  2.368709e+00   5.999688e-19   9.825525e-04   5.113351e-22   2165444
  2.372110e+00   5.891206e-19   9.797907e-04   5.031210e-22   2152688
  2.375509e+00   5.804869e-19   9.815549e-04   4.958140e-22   2147628
  2.378910e+00   5.724698e-19   9.820428e-04   4.920593e-22   2139012
  2.382315e+00   5.638686e-19   9.845724e-04   4.852895e-22   2136008
  2.385709e+00   5.537266e-19   9.752701e-04   4.789694e-22   2108656
  2.389104e+00   5.460036e-19   9.832761e-04   4.725911e-22   2117896
  2.392509e+00   5.391150e-19   9.830191e-04   4.669380e-22   2106260
  2.395912e+00   5.296837e-19   9.833730e-04   4.622314e-22   2099088
  2.399315e+00   5.205731e-19   9.817275e-04   4.551146e-22   2088432
  2.402716e+00   5.123029e-19   9.804125e-04   4.488743e-22   2078432
  2.406115e+00   5.065149e-19   9.806198e-04   4.461572e-22   2069048
  2.409516e+00   4.988671e-19   9.833522e-04   4.402306e-22   2064804
  2.412920e+00   4.910806e-19   9.831224e-04   4.348210e-22   2055644
  2.416321e+00   4.836234e-19   9.806126e-04   4.301542e-22   2043000
  2.419718e+00   4.755426e-19   9.800589e-04   4.223339e-22   2032348
  2.423121e+00   4.702781e-19   9.856832e-04   4.189350e-22   2034064
  2.426526e+00   4.636724e-19   9.819348e-04   4.162356e-22   2017740
  2.429926e+00   4.553054e-19   9.812949e-04   4.097832e-22   2010188
  2.433325e+00   4.489523e-19   9.789075e-04   4.052306e-22   1996556
  2.436723e+00   4.436119e-19   9.821491e-04   4.022617e-22   1992816
  2.440123e+00   4.358828e-19   9.821092e-04   3.964070e-22   1982400
  2.443522e+00   4.309162e-19   9.811038e-04   3.947329e-22   1972256
  2.446920e+00   4.239993e-19   9.808752e-04   3.895764e-22   1964384
  2.450323e+00   4.177408e-19   9.825278e-04   3.843284e-22   1958544
  2.453726e+00   4.132345e-19   9.821775e-04   3.812143e-22   1946988
  2.457130e+00   4.053397e-19   9.840500e-04   3.749994e-22   1942532
  2.460529e+00   4.001363e-19   9.777101e-04   3.719705e-22   1921692
  2.463928e+00   3.941181e-19   9.833317e-04   3.675159e-22   1924004
  2.467330e+00   3.893952e-19   9.803195e-04   3.650709e-22   1907344
  2.470733e+00   3.830219e-19   9.853101e-04   3.601247e-22   1907440
  2.474135e+00   3.778043e-19   9.788798e-04   3.572972e-22   1886136
  2.477531e+00   3.729094e-19   9.816797e-04   3.548705e-22   1883144
  2.480934e+00   3.672263e-19   9.824091e-04   3.491262e-22   1874724
  2.484338e+00   3.626606e-19   9.833480e-04   3.473968e-22   1866068
  2.487738e+00   3.565613e-19   9.812729e-04   3.433046e-22   1852980
  2.491140e+00   3.514331e-19   9.824339e-04   3.389252e-22   1847468
  2.494538e+00   3.476920e-19   9.781928e-04   3.373606e-22   1829636
  2.497936e+00   3.415660e-19   9.834643e-04   3.318927e-22   1829688
  2.501341e+00   3.376566e-19   9.824400e-04   3.307443e-22   1817192
  2.504741e+00   3.330286e-19   9.810060e-04   3.279101e-22   1806312
  2.508140e+00   3.282894e-19   9.802531e-04   3.245512e-22   1795984
  2.511543e+00   3.241194e-19   9.831733e-04   3.217797e-22   1791100
  2.514946e+00   3.197622e-19   9.817942e-04   3.182809e-22   1777648
  2.518347e+00   3.149734e-19   9.826630e-04   3.152275e-22   1769848
  2.521746e+00   3.109178e-19   9.799953e-04   3.131599e-22   1756536
  2.525146e+00   3.061580e-19   9.812129e-04   3.098688e-22   1748960
  2.528547e+00   3.036890e-19   9.826374e-04   3.084747e-22   1739952
  2.531950e+00   2.980884e-19   9.837089e-04   3.048114e-22   1732124
  2.535351e+00   2.942205e-19   9.802823e-04   3.027225e-22   1716852
  2.538751e+00   2.896083e-19   9.823932e-04   2.994197e-22   1712276
  2.542154e+00   2.864383e-19   9.810692e-04   2.977077e-22   1698500
  2.545557e+00   2.830956e-19   9.849039e-04   2.943373e-22   1693932
  2.548957e+00   2.791662e-19   9.793284e-04   2.928693e-22   1675204
  2.552353e+00   2.744227e-19   9.815499e-04   2.889859e-22   1670644
  2.555751e+00   2.717977e-19   9.787008e-04   2.896844e-22   1655532
  2.559155e+00   2.683221e-19   9.861163e-04   2.856075e-22   1656860
  2.562557e+00   2.650710e-19   9.798597e-04   2.845974e-22   1635372
  2.565959e+00   2.603492e-19   9.841765e-04   2.811469e-22   1634324
  2.569359e+00   2.577286e-19   9.777008e-04   2.796479e-22   1613676
  2.572758e+00   2.539279e-19   9.840395e-04   2.766080e-22   1613348
  2.576160e+00   2.509807e-19   9.807023e-04   2.758101e-22   1596236
  2.579561e+00   2.478000e-19   9.834991e-04   2.736386e-22   1591476
  2.582962e+00   2.443274e-19   9.792427e-04   2.714246e-22   1575732
  2.586359e+00   2.403465e-19   9.803750e-04   2.687363e-22   1566236
  2.589759e+00   2.390277e-19   9.841339e-04   2.689319e-22   1560292
  2.593166e+00   2.345992e-19   9.838869e-04   2.654726e-22   1550092
  2.596565e+00   2.321001e-19   9.789064e-04   2.650741e-22   1532628
  2.599963e+00   2.287087e-19   9.813188e-04   2.616273e-22   1527332
  2.603365e+00   2.259937e-19   9.816488e-04   2.603378e-22   1515212
  2.606765e+00   2.231612e-19   9.831211e-04   2.597669e-22   1506444
  2.610167e+00   2.203827e-19   9.819780e-04   2.579222e-22   1495116
  2.613562e+00   2.172064e-19   9.774397e-04   2.557308e-22   1479152
  2.616961e+00   2.144246e-19   9.826090e-04   2.538128e-22   1475512
  2.620369e+00   2.129499e-19   9.857671e-04   2.544105e-22   1467820
  2.623774e+00   2.093803e-19   9.816828e-04   2.518625e-22   1451256
  2.627176e+00   2.065329e-19   9.823847e-04   2.502115e-22   1443212
  2.630573e+00   2.037016e-19   9.775986e-04   2.485084e-22   1425680
  2.633972e+00   2.013794e-19   9.838248e-04   2.472685e-22   1422972
  2.637375e+00   1.993772e-19   9.826449e-04   2.460783e-22   1408632
  2.640778e+00   1.961161e-19   9.834480e-04   2.441636e-22   1400984
  2.644178e+00   1.939192e-19   9.781513e-04   2.444060e-22   1383196
  2.647576e+00   1.910686e-19   9.827970e-04   2.414651e-22   1378120
  2.650981e+00   1.894058e-19   9.838936e-04   2.423536e-22   1367272
  2.654386e+00   1.868900e-19   9.839001e-04   2.403553e-22   1356580
  2.657781e+00   1.843125e-19   9.764772e-04   2.394896e-22   1337028
  2.661175e+00   1.817094e-19   9.807019e-04   2.373070e-22   1332500
  2.664576e+00   1.796186e-19   9.824328e-04   2.363592e-22   1321796
  2.667980e+00   1.773890e-19   9.842336e-04   2.355825e-22   1312716
  2.671381e+00   1.751331e-19   9.799494e-04   2.350118e-22   1296580
  2.674784e+00   1.722365e-19   9.836937e-04   2.318456e-22   1291528
  2.678185e+00   1.705802e-19   9.791874e-04   2.321188e-22   1273128
  2.681585e+00   1.684643e-19   9.849289e-04   2.308846e-22   1268720
  2.684990e+00   1.664925e-19   9.820200e-04   2.296874e-22   1254016
  2.688389e+00   1.635321e-19   9.799073e-04   2.287297e-22   1241296
  2.691782e+00   1.617464e-19   9.773359e-04   2.285585e-22   1226712
  2.695185e+00   1.601413e-19   9.871642e-04   2.274906e-22   1226228
  2.698592e+00   1.585750e-19   9.822935e-04   2.275499e-22   1207768
  2.701993e+00   1.552923e-19   9.821287e-04   2.248530e-22   1198336
  2.705390e+00   1.539694e-19   9.774693e-04   2.256245e-22   1181484
  2.708791e+00   1.517113e-19   9.847434e-04   2.244988e-22   1178012
  2.712196e+00   1.506571e-19   9.828591e-04   2.246950e-22   1162564
  2.715593e+00   1.474219e-19   9.802955e-04   2.227232e-22   1149340
  2.718991e+00   1.452808e-19   9.799593e-04   2.209500e-22   1138848
  2.722390e+00   1.431243e-19   9.801680e-04   2.207733e-22   1126748
  2.725791e+00   1.427486e-19   9.834222e-04   2.219900e-22   1117428
  2.729199e+00   1.400273e-19   9.855325e-04   2.194055e-22   1108112
  2.732601e+00   1.374600e-19   9.796049e-04   2.172584e-22   1090596
  2.736000e+00   1.351815e-19   9.802553e-04   2.166265e-22   1081052
  2.739396e+00   1.340092e-19   9.787000e-04   2.171289e-22   1065716
  2.742798e+00   1.324806e-19   9.867653e-04   2.158180e-22   1061940
  2.746204e+00   1.304772e-19   9.811985e-04   2.174290e-22   1044096
  2.749604e+00   1.275187e-19   9.818713e-04   2.149381e-22   1034864
  2.753003e+00   1.256272e-19   9.778923e-04   2.122418e-22   1018308
  2.756407e+00   1.251920e-19   9.880499e-04   2.140422e-22   1014812
  2.759813e+00   1.227027e-19   9.817334e-04   2.132557e-22   996288
  2.763211e+00   1.195274e-19   9.807414e-04   2.096887e-22   985376
  2.766605e+00   1.177158e-19   9.763946e-04   2.094007e-22   969652
  2.770007e+00   1.162761e-19   9.852383e-04   2.077947e-22   964924
  2.773408e+00   1.153983e-19   9.813255e-04   2.100700e-22   947228
  2.776808e+00   1.118382e-19   9.830247e-04   2.056158e-22   939084
  2.780208e+00   1.097639e-19   9.769128e-04   2.039274e-22   921864
  2.783607e+00   1.079746e-19   9.830641e-04   2.027405e-22   914252
  2.787014e+00   1.074329e-19   9.855161e-04   2.047937e-22   902572
  2.790419e+00   1.044560e-19   9.827520e-04   2.023492e-22   888784
  2.793815e+00   1.009218e-19   9.766961e-04   1.972427e-22   872540
  2.797210e+00   9.879470e-20   9.801377e-04   1.942326e-22   862848
  2.800610e+00   9.863368e-20   9.835812e-04   1.966429e-22   851760
  2.804018e+00   9.524834e-20   9.862752e-04   1.921905e-22   841940
  2.807419e+00   9.263917e-20   9.779538e-04   1.887515e-22   823032
  2.810819e+00   9.027779e-20   9.834420e-04   1.866953e-22   816044
  2.814221e+00   8.853937e-20   9.803182e-04   1.851557e-22   799292
  2.817622e+00   8.648737e-20   9.859358e-04   1.834183e-22   791304
  2.821022e+00   8.327538e-20   9.778036e-04   1.779544e-22   772868
  2.824414e+00   8.027901e-20   9.799444e-04   1.718604e-22   762552
  2.827814e+00   7.782505e-20   9.815264e-04   1.664926e-22   750876
  2.831218e+00   7.603653e-20   9.834990e-04   1.658574e-22   739280
  2.834619e+00   7.235282e-20   9.815612e-04   1.554113e-22   724944
  2.838024e+00   6.942441e-20   9.837337e-04   1.498875e-22   714380
  2.841419e+00   6.646587e-20   9.765403e-04   1.415305e-22   695932
  2.844820e+00   6.360064e-20   9.860188e-04   1.318131e-22   690949
  2.848225e+00   6.119724e-20   9.790494e-04   1.257556e-22   673638
  2.851624e+00   5.893291e-20   9.838795e-04   1.200748e-22   666092
  2.855023e+00   5.738138e-20   9.776476e-04   1.172536e-22   651024
  2.858420e+00   5.527744e-20   9.835476e-04   1.108120e-22   644804
  2.861824e+00   5.369846e-20   9.809055e-04   1.065120e-22   632676
  2.865228e+00   5.186003e-20   9.847549e-04   1.026295e-22   624962
  2.868627e+00   5.029405e-20   9.786841e-04   9.734798e-23   611280
  2.872031e+00   4.927347e-20   9.864670e-04   9.506254e-23   607256
  2.875434e+00   4.799968e-20   9.785773e-04   9.296806e-23   592616
  2.878833e+00   4.664560e-20   9.838766e-04   8.924437e-23   587160
  2.882235e+00   4.548615e-20   9.806552e-04   8.583942e-23   575482
  2.885633e+00   4.428332e-20   9.821917e-04   8.409428e-23   568258
  2.889037e+00   4.342853e-20   9.823894e-04   8.084898e-23   559638
  2.892441e+00   4.240800e-20   9.828085e-04   7.963562e-23   551498
  2.895844e+00   4.151672e-20   9.815660e-04   7.736189e-23   542364
  2.899245e+00   4.015971e-20   9.820373e-04   7.422197e-23   534146
  2.902642e+00   3.964446e-20   9.799896e-04   7.296172e-23   524980
  2.906047e+00   3.875669e-20   9.845691e-04   7.070118e-23   519964
  2.909443e+00   3.787209e-20   9.764000e-04   6.923671e-23   507108
  2.912842e+00   3.702213e-20   9.860421e-04   6.628617e-23   504992
  2.916245e+00   3.639504e-20   9.788238e-04   6.506351e-23   492948
  2.919647e+00   3.556937e-20   9.864404e-04   6.400654e-23   489740
  2.923050e+00   3.494304e-20   9.776779e-04   6.299708e-23   477716
  2.926447e+00   3.427480e-20   9.842557e-04   6.150226e-23   473844
  2.929849e+00   3.384938e-20   9.793241e-04   5.989654e-23   464222
  2.933249e+00   3.303666e-20   9.833380e-04   5.876958e-23   459048
  2.936646e+00   3.274259e-20   9.781522e-04   5.790087e-23   449574
  2.940047e+00   3.200674e-20   9.843913e-04   5.679280e-23   445820
  2.943444e+00   3.164922e-20   9.766847e-04   5.663574e-23   435158
  2.946848e+00   3.102041e-20   9.868688e-04   5.536139e-23   433566
  2.950249e+00   3.050260e-20   9.754175e-04   5.410940e-23   421014
  2.953647e+00   3.006279e-20   9.867845e-04   5.309183e-23   419996
  2.957054e+00   2.964304e-20   9.785008e-04   5.252927e-23   409482
  2.960447e+00   2.906628e-20   9.814565e-04   5.155905e-23   404414
  2.963850e+00   2.888891e-20   9.822465e-04   5.158473e-23   398518
  2.967254e+00   2.828906e-20   9.832814e-04   5.058128e-23   392302
  2.970654e+00   2.800610e-20   9.815439e-04   5.004542e-23   385318
  2.974064e+00   2.761163e-20   9.866772e-04   4.949610e-23   381718
  2.977460e+00   2.719034e-20   9.751975e-04   4.914877e-23   370674
  2.980859e+00   2.697882e-20   9.875886e-04   4.853248e-23   370166
  2.984264e+00   2.672397e-20   9.774032e-04   4.846876e-23   359838
  2.987662e+00   2.618588e-20   9.857853e-04   4.739056e-23   357488
  2.991061e+00   2.601943e-20   9.759886e-04   4.750075e-23   348174
  2.994460e+00   2.567767e-20   9.853707e-04   4.681974e-23   346010
  2.997858e+00   2.545085e-20   9.762078e-04   4.717038e-23   336966
  3.001265e+00   2.510841e-20   9.900594e-04   4.619840e-23   336488
  3.004668e+00   2.494927e-20   9.740308e-04   4.659575e-23   325206
  3.008066e+00   2.456201e-20   9.873451e-04   4.566223e-23   324614
  3.011466e+00   2.427810e-20   9.747062e-04   4.546525e-23   314792
  3.014866e+00   2.402331e-20   9.879043e-04   4.505130e-23   314082
  3.018264e+00   2.375495e-20   9.737379e-04   4.537441e-23   303918
  3.021663e+00   2.365266e-20   9.889509e-04   4.517895e-23   303872
  3.025070e+00   2.337314e-20   9.784574e-04   4.491184e-23   295070
  3.028471e+00   2.318169e-20   9.862273e-04   4.469416e-23   292776
  3.031875e+00   2.305099e-20   9.783859e-04   4.513880e-23   285198
  3.035272e+00   2.278440e-20   9.836512e-04   4.486635e-23   282068
  3.038673e+00   2.259733e-20   9.805621e-04   4.448260e-23   276094
  3.042072e+00   2.227597e-20   9.815492e-04   4.406768e-23   271936
  3.045470e+00   2.207988e-20   9.796535e-04   4.413737e-23   266352
  3.048872e+00   2.205737e-20   9.837389e-04   4.431817e-23   263198
  3.052270e+00   2.193072e-20   9.774507e-04   4.474659e-23   256540
  3.055674e+00   2.162506e-20   9.870156e-04   4.402364e-23   254758
  3.059074e+00   2.141312e-20   9.752535e-04   4.391851e-23   246888
  3.062476e+00   2.132973e-20   9.882518e-04   4.442710e-23   245984
  3.065876e+00   2.124631e-20   9.745285e-04   4.467358e-23   237838
  3.069275e+00   2.099102e-20   9.875456e-04   4.401181e-23   236932
  3.072674e+00   2.095799e-20   9.753501e-04   4.451287e-23   229296
  3.076079e+00   2.064477e-20   9.905935e-04   4.414246e-23   228968
  3.079484e+00   2.068105e-20   9.759176e-04   4.497837e-23   220862
  3.082887e+00   2.051812e-20   9.907802e-04   4.479822e-23   220440
  3.086289e+00   2.041182e-20   9.746422e-04   4.499088e-23   212400
  3.089691e+00   2.003740e-20   9.910214e-04   4.401130e-23   212228
  3.093094e+00   2.017826e-20   9.746868e-04   4.533967e-23   204518
  3.096495e+00   1.991431e-20   9.889482e-04   4.472944e-23   203928
  3.099893e+00   1.983229e-20   9.720561e-04   4.542405e-23   196280
  3.103292e+00   1.970895e-20   9.890661e-04   4.479139e-23   196272
  3.106690e+00   1.978592e-20   9.712571e-04   4.635035e-23   188572
  3.110087e+00   1.955202e-20   9.879143e-04   4.555276e-23   188440
  3.113488e+00   1.948644e-20   9.734613e-04   4.632940e-23   181574
  3.116887e+00   1.937043e-20   9.881590e-04   4.594265e-23   180912
  3.120287e+00   1.931417e-20   9.735403e-04   4.662596e-23   174304
  3.123686e+00   1.903258e-20   9.886917e-04   4.637515e-23   173620
  3.127087e+00   1.916121e-20   9.751672e-04   4.731751e-23   167424
  3.130494e+00   1.903163e-20   9.911060e-04   4.688727e-23   166952
  3.133891e+00   1.892442e-20   9.707301e-04   4.763982e-23   159744
  3.137294e+00   1.882033e-20   9.930247e-04   4.749375e-23   160424
  3.140692e+00   1.876296e-20   9.688943e-04   4.835078e-23   152748
  3.144094e+00   1.862819e-20   9.946857e-04   4.785273e-23   153920
  3.147494e+00   1.867577e-20   9.672886e-04   4.917065e-23   146016
  3.150891e+00   1.859640e-20   9.941819e-04   4.878077e-23   147176
  3.154293e+00   1.856671e-20   9.692460e-04   4.996042e-23   139992
  3.157692e+00   1.851004e-20   9.933564e-04   4.937215e-23   140588
  3.161097e+00   1.855631e-20   9.721310e-04   5.122522e-23   134184
  3.164500e+00   1.826994e-20   9.923555e-04   5.009794e-23   134192
  3.167900e+00   1.822742e-20   9.713175e-04   5.122346e-23   127992
  3.171301e+00   1.816157e-20   9.922025e-04   5.069993e-23   128132
  3.174706e+00   1.815916e-20   9.738163e-04   5.229014e-23   122384
  3.178105e+00   1.795406e-20   9.894388e-04   5.168012e-23   121896
  3.181505e+00   1.794256e-20   9.729889e-04   5.281152e-23   116592
  3.184902e+00   1.796461e-20   9.887769e-04   5.335794e-23   116072
  3.188304e+00   1.789764e-20   9.741208e-04   5.392621e-23   111196
  3.191708e+00   1.781431e-20   9.922343e-04   5.367688e-23   110824
  3.195109e+00   1.775895e-20   9.706819e-04   5.510580e-23   105456
  3.198515e+00   1.775376e-20   9.956721e-04   5.460854e-23   105746
  3.201914e+00   1.769471e-20   9.664985e-04   5.584793e-23   99816
  3.205315e+00   1.761484e-20   9.954263e-04   5.618910e-23   100460
  3.208711e+00   1.748641e-20   9.652876e-04   5.658248e-23   94616
  3.212112e+00   1.762072e-20   9.961719e-04   5.682419e-23   95448
  3.215512e+00   1.759016e-20   9.666714e-04   5.877650e-23   89784
  3.218916e+00   1.743011e-20   9.964090e-04   5.838931e-23   90536
  3.222310e+00   1.758683e-20   9.614793e-04   6.028312e-23   84566
  3.225712e+00   1.736268e-20   1.000274e-03   6.005509e-23   86088
  3.229109e+00   1.745756e-20   9.576880e-04   6.234998e-23   79680
  3.232504e+00   1.734508e-20   1.000528e-03   6.131596e-23   81368
  3.235905e+00   1.744439e-20   9.590062e-04   6.362838e-23   75356
  3.239299e+00   1.725577e-20   1.000262e-03   6.207102e-23   76704
  3.242704e+00   1.739410e-20   9.625143e-04   6.561762e-23   71322
  3.246105e+00   1.708743e-20   1.000713e-03   6.328179e-23   72248
  3.249509e+00   1.730869e-20   9.624193e-04   6.705202e-23   67160
  3.252908e+00   1.710704e-20   9.988504e-04   6.597022e-23   67836
  3.256303e+00   1.709458e-20   9.598606e-04   6.747038e-23   62976
  3.259706e+00   1.708424e-20   1.001348e-03   6.618904e-23   63914
  3.263097e+00   1.701697e-20   9.561656e-04   7.007908e-23   58832
  3.266501e+00   1.709645e-20   1.003699e-03   7.018484e-23   60108
  3.269890e+00   1.711746e-20   9.539295e-04   7.222786e-23   54920
  3.273312e+00   1.690977e-20   1.015086e-03   7.101759e-23   56970
  3.276708e+00   1.719135e-20   9.440493e-04   7.690269e-23   50760
  3.280114e+00   1.692928e-20   1.016179e-03   7.419979e-23   53312
  3.283511e+00   1.703149e-20   9.404818e-04   7.861862e-23   47164
  3.286913e+00   1.694674e-20   1.018327e-03   7.595946e-23   49810
  3.290311e+00   1.695157e-20   9.356940e-04   8.054889e-23   43680
  3.293705e+00   1.693047e-20   1.019216e-03   7.976291e-23   46328
  3.297113e+00   1.688008e-20   9.396643e-04   8.419843e-23   40694
  3.300512e+00   1.690800e-20   1.021248e-03   8.149291e-23   42984
  3.303924e+00   1.681666e-20   9.393885e-04   8.728719e-23   37656
  3.307314e+00   1.704016e-20   1.018706e-03   8.475894e-23   39578
  3.310727e+00   1.699870e-20   9.431432e-04   9.062003e-23   34920
  3.314118e+00   1.682535e-20   1.015057e-03   8.748979e-23   36308
  3.317520e+00   1.695625e-20   9.417761e-04   9.421180e-23   32136
  3.320917e+00   1.694672e-20   1.014476e-03   9.223276e-23   33362
  3.324306e+00   1.712280e-20   9.360215e-04   1.003637e-22   29336
  3.327716e+00   1.692280e-20   1.021505e-03   9.654244e-23   30804
  3.331095e+00   1.687653e-20   9.233243e-04   1.038816e-22   26490
  3.334511e+00   1.667265e-20   1.029571e-03   9.731903e-23   28376
  3.337879e+00   1.666017e-20   9.097669e-04   1.104298e-22   23784
  3.341307e+00   1.697026e-20   1.040923e-03   1.034880e-22   26150
  3.344669e+00   1.698281e-20   8.938898e-04   1.158390e-22   21192
  3.348106e+00   1.697857e-20   1.054204e-03   1.083920e-22   24050
  3.351471e+00   1.684528e-20   8.769951e-04   1.251456e-22   18768
  3.354917e+00   1.697255e-20   1.068828e-03   1.151656e-22   22052
  3.358276e+00   1.690725e-20   8.453078e-04   1.302304e-22   16346
  3.361716e+00   1.691877e-20   1.081988e-03   1.203568e-22   20136
  3.365077e+00   1.720463e-20   8.114920e-04   1.442683e-22   14160
  3.368506e+00   1.688380e-20   1.091186e-03   1.242798e-22   18218
  3.371870e+00   1.676622e-20   7.752035e-04   1.496261e-22   12204
  3.375286e+00   1.696428e-20   1.099293e-03   1.347607e-22   16346
  3.378666e+00   1.736566e-20   7.492433e-04   1.688018e-22   10536
  3.382068e+00   1.657840e-20   1.103455e-03   1.386947e-22   14456
  3.385446e+00   1.707971e-20   7.144473e-04   1.822336e-22   8990
  3.388846e+00   1.699533e-20   1.111587e-03   1.504377e-22   12744
  3.392213e+00   1.677997e-20   6.547202e-04   1.921704e-22   7506
  3.395615e+00   1.742927e-20   1.122493e-03   1.713407e-22   11192
  3.398977e+00   1.674048e-20   5.748287e-04   2.123134e-22   6156
  3.402378e+00   1.707371e-20   1.132774e-03   1.741596e-22   9722
  3.405746e+00   1.702626e-20   4.871262e-04   2.370205e-22   4992
  3.409138e+00   1.715436e-20   1.141441e-03   1.892373e-22   8306
  3.412522e+00   1.714713e-20   3.836029e-04   2.763943e-22   3996
  3.415893e+00   1.756591e-20   1.145615e-03   2.153492e-22   6938
  3.419295e+00   1.838855e-20   2.666671e-04   3.364169e-22   3168
  3.422636e+00   1.726555e-20   1.141746e-03   2.296556e-22   5624
  3.426050e+00   1.671518e-20   1.840323e-04   3.149969e-22   2502
  3.429375e+00   1.701369e-20   1.135529e-03   2.717586e-22   4424
  3.432807e+00   1.814131e-20   1.951644e-04   4.056744e-22   1946
  3.436123e+00   1.693367e-20   1.131191e-03   3.033984e-22   3360
  3.439554e+00   1.832842e-20   1.068915e-04   4.598811e-22   1446
  3.442870e+00   1.740263e-20   1.128932e-03   3.653520e-22   2456
  3.446333e+00   1.780118e-20   2.047845e-04   5.328777e-22   1034
  3.449628e+00   1.797037e-20   1.127267e-03   4.568360e-22   1680
  3.453085e+00   1.577613e-20   5.107876e-05   5.557385e-22   678
  3.456375e+00   1.839387e-20   1.125846e-03   6.005512e-22   1064
  3.459905e+00   1.819968e-20   3.097621e-04   9.337483e-22   410
  3.463134e+00   1.610921e-20   1.124156e-03   6.583572e-22   576
  3.466644e+00   1.553416e-20   1.623447e-05   1.101946e-21   198
  3.469837e+00   1.655443e-20   1.113683e-03   1.039606e-21   248
  3.473678e+00   1.761206e-20   7.017054e-04   1.615761e-21   74
  3.476548e+00   1.523143e-20   1.096056e-03   2.299702e-21   48
  3.480229e+00   4.327819e-20   4.404833e-08   1.561340e-20   6
