# power spectrum of delta
# redshift z=5.846412
# k              Pk             sigma(k)       sigma(Pk)      count
  5.011399e-03   1.792245e-06   7.667927e-04   3.466813e-07   18
  8.760343e-03   3.031615e-05   9.274321e-04   4.718919e-06   62
  1.219264e-02   7.349817e-05   6.415737e-04   9.523159e-06   90
  1.544208e-02   1.798843e-04   1.012578e-03   1.235902e-05   170
  1.882375e-02   2.962851e-04   1.052445e-03   1.735974e-05   246
  2.212586e-02   4.469325e-04   1.003365e-03   2.474819e-05   338
  2.538461e-02   7.186559e-04   8.625369e-04   3.615237e-05   432
  2.874098e-02   9.561843e-04   8.837915e-04   4.217259e-05   578
  3.227171e-02   1.171865e-03   1.029950e-03   4.247379e-05   786
  3.588781e-02   1.401640e-03   1.042120e-03   4.536827e-05   974
  3.927835e-02   1.692339e-03   9.024764e-04   5.396900e-05   1002
  4.262088e-02   2.123188e-03   1.031890e-03   5.727072e-05   1334
  4.605629e-02   2.317365e-03   9.928413e-04   6.290673e-05   1458
  4.927148e-02   2.756531e-03   9.383900e-04   6.802279e-05   1604
  5.258888e-02   3.151500e-03   9.527568e-04   7.609000e-05   1974
  5.604245e-02   3.713667e-03   9.344901e-04   7.919111e-05   2234
  5.946160e-02   4.262543e-03   9.563349e-04   8.777344e-05   2490
  6.298673e-02   4.865233e-03   1.050190e-03   9.107313e-05   3014
  6.645970e-02   5.537821e-03   9.569094e-04   1.007518e-04   3018
  6.980659e-02   6.149291e-03   9.901480e-04   1.063275e-04   3446
  7.314650e-02   6.618051e-03   9.499151e-04   1.109970e-04   3626
  7.649254e-02   7.063344e-03   9.848619e-04   1.106384e-04   4164
  7.989286e-02   7.855758e-03   9.543971e-04   1.205365e-04   4470
  8.331432e-02   8.213041e-03   9.760154e-04   1.199295e-04   4970
  8.675810e-02   8.875369e-03   9.868635e-04   1.192906e-04   5366
  9.019370e-02   8.907939e-03   1.001451e-03   1.139211e-04   5778
  9.359169e-02   9.691093e-03   1.005504e-03   1.227417e-04   6162
  9.700871e-02   9.895536e-03   1.013488e-03   1.251951e-04   6734
  1.003455e-01   1.022954e-02   9.405356e-04   1.225319e-04   6756
  1.036446e-01   1.076375e-02   9.524971e-04   1.202435e-04   7502
  1.070531e-01   1.142841e-02   9.671949e-04   1.270045e-04   8154
  1.104660e-01   1.180534e-02   9.653722e-04   1.280632e-04   8618
  1.139171e-01   1.278500e-02   1.003323e-03   1.336457e-04   9390
  1.173547e-01   1.380143e-02   9.852535e-04   1.401132e-04   9722
  1.207545e-01   1.407953e-02   9.860810e-04   1.398973e-04   10242
  1.241631e-01   1.490797e-02   1.005600e-03   1.400030e-04   11006
  1.275555e-01   1.612212e-02   9.685920e-04   1.531283e-04   11348
  1.309504e-01   1.660912e-02   9.675094e-04   1.489416e-04   12150
  1.343269e-01   1.725768e-02   9.435547e-04   1.581586e-04   12498
  1.377313e-01   1.810499e-02   9.886530e-04   1.537405e-04   13586
  1.411459e-01   1.840181e-02   9.905633e-04   1.574160e-04   14006
  1.445833e-01   1.902209e-02   1.020453e-03   1.504634e-04   15162
  1.479823e-01   1.917766e-02   9.640349e-04   1.570574e-04   14990
  1.513532e-01   1.949856e-02   1.000250e-03   1.527820e-04   16380
  1.547534e-01   1.992687e-02   9.673831e-04   1.535393e-04   16666
  1.581272e-01   2.051318e-02   9.715542e-04   1.562883e-04   17638
  1.615246e-01   2.072062e-02   9.629562e-04   1.546894e-04   18354
  1.649122e-01   2.106115e-02   9.648100e-04   1.547183e-04   19034
  1.683224e-01   2.197717e-02   1.001264e-03   1.523879e-04   20270
  1.717777e-01   2.292465e-02   1.011461e-03   1.558377e-04   21258
  1.751873e-01   2.355212e-02   9.729108e-04   1.604888e-04   21350
  1.785755e-01   2.380084e-02   9.827640e-04   1.606270e-04   22644
  1.819721e-01   2.484809e-02   9.637913e-04   1.645220e-04   23114
  1.853591e-01   2.583905e-02   9.784818e-04   1.676679e-04   24342
  1.887709e-01   2.639034e-02   9.779824e-04   1.660994e-04   25194
  1.921706e-01   2.739649e-02   9.766706e-04   1.739192e-04   25982
  1.955383e-01   2.821329e-02   9.708990e-04   1.738503e-04   26506
  1.989580e-01   2.882661e-02   1.021831e-03   1.717890e-04   28738
  2.023656e-01   2.913250e-02   9.717245e-04   1.742133e-04   28296
  2.057704e-01   2.928207e-02   1.000845e-03   1.671156e-04   30554
  2.091688e-01   2.946840e-02   9.485901e-04   1.700215e-04   30094
  2.125221e-01   3.059468e-02   9.710923e-04   1.721452e-04   31738
  2.159356e-01   3.035106e-02   9.929033e-04   1.682865e-04   33306
  2.193286e-01   3.128035e-02   9.661337e-04   1.689922e-04   33422
  2.227194e-01   3.163102e-02   9.900859e-04   1.696157e-04   35298
  2.261624e-01   3.190234e-02   1.000185e-03   1.676750e-04   36650
  2.295712e-01   3.238582e-02   9.760902e-04   1.671752e-04   36888
  2.329819e-01   3.272305e-02   9.904086e-04   1.652909e-04   38834
  2.363985e-01   3.333900e-02   9.689353e-04   1.683737e-04   39246
  2.397896e-01   3.426433e-02   9.728047e-04   1.711814e-04   40466
  2.431611e-01   3.496043e-02   9.698523e-04   1.716027e-04   41106
  2.465616e-01   3.532679e-02   1.002402e-03   1.699170e-04   43598
  2.499729e-01   3.625530e-02   9.767696e-04   1.741707e-04   43650
  2.533537e-01   3.676883e-02   9.807939e-04   1.724685e-04   45272
  2.567753e-01   3.757824e-02   9.902728e-04   1.739402e-04   46994
  2.601932e-01   3.866048e-02   9.838031e-04   1.761606e-04   47850
  2.635891e-01   3.859656e-02   9.763755e-04   1.751203e-04   48846
  2.669651e-01   3.939214e-02   9.674364e-04   1.777171e-04   49706
  2.703341e-01   3.977325e-02   9.741070e-04   1.769152e-04   51198
  2.737406e-01   3.968774e-02   9.924828e-04   1.726363e-04   53402
  2.771371e-01   4.072279e-02   9.722520e-04   1.788124e-04   53634
  2.805624e-01   4.063158e-02   1.000830e-03   1.697373e-04   56888
  2.839916e-01   4.111662e-02   9.684451e-04   1.738599e-04   56474
  2.874008e-01   4.159713e-02   9.892805e-04   1.719620e-04   58962
  2.908071e-01   4.158634e-02   9.753894e-04   1.712326e-04   59214
  2.941982e-01   4.268363e-02   9.869673e-04   1.730694e-04   61250
  2.975821e-01   4.310844e-02   9.719144e-04   1.745139e-04   61694
  3.009545e-01   4.377558e-02   9.802014e-04   1.747124e-04   63618
  3.043698e-01   4.401770e-02   9.975679e-04   1.697734e-04   66284
  3.077980e-01   4.474691e-02   9.829085e-04   1.729052e-04   67014
  3.111933e-01   4.471063e-02   9.745070e-04   1.725163e-04   67930
  3.145950e-01   4.541787e-02   9.864977e-04   1.718952e-04   70294
  3.179925e-01   4.676607e-02   9.751208e-04   1.751012e-04   70658
  3.213649e-01   4.691906e-02   9.817106e-04   1.762090e-04   72522
  3.247596e-01   4.710761e-02   9.844648e-04   1.732192e-04   74550
  3.281564e-01   4.771269e-02   9.737283e-04   1.733750e-04   75674
  3.315542e-01   4.840124e-02   9.772401e-04   1.738720e-04   77708
  3.349903e-01   4.854935e-02   9.941667e-04   1.707348e-04   80622
  3.384102e-01   4.875987e-02   9.737086e-04   1.736956e-04   80330
  3.418120e-01   4.933308e-02   9.872349e-04   1.717416e-04   82974
  3.452149e-01   4.948039e-02   9.787907e-04   1.711508e-04   83666
  3.486074e-01   5.024816e-02   9.855947e-04   1.719260e-04   85746
  3.519919e-01   5.014556e-02   9.786235e-04   1.716351e-04   86702
  3.553849e-01   5.071917e-02   9.853848e-04   1.680832e-04   89556
  3.587998e-01   5.125102e-02   9.787040e-04   1.698654e-04   91038
  3.622049e-01   5.216804e-02   9.781806e-04   1.716475e-04   92522
  3.655984e-01   5.215624e-02   9.796226e-04   1.707025e-04   94034
  3.690238e-01   5.244622e-02   1.002172e-03   1.691666e-04   97758
  3.724152e-01   5.318570e-02   9.656500e-04   1.714955e-04   95770
  3.757798e-01   5.341236e-02   9.833165e-04   1.710342e-04   99646
  3.791725e-01   5.442399e-02   9.759165e-04   1.715567e-04   100980
  3.825817e-01   5.434401e-02   9.863738e-04   1.705654e-04   104258
  3.859962e-01   5.467422e-02   9.755460e-04   1.694173e-04   104998
  3.894080e-01   5.520613e-02   9.835643e-04   1.689839e-04   107866
  3.928147e-01   5.593931e-02   9.740361e-04   1.699191e-04   108154
  3.962141e-01   5.663972e-02   9.934490e-04   1.710695e-04   111622
  3.996192e-01   5.668381e-02   9.826041e-04   1.697535e-04   112146
  4.030012e-01   5.738494e-02   9.795782e-04   1.706968e-04   114014
  4.063885e-01   5.720755e-02   9.764181e-04   1.690762e-04   116220
  4.097904e-01   5.766299e-02   9.798152e-04   1.665379e-04   118682
  4.132005e-01   5.801302e-02   9.857802e-04   1.680350e-04   121118
  4.166179e-01   5.794849e-02   9.842070e-04   1.660867e-04   122994
  4.200138e-01   5.818855e-02   9.755040e-04   1.665173e-04   123574
  4.234089e-01   5.925283e-02   9.898661e-04   1.679287e-04   126922
  4.268043e-01   5.952307e-02   9.841431e-04   1.670155e-04   127906
  4.301921e-01   5.965868e-02   9.815465e-04   1.647713e-04   130432
  4.335917e-01   5.983481e-02   9.754601e-04   1.648137e-04   132642
  4.369913e-01   6.070580e-02   9.719503e-04   1.657617e-04   134534
  4.404018e-01   6.105295e-02   9.840871e-04   1.650238e-04   137778
  4.438343e-01   6.146674e-02   9.933984e-04   1.644798e-04   140786
  4.472374e-01   6.165563e-02   9.717922e-04   1.650127e-04   139590
  4.506229e-01   6.203117e-02   9.849166e-04   1.648317e-04   143546
  4.540257e-01   6.227736e-02   9.844996e-04   1.633751e-04   145338
  4.574181e-01   6.271231e-02   9.804237e-04   1.644491e-04   147272
  4.608205e-01   6.285449e-02   9.820431e-04   1.628714e-04   150330
  4.642299e-01   6.304614e-02   9.784546e-04   1.619589e-04   152318
  4.676229e-01   6.347581e-02   9.721829e-04   1.628828e-04   153202
  4.710338e-01   6.364101e-02   9.963562e-04   1.604803e-04   158626
  4.744395e-01   6.416891e-02   9.772483e-04   1.632190e-04   157350
  4.778318e-01   6.404608e-02   9.898002e-04   1.603459e-04   161906
  4.812140e-01   6.487521e-02   9.669369e-04   1.633523e-04   160872
  4.846116e-01   6.526204e-02   9.917034e-04   1.603394e-04   167858
  4.880280e-01   6.593770e-02   9.756048e-04   1.615456e-04   167514
  4.914175e-01   6.556505e-02   9.745776e-04   1.601064e-04   169862
  4.948220e-01   6.574921e-02   9.838968e-04   1.594121e-04   173602
  4.982323e-01   6.627206e-02   9.830917e-04   1.581175e-04   175258
  5.016339e-01   6.668098e-02   9.862687e-04   1.587916e-04   177654
  5.050410e-01   6.673327e-02   9.895807e-04   1.572508e-04   180698
  5.084427e-01   6.719786e-02   9.791290e-04   1.581283e-04   181968
  5.118414e-01   6.766971e-02   9.787235e-04   1.583672e-04   184850
  5.152392e-01   6.807166e-02   9.792509e-04   1.583741e-04   187034
  5.186493e-01   6.818805e-02   9.887200e-04   1.569379e-04   191238
  5.220519e-01   6.874687e-02   9.768042e-04   1.584148e-04   191042
  5.254432e-01   6.889396e-02   9.855000e-04   1.562048e-04   195102
  5.288335e-01   6.916251e-02   9.778254e-04   1.573739e-04   195786
  5.322301e-01   6.880467e-02   9.901932e-04   1.532225e-04   201164
  5.356296e-01   6.959039e-02   9.735643e-04   1.556565e-04   201070
  5.390212e-01   6.930909e-02   9.785171e-04   1.534668e-04   205234
  5.424222e-01   6.994232e-02   9.768081e-04   1.536403e-04   207342
  5.458239e-01   6.988490e-02   9.815179e-04   1.531927e-04   210602
  5.492295e-01   7.050008e-02   9.836776e-04   1.532805e-04   213130
  5.526459e-01   7.079596e-02   9.915409e-04   1.523852e-04   217318
  5.560456e-01   7.081615e-02   9.743530e-04   1.528057e-04   216306
  5.594305e-01   7.072409e-02   9.794774e-04   1.511400e-04   220652
  5.628376e-01   7.138523e-02   9.842473e-04   1.514383e-04   224502
  5.662522e-01   7.178506e-02   9.844461e-04   1.509650e-04   227186
  5.696552e-01   7.153410e-02   9.784190e-04   1.514156e-04   228398
  5.730519e-01   7.175404e-02   9.819770e-04   1.499406e-04   231642
  5.764475e-01   7.231788e-02   9.824176e-04   1.506974e-04   233946
  5.798545e-01   7.242511e-02   9.913361e-04   1.487296e-04   238694
  5.832493e-01   7.257457e-02   9.753099e-04   1.501382e-04   238068
  5.866460e-01   7.273142e-02   9.835365e-04   1.478649e-04   244190
  5.900561e-01   7.308618e-02   9.771578e-04   1.489047e-04   245362
  5.934524e-01   7.367293e-02   9.800894e-04   1.493004e-04   248362
  5.968555e-01   7.347640e-02   9.839452e-04   1.478333e-04   251966
  6.002586e-01   7.382926e-02   9.805677e-04   1.465595e-04   254034
  6.036498e-01   7.407469e-02   9.775259e-04   1.479121e-04   255818
  6.070559e-01   7.409268e-02   9.912862e-04   1.460904e-04   262254
  6.104632e-01   7.445012e-02   9.773523e-04   1.469381e-04   261980
  6.138753e-01   7.456990e-02   9.883425e-04   1.454655e-04   268566
  6.172721e-01   7.512142e-02   9.667501e-04   1.466701e-04   265538
  6.206625e-01   7.518656e-02   9.869997e-04   1.450812e-04   273330
  6.240644e-01   7.496428e-02   9.812963e-04   1.451440e-04   273718
  6.274686e-01   7.525923e-02   9.910705e-04   1.434947e-04   279658
  6.308738e-01   7.590403e-02   9.800215e-04   1.450860e-04   279670
  6.342612e-01   7.601250e-02   9.791793e-04   1.446511e-04   282964
  6.376657e-01   7.604011e-02   9.856782e-04   1.429960e-04   288362
  6.410723e-01   7.634053e-02   9.787866e-04   1.431255e-04   289686
  6.444666e-01   7.646719e-02   9.767056e-04   1.433827e-04   292234
  6.478513e-01   7.655506e-02   9.736693e-04   1.427907e-04   294190
  6.512490e-01   7.661830e-02   9.869325e-04   1.408647e-04   300642
  6.546619e-01   7.675099e-02   9.871013e-04   1.406348e-04   303386
  6.580612e-01   7.676294e-02   9.793499e-04   1.407942e-04   304662
  6.614636e-01   7.705232e-02   9.820034e-04   1.406184e-04   309812
  6.648699e-01   7.721774e-02   9.779067e-04   1.400929e-04   311714
  6.682854e-01   7.741227e-02   9.889859e-04   1.395052e-04   318126
  6.716848e-01   7.755042e-02   9.721561e-04   1.403979e-04   315114
  6.750728e-01   7.758643e-02   9.862501e-04   1.383804e-04   322622
  6.784691e-01   7.792977e-02   9.775093e-04   1.394156e-04   322850
  6.818689e-01   7.843891e-02   9.897138e-04   1.390242e-04   329802
  6.852751e-01   7.836616e-02   9.833693e-04   1.379117e-04   331104
  6.886859e-01   7.824649e-02   9.866565e-04   1.364243e-04   336986
  6.920888e-01   7.854862e-02   9.721728e-04   1.380007e-04   335870
  6.954811e-01   7.841898e-02   9.807544e-04   1.367890e-04   341610
  6.988813e-01   7.868574e-02   9.817106e-04   1.358139e-04   344370
  7.022777e-01   7.918801e-02   9.819315e-04   1.358524e-04   347606
  7.056775e-01   7.910829e-02   9.835290e-04   1.352113e-04   351650
  7.090743e-01   7.936495e-02   9.788224e-04   1.356596e-04   353760
  7.124835e-01   7.902182e-02   9.883067e-04   1.342078e-04   360970
  7.159021e-01   7.945362e-02   9.827333e-04   1.336413e-04   362818
  7.192956e-01   7.956360e-02   9.713759e-04   1.339958e-04   362334
  7.226987e-01   7.958122e-02   9.881791e-04   1.330498e-04   371642
  7.260991e-01   7.972517e-02   9.752613e-04   1.339552e-04   368778
  7.294880e-01   8.007045e-02   9.876514e-04   1.326210e-04   376526
  7.328875e-01   7.995980e-02   9.811641e-04   1.322832e-04   377786
  7.362841e-01   8.018851e-02   9.830834e-04   1.317822e-04   382968
  7.396876e-01   8.033141e-02   9.807196e-04   1.312921e-04   386146
  7.430940e-01   8.044714e-02   9.835434e-04   1.309551e-04   390826
  7.464968e-01   8.063806e-02   9.797536e-04   1.311130e-04   392662
  7.499014e-01   8.073628e-02   9.850939e-04   1.303313e-04   398242
  7.532920e-01   8.064954e-02   9.729755e-04   1.310795e-04   396726
  7.566809e-01   8.081042e-02   9.841245e-04   1.301770e-04   404738
  7.600831e-01   8.121056e-02   9.825351e-04   1.296514e-04   407628
  7.634852e-01   8.090152e-02   9.813443e-04   1.281245e-04   411734
  7.668845e-01   8.103156e-02   9.775056e-04   1.284162e-04   414242
  7.702939e-01   8.113440e-02   9.855270e-04   1.276006e-04   421434
  7.737042e-01   8.165540e-02   9.802386e-04   1.283166e-04   421918
  7.771088e-01   8.149103e-02   9.872890e-04   1.269573e-04   427810
  7.805138e-01   8.124696e-02   9.826568e-04   1.268352e-04   429470
  7.839079e-01   8.154942e-02   9.797011e-04   1.269573e-04   432282
  7.873028e-01   8.137614e-02   9.821433e-04   1.259550e-04   437260
  7.907010e-01   8.161328e-02   9.806539e-04   1.261716e-04   440758
  7.941053e-01   8.202387e-02   9.841811e-04   1.257515e-04   446370
  7.975164e-01   8.171513e-02   9.834504e-04   1.250802e-04   450182
  8.009127e-01   8.150299e-02   9.757493e-04   1.247367e-04   449850
  8.043077e-01   8.200131e-02   9.864375e-04   1.242432e-04   457898
  8.077063e-01   8.186688e-02   9.796531e-04   1.239552e-04   458662
  8.111019e-01   8.173209e-02   9.815065e-04   1.238978e-04   464620
  8.144977e-01   8.242744e-02   9.750269e-04   1.243070e-04   466302
  8.179011e-01   8.226700e-02   9.839993e-04   1.228247e-04   474314
  8.213073e-01   8.197210e-02   9.800182e-04   1.217606e-04   475530
  8.247179e-01   8.184503e-02   9.879200e-04   1.212144e-04   483206
  8.281287e-01   8.230654e-02   9.814603e-04   1.219825e-04   483530
  8.315249e-01   8.241297e-02   9.809161e-04   1.214828e-04   487002
  8.349221e-01   8.244698e-02   9.835509e-04   1.211363e-04   491774
  8.383178e-01   8.241919e-02   9.804529e-04   1.206229e-04   495084
  8.417151e-01   8.273365e-02   9.794333e-04   1.207558e-04   499438
  8.451164e-01   8.252483e-02   9.820615e-04   1.202936e-04   504682
  8.485188e-01   8.254076e-02   9.813126e-04   1.197348e-04   507738
  8.519281e-01   8.274868e-02   9.891488e-04   1.190352e-04   515174
  8.553313e-01   8.273604e-02   9.796328e-04   1.192557e-04   514234
  8.587212e-01   8.270508e-02   9.795185e-04   1.192535e-04   519022
  8.621117e-01   8.260320e-02   9.776207e-04   1.179690e-04   522636
  8.655093e-01   8.277622e-02   9.815215e-04   1.176115e-04   529442
  8.689165e-01   8.307913e-02   9.823162e-04   1.180112e-04   534078
  8.723203e-01   8.322210e-02   9.785977e-04   1.178802e-04   536666
  8.757149e-01   8.294315e-02   9.771268e-04   1.173358e-04   539142
  8.791253e-01   8.300568e-02   9.924057e-04   1.161736e-04   550658
  8.825379e-01   8.305760e-02   9.816929e-04   1.167463e-04   548298
  8.859333e-01   8.292129e-02   9.826669e-04   1.153192e-04   553694
  8.893272e-01   8.287896e-02   9.768278e-04   1.157221e-04   556116
  8.927312e-01   8.313609e-02   9.844199e-04   1.148396e-04   564890
  8.961296e-01   8.289942e-02   9.766230e-04   1.145931e-04   563718
  8.995313e-01   8.318539e-02   9.874972e-04   1.141340e-04   574298
  9.029379e-01   8.289784e-02   9.804817e-04   1.140453e-04   573966
  9.063376e-01   8.331888e-02   9.852707e-04   1.139000e-04   580586
  9.097364e-01   8.297990e-02   9.817750e-04   1.134920e-04   582666
  9.131388e-01   8.311470e-02   9.852143e-04   1.126586e-04   590648
  9.165400e-01   8.310272e-02   9.754677e-04   1.129048e-04   590394
  9.199310e-01   8.334529e-02   9.770986e-04   1.131100e-04   596174
  9.233301e-01   8.295646e-02   9.802065e-04   1.119171e-04   601674
  9.267350e-01   8.315698e-02   9.846832e-04   1.114972e-04   607682
  9.301415e-01   8.324274e-02   9.838059e-04   1.112570e-04   611166
  9.335460e-01   8.308824e-02   9.835863e-04   1.108072e-04   615626
  9.369426e-01   8.323003e-02   9.795239e-04   1.106640e-04   617290
  9.403431e-01   8.336548e-02   9.852598e-04   1.104745e-04   626344
  9.437456e-01   8.339617e-02   9.776145e-04   1.108180e-04   626658
  9.471442e-01   8.330255e-02   9.821583e-04   1.102370e-04   634022
  9.505394e-01   8.348244e-02   9.766085e-04   1.095958e-04   634554
  9.539406e-01   8.325791e-02   9.874089e-04   1.089782e-04   645026
  9.573433e-01   8.301995e-02   9.821401e-04   1.081792e-04   645102
  9.607439e-01   8.308811e-02   9.860849e-04   1.080096e-04   653018
  9.641443e-01   8.339101e-02   9.792030e-04   1.087952e-04   654384
  9.675485e-01   8.296097e-02   9.834130e-04   1.071967e-04   663194
  9.709524e-01   8.315183e-02   9.778786e-04   1.073805e-04   663834
  9.743471e-01   8.309814e-02   9.789463e-04   1.070661e-04   669158
  9.777459e-01   8.320510e-02   9.805686e-04   1.069821e-04   674490
  9.811412e-01   8.295118e-02   9.786140e-04   1.064196e-04   677222
  9.845441e-01   8.286077e-02   9.871972e-04   1.055229e-04   686874
  9.879558e-01   8.292180e-02   9.859594e-04   1.055790e-04   690722
  9.913572e-01   8.294133e-02   9.790433e-04   1.056518e-04   692008
  9.947624e-01   8.311546e-02   9.840929e-04   1.054360e-04   701386
  9.981657e-01   8.288821e-02   9.773767e-04   1.049676e-04   700778
  1.001563e+00   8.265455e-02   9.829030e-04   1.038295e-04   708774
  1.004963e+00   8.297956e-02   9.817412e-04   1.046609e-04   711690
  1.008366e+00   8.304766e-02   9.861014e-04   1.037694e-04   719606
  1.011761e+00   8.288567e-02   9.768322e-04   1.040545e-04   717762
  1.015158e+00   8.266914e-02   9.862327e-04   1.030187e-04   730460
  1.018564e+00   8.290293e-02   9.793539e-04   1.033367e-04   731070
  1.021972e+00   8.281189e-02   9.851635e-04   1.023185e-04   741170
  1.025372e+00   8.275295e-02   9.730396e-04   1.027029e-04   737094
  1.028764e+00   8.264048e-02   9.820777e-04   1.024744e-04   747698
  1.032166e+00   8.292496e-02   9.825085e-04   1.021188e-04   751658
  1.035563e+00   8.262268e-02   9.813994e-04   1.018987e-04   755574
  1.038960e+00   8.266817e-02   9.819736e-04   1.010373e-04   761442
  1.042370e+00   8.276345e-02   9.859386e-04   1.009818e-04   770816
  1.045775e+00   8.267995e-02   9.778469e-04   1.008980e-04   769274
  1.049181e+00   8.246482e-02   9.883345e-04   9.988784e-05   782130
  1.052579e+00   8.248450e-02   9.735264e-04   1.008759e-04   775230
  1.055972e+00   8.254083e-02   9.857792e-04   9.974168e-05   789866
  1.059371e+00   8.265993e-02   9.785659e-04   1.001359e-04   787914
  1.062768e+00   8.244049e-02   9.871968e-04   9.913529e-05   799598
  1.066175e+00   8.239310e-02   9.836410e-04   9.908929e-05   802980
  1.069574e+00   8.226756e-02   9.780653e-04   9.882065e-05   805622
  1.072972e+00   8.257246e-02   9.797707e-04   9.853948e-05   812050
  1.076379e+00   8.205816e-02   9.852802e-04   9.756125e-05   820954
  1.079781e+00   8.212269e-02   9.789326e-04   9.750061e-05   820062
  1.083172e+00   8.206434e-02   9.799094e-04   9.771384e-05   826298
  1.086570e+00   8.209022e-02   9.815876e-04   9.729556e-05   833118
  1.089963e+00   8.185189e-02   9.774947e-04   9.718605e-05   834812
  1.093365e+00   8.199717e-02   9.859628e-04   9.669662e-05   847858
  1.096785e+00   8.190431e-02   9.865115e-04   9.600559e-05   854278
  1.100190e+00   8.180299e-02   9.767209e-04   9.607589e-05   850978
  1.103586e+00   8.162476e-02   9.814764e-04   9.570275e-05   859186
  1.106990e+00   8.160877e-02   9.865569e-04   9.533561e-05   867126
  1.110391e+00   8.156719e-02   9.816501e-04   9.548029e-05   868274
  1.113785e+00   8.144671e-02   9.808544e-04   9.506994e-05   873606
  1.117179e+00   8.184329e-02   9.794732e-04   9.512973e-05   879284
  1.120580e+00   8.156091e-02   9.820603e-04   9.415426e-05   887170
  1.123993e+00   8.166789e-02   9.876068e-04   9.449275e-05   897526
  1.127401e+00   8.133540e-02   9.778886e-04   9.413404e-05   894258
  1.130799e+00   8.137458e-02   9.823745e-04   9.383891e-05   903374
  1.134195e+00   8.106883e-02   9.785328e-04   9.334673e-05   904338
  1.137590e+00   8.099531e-02   9.832540e-04   9.294156e-05   913586
  1.140984e+00   8.100331e-02   9.783814e-04   9.267152e-05   915416
  1.144387e+00   8.104262e-02   9.836903e-04   9.257210e-05   928122
  1.147789e+00   8.118079e-02   9.757713e-04   9.262904e-05   926094
  1.151197e+00   8.088052e-02   9.888312e-04   9.176897e-05   942890
  1.154606e+00   8.082270e-02   9.789734e-04   9.208939e-05   937266
  1.158004e+00   8.081018e-02   9.856923e-04   9.147859e-05   948854
  1.161404e+00   8.061415e-02   9.801062e-04   9.114952e-05   948714
  1.164797e+00   8.054227e-02   9.823513e-04   9.102176e-05   956186
  1.168197e+00   8.045145e-02   9.838881e-04   9.077526e-05   964272
  1.171602e+00   8.051772e-02   9.813885e-04   9.042265e-05   969458
  1.175002e+00   8.028797e-02   9.785094e-04   9.033429e-05   972750
  1.178405e+00   8.038170e-02   9.839022e-04   9.003187e-05   982706
  1.181806e+00   8.026539e-02   9.798755e-04   9.012213e-05   982906
  1.185211e+00   8.035798e-02   9.881427e-04   8.976173e-05   996622
  1.188612e+00   8.002703e-02   9.782401e-04   8.973935e-05   992378
  1.191999e+00   7.999328e-02   9.775059e-04   8.917607e-05   999000
  1.195397e+00   8.014799e-02   9.817623e-04   8.892738e-05   1010114
  1.198803e+00   8.005602e-02   9.815316e-04   8.892755e-05   1015722
  1.202205e+00   7.999069e-02   9.793783e-04   8.891161e-05   1018742
  1.205613e+00   7.981075e-02   9.864495e-04   8.807561e-05   1031250
  1.209016e+00   7.943904e-02   9.786533e-04   8.790726e-05   1027226
  1.212413e+00   7.950838e-02   9.856307e-04   8.728740e-05   1039734
  1.215813e+00   7.955083e-02   9.805725e-04   8.753386e-05   1039914
  1.219210e+00   7.937080e-02   9.832224e-04   8.728515e-05   1050272
  1.222609e+00   7.953958e-02   9.777885e-04   8.759102e-05   1052306
  1.226010e+00   7.925934e-02   9.820199e-04   8.663604e-05   1062666
  1.229414e+00   7.893406e-02   9.821012e-04   8.607590e-05   1067262
  1.232818e+00   7.915180e-02   9.834577e-04   8.630328e-05   1073906
  1.236220e+00   7.881982e-02   9.821555e-04   8.586993e-05   1078190
  1.239623e+00   7.880490e-02   9.835287e-04   8.578664e-05   1085634
  1.243018e+00   7.900713e-02   9.777743e-04   8.610044e-05   1085508
  1.246420e+00   7.869984e-02   9.857694e-04   8.498157e-05   1101926
  1.249823e+00   7.864308e-02   9.765533e-04   8.533800e-05   1098322
  1.253220e+00   7.864231e-02   9.810493e-04   8.510118e-05   1109878
  1.256626e+00   7.847250e-02   9.822346e-04   8.468014e-05   1115338
  1.260031e+00   7.830526e-02   9.850685e-04   8.444478e-05   1122586
  1.263434e+00   7.829190e-02   9.828803e-04   8.430351e-05   1125862
  1.266833e+00   7.807446e-02   9.826042e-04   8.388544e-05   1132498
  1.270230e+00   7.807559e-02   9.794882e-04   8.400729e-05   1135444
  1.273627e+00   7.828917e-02   9.822580e-04   8.374898e-05   1145374
  1.277031e+00   7.784315e-02   9.829599e-04   8.312675e-05   1152698
  1.280435e+00   7.777365e-02   9.811808e-04   8.323134e-05   1157046
  1.283832e+00   7.798801e-02   9.792543e-04   8.310288e-05   1160226
  1.287236e+00   7.787638e-02   9.867747e-04   8.270062e-05   1174346
  1.290638e+00   7.780148e-02   9.799098e-04   8.305265e-05   1171462
  1.294035e+00   7.758428e-02   9.835292e-04   8.242972e-05   1183828
  1.297431e+00   7.752002e-02   9.751511e-04   8.258100e-05   1181822
  1.300825e+00   7.737387e-02   9.806813e-04   8.225855e-05   1194930
  1.304229e+00   7.736200e-02   9.822693e-04   8.162045e-05   1202010
  1.307632e+00   7.703167e-02   9.818508e-04   8.135145e-05   1207166
  1.311036e+00   7.714493e-02   9.828798e-04   8.144533e-05   1214106
  1.314433e+00   7.697179e-02   9.789042e-04   8.131882e-05   1215302
  1.317833e+00   7.690730e-02   9.858329e-04   8.072883e-05   1229274
  1.321244e+00   7.686927e-02   9.860143e-04   8.087331e-05   1236164
  1.324647e+00   7.674225e-02   9.790511e-04   8.048739e-05   1235326
  1.328043e+00   7.662764e-02   9.802315e-04   8.040191e-05   1244026
  1.331441e+00   7.653402e-02   9.803347e-04   8.016679e-05   1249154
  1.334844e+00   7.647420e-02   9.852720e-04   7.966188e-05   1260558
  1.338244e+00   7.648107e-02   9.799856e-04   8.002819e-05   1260394
  1.341646e+00   7.630535e-02   9.851173e-04   7.937953e-05   1274758
  1.345044e+00   7.614640e-02   9.761448e-04   7.949106e-05   1270188
  1.348447e+00   7.624989e-02   9.870074e-04   7.923391e-05   1291202
  1.351849e+00   7.614101e-02   9.757557e-04   7.918223e-05   1282654
  1.355244e+00   7.599891e-02   9.819229e-04   7.862097e-05   1298242
  1.358647e+00   7.600511e-02   9.803455e-04   7.904209e-05   1301774
  1.362047e+00   7.572751e-02   9.827693e-04   7.815546e-05   1309770
  1.365448e+00   7.554108e-02   9.830640e-04   7.826611e-05   1315714
  1.368852e+00   7.551329e-02   9.843087e-04   7.802557e-05   1325110
  1.372253e+00   7.553013e-02   9.790721e-04   7.793607e-05   1326012
  1.375652e+00   7.535312e-02   9.818283e-04   7.758284e-05   1336154
  1.379060e+00   7.535620e-02   9.856646e-04   7.742231e-05   1347334
  1.382463e+00   7.531535e-02   9.798090e-04   7.771202e-05   1345354
  1.385854e+00   7.494199e-02   9.796108e-04   7.698424e-05   1350998
  1.389254e+00   7.489368e-02   9.851001e-04   7.674043e-05   1365546
  1.392658e+00   7.491806e-02   9.818266e-04   7.676467e-05   1367474
  1.396060e+00   7.491890e-02   9.832315e-04   7.679960e-05   1377984
  1.399461e+00   7.483535e-02   9.785308e-04   7.665447e-05   1379394
  1.402863e+00   7.463649e-02   9.826740e-04   7.653050e-05   1392230
  1.406265e+00   7.461171e-02   9.788975e-04   7.630655e-05   1392634
  1.409662e+00   7.450266e-02   9.821355e-04   7.611611e-05   1402666
  1.413062e+00   7.434848e-02   9.819858e-04   7.574375e-05   1408502
  1.416462e+00   7.423300e-02   9.817857e-04   7.573380e-05   1415418
  1.419855e+00   7.431434e-02   9.774342e-04   7.557283e-05   1416856
  1.423264e+00   7.415514e-02   9.894876e-04   7.527750e-05   1442002
  1.426674e+00   7.404450e-02   9.781259e-04   7.535015e-05   1431634
  1.430071e+00   7.420928e-02   9.822615e-04   7.564411e-05   1444606
  1.433469e+00   7.377541e-02   9.789194e-04   7.508051e-05   1445890
  1.436871e+00   7.375557e-02   9.861222e-04   7.474019e-05   1462210
  1.440273e+00   7.354419e-02   9.807880e-04   7.452005e-05   1459590
  1.443669e+00   7.338808e-02   9.833740e-04   7.389832e-05   1471226
  1.447072e+00   7.347396e-02   9.829562e-04   7.411861e-05   1480072
  1.450479e+00   7.334101e-02   9.811931e-04   7.406640e-05   1486594
  1.453879e+00   7.319062e-02   9.787053e-04   7.382063e-05   1488882
  1.457279e+00   7.324286e-02   9.827371e-04   7.405858e-05   1500854
  1.460684e+00   7.301944e-02   9.826979e-04   7.333465e-05   1506874
  1.464078e+00   7.290400e-02   9.779210e-04   7.354488e-05   1506094
  1.467472e+00   7.271367e-02   9.824981e-04   7.308460e-05   1519682
  1.470872e+00   7.270008e-02   9.822978e-04   7.322568e-05   1526724
  1.474279e+00   7.273029e-02   9.845854e-04   7.260643e-05   1539038
  1.477685e+00   7.290581e-02   9.798767e-04   7.348200e-05   1539810
  1.481081e+00   7.260092e-02   9.791313e-04   7.289091e-05   1545046
  1.484485e+00   7.231379e-02   9.854562e-04   7.204005e-05   1560538
  1.487886e+00   7.235429e-02   9.804436e-04   7.264329e-05   1557506
  1.491282e+00   7.223858e-02   9.836002e-04   7.224112e-05   1570062
  1.494678e+00   7.211348e-02   9.793467e-04   7.203203e-05   1571290
  1.498078e+00   7.206051e-02   9.842488e-04   7.177028e-05   1588228
  1.501484e+00   7.216728e-02   9.810937e-04   7.191364e-05   1591046
  1.504889e+00   7.184098e-02   9.832504e-04   7.130922e-05   1602474
  1.508291e+00   7.183790e-02   9.782624e-04   7.155518e-05   1601646
  1.511687e+00   7.198317e-02   9.804817e-04   7.170365e-05   1611266
  1.515082e+00   7.158109e-02   9.805934e-04   7.143982e-05   1616634
  1.518484e+00   7.136026e-02   9.853950e-04   7.084712e-05   1631366
  1.521885e+00   7.151871e-02   9.796982e-04   7.092767e-05   1631028
  1.525282e+00   7.145197e-02   9.798719e-04   7.097310e-05   1641446
  1.528689e+00   7.121728e-02   9.836821e-04   7.032011e-05   1654234
  1.532101e+00   7.113465e-02   9.854232e-04   7.044941e-05   1662874
  1.535501e+00   7.124698e-02   9.777869e-04   7.095480e-05   1656686
  1.538894e+00   7.089652e-02   9.817573e-04   7.006018e-05   1670898
  1.542295e+00   7.104236e-02   9.826743e-04   7.022964e-05   1678074
  1.545693e+00   7.093043e-02   9.828970e-04   7.044738e-05   1685198
  1.549094e+00   7.098907e-02   9.826216e-04   7.004763e-05   1694524
  1.552497e+00   7.087273e-02   9.806206e-04   7.022658e-05   1701334
  1.555899e+00   7.046458e-02   9.807944e-04   6.942232e-05   1709386
  1.559306e+00   7.045608e-02   9.832546e-04   6.957786e-05   1719994
  1.562708e+00   7.043056e-02   9.808801e-04   6.939641e-05   1721510
  1.566111e+00   7.042962e-02   9.843526e-04   6.939283e-05   1734978
  1.569507e+00   7.025439e-02   9.766081e-04   6.947444e-05   1728646
  1.572899e+00   7.001966e-02   9.823741e-04   6.873971e-05   1746868
  1.576300e+00   7.026578e-02   9.809864e-04   6.918131e-05   1752922
  1.579707e+00   7.001498e-02   9.845798e-04   6.864436e-05   1767862
  1.583112e+00   7.002033e-02   9.793884e-04   6.928400e-05   1765698
  1.586515e+00   6.991313e-02   9.844058e-04   6.851527e-05   1781270
  1.589918e+00   6.978678e-02   9.810287e-04   6.857503e-05   1780650
  1.593316e+00   6.962460e-02   9.836246e-04   6.841338e-05   1792418
  1.596711e+00   6.956064e-02   9.794648e-04   6.855108e-05   1792790
  1.600109e+00   6.952322e-02   9.831424e-04   6.833559e-05   1809852
  1.603512e+00   6.953252e-02   9.801224e-04   6.848640e-05   1812666
  1.606915e+00   6.940160e-02   9.841796e-04   6.803410e-05   1827614
  1.610321e+00   6.924049e-02   9.814350e-04   6.791594e-05   1829970
  1.613720e+00   6.923568e-02   9.803236e-04   6.801053e-05   1835030
  1.617114e+00   6.917149e-02   9.798165e-04   6.811961e-05   1841410
  1.620515e+00   6.883442e-02   9.841327e-04   6.710568e-05   1856626
  1.623912e+00   6.909819e-02   9.785166e-04   6.784550e-05   1854656
  1.627309e+00   6.887360e-02   9.815053e-04   6.764160e-05   1870698
  1.630712e+00   6.888314e-02   9.804842e-04   6.724802e-05   1876998
  1.634114e+00   6.856289e-02   9.808565e-04   6.700526e-05   1884458
  1.637514e+00   6.877312e-02   9.820836e-04   6.769771e-05   1891730
  1.640921e+00   6.847003e-02   9.864027e-04   6.668157e-05   1907574
  1.644328e+00   6.868689e-02   9.824949e-04   6.739454e-05   1907730
  1.647725e+00   6.843054e-02   9.806100e-04   6.678184e-05   1912154
  1.651122e+00   6.857182e-02   9.815437e-04   6.701380e-05   1923216
  1.654527e+00   6.837639e-02   9.837853e-04   6.684749e-05   1936562
  1.657929e+00   6.832322e-02   9.797671e-04   6.680640e-05   1936862
  1.661330e+00   6.823917e-02   9.824032e-04   6.680123e-05   1950114
  1.664731e+00   6.818345e-02   9.809526e-04   6.654135e-05   1953306
  1.668134e+00   6.790908e-02   9.852343e-04   6.634167e-05   1968806
  1.671536e+00   6.801533e-02   9.810375e-04   6.652218e-05   1968818
  1.674935e+00   6.790997e-02   9.815051e-04   6.633587e-05   1980624
  1.678335e+00   6.795221e-02   9.789502e-04   6.651089e-05   1985034
  1.681733e+00   6.773233e-02   9.802456e-04   6.612645e-05   1995242
  1.685136e+00   6.779931e-02   9.833510e-04   6.625733e-05   2007742
  1.688539e+00   6.780050e-02   9.813083e-04   6.639605e-05   2010538
  1.691936e+00   6.774388e-02   9.811361e-04   6.612765e-05   2017390
  1.695340e+00   6.749649e-02   9.857772e-04   6.564823e-05   2034346
  1.698736e+00   6.736903e-02   9.777687e-04   6.579235e-05   2025498
  1.702137e+00   6.737172e-02   9.868689e-04   6.576716e-05   2055248
  1.705540e+00   6.742153e-02   9.770123e-04   6.604734e-05   2045090
  1.708936e+00   6.731957e-02   9.814027e-04   6.583294e-05   2062074
  1.712339e+00   6.724768e-02   9.823860e-04   6.556162e-05   2070190
  1.715742e+00   6.715580e-02   9.834046e-04   6.553600e-05   2079226
  1.719142e+00   6.704981e-02   9.818107e-04   6.563083e-05   2083990
  1.722545e+00   6.711845e-02   9.839507e-04   6.557698e-05   2097898
  1.725944e+00   6.706052e-02   9.787299e-04   6.567028e-05   2095452
  1.729345e+00   6.691308e-02   9.842373e-04   6.542047e-05   2117390
  1.732750e+00   6.693921e-02   9.796988e-04   6.534547e-05   2117066
  1.736142e+00   6.677486e-02   9.757475e-04   6.532267e-05   2117238
  1.739539e+00   6.678693e-02   9.838620e-04   6.531753e-05   2140026
  1.742945e+00   6.646654e-02   9.844962e-04   6.469640e-05   2147234
  1.746347e+00   6.670008e-02   9.820811e-04   6.545843e-05   2150118
  1.749746e+00   6.649890e-02   9.821004e-04   6.503336e-05   2160386
  1.753147e+00   6.650283e-02   9.809815e-04   6.500664e-05   2168256
  1.756552e+00   6.650808e-02   9.838581e-04   6.520771e-05   2183306
  1.759956e+00   6.655664e-02   9.808091e-04   6.520338e-05   2184642
  1.763354e+00   6.632957e-02   9.804471e-04   6.491446e-05   2192318
  1.766749e+00   6.649272e-02   9.788737e-04   6.523883e-05   2196066
  1.770152e+00   6.622003e-02   9.865986e-04   6.486856e-05   2220890
  1.773557e+00   6.621040e-02   9.809869e-04   6.483020e-05   2215758
  1.776958e+00   6.615099e-02   9.842037e-04   6.457199e-05   2233988
  1.780360e+00   6.612245e-02   9.782890e-04   6.491935e-05   2231670
  1.783756e+00   6.625631e-02   9.797617e-04   6.511324e-05   2244338
  1.787160e+00   6.605782e-02   9.830422e-04   6.496602e-05   2258610
  1.790563e+00   6.595716e-02   9.809188e-04   6.486981e-05   2260718
  1.793960e+00   6.593608e-02   9.807999e-04   6.486976e-05   2268162
  1.797357e+00   6.592194e-02   9.813749e-04   6.478637e-05   2277494
  1.800757e+00   6.578295e-02   9.827422e-04   6.464425e-05   2288796
  1.804164e+00   6.596118e-02   9.854716e-04   6.496403e-05   2305226
  1.807568e+00   6.597464e-02   9.797129e-04   6.502197e-05   2301630
  1.810969e+00   6.592848e-02   9.832644e-04   6.498426e-05   2319770
  1.814369e+00   6.575976e-02   9.785204e-04   6.501266e-05   2315610
  1.817766e+00   6.564010e-02   9.837069e-04   6.451530e-05   2334662
  1.821166e+00   6.562826e-02   9.806866e-04   6.471799e-05   2335722
  1.824566e+00   6.543541e-02   9.842253e-04   6.432420e-05   2354102
  1.827968e+00   6.562003e-02   9.802735e-04   6.495836e-05   2355156
  1.831373e+00   6.565280e-02   9.840368e-04   6.479760e-05   2374250
  1.834777e+00   6.548043e-02   9.800597e-04   6.492860e-05   2373102
  1.838179e+00   6.542396e-02   9.824130e-04   6.481188e-05   2388194
  1.841575e+00   6.543810e-02   9.773124e-04   6.499922e-05   2383470
  1.844971e+00   6.541188e-02   9.831656e-04   6.497533e-05   2404994
  1.848373e+00   6.536298e-02   9.816762e-04   6.487748e-05   2408538
  1.851770e+00   6.529587e-02   9.815239e-04   6.499703e-05   2417744
  1.855173e+00   6.522794e-02   9.838904e-04   6.469645e-05   2434578
  1.858579e+00   6.522096e-02   9.814961e-04   6.470588e-05   2438414
  1.861981e+00   6.516395e-02   9.821085e-04   6.476784e-05   2448066
  1.865384e+00   6.515503e-02   9.823292e-04   6.510558e-05   2456018
  1.868782e+00   6.513060e-02   9.812306e-04   6.496420e-05   2461230
  1.872181e+00   6.505295e-02   9.823212e-04   6.496781e-05   2474330
  1.875579e+00   6.504035e-02   9.796955e-04   6.512528e-05   2476498
  1.878979e+00   6.511881e-02   9.838203e-04   6.507526e-05   2497240
  1.882386e+00   6.499032e-02   9.822125e-04   6.497000e-05   2502930
  1.885787e+00   6.494865e-02   9.803409e-04   6.514993e-05   2508470
  1.889188e+00   6.506568e-02   9.808760e-04   6.530255e-05   2518482
  1.892591e+00   6.494829e-02   9.833500e-04   6.537147e-05   2532074
  1.895988e+00   6.497555e-02   9.784906e-04   6.547588e-05   2526678
  1.899384e+00   6.477321e-02   9.835395e-04   6.525193e-05   2549018
  1.902784e+00   6.489415e-02   9.800350e-04   6.554536e-05   2551704
  1.906185e+00   6.497188e-02   9.817747e-04   6.554554e-05   2566226
  1.909587e+00   6.501471e-02   9.819509e-04   6.582217e-05   2573898
  1.912993e+00   6.481100e-02   9.842387e-04   6.579532e-05   2589182
  1.916394e+00   6.482487e-02   9.792958e-04   6.569806e-05   2584890
  1.919793e+00   6.488399e-02   9.838242e-04   6.591081e-05   2605190
  1.923194e+00   6.471831e-02   9.814721e-04   6.587571e-05   2606418
  1.926593e+00   6.485801e-02   9.832736e-04   6.594052e-05   2621186
  1.929994e+00   6.484688e-02   9.806156e-04   6.616224e-05   2626608
  1.933393e+00   6.487216e-02   9.799953e-04   6.658958e-05   2636714
  1.936794e+00   6.488108e-02   9.811147e-04   6.664151e-05   2647482
  1.940202e+00   6.467700e-02   9.861446e-04   6.614801e-05   2668382
  1.943607e+00   6.458631e-02   9.801535e-04   6.643154e-05   2660418
  1.947005e+00   6.467085e-02   9.825106e-04   6.667845e-05   2676662
  1.950401e+00   6.465890e-02   9.781799e-04   6.654829e-05   2674210
  1.953797e+00   6.463317e-02   9.827621e-04   6.671776e-05   2697076
  1.957200e+00   6.490220e-02   9.813995e-04   6.724619e-05   2703558
  1.960601e+00   6.480243e-02   9.810424e-04   6.722602e-05   2713250
  1.964000e+00   6.504225e-02   9.793374e-04   6.792884e-05   2717718
  1.967406e+00   6.476291e-02   9.861436e-04   6.723044e-05   2743178
  1.970809e+00   6.471383e-02   9.802672e-04   6.747248e-05   2732730
  1.974208e+00   6.467718e-02   9.854133e-04   6.737978e-05   2758022
  1.977609e+00   6.457509e-02   9.791609e-04   6.744143e-05   2751994
  1.981005e+00   6.473399e-02   9.810250e-04   6.788260e-05   2769052
  1.984409e+00   6.482058e-02   9.824869e-04   6.816665e-05   2783062
  1.987812e+00   6.483561e-02   9.814391e-04   6.840773e-05   2789362
  1.991215e+00   6.492279e-02   9.817332e-04   6.875332e-05   2799582
  1.994619e+00   6.511974e-02   9.828319e-04   6.926780e-05   2811170
  1.998019e+00   6.485557e-02   9.809039e-04   6.893697e-05   2812658
  2.001421e+00   6.481950e-02   9.850690e-04   6.903048e-05   2833302
  2.004820e+00   6.487947e-02   9.785899e-04   6.928298e-05   2827420
  2.008216e+00   6.447547e-02   9.808908e-04   6.876620e-05   2846710
  2.011615e+00   6.367999e-02   9.806052e-04   6.780997e-05   2846535
  2.015014e+00   6.240504e-02   9.826225e-04   6.561530e-05   2848496
  2.018416e+00   6.103908e-02   9.819470e-04   6.385151e-05   2841084
  2.021820e+00   5.981908e-02   9.843122e-04   6.174560e-05   2843480
  2.025222e+00   5.853552e-02   9.802360e-04   5.991163e-05   2826624
  2.028621e+00   5.747824e-02   9.829329e-04   5.831198e-05   2828732
  2.032021e+00   5.622213e-02   9.812694e-04   5.643755e-05   2819296
  2.035422e+00   5.505484e-02   9.824594e-04   5.472711e-05   2819548
  2.038821e+00   5.399810e-02   9.790894e-04   5.336530e-05   2805192
  2.042221e+00   5.293979e-02   9.830303e-04   5.177105e-05   2811104
  2.045624e+00   5.188626e-02   9.815026e-04   5.021800e-05   2800672
  2.049025e+00   5.088438e-02   9.823222e-04   4.886046e-05   2798080
  2.052425e+00   4.993878e-02   9.802167e-04   4.764495e-05   2786976
  2.055826e+00   4.903551e-02   9.831451e-04   4.605571e-05   2791016
  2.059230e+00   4.818152e-02   9.812096e-04   4.503672e-05   2779360
  2.062626e+00   4.748213e-02   9.796265e-04   4.426511e-05   2768644
  2.066023e+00   4.660026e-02   9.822169e-04   4.295948e-05   2771192
  2.069425e+00   4.593675e-02   9.816405e-04   4.213379e-05   2765028
  2.072828e+00   4.512236e-02   9.824068e-04   4.096667e-05   2760864
  2.076235e+00   4.438000e-02   9.849780e-04   3.996805e-05   2761616
  2.079634e+00   4.369249e-02   9.787095e-04   3.932042e-05   2737932
  2.083034e+00   4.292712e-02   9.851663e-04   3.816064e-05   2752280
  2.086436e+00   4.233809e-02   9.786561e-04   3.752595e-05   2728764
  2.089835e+00   4.165554e-02   9.834451e-04   3.650986e-05   2736368
  2.093234e+00   4.113568e-02   9.795267e-04   3.608496e-05   2719952
  2.096636e+00   4.060517e-02   9.837062e-04   3.524784e-05   2727120
  2.100037e+00   4.003017e-02   9.787869e-04   3.459464e-05   2708400
  2.103440e+00   3.935184e-02   9.850039e-04   3.373795e-05   2718536
  2.106841e+00   3.878270e-02   9.786910e-04   3.313502e-05   2694300
  2.110244e+00   3.834473e-02   9.859443e-04   3.245807e-05   2709440
  2.113646e+00   3.792448e-02   9.780636e-04   3.215963e-05   2682108
  2.117041e+00   3.730945e-02   9.811448e-04   3.136577e-05   2684912
  2.120440e+00   3.684042e-02   9.817480e-04   3.081048e-05   2678868
  2.123840e+00   3.639068e-02   9.823344e-04   3.036094e-05   2674772
  2.127243e+00   3.591709e-02   9.826540e-04   2.969649e-05   2670120
  2.130643e+00   3.554635e-02   9.807037e-04   2.927432e-05   2659532
  2.134045e+00   3.514321e-02   9.832493e-04   2.880046e-05   2659704
  2.137451e+00   3.468974e-02   9.840399e-04   2.833923e-05   2654348
  2.140851e+00   3.428290e-02   9.808746e-04   2.787766e-05   2640276
  2.144250e+00   3.383216e-02   9.817432e-04   2.738577e-05   2638700
  2.147650e+00   3.352367e-02   9.800651e-04   2.713372e-05   2628244
  2.151051e+00   3.311004e-02   9.836008e-04   2.662865e-05   2630920
  2.154455e+00   3.275490e-02   9.816425e-04   2.627634e-05   2618904
  2.157854e+00   3.241042e-02   9.803923e-04   2.589448e-05   2610932
  2.161254e+00   3.205146e-02   9.817073e-04   2.549076e-05   2608464
  2.164658e+00   3.171092e-02   9.827466e-04   2.512674e-05   2603708
  2.168056e+00   3.136889e-02   9.797322e-04   2.484332e-05   2588012
  2.171453e+00   3.102778e-02   9.819219e-04   2.438107e-05   2588364
  2.174852e+00   3.078613e-02   9.803360e-04   2.413378e-05   2579076
  2.178251e+00   3.043593e-02   9.809908e-04   2.381541e-05   2574152
  2.181649e+00   3.016189e-02   9.813167e-04   2.354245e-05   2566812
  2.185056e+00   2.987647e-02   9.861783e-04   2.322985e-05   2573732
  2.188461e+00   2.963428e-02   9.795833e-04   2.304016e-05   2550568
  2.191860e+00   2.930661e-02   9.826556e-04   2.272814e-05   2552068
  2.195261e+00   2.903234e-02   9.809956e-04   2.244673e-05   2539620
  2.198663e+00   2.883653e-02   9.840554e-04   2.223569e-05   2540936
  2.202066e+00   2.856955e-02   9.809099e-04   2.198018e-05   2528032
  2.205465e+00   2.830697e-02   9.803189e-04   2.178549e-05   2521480
  2.208867e+00   2.808685e-02   9.820539e-04   2.151310e-05   2517980
  2.212270e+00   2.783049e-02   9.826345e-04   2.131804e-05   2511744
  2.215671e+00   2.760768e-02   9.807485e-04   2.110312e-05   2500140
  2.219071e+00   2.733152e-02   9.816849e-04   2.085205e-05   2496980
  2.222472e+00   2.714414e-02   9.809842e-04   2.065627e-05   2486924
  2.225874e+00   2.688232e-02   9.841669e-04   2.041430e-05   2487000
  2.229275e+00   2.672611e-02   9.801840e-04   2.029854e-05   2469840
  2.232673e+00   2.651862e-02   9.823076e-04   2.007022e-05   2469656
  2.236072e+00   2.628385e-02   9.795354e-04   1.991108e-05   2456844
  2.239476e+00   2.611144e-02   9.852194e-04   1.974263e-05   2462876
  2.242879e+00   2.591852e-02   9.804127e-04   1.958614e-05   2442136
  2.246278e+00   2.572119e-02   9.827694e-04   1.938746e-05   2441944
  2.249678e+00   2.553135e-02   9.806730e-04   1.919784e-05   2430508
  2.253076e+00   2.537455e-02   9.810126e-04   1.908453e-05   2424352
  2.256478e+00   2.519825e-02   9.832316e-04   1.897040e-05   2421264
  2.259881e+00   2.500328e-02   9.825332e-04   1.879242e-05   2413064
  2.263282e+00   2.482285e-02   9.805912e-04   1.867426e-05   2401572
  2.266681e+00   2.468571e-02   9.815087e-04   1.853419e-05   2397284
  2.270081e+00   2.453859e-02   9.813118e-04   1.844961e-05   2388336
  2.273484e+00   2.434713e-02   9.843250e-04   1.823832e-05   2387204
  2.276884e+00   2.415945e-02   9.793704e-04   1.810875e-05   2368644
  2.280279e+00   2.404416e-02   9.805359e-04   1.804881e-05   2365400
  2.283678e+00   2.390300e-02   9.814789e-04   1.793158e-05   2360072
  2.287082e+00   2.375269e-02   9.832021e-04   1.778574e-05   2356464
  2.290484e+00   2.361049e-02   9.810620e-04   1.771349e-05   2343240
  2.293885e+00   2.349855e-02   9.822795e-04   1.758329e-05   2340248
  2.297284e+00   2.326953e-02   9.789711e-04   1.743209e-05   2325000
  2.300686e+00   2.318449e-02   9.843393e-04   1.729797e-05   2328632
  2.304090e+00   2.308861e-02   9.816712e-04   1.732118e-05   2313220
  2.307492e+00   2.294611e-02   9.835834e-04   1.714539e-05   2310772
  2.310892e+00   2.279356e-02   9.798086e-04   1.709516e-05   2295420
  2.314292e+00   2.268664e-02   9.822607e-04   1.697895e-05   2293592
  2.317692e+00   2.256212e-02   9.808333e-04   1.692842e-05   2281384
  2.321098e+00   2.244208e-02   9.858657e-04   1.680624e-05   2285776
  2.324499e+00   2.234120e-02   9.776590e-04   1.680753e-05   2259408
  2.327898e+00   2.219665e-02   9.837748e-04   1.661443e-05   2266808
  2.331301e+00   2.213400e-02   9.803406e-04   1.664282e-05   2248836
  2.334698e+00   2.199070e-02   9.826639e-04   1.656614e-05   2245244
  2.338097e+00   2.190891e-02   9.807008e-04   1.650272e-05   2233908
  2.341498e+00   2.174725e-02   9.826023e-04   1.638319e-05   2231660
  2.344900e+00   2.171460e-02   9.803694e-04   1.638721e-05   2218544
  2.348303e+00   2.157905e-02   9.841932e-04   1.625427e-05   2218176
  2.351706e+00   2.149893e-02   9.811254e-04   1.627746e-05   2202900
  2.355107e+00   2.139974e-02   9.815282e-04   1.617572e-05   2197472
  2.358504e+00   2.130038e-02   9.785599e-04   1.611956e-05   2181960
  2.361902e+00   2.122069e-02   9.836141e-04   1.608166e-05   2183696
  2.365306e+00   2.111168e-02   9.832539e-04   1.601568e-05   2173416
  2.368709e+00   2.100520e-02   9.825525e-04   1.594827e-05   2165444
  2.372110e+00   2.095287e-02   9.797907e-04   1.592749e-05   2152688
  2.375509e+00   2.081815e-02   9.815549e-04   1.587978e-05   2147628
  2.378910e+00   2.073354e-02   9.820428e-04   1.579206e-05   2139012
  2.382315e+00   2.067361e-02   9.845724e-04   1.577192e-05   2136008
  2.385709e+00   2.061574e-02   9.752701e-04   1.581127e-05   2108656
  2.389104e+00   2.052361e-02   9.832761e-04   1.573148e-05   2117896
  2.392509e+00   2.047809e-02   9.830191e-04   1.570763e-05   2106260
  2.395912e+00   2.033985e-02   9.833730e-04   1.565286e-05   2099088
  2.399315e+00   2.030900e-02   9.817275e-04   1.563508e-05   2088432
  2.402716e+00   2.019132e-02   9.804125e-04   1.557768e-05   2078432
  2.406115e+00   2.015827e-02   9.806198e-04   1.559327e-05   2069048
  2.409516e+00   2.006272e-02   9.833522e-04   1.552847e-05   2064804
  2.412920e+00   2.003945e-02   9.831224e-04   1.555142e-05   2055644
  2.416321e+00   1.995616e-02   9.806126e-04   1.553429e-05   2043000
  2.419718e+00   1.991111e-02   9.800589e-04   1.551730e-05   2032348
  2.423121e+00   1.984234e-02   9.856832e-04   1.548575e-05   2034064
  2.426526e+00   1.975952e-02   9.819348e-04   1.547165e-05   2017740
  2.429926e+00   1.967635e-02   9.812949e-04   1.542909e-05   2010188
  2.433325e+00   1.967713e-02   9.789075e-04   1.548793e-05   1996556
  2.436723e+00   1.962298e-02   9.821491e-04   1.546573e-05   1992816
  2.440123e+00   1.958844e-02   9.821092e-04   1.547507e-05   1982400
  2.443522e+00   1.951299e-02   9.811038e-04   1.544400e-05   1972256
  2.446920e+00   1.946024e-02   9.808752e-04   1.548695e-05   1964384
  2.450323e+00   1.935102e-02   9.825278e-04   1.539078e-05   1958544
  2.453726e+00   1.934263e-02   9.821775e-04   1.543055e-05   1946988
  2.457130e+00   1.930614e-02   9.840500e-04   1.546121e-05   1942532
  2.460529e+00   1.924716e-02   9.777101e-04   1.548448e-05   1921692
  2.463928e+00   1.919942e-02   9.833317e-04   1.547406e-05   1924004
  2.467330e+00   1.920635e-02   9.803195e-04   1.554664e-05   1907344
  2.470733e+00   1.914889e-02   9.853101e-04   1.547225e-05   1907440
  2.474135e+00   1.914659e-02   9.788798e-04   1.560691e-05   1886136
  2.477531e+00   1.906730e-02   9.816797e-04   1.548095e-05   1883144
  2.480934e+00   1.904283e-02   9.824091e-04   1.555944e-05   1874724
  2.484338e+00   1.894612e-02   9.833480e-04   1.552386e-05   1866068
  2.487738e+00   1.892208e-02   9.812729e-04   1.555596e-05   1852980
  2.491140e+00   1.890466e-02   9.824339e-04   1.554937e-05   1847468
  2.494538e+00   1.885407e-02   9.781928e-04   1.561737e-05   1829636
  2.497936e+00   1.882054e-02   9.834643e-04   1.562021e-05   1829688
  2.501341e+00   1.879758e-02   9.824400e-04   1.566724e-05   1817192
  2.504741e+00   1.872341e-02   9.810060e-04   1.563502e-05   1806312
  2.508140e+00   1.876642e-02   9.802531e-04   1.574262e-05   1795984
  2.511543e+00   1.869427e-02   9.831733e-04   1.570576e-05   1791100
  2.514946e+00   1.865721e-02   9.817942e-04   1.577881e-05   1777648
  2.518347e+00   1.861059e-02   9.826630e-04   1.581946e-05   1769848
  2.521746e+00   1.865705e-02   9.799953e-04   1.587243e-05   1756536
  2.525146e+00   1.853651e-02   9.812129e-04   1.586877e-05   1748960
  2.528547e+00   1.855390e-02   9.826374e-04   1.585972e-05   1739952
  2.531950e+00   1.852063e-02   9.837089e-04   1.593696e-05   1732124
  2.535351e+00   1.849063e-02   9.802823e-04   1.595857e-05   1716852
  2.538751e+00   1.846391e-02   9.823932e-04   1.600947e-05   1712276
  2.542154e+00   1.846259e-02   9.810692e-04   1.607810e-05   1698500
  2.545557e+00   1.844629e-02   9.849039e-04   1.612637e-05   1693932
  2.548957e+00   1.842314e-02   9.793284e-04   1.619918e-05   1675204
  2.552353e+00   1.836116e-02   9.815499e-04   1.616836e-05   1670644
  2.555751e+00   1.837319e-02   9.787008e-04   1.628372e-05   1655532
  2.559155e+00   1.839134e-02   9.861163e-04   1.634477e-05   1656860
  2.562557e+00   1.833350e-02   9.798597e-04   1.638794e-05   1635372
  2.565959e+00   1.830695e-02   9.841765e-04   1.641249e-05   1634324
  2.569359e+00   1.828257e-02   9.777008e-04   1.653127e-05   1613676
  2.572758e+00   1.827962e-02   9.840395e-04   1.653134e-05   1613348
  2.576160e+00   1.826930e-02   9.807023e-04   1.660466e-05   1596236
  2.579561e+00   1.823104e-02   9.834991e-04   1.662660e-05   1591476
  2.582962e+00   1.825342e-02   9.792427e-04   1.675627e-05   1575732
  2.586359e+00   1.820158e-02   9.803750e-04   1.676422e-05   1566236
  2.589759e+00   1.820414e-02   9.841339e-04   1.685151e-05   1560292
  2.593166e+00   1.816825e-02   9.838869e-04   1.687533e-05   1550092
  2.596565e+00   1.818661e-02   9.789064e-04   1.704503e-05   1532628
  2.599963e+00   1.809403e-02   9.813188e-04   1.699906e-05   1527332
  2.603365e+00   1.817168e-02   9.816488e-04   1.713525e-05   1515212
  2.606765e+00   1.815652e-02   9.831211e-04   1.724872e-05   1506444
  2.610167e+00   1.815125e-02   9.819780e-04   1.728292e-05   1495116
  2.613562e+00   1.810222e-02   9.774397e-04   1.737162e-05   1479152
  2.616961e+00   1.808729e-02   9.826090e-04   1.740487e-05   1475512
  2.620369e+00   1.809033e-02   9.857671e-04   1.750759e-05   1467820
  2.623774e+00   1.808354e-02   9.816828e-04   1.763408e-05   1451256
  2.627176e+00   1.802195e-02   9.823847e-04   1.760106e-05   1443212
  2.630573e+00   1.804540e-02   9.775986e-04   1.780190e-05   1425680
  2.633972e+00   1.801493e-02   9.838248e-04   1.776673e-05   1422972
  2.637375e+00   1.804573e-02   9.826449e-04   1.793782e-05   1408632
  2.640778e+00   1.798707e-02   9.834480e-04   1.797501e-05   1400984
  2.644178e+00   1.802839e-02   9.781513e-04   1.812324e-05   1383196
  2.647576e+00   1.800432e-02   9.827970e-04   1.816086e-05   1378120
  2.650981e+00   1.798940e-02   9.838936e-04   1.822588e-05   1367272
  2.654386e+00   1.799136e-02   9.839001e-04   1.841720e-05   1356580
  2.657781e+00   1.800841e-02   9.764772e-04   1.861127e-05   1337028
  2.661175e+00   1.790447e-02   9.807019e-04   1.851875e-05   1332500
  2.664576e+00   1.798227e-02   9.824328e-04   1.866961e-05   1321796
  2.667980e+00   1.798859e-02   9.842336e-04   1.888539e-05   1312716
  2.671381e+00   1.796218e-02   9.799494e-04   1.895641e-05   1296580
  2.674784e+00   1.789710e-02   9.836937e-04   1.894342e-05   1291528
  2.678185e+00   1.796929e-02   9.791874e-04   1.920658e-05   1273128
  2.681585e+00   1.795229e-02   9.849289e-04   1.927846e-05   1268720
  2.684990e+00   1.793914e-02   9.820200e-04   1.939229e-05   1254016
  2.688389e+00   1.784740e-02   9.799073e-04   1.946957e-05   1241296
  2.691782e+00   1.788205e-02   9.773359e-04   1.965354e-05   1226712
  2.695185e+00   1.794618e-02   9.871642e-04   1.972423e-05   1226228
  2.698592e+00   1.791039e-02   9.822935e-04   1.992361e-05   1207768
  2.701993e+00   1.784265e-02   9.821287e-04   2.001297e-05   1198336
  2.705390e+00   1.785554e-02   9.774693e-04   2.009660e-05   1181484
  2.708791e+00   1.785009e-02   9.847434e-04   2.018926e-05   1178012
  2.712196e+00   1.786013e-02   9.828591e-04   2.039746e-05   1162564
  2.715593e+00   1.780121e-02   9.802955e-04   2.046559e-05   1149340
  2.718991e+00   1.777101e-02   9.799593e-04   2.053687e-05   1138848
  2.722390e+00   1.771703e-02   9.801680e-04   2.057428e-05   1126748
  2.725791e+00   1.776810e-02   9.834222e-04   2.088266e-05   1117428
  2.729199e+00   1.775019e-02   9.855325e-04   2.098304e-05   1108112
  2.732601e+00   1.769569e-02   9.796049e-04   2.099531e-05   1090596
  2.736000e+00   1.765688e-02   9.802553e-04   2.112803e-05   1081052
  2.739396e+00   1.761782e-02   9.787000e-04   2.128726e-05   1065716
  2.742798e+00   1.764716e-02   9.867653e-04   2.144224e-05   1061940
  2.746204e+00   1.757960e-02   9.811985e-04   2.155365e-05   1044096
  2.749604e+00   1.747708e-02   9.818713e-04   2.156911e-05   1034864
  2.753003e+00   1.747535e-02   9.778923e-04   2.171303e-05   1018308
  2.756407e+00   1.754005e-02   9.880499e-04   2.190758e-05   1014812
  2.759813e+00   1.748760e-02   9.817334e-04   2.204353e-05   996288
  2.763211e+00   1.731368e-02   9.807414e-04   2.197901e-05   985376
  2.766605e+00   1.729587e-02   9.763946e-04   2.222250e-05   969652
  2.770007e+00   1.726906e-02   9.852383e-04   2.235543e-05   964924
  2.773408e+00   1.737524e-02   9.813255e-04   2.276462e-05   947228
  2.776808e+00   1.717462e-02   9.830247e-04   2.254966e-05   939084
  2.780208e+00   1.711859e-02   9.769128e-04   2.267134e-05   921864
  2.783607e+00   1.702630e-02   9.830641e-04   2.272541e-05   914252
  2.787014e+00   1.703249e-02   9.855161e-04   2.282178e-05   902572
  2.790419e+00   1.689315e-02   9.827520e-04   2.291715e-05   888784
  2.793815e+00   1.677273e-02   9.766961e-04   2.289389e-05   872540
  2.797210e+00   1.670734e-02   9.801377e-04   2.294459e-05   862848
  2.800610e+00   1.668641e-02   9.835812e-04   2.320287e-05   851760
  2.804018e+00   1.658585e-02   9.862752e-04   2.306654e-05   841940
  2.807419e+00   1.643923e-02   9.779538e-04   2.305311e-05   823032
  2.810819e+00   1.627797e-02   9.834420e-04   2.284164e-05   816044
  2.814221e+00   1.624983e-02   9.803182e-04   2.317561e-05   799292
  2.817622e+00   1.609812e-02   9.859358e-04   2.308122e-05   791304
  2.821022e+00   1.595655e-02   9.778036e-04   2.297131e-05   772868
  2.824414e+00   1.579554e-02   9.799444e-04   2.282905e-05   762552
  2.827814e+00   1.563795e-02   9.815264e-04   2.269617e-05   750876
  2.831218e+00   1.561009e-02   9.834990e-04   2.281292e-05   739280
  2.834619e+00   1.532729e-02   9.815612e-04   2.243461e-05   724944
  2.838024e+00   1.516129e-02   9.837337e-04   2.218104e-05   714380
  2.841419e+00   1.495539e-02   9.765403e-04   2.188192e-05   695932
  2.844820e+00   1.479187e-02   9.860188e-04   2.162739e-05   690949
  2.848225e+00   1.455698e-02   9.790494e-04   2.122187e-05   673638
  2.851624e+00   1.444587e-02   9.838795e-04   2.109594e-05   666092
  2.855023e+00   1.442457e-02   9.776476e-04   2.101947e-05   651024
  2.858420e+00   1.420681e-02   9.835476e-04   2.077427e-05   644804
  2.861824e+00   1.414703e-02   9.809055e-04   2.072991e-05   632676
  2.865228e+00   1.399663e-02   9.847549e-04   2.041876e-05   624962
  2.868627e+00   1.396627e-02   9.786841e-04   2.057464e-05   611280
  2.872031e+00   1.389232e-02   9.864670e-04   2.046544e-05   607256
  2.875434e+00   1.374880e-02   9.785773e-04   2.048379e-05   592616
  2.878833e+00   1.368483e-02   9.838766e-04   2.020238e-05   587160
  2.882235e+00   1.361929e-02   9.806552e-04   2.031556e-05   575482
  2.885633e+00   1.353233e-02   9.821917e-04   2.027843e-05   568258
  2.889037e+00   1.345754e-02   9.823894e-04   2.019091e-05   559638
  2.892441e+00   1.346045e-02   9.828085e-04   2.033590e-05   551498
  2.895844e+00   1.339121e-02   9.815660e-04   2.023324e-05   542364
  2.899245e+00   1.323930e-02   9.820373e-04   2.003585e-05   534146
  2.902642e+00   1.333683e-02   9.799896e-04   2.042141e-05   524980
  2.906047e+00   1.317506e-02   9.845691e-04   2.021598e-05   519964
  2.909443e+00   1.311662e-02   9.764000e-04   2.020214e-05   507108
  2.912842e+00   1.302995e-02   9.860421e-04   1.998400e-05   504992
  2.916245e+00   1.307084e-02   9.788238e-04   2.026089e-05   492948
  2.919647e+00   1.301441e-02   9.864404e-04   2.028251e-05   489740
  2.923050e+00   1.307469e-02   9.776779e-04   2.051734e-05   477716
  2.926447e+00   1.297492e-02   9.842557e-04   2.037728e-05   473844
  2.929849e+00   1.299410e-02   9.793241e-04   2.051302e-05   464222
  2.933249e+00   1.287297e-02   9.833380e-04   2.041316e-05   459048
  2.936646e+00   1.292249e-02   9.781522e-04   2.065937e-05   449574
  2.940047e+00   1.282007e-02   9.843913e-04   2.051280e-05   445820
  2.943444e+00   1.281265e-02   9.766847e-04   2.071321e-05   435158
  2.946848e+00   1.282583e-02   9.868688e-04   2.066128e-05   433566
  2.950249e+00   1.275325e-02   9.754175e-04   2.076987e-05   421014
  2.953647e+00   1.278850e-02   9.867845e-04   2.078895e-05   419996
  2.957054e+00   1.279606e-02   9.785008e-04   2.103593e-05   409482
  2.960447e+00   1.267990e-02   9.814565e-04   2.094453e-05   404414
  2.963850e+00   1.273181e-02   9.822465e-04   2.122744e-05   398518
  2.967254e+00   1.262695e-02   9.832814e-04   2.100843e-05   392302
  2.970654e+00   1.271723e-02   9.815439e-04   2.142007e-05   385318
  2.974064e+00   1.268887e-02   9.866772e-04   2.153071e-05   381718
  2.977460e+00   1.260998e-02   9.751975e-04   2.154043e-05   370674
  2.980859e+00   1.271416e-02   9.875886e-04   2.179045e-05   370166
  2.984264e+00   1.269640e-02   9.774032e-04   2.199269e-05   359838
  2.987662e+00   1.264703e-02   9.857853e-04   2.190585e-05   357488
  2.991061e+00   1.268091e-02   9.759886e-04   2.223762e-05   348174
  2.994460e+00   1.264847e-02   9.853707e-04   2.220473e-05   346010
  2.997858e+00   1.270015e-02   9.762078e-04   2.266574e-05   336966
  3.001265e+00   1.264427e-02   9.900594e-04   2.241715e-05   336488
  3.004668e+00   1.275315e-02   9.740308e-04   2.300366e-05   325206
  3.008066e+00   1.271050e-02   9.873451e-04   2.295663e-05   324614
  3.011466e+00   1.274704e-02   9.747062e-04   2.338701e-05   314792
  3.014866e+00   1.273324e-02   9.879043e-04   2.337969e-05   314082
  3.018264e+00   1.271219e-02   9.737379e-04   2.359093e-05   303918
  3.021663e+00   1.273260e-02   9.889509e-04   2.374465e-05   303872
  3.025070e+00   1.272563e-02   9.784574e-04   2.388167e-05   295070
  3.028471e+00   1.280440e-02   9.862273e-04   2.419072e-05   292776
  3.031875e+00   1.283347e-02   9.783859e-04   2.434670e-05   285198
  3.035272e+00   1.282441e-02   9.836512e-04   2.473883e-05   282068
  3.038673e+00   1.281610e-02   9.805621e-04   2.479415e-05   276094
  3.042072e+00   1.281470e-02   9.815492e-04   2.493101e-05   271936
  3.045470e+00   1.285745e-02   9.796535e-04   2.522987e-05   266352
  3.048872e+00   1.283105e-02   9.837389e-04   2.549283e-05   263198
  3.052270e+00   1.290203e-02   9.774507e-04   2.589344e-05   256540
  3.055674e+00   1.288330e-02   9.870156e-04   2.589509e-05   254758
  3.059074e+00   1.299259e-02   9.752535e-04   2.649341e-05   246888
  3.062476e+00   1.297624e-02   9.882518e-04   2.662530e-05   245984
  3.065876e+00   1.309045e-02   9.745285e-04   2.720109e-05   237838
  3.069275e+00   1.307857e-02   9.875456e-04   2.711397e-05   236932
  3.072674e+00   1.316103e-02   9.753501e-04   2.789896e-05   229296
  3.076079e+00   1.315320e-02   9.905935e-04   2.786579e-05   228968
  3.079484e+00   1.315113e-02   9.759176e-04   2.829210e-05   220862
  3.082887e+00   1.317687e-02   9.907802e-04   2.839847e-05   220440
  3.086289e+00   1.324475e-02   9.746422e-04   2.892321e-05   212400
  3.089691e+00   1.324524e-02   9.910214e-04   2.889107e-05   212228
  3.093094e+00   1.346012e-02   9.746868e-04   3.001056e-05   204518
  3.096495e+00   1.340628e-02   9.889482e-04   2.986627e-05   203928
  3.099893e+00   1.332661e-02   9.720561e-04   3.018951e-05   196280
  3.103292e+00   1.345904e-02   9.890661e-04   3.054260e-05   196272
  3.106690e+00   1.352091e-02   9.712571e-04   3.141599e-05   188572
  3.110087e+00   1.358662e-02   9.879143e-04   3.167602e-05   188440
  3.113488e+00   1.363649e-02   9.734613e-04   3.206272e-05   181574
  3.116887e+00   1.364578e-02   9.881590e-04   3.201441e-05   180912
  3.120287e+00   1.377028e-02   9.735403e-04   3.316781e-05   174304
  3.123686e+00   1.378089e-02   9.886917e-04   3.314906e-05   173620
  3.127087e+00   1.378544e-02   9.751672e-04   3.375361e-05   167424
  3.130494e+00   1.387755e-02   9.911060e-04   3.417932e-05   166952
  3.133891e+00   1.400860e-02   9.707301e-04   3.496536e-05   159744
  3.137294e+00   1.399336e-02   9.930247e-04   3.513398e-05   160424
  3.140692e+00   1.408172e-02   9.688943e-04   3.601862e-05   152748
  3.144094e+00   1.411817e-02   9.946857e-04   3.602701e-05   153920
  3.147494e+00   1.414126e-02   9.672886e-04   3.688551e-05   146016
  3.150891e+00   1.423552e-02   9.941819e-04   3.746847e-05   147176
  3.154293e+00   1.435252e-02   9.692460e-04   3.853001e-05   139992
  3.157692e+00   1.439545e-02   9.933564e-04   3.861375e-05   140588
  3.161097e+00   1.441207e-02   9.721310e-04   3.931592e-05   134184
  3.164500e+00   1.447465e-02   9.923555e-04   3.961249e-05   134192
  3.167900e+00   1.447241e-02   9.713175e-04   4.051084e-05   127992
  3.171301e+00   1.461814e-02   9.922025e-04   4.088094e-05   128132
  3.174706e+00   1.476460e-02   9.738163e-04   4.241892e-05   122384
  3.178105e+00   1.486566e-02   9.894388e-04   4.272136e-05   121896
  3.181505e+00   1.494485e-02   9.729889e-04   4.398582e-05   116592
  3.184902e+00   1.498353e-02   9.887769e-04   4.402663e-05   116072
  3.188304e+00   1.498192e-02   9.741208e-04   4.520401e-05   111196
  3.191708e+00   1.508772e-02   9.922343e-04   4.530226e-05   110824
  3.195109e+00   1.522762e-02   9.706819e-04   4.669496e-05   105456
  3.198515e+00   1.528877e-02   9.956721e-04   4.704690e-05   105746
  3.201914e+00   1.537630e-02   9.664985e-04   4.858340e-05   99816
  3.205315e+00   1.540416e-02   9.954263e-04   4.853646e-05   100460
  3.208711e+00   1.549676e-02   9.652876e-04   5.049937e-05   94616
  3.212112e+00   1.544886e-02   9.961719e-04   5.036686e-05   95448
  3.215512e+00   1.553543e-02   9.666714e-04   5.208449e-05   89784
  3.218916e+00   1.579065e-02   9.964090e-04   5.235603e-05   90536
  3.222310e+00   1.579097e-02   9.614793e-04   5.367870e-05   84566
  3.225712e+00   1.600781e-02   1.000274e-03   5.459513e-05   86088
  3.229109e+00   1.592579e-02   9.576880e-04   5.654739e-05   79680
  3.232504e+00   1.613097e-02   1.000528e-03   5.646473e-05   81368
  3.235905e+00   1.620472e-02   9.590062e-04   5.891304e-05   75356
  3.239299e+00   1.645442e-02   1.000262e-03   5.963024e-05   76704
  3.242704e+00   1.647081e-02   9.625143e-04   6.137135e-05   71322
  3.246105e+00   1.665030e-02   1.000713e-03   6.170533e-05   72248
  3.249509e+00   1.664539e-02   9.624193e-04   6.476017e-05   67160
  3.252908e+00   1.659916e-02   9.988504e-04   6.326692e-05   67836
  3.256303e+00   1.703439e-02   9.598606e-04   6.710954e-05   62976
  3.259706e+00   1.687287e-02   1.001348e-03   6.671883e-05   63914
  3.263097e+00   1.709371e-02   9.561656e-04   7.118057e-05   58832
  3.266501e+00   1.719744e-02   1.003699e-03   7.012206e-05   60108
  3.269890e+00   1.713987e-02   9.539295e-04   7.265748e-05   54920
  3.273312e+00   1.740830e-02   1.015086e-03   7.247022e-05   56970
  3.276708e+00   1.740395e-02   9.440493e-04   7.730925e-05   50760
  3.280114e+00   1.763871e-02   1.016179e-03   7.615757e-05   53312
  3.283511e+00   1.796717e-02   9.404818e-04   8.123634e-05   47164
  3.286913e+00   1.794740e-02   1.018327e-03   8.071643e-05   49810
  3.290311e+00   1.779178e-02   9.356940e-04   8.490221e-05   43680
  3.293705e+00   1.800775e-02   1.019216e-03   8.402416e-05   46328
  3.297113e+00   1.815721e-02   9.396643e-04   9.060717e-05   40694
  3.300512e+00   1.833912e-02   1.021248e-03   8.907256e-05   42984
  3.303924e+00   1.840025e-02   9.393885e-04   9.383220e-05   37656
  3.307314e+00   1.893563e-02   1.018706e-03   9.547471e-05   39578
  3.310727e+00   1.891517e-02   9.431432e-04   1.022534e-04   34920
  3.314118e+00   1.890368e-02   1.015057e-03   9.941701e-05   36308
  3.317520e+00   1.898711e-02   9.417761e-04   1.059432e-04   32136
  3.320917e+00   1.911623e-02   1.014476e-03   1.040291e-04   33362
  3.324306e+00   1.938020e-02   9.360215e-04   1.130483e-04   29336
  3.327716e+00   1.959351e-02   1.021505e-03   1.108459e-04   30804
  3.331095e+00   1.964950e-02   9.233243e-04   1.221578e-04   26490
  3.334511e+00   1.981824e-02   1.029571e-03   1.182826e-04   28376
  3.337879e+00   2.002391e-02   9.097669e-04   1.289128e-04   23784
  3.341307e+00   2.000892e-02   1.040923e-03   1.244296e-04   26150
  3.344669e+00   2.040427e-02   8.938898e-04   1.388224e-04   21192
  3.348106e+00   2.037132e-02   1.054204e-03   1.306747e-04   24050
  3.351471e+00   2.051136e-02   8.769951e-04   1.495175e-04   18768
  3.354917e+00   2.049544e-02   1.068828e-03   1.397574e-04   22052
  3.358276e+00   2.097339e-02   8.453078e-04   1.651053e-04   16346
  3.361716e+00   2.118169e-02   1.081988e-03   1.475362e-04   20136
  3.365077e+00   2.097689e-02   8.114920e-04   1.764457e-04   14160
  3.368506e+00   2.137886e-02   1.091186e-03   1.559797e-04   18218
  3.371870e+00   2.156379e-02   7.752035e-04   1.962706e-04   12204
  3.375286e+00   2.192800e-02   1.099293e-03   1.752905e-04   16346
  3.378666e+00   2.160565e-02   7.492433e-04   2.106111e-04   10536
  3.382068e+00   2.167445e-02   1.103455e-03   1.752196e-04   14456
  3.385446e+00   2.222722e-02   7.144473e-04   2.353935e-04   8990
  3.388846e+00   2.160592e-02   1.111587e-03   1.960696e-04   12744
  3.392213e+00   2.258192e-02   6.547202e-04   2.581840e-04   7506
  3.395615e+00   2.258503e-02   1.122493e-03   2.118121e-04   11192
  3.398977e+00   2.266112e-02   5.748287e-04   2.948686e-04   6156
  3.402378e+00   2.273738e-02   1.132774e-03   2.305453e-04   9722
  3.405746e+00   2.281519e-02   4.871262e-04   3.247929e-04   4992
  3.409138e+00   2.333444e-02   1.141441e-03   2.562044e-04   8306
  3.412522e+00   2.309069e-02   3.836029e-04   3.657909e-04   3996
  3.415893e+00   2.313623e-02   1.145615e-03   2.808675e-04   6938
  3.419295e+00   2.344075e-02   2.666671e-04   4.162363e-04   3168
  3.422636e+00   2.391231e-02   1.141746e-03   3.234717e-04   5624
  3.426050e+00   2.404592e-02   1.840323e-04   4.908663e-04   2502
  3.429375e+00   2.448004e-02   1.135529e-03   3.626634e-04   4424
  3.432807e+00   2.554906e-02   1.951644e-04   5.835479e-04   1946
  3.436123e+00   2.492571e-02   1.131191e-03   4.074968e-04   3360
  3.439554e+00   2.382318e-02   1.068915e-04   6.043695e-04   1446
  3.442870e+00   2.614693e-02   1.128932e-03   4.970399e-04   2456
  3.446333e+00   2.570944e-02   2.047845e-04   8.319252e-04   1034
  3.449628e+00   2.513427e-02   1.127267e-03   6.278309e-04   1680
  3.453085e+00   2.498877e-02   5.107876e-05   9.322500e-04   678
  3.456375e+00   2.477330e-02   1.125846e-03   7.211976e-04   1064
  3.459905e+00   2.978783e-02   3.097621e-04   1.364140e-03   410
  3.463134e+00   2.602527e-02   1.124156e-03   1.074204e-03   576
  3.466644e+00   2.949790e-02   1.623447e-05   1.940139e-03   198
  3.469837e+00   2.756620e-02   1.113683e-03   1.851654e-03   248
  3.473678e+00   2.357254e-02   7.017054e-04   2.931205e-03   74
  3.476548e+00   2.398514e-02   1.096056e-03   2.551290e-03   48
  3.480229e+00   3.425784e-02   4.404833e-08   5.931314e-03   6
