# power spectrum of phi_prime/H (dimensionless)
# redshift z=9.951253
# k              Pk             sigma(k)       sigma(Pk)      count
  5.011399e-03   5.139727e-15   7.667927e-04   1.123241e-15   18
  8.760343e-03   1.016392e-14   9.274321e-04   1.370528e-15   62
  1.219264e-02   9.567618e-15   6.415737e-04   1.213660e-15   90
  1.544208e-02   1.143313e-14   1.012578e-03   7.297034e-16   170
  1.882375e-02   1.116667e-14   1.052445e-03   7.130562e-16   246
  2.212586e-02   1.519610e-14   1.003365e-03   7.718856e-16   338
  2.538461e-02   1.781826e-14   8.625369e-04   9.624071e-16   432
  2.874098e-02   2.387529e-14   8.837915e-04   9.820832e-16   578
  3.227171e-02   2.817679e-14   1.029950e-03   1.138964e-15   786
  3.588781e-02   3.167726e-14   1.042120e-03   1.078892e-15   974
  3.927835e-02   3.855480e-14   9.024764e-04   1.171551e-15   1002
  4.262088e-02   3.713678e-14   1.031890e-03   1.083544e-15   1334
  4.605629e-02   4.414877e-14   9.928413e-04   1.128978e-15   1458
  4.927148e-02   4.228360e-14   9.383900e-04   1.104707e-15   1604
  5.258888e-02   4.818187e-14   9.527568e-04   1.032008e-15   1974
  5.604245e-02   5.521642e-14   9.344901e-04   1.160609e-15   2234
  5.946160e-02   4.826728e-14   9.563349e-04   9.889523e-16   2490
  6.298673e-02   5.465448e-14   1.050190e-03   1.015628e-15   3014
  6.645970e-02   5.760336e-14   9.569094e-04   1.012576e-15   3018
  6.980659e-02   5.926446e-14   9.901480e-04   9.738093e-16   3446
  7.314650e-02   5.907812e-14   9.499151e-04   1.073535e-15   3626
  7.649254e-02   6.286458e-14   9.848619e-04   9.706151e-16   4164
  7.989286e-02   6.402142e-14   9.543971e-04   9.837698e-16   4470
  8.331432e-02   6.766166e-14   9.760154e-04   9.977188e-16   4970
  8.675810e-02   6.820177e-14   9.868635e-04   9.479351e-16   5366
  9.019370e-02   6.898075e-14   1.001451e-03   9.200336e-16   5778
  9.359169e-02   6.842733e-14   1.005504e-03   8.854703e-16   6162
  9.700871e-02   6.947923e-14   1.013488e-03   8.412388e-16   6734
  1.003455e-01   7.077275e-14   9.405356e-04   8.889797e-16   6756
  1.036446e-01   7.038349e-14   9.524971e-04   8.412313e-16   7502
  1.070531e-01   7.098584e-14   9.671949e-04   7.968239e-16   8154
  1.104660e-01   7.199130e-14   9.653722e-04   7.879284e-16   8618
  1.139171e-01   7.071590e-14   1.003323e-03   7.528413e-16   9390
  1.173547e-01   7.309213e-14   9.852535e-04   7.353360e-16   9722
  1.207545e-01   7.242363e-14   9.860810e-04   7.170456e-16   10242
  1.241631e-01   7.260791e-14   1.005600e-03   7.067216e-16   11006
  1.275555e-01   7.150257e-14   9.685920e-04   6.798910e-16   11348
  1.309504e-01   7.130932e-14   9.675094e-04   6.517331e-16   12150
  1.343269e-01   7.137204e-14   9.435547e-04   6.655856e-16   12498
  1.377313e-01   7.381705e-14   9.886530e-04   6.404757e-16   13586
  1.411459e-01   7.237943e-14   9.905633e-04   6.319260e-16   14006
  1.445833e-01   7.093876e-14   1.020453e-03   5.910337e-16   15162
  1.479823e-01   7.156192e-14   9.640349e-04   5.971585e-16   14990
  1.513532e-01   6.995036e-14   1.000250e-03   5.535706e-16   16380
  1.547534e-01   7.283910e-14   9.673831e-04   5.772694e-16   16666
  1.581272e-01   7.031949e-14   9.715542e-04   5.380539e-16   17638
  1.615246e-01   7.071990e-14   9.629562e-04   5.282517e-16   18354
  1.649122e-01   6.927644e-14   9.648100e-04   5.084671e-16   19034
  1.683224e-01   7.080631e-14   1.001264e-03   5.121197e-16   20270
  1.717777e-01   6.994831e-14   1.011461e-03   5.020856e-16   21258
  1.751873e-01   6.921981e-14   9.729108e-04   4.719490e-16   21350
  1.785755e-01   6.951815e-14   9.827640e-04   4.784243e-16   22644
  1.819721e-01   6.757990e-14   9.637913e-04   4.569736e-16   23114
  1.853591e-01   6.820464e-14   9.784818e-04   4.453613e-16   24342
  1.887709e-01   6.772549e-14   9.779824e-04   4.391396e-16   25194
  1.921706e-01   6.699090e-14   9.766706e-04   4.281715e-16   25982
  1.955383e-01   6.732785e-14   9.708990e-04   4.214796e-16   26506
  1.989580e-01   6.707588e-14   1.021831e-03   4.066749e-16   28738
  2.023656e-01   6.605829e-14   9.717245e-04   4.064412e-16   28296
  2.057704e-01   6.625556e-14   1.000845e-03   3.892191e-16   30554
  2.091688e-01   6.602525e-14   9.485901e-04   3.890897e-16   30094
  2.125221e-01   6.435148e-14   9.710923e-04   3.650217e-16   31738
  2.159356e-01   6.448961e-14   9.929033e-04   3.638617e-16   33306
  2.193286e-01   6.360321e-14   9.661337e-04   3.519299e-16   33422
  2.227194e-01   6.374749e-14   9.900859e-04   3.518389e-16   35298
  2.261624e-01   6.263261e-14   1.000185e-03   3.366308e-16   36650
  2.295712e-01   6.206728e-14   9.760902e-04   3.256876e-16   36888
  2.329819e-01   6.161411e-14   9.904086e-04   3.201214e-16   38834
  2.363985e-01   6.158392e-14   9.689353e-04   3.211401e-16   39246
  2.397896e-01   6.051210e-14   9.728047e-04   3.127066e-16   40466
  2.431611e-01   6.058894e-14   9.698523e-04   3.060557e-16   41106
  2.465616e-01   6.046909e-14   1.002402e-03   2.988577e-16   43598
  2.499729e-01   6.083245e-14   9.767696e-04   3.021287e-16   43650
  2.533537e-01   5.976027e-14   9.807939e-04   2.921914e-16   45272
  2.567753e-01   5.905226e-14   9.902728e-04   2.837971e-16   46994
  2.601932e-01   5.863335e-14   9.838031e-04   2.791886e-16   47850
  2.635891e-01   5.809870e-14   9.763755e-04   2.784916e-16   48846
  2.669651e-01   5.729822e-14   9.674364e-04   2.662401e-16   49706
  2.703341e-01   5.749621e-14   9.741070e-04   2.621036e-16   51198
  2.737406e-01   5.705357e-14   9.924828e-04   2.574117e-16   53402
  2.771371e-01   5.688098e-14   9.722520e-04   2.530048e-16   53634
  2.805624e-01   5.622120e-14   1.000830e-03   2.457692e-16   56888
  2.839916e-01   5.617721e-14   9.684451e-04   2.450178e-16   56474
  2.874008e-01   5.489922e-14   9.892805e-04   2.341464e-16   58962
  2.908071e-01   5.513468e-14   9.753894e-04   2.342680e-16   59214
  2.941982e-01   5.524870e-14   9.869673e-04   2.316867e-16   61250
  2.975821e-01   5.466617e-14   9.719144e-04   2.258983e-16   61694
  3.009545e-01   5.343890e-14   9.802014e-04   2.227717e-16   63618
  3.043698e-01   5.349145e-14   9.975679e-04   2.179233e-16   66284
  3.077980e-01   5.288670e-14   9.829085e-04   2.115314e-16   67014
  3.111933e-01   5.277382e-14   9.745070e-04   2.109194e-16   67930
  3.145950e-01   5.284884e-14   9.864977e-04   2.105725e-16   70294
  3.179925e-01   5.212426e-14   9.751208e-04   2.042452e-16   70658
  3.213649e-01   5.166757e-14   9.817106e-04   2.025637e-16   72522
  3.247596e-01   5.162964e-14   9.844648e-04   1.979604e-16   74550
  3.281564e-01   5.049263e-14   9.737283e-04   1.927384e-16   75674
  3.315542e-01   5.047968e-14   9.772401e-04   1.918834e-16   77708
  3.349903e-01   5.030335e-14   9.941667e-04   1.847550e-16   80622
  3.384102e-01   4.991514e-14   9.737086e-04   1.839159e-16   80330
  3.418120e-01   4.951687e-14   9.872349e-04   1.815218e-16   82974
  3.452149e-01   4.937168e-14   9.787907e-04   1.803801e-16   83666
  3.486074e-01   4.890400e-14   9.855947e-04   1.772121e-16   85746
  3.519919e-01   4.856930e-14   9.786235e-04   1.739139e-16   86702
  3.553849e-01   4.833346e-14   9.853848e-04   1.705641e-16   89556
  3.587998e-01   4.848049e-14   9.787040e-04   1.693905e-16   91038
  3.622049e-01   4.763254e-14   9.781806e-04   1.643837e-16   92522
  3.655984e-01   4.731358e-14   9.796226e-04   1.625271e-16   94034
  3.690238e-01   4.712154e-14   1.002172e-03   1.590936e-16   97758
  3.724152e-01   4.656430e-14   9.656500e-04   1.593847e-16   95770
  3.757798e-01   4.656641e-14   9.833165e-04   1.556022e-16   99646
  3.791725e-01   4.619727e-14   9.759165e-04   1.548606e-16   100980
  3.825817e-01   4.610760e-14   9.863738e-04   1.510525e-16   104258
  3.859962e-01   4.577338e-14   9.755460e-04   1.499346e-16   104998
  3.894080e-01   4.544106e-14   9.835643e-04   1.473747e-16   107866
  3.928147e-01   4.524729e-14   9.740361e-04   1.457596e-16   108154
  3.962141e-01   4.476139e-14   9.934490e-04   1.428265e-16   111622
  3.996192e-01   4.437717e-14   9.826041e-04   1.409516e-16   112146
  4.030012e-01   4.426975e-14   9.795782e-04   1.388910e-16   114014
  4.063885e-01   4.400684e-14   9.764181e-04   1.383357e-16   116220
  4.097904e-01   4.383985e-14   9.798152e-04   1.368051e-16   118682
  4.132005e-01   4.385144e-14   9.857802e-04   1.342459e-16   121118
  4.166179e-01   4.326009e-14   9.842070e-04   1.310981e-16   122994
  4.200138e-01   4.296656e-14   9.755040e-04   1.324726e-16   123574
  4.234089e-01   4.261220e-14   9.898661e-04   1.283156e-16   126922
  4.268043e-01   4.227546e-14   9.841431e-04   1.267800e-16   127906
  4.301921e-01   4.193241e-14   9.815465e-04   1.246741e-16   130432
  4.335917e-01   4.212873e-14   9.754601e-04   1.253395e-16   132642
  4.369913e-01   4.207473e-14   9.719503e-04   1.247047e-16   134534
  4.404018e-01   4.124247e-14   9.840871e-04   1.210187e-16   137778
  4.438343e-01   4.092612e-14   9.933984e-04   1.174875e-16   140786
  4.472374e-01   4.113634e-14   9.717922e-04   1.179060e-16   139590
  4.506229e-01   4.063601e-14   9.849166e-04   1.157478e-16   143546
  4.540257e-01   4.039847e-14   9.844996e-04   1.152822e-16   145338
  4.574181e-01   4.033508e-14   9.804237e-04   1.143949e-16   147272
  4.608205e-01   3.999785e-14   9.820431e-04   1.126656e-16   150330
  4.642299e-01   4.004675e-14   9.784546e-04   1.119761e-16   152318
  4.676229e-01   3.947596e-14   9.721829e-04   1.098985e-16   153202
  4.710338e-01   3.926965e-14   9.963562e-04   1.074527e-16   158626
  4.744395e-01   3.918493e-14   9.772483e-04   1.086734e-16   157350
  4.778318e-01   3.874964e-14   9.898002e-04   1.047443e-16   161906
  4.812140e-01   3.887222e-14   9.669369e-04   1.049517e-16   160872
  4.846116e-01   3.843610e-14   9.917034e-04   1.032775e-16   167858
  4.880280e-01   3.852798e-14   9.756048e-04   1.027552e-16   167514
  4.914175e-01   3.789866e-14   9.745776e-04   1.012416e-16   169862
  4.948220e-01   3.776581e-14   9.838968e-04   9.965670e-17   173602
  4.982323e-01   3.746237e-14   9.830917e-04   9.841692e-17   175258
  5.016339e-01   3.743981e-14   9.862687e-04   9.769326e-17   177654
  5.050410e-01   3.722796e-14   9.895807e-04   9.671140e-17   180698
  5.084427e-01   3.724215e-14   9.791290e-04   9.626044e-17   181968
  5.118414e-01   3.676130e-14   9.787235e-04   9.480001e-17   184850
  5.152392e-01   3.687494e-14   9.792509e-04   9.386460e-17   187034
  5.186493e-01   3.654451e-14   9.887200e-04   9.256754e-17   191238
  5.220519e-01   3.614751e-14   9.768042e-04   9.219270e-17   191042
  5.254432e-01   3.603261e-14   9.855000e-04   9.033985e-17   195102
  5.288335e-01   3.581071e-14   9.778254e-04   8.984720e-17   195786
  5.322301e-01   3.541038e-14   9.901932e-04   8.720648e-17   201164
  5.356296e-01   3.575148e-14   9.735643e-04   8.927971e-17   201070
  5.390212e-01   3.541729e-14   9.785171e-04   8.707305e-17   205234
  5.424222e-01   3.539652e-14   9.768081e-04   8.663535e-17   207342
  5.458239e-01   3.464368e-14   9.815179e-04   8.418134e-17   210602
  5.492295e-01   3.484364e-14   9.836776e-04   8.428903e-17   213130
  5.526459e-01   3.460777e-14   9.915409e-04   8.270862e-17   217318
  5.560456e-01   3.415344e-14   9.743530e-04   8.222961e-17   216306
  5.594305e-01   3.446008e-14   9.794774e-04   8.238046e-17   220652
  5.628376e-01   3.424292e-14   9.842473e-04   8.097875e-17   224502
  5.662522e-01   3.388600e-14   9.844461e-04   7.955957e-17   227186
  5.696552e-01   3.366065e-14   9.784190e-04   7.889079e-17   228398
  5.730519e-01   3.365822e-14   9.819770e-04   7.853648e-17   231642
  5.764475e-01   3.348494e-14   9.824176e-04   7.811057e-17   233946
  5.798545e-01   3.316565e-14   9.913361e-04   7.634228e-17   238694
  5.832493e-01   3.302872e-14   9.753099e-04   7.688396e-17   238068
  5.866460e-01   3.309610e-14   9.835365e-04   7.621678e-17   244190
  5.900561e-01   3.274975e-14   9.771578e-04   7.456864e-17   245362
  5.934524e-01   3.272075e-14   9.800894e-04   7.441264e-17   248362
  5.968555e-01   3.247985e-14   9.839452e-04   7.317898e-17   251966
  6.002586e-01   3.219082e-14   9.805677e-04   7.232588e-17   254034
  6.036498e-01   3.207194e-14   9.775259e-04   7.218856e-17   255818
  6.070559e-01   3.184756e-14   9.912862e-04   7.047401e-17   262254
  6.104632e-01   3.195444e-14   9.773523e-04   7.149329e-17   261980
  6.138753e-01   3.162566e-14   9.883425e-04   6.973825e-17   268566
  6.172721e-01   3.160719e-14   9.667501e-04   7.024268e-17   265538
  6.206625e-01   3.142818e-14   9.869997e-04   6.892654e-17   273330
  6.240644e-01   3.126601e-14   9.812963e-04   6.849939e-17   273718
  6.274686e-01   3.100664e-14   9.910705e-04   6.724304e-17   279658
  6.308738e-01   3.088871e-14   9.800215e-04   6.718760e-17   279670
  6.342612e-01   3.081416e-14   9.791793e-04   6.658454e-17   282964
  6.376657e-01   3.087252e-14   9.856782e-04   6.628903e-17   288362
  6.410723e-01   3.066425e-14   9.787866e-04   6.592281e-17   289686
  6.444666e-01   3.040681e-14   9.767056e-04   6.461343e-17   292234
  6.478513e-01   3.018685e-14   9.736693e-04   6.441326e-17   294190
  6.512490e-01   3.023035e-14   9.869325e-04   6.379734e-17   300642
  6.546619e-01   2.988398e-14   9.871013e-04   6.309739e-17   303386
  6.580612e-01   2.987027e-14   9.793499e-04   6.276845e-17   304662
  6.614636e-01   2.964322e-14   9.820034e-04   6.216507e-17   309812
  6.648699e-01   2.964391e-14   9.779067e-04   6.198806e-17   311714
  6.682854e-01   2.950944e-14   9.889859e-04   6.130837e-17   318126
  6.716848e-01   2.937949e-14   9.721561e-04   6.108283e-17   315114
  6.750728e-01   2.933163e-14   9.862501e-04   6.052838e-17   322622
  6.784691e-01   2.902200e-14   9.775093e-04   6.005700e-17   322850
  6.818689e-01   2.885354e-14   9.897138e-04   5.857894e-17   329802
  6.852751e-01   2.870504e-14   9.833693e-04   5.841527e-17   331104
  6.886859e-01   2.866775e-14   9.866565e-04   5.793139e-17   336986
  6.920888e-01   2.874115e-14   9.721728e-04   5.867734e-17   335870
  6.954811e-01   2.852854e-14   9.807544e-04   5.785497e-17   341610
  6.988813e-01   2.826910e-14   9.817106e-04   5.655452e-17   344370
  7.022777e-01   2.830550e-14   9.819315e-04   5.696868e-17   347606
  7.056775e-01   2.811924e-14   9.835290e-04   5.641165e-17   351650
  7.090743e-01   2.792440e-14   9.788224e-04   5.556631e-17   353760
  7.124835e-01   2.777567e-14   9.883067e-04   5.480668e-17   360970
  7.159021e-01   2.782239e-14   9.827333e-04   5.484421e-17   362818
  7.192956e-01   2.767743e-14   9.713759e-04   5.494598e-17   362334
  7.226987e-01   2.743608e-14   9.881791e-04   5.354023e-17   371642
  7.260991e-01   2.735467e-14   9.752613e-04   5.343656e-17   368778
  7.294880e-01   2.732283e-14   9.876514e-04   5.329648e-17   376526
  7.328875e-01   2.714446e-14   9.811641e-04   5.278390e-17   377786
  7.362841e-01   2.709293e-14   9.830834e-04   5.233039e-17   382968
  7.396876e-01   2.695517e-14   9.807196e-04   5.216645e-17   386146
  7.430940e-01   2.676435e-14   9.835434e-04   5.154711e-17   390826
  7.464968e-01   2.672431e-14   9.797536e-04   5.097593e-17   392662
  7.499014e-01   2.661528e-14   9.850939e-04   5.070894e-17   398242
  7.532920e-01   2.646284e-14   9.729755e-04   5.056914e-17   396726
  7.566809e-01   2.629697e-14   9.841245e-04   4.958232e-17   404738
  7.600831e-01   2.624553e-14   9.825351e-04   4.957971e-17   407628
  7.634852e-01   2.623857e-14   9.813443e-04   4.967600e-17   411734
  7.668845e-01   2.611603e-14   9.775056e-04   4.889023e-17   414242
  7.702939e-01   2.605563e-14   9.855270e-04   4.877954e-17   421434
  7.737042e-01   2.583357e-14   9.802386e-04   4.826133e-17   421918
  7.771088e-01   2.583368e-14   9.872890e-04   4.840468e-17   427810
  7.805138e-01   2.558346e-14   9.826568e-04   4.738591e-17   429470
  7.839079e-01   2.549165e-14   9.797011e-04   4.724047e-17   432282
  7.873028e-01   2.549725e-14   9.821433e-04   4.701948e-17   437260
  7.907010e-01   2.537609e-14   9.806539e-04   4.669129e-17   440758
  7.941053e-01   2.525345e-14   9.841811e-04   4.613837e-17   446370
  7.975164e-01   2.512335e-14   9.834504e-04   4.579370e-17   450182
  8.009127e-01   2.498940e-14   9.757493e-04   4.577629e-17   449850
  8.043077e-01   2.489535e-14   9.864375e-04   4.505692e-17   457898
  8.077063e-01   2.484738e-14   9.796531e-04   4.507516e-17   458662
  8.111019e-01   2.465997e-14   9.815065e-04   4.435710e-17   464620
  8.144977e-01   2.475081e-14   9.750269e-04   4.476403e-17   466302
  8.179011e-01   2.460885e-14   9.839993e-04   4.419882e-17   474314
  8.213073e-01   2.452246e-14   9.800182e-04   4.403034e-17   475530
  8.247179e-01   2.435844e-14   9.879200e-04   4.335544e-17   483206
  8.281287e-01   2.428754e-14   9.814603e-04   4.329237e-17   483530
  8.315249e-01   2.416783e-14   9.809161e-04   4.319029e-17   487002
  8.349221e-01   2.412559e-14   9.835509e-04   4.257580e-17   491774
  8.383178e-01   2.401973e-14   9.804529e-04   4.238286e-17   495084
  8.417151e-01   2.394124e-14   9.794333e-04   4.206798e-17   499438
  8.451164e-01   2.379919e-14   9.820615e-04   4.200191e-17   504682
  8.485188e-01   2.369965e-14   9.813126e-04   4.173403e-17   507738
  8.519281e-01   2.356658e-14   9.891488e-04   4.106707e-17   515174
  8.553313e-01   2.363451e-14   9.796328e-04   4.113078e-17   514234
  8.587212e-01   2.345902e-14   9.795185e-04   4.080366e-17   519022
  8.621117e-01   2.329237e-14   9.776207e-04   4.020540e-17   522636
  8.655093e-01   2.322107e-14   9.815215e-04   4.010259e-17   529442
  8.689165e-01   2.316471e-14   9.823162e-04   3.980735e-17   534078
  8.723203e-01   2.318335e-14   9.785977e-04   3.982111e-17   536666
  8.757149e-01   2.304031e-14   9.771268e-04   3.939388e-17   539142
  8.791253e-01   2.288335e-14   9.924057e-04   3.867841e-17   550658
  8.825379e-01   2.283231e-14   9.816929e-04   3.915724e-17   548298
  8.859333e-01   2.285711e-14   9.826669e-04   3.892631e-17   553694
  8.893272e-01   2.276855e-14   9.768278e-04   3.877893e-17   556116
  8.927312e-01   2.264707e-14   9.844199e-04   3.815710e-17   564890
  8.961296e-01   2.247278e-14   9.766230e-04   3.794886e-17   563718
  8.995313e-01   2.241495e-14   9.874972e-04   3.753184e-17   574298
  9.029379e-01   2.243614e-14   9.804817e-04   3.756271e-17   573966
  9.063376e-01   2.229583e-14   9.852707e-04   3.730694e-17   580586
  9.097364e-01   2.221112e-14   9.817750e-04   3.714999e-17   582666
  9.131388e-01   2.220430e-14   9.852143e-04   3.720564e-17   590648
  9.165400e-01   2.210999e-14   9.754677e-04   3.699119e-17   590394
  9.199310e-01   2.203216e-14   9.770986e-04   3.671178e-17   596174
  9.233301e-01   2.190848e-14   9.802065e-04   3.637872e-17   601674
  9.267350e-01   2.175915e-14   9.846832e-04   3.580671e-17   607682
  9.301415e-01   2.178706e-14   9.838059e-04   3.595201e-17   611166
  9.335460e-01   2.159000e-14   9.835863e-04   3.542676e-17   615626
  9.369426e-01   2.160228e-14   9.795239e-04   3.547066e-17   617290
  9.403431e-01   2.154889e-14   9.852598e-04   3.520006e-17   626344
  9.437456e-01   2.151107e-14   9.776145e-04   3.507088e-17   626658
  9.471442e-01   2.141773e-14   9.821583e-04   3.481097e-17   634022
  9.505394e-01   2.128920e-14   9.766085e-04   3.455990e-17   634554
  9.539406e-01   2.125525e-14   9.874089e-04   3.436848e-17   645026
  9.573433e-01   2.119589e-14   9.821401e-04   3.437221e-17   645102
  9.607439e-01   2.110079e-14   9.860849e-04   3.384285e-17   653018
  9.641443e-01   2.106172e-14   9.792030e-04   3.384715e-17   654384
  9.675485e-01   2.098461e-14   9.834130e-04   3.356272e-17   663194
  9.709524e-01   2.092346e-14   9.778786e-04   3.359693e-17   663834
  9.743471e-01   2.084719e-14   9.789463e-04   3.341663e-17   669158
  9.777459e-01   2.087994e-14   9.805686e-04   3.342352e-17   674490
  9.811412e-01   2.068560e-14   9.786140e-04   3.292461e-17   677222
  9.845441e-01   2.058122e-14   9.871972e-04   3.255978e-17   686874
  9.879558e-01   2.040478e-14   9.859594e-04   3.221973e-17   690722
  9.913572e-01   2.050815e-14   9.790433e-04   3.254560e-17   692008
  9.947624e-01   2.044905e-14   9.840929e-04   3.230424e-17   701386
  9.981657e-01   2.031414e-14   9.773767e-04   3.209095e-17   700778
  1.001563e+00   2.023466e-14   9.829030e-04   3.192380e-17   708774
  1.004963e+00   2.019233e-14   9.817412e-04   3.161576e-17   711690
  1.008366e+00   2.011081e-14   9.861014e-04   3.147543e-17   719606
  1.011761e+00   2.002427e-14   9.768322e-04   3.143124e-17   717762
  1.015158e+00   2.006614e-14   9.862327e-04   3.125999e-17   730460
  1.018564e+00   1.995493e-14   9.793539e-04   3.119761e-17   731070
  1.021972e+00   1.986900e-14   9.851635e-04   3.087921e-17   741170
  1.025372e+00   1.977984e-14   9.730396e-04   3.051677e-17   737094
  1.028764e+00   1.975181e-14   9.820777e-04   3.052068e-17   747698
  1.032166e+00   1.977067e-14   9.825085e-04   3.053571e-17   751658
  1.035563e+00   1.962204e-14   9.813994e-04   3.031628e-17   755574
  1.038960e+00   1.957758e-14   9.819736e-04   3.026129e-17   761442
  1.042370e+00   1.954849e-14   9.859386e-04   2.997082e-17   770816
  1.045775e+00   1.951111e-14   9.778469e-04   2.992756e-17   769274
  1.049181e+00   1.936493e-14   9.883345e-04   2.950741e-17   782130
  1.052579e+00   1.934941e-14   9.735264e-04   2.961156e-17   775230
  1.055972e+00   1.931595e-14   9.857792e-04   2.944596e-17   789866
  1.059371e+00   1.924675e-14   9.785659e-04   2.928637e-17   787914
  1.062768e+00   1.910183e-14   9.871968e-04   2.893334e-17   799598
  1.066175e+00   1.910170e-14   9.836410e-04   2.889263e-17   802980
  1.069574e+00   1.907167e-14   9.780653e-04   2.885785e-17   805622
  1.072972e+00   1.906836e-14   9.797707e-04   2.877752e-17   812050
  1.076379e+00   1.891209e-14   9.852802e-04   2.837678e-17   820954
  1.079781e+00   1.899530e-14   9.789326e-04   2.879740e-17   820062
  1.083172e+00   1.880535e-14   9.799094e-04   2.816893e-17   826298
  1.086570e+00   1.881658e-14   9.815876e-04   2.819368e-17   833118
  1.089963e+00   1.868984e-14   9.774947e-04   2.787780e-17   834812
  1.093365e+00   1.873479e-14   9.859628e-04   2.805025e-17   847858
  1.096785e+00   1.863924e-14   9.865115e-04   2.765329e-17   854278
  1.100190e+00   1.858812e-14   9.767209e-04   2.774230e-17   850978
  1.103586e+00   1.850000e-14   9.814764e-04   2.749067e-17   859186
  1.106990e+00   1.846138e-14   9.865569e-04   2.732660e-17   867126
  1.110391e+00   1.839332e-14   9.816501e-04   2.714274e-17   868274
  1.113785e+00   1.827560e-14   9.808544e-04   2.690138e-17   873606
  1.117179e+00   1.827866e-14   9.794732e-04   2.705245e-17   879284
  1.120580e+00   1.828644e-14   9.820603e-04   2.679936e-17   887170
  1.123993e+00   1.819048e-14   9.876068e-04   2.665710e-17   897526
  1.127401e+00   1.808796e-14   9.778886e-04   2.650040e-17   894258
  1.130799e+00   1.810312e-14   9.823745e-04   2.657030e-17   903374
  1.134195e+00   1.802967e-14   9.785328e-04   2.636701e-17   904338
  1.137590e+00   1.791012e-14   9.832540e-04   2.610746e-17   913586
  1.140984e+00   1.795051e-14   9.783814e-04   2.607009e-17   915416
  1.144387e+00   1.792184e-14   9.836903e-04   2.607325e-17   928122
  1.147789e+00   1.781572e-14   9.757713e-04   2.588840e-17   926094
  1.151197e+00   1.776687e-14   9.888312e-04   2.568157e-17   942890
  1.154606e+00   1.764044e-14   9.789734e-04   2.554352e-17   937266
  1.158004e+00   1.769782e-14   9.856923e-04   2.554663e-17   948854
  1.161404e+00   1.757920e-14   9.801062e-04   2.533683e-17   948714
  1.164797e+00   1.757554e-14   9.823513e-04   2.535019e-17   956186
  1.168197e+00   1.756709e-14   9.838881e-04   2.514863e-17   964272
  1.171602e+00   1.751251e-14   9.813885e-04   2.511634e-17   969458
  1.175002e+00   1.746570e-14   9.785094e-04   2.501190e-17   972750
  1.178405e+00   1.739631e-14   9.839022e-04   2.483093e-17   982706
  1.181806e+00   1.732884e-14   9.798755e-04   2.467663e-17   982906
  1.185211e+00   1.727305e-14   9.881427e-04   2.450920e-17   996622
  1.188612e+00   1.725483e-14   9.782401e-04   2.465431e-17   992378
  1.191999e+00   1.723609e-14   9.775059e-04   2.448008e-17   999000
  1.195397e+00   1.717466e-14   9.817623e-04   2.442182e-17   1010114
  1.198803e+00   1.717878e-14   9.815316e-04   2.438865e-17   1015722
  1.202205e+00   1.708153e-14   9.793783e-04   2.419513e-17   1018742
  1.205613e+00   1.708119e-14   9.864495e-04   2.401701e-17   1031250
  1.209016e+00   1.700287e-14   9.786533e-04   2.403857e-17   1027226
  1.212413e+00   1.691074e-14   9.856307e-04   2.370681e-17   1039734
  1.215813e+00   1.690684e-14   9.805725e-04   2.377438e-17   1039914
  1.219210e+00   1.687474e-14   9.832224e-04   2.366612e-17   1050272
  1.222609e+00   1.684111e-14   9.777885e-04   2.359555e-17   1052306
  1.226010e+00   1.678813e-14   9.820199e-04   2.345405e-17   1062666
  1.229414e+00   1.674667e-14   9.821012e-04   2.344199e-17   1067262
  1.232818e+00   1.669902e-14   9.834577e-04   2.332184e-17   1073906
  1.236220e+00   1.662983e-14   9.821555e-04   2.311762e-17   1078190
  1.239623e+00   1.661314e-14   9.835287e-04   2.318664e-17   1085634
  1.243018e+00   1.659629e-14   9.777743e-04   2.316976e-17   1085508
  1.246420e+00   1.653963e-14   9.857694e-04   2.289233e-17   1101926
  1.249823e+00   1.649415e-14   9.765533e-04   2.290319e-17   1098322
  1.253220e+00   1.648149e-14   9.810493e-04   2.276970e-17   1109878
  1.256626e+00   1.637762e-14   9.822346e-04   2.253850e-17   1115338
  1.260031e+00   1.635600e-14   9.850685e-04   2.261693e-17   1122586
  1.263434e+00   1.633407e-14   9.828803e-04   2.246442e-17   1125862
  1.266833e+00   1.624379e-14   9.826042e-04   2.227907e-17   1132498
  1.270230e+00   1.633211e-14   9.794882e-04   2.251105e-17   1135444
  1.273627e+00   1.623357e-14   9.822580e-04   2.232993e-17   1145374
  1.277031e+00   1.618375e-14   9.829599e-04   2.215276e-17   1152698
  1.280435e+00   1.613342e-14   9.811808e-04   2.205088e-17   1157046
  1.283832e+00   1.613287e-14   9.792543e-04   2.209705e-17   1160226
  1.287236e+00   1.603426e-14   9.867747e-04   2.173663e-17   1174346
  1.290638e+00   1.598135e-14   9.799098e-04   2.170593e-17   1171462
  1.294035e+00   1.598721e-14   9.835292e-04   2.174653e-17   1183828
  1.297431e+00   1.600548e-14   9.751511e-04   2.179675e-17   1181822
  1.300825e+00   1.591270e-14   9.806813e-04   2.156911e-17   1194930
  1.304229e+00   1.585126e-14   9.822693e-04   2.135189e-17   1202010
  1.307632e+00   1.585612e-14   9.818508e-04   2.145426e-17   1207166
  1.311036e+00   1.584160e-14   9.828798e-04   2.139854e-17   1214106
  1.314433e+00   1.569600e-14   9.789042e-04   2.109183e-17   1215302
  1.317833e+00   1.570917e-14   9.858329e-04   2.107535e-17   1229274
  1.321244e+00   1.575103e-14   9.860143e-04   2.123450e-17   1236164
  1.324647e+00   1.566711e-14   9.790511e-04   2.109503e-17   1235326
  1.328043e+00   1.565932e-14   9.802315e-04   2.104772e-17   1244026
  1.331441e+00   1.562761e-14   9.803347e-04   2.099059e-17   1249154
  1.334844e+00   1.555718e-14   9.852720e-04   2.081680e-17   1260558
  1.338244e+00   1.546943e-14   9.799856e-04   2.071095e-17   1260394
  1.341646e+00   1.549048e-14   9.851173e-04   2.056775e-17   1274758
  1.345044e+00   1.544579e-14   9.761448e-04   2.063243e-17   1270188
  1.348447e+00   1.546705e-14   9.870074e-04   2.056911e-17   1291202
  1.351849e+00   1.541615e-14   9.757557e-04   2.052064e-17   1282654
  1.355244e+00   1.538734e-14   9.819229e-04   2.046107e-17   1298242
  1.358647e+00   1.536756e-14   9.803455e-04   2.038853e-17   1301774
  1.362047e+00   1.528058e-14   9.827693e-04   2.022272e-17   1309770
  1.365448e+00   1.528894e-14   9.830640e-04   2.020293e-17   1315714
  1.368852e+00   1.528124e-14   9.843087e-04   2.018015e-17   1325110
  1.372253e+00   1.522444e-14   9.790721e-04   2.005933e-17   1326012
  1.375652e+00   1.518382e-14   9.818283e-04   2.003161e-17   1336154
  1.379060e+00   1.514932e-14   9.856646e-04   1.990054e-17   1347334
  1.382463e+00   1.515942e-14   9.798090e-04   1.989865e-17   1345354
  1.385854e+00   1.511394e-14   9.796108e-04   1.984855e-17   1350998
  1.389254e+00   1.506379e-14   9.851001e-04   1.974834e-17   1365546
  1.392658e+00   1.500399e-14   9.818266e-04   1.958772e-17   1367474
  1.396060e+00   1.500742e-14   9.832315e-04   1.963193e-17   1377984
  1.399461e+00   1.503195e-14   9.785308e-04   1.965317e-17   1379394
  1.402863e+00   1.494745e-14   9.826740e-04   1.954104e-17   1392230
  1.406265e+00   1.492373e-14   9.788975e-04   1.942049e-17   1392634
  1.409662e+00   1.487774e-14   9.821355e-04   1.938130e-17   1402666
  1.413062e+00   1.487680e-14   9.819858e-04   1.939477e-17   1408502
  1.416462e+00   1.476699e-14   9.817857e-04   1.907694e-17   1415418
  1.419855e+00   1.479851e-14   9.774342e-04   1.922362e-17   1416856
  1.423264e+00   1.476273e-14   9.894876e-04   1.900658e-17   1442002
  1.426674e+00   1.477956e-14   9.781259e-04   1.915845e-17   1431634
  1.430071e+00   1.474425e-14   9.822615e-04   1.911135e-17   1444606
  1.433469e+00   1.474037e-14   9.789194e-04   1.905948e-17   1445890
  1.436871e+00   1.465167e-14   9.861222e-04   1.886727e-17   1462210
  1.440273e+00   1.461167e-14   9.807880e-04   1.888557e-17   1459590
  1.443669e+00   1.458926e-14   9.833740e-04   1.875944e-17   1471226
  1.447072e+00   1.463698e-14   9.829562e-04   1.873062e-17   1480072
  1.450479e+00   1.460908e-14   9.811931e-04   1.879072e-17   1486594
  1.453879e+00   1.456688e-14   9.787053e-04   1.870835e-17   1488882
  1.457279e+00   1.451473e-14   9.827371e-04   1.857878e-17   1500854
  1.460684e+00   1.450736e-14   9.826979e-04   1.851053e-17   1506874
  1.464078e+00   1.443177e-14   9.779210e-04   1.841994e-17   1506094
  1.467472e+00   1.440713e-14   9.824981e-04   1.838554e-17   1519682
  1.470872e+00   1.437556e-14   9.822978e-04   1.831665e-17   1526724
  1.474279e+00   1.441820e-14   9.845854e-04   1.836296e-17   1539038
  1.477685e+00   1.438796e-14   9.798767e-04   1.825248e-17   1539810
  1.481081e+00   1.440991e-14   9.791313e-04   1.837940e-17   1545046
  1.484485e+00   1.431165e-14   9.854562e-04   1.818816e-17   1560538
  1.487886e+00   1.431220e-14   9.804436e-04   1.814720e-17   1557506
  1.491282e+00   1.428979e-14   9.836002e-04   1.814827e-17   1570062
  1.494678e+00   1.428614e-14   9.793467e-04   1.810272e-17   1571290
  1.498078e+00   1.424112e-14   9.842488e-04   1.799808e-17   1588228
  1.501484e+00   1.419286e-14   9.810937e-04   1.799735e-17   1591046
  1.504889e+00   1.420059e-14   9.832504e-04   1.785224e-17   1602474
  1.508291e+00   1.417839e-14   9.782624e-04   1.785485e-17   1601646
  1.511687e+00   1.417254e-14   9.804817e-04   1.783866e-17   1611266
  1.515082e+00   1.410013e-14   9.805934e-04   1.768184e-17   1616634
  1.518484e+00   1.408283e-14   9.853950e-04   1.769130e-17   1631366
  1.521885e+00   1.411685e-14   9.796982e-04   1.773829e-17   1631028
  1.525282e+00   1.408848e-14   9.798719e-04   1.768029e-17   1641446
  1.528689e+00   1.401450e-14   9.836821e-04   1.749525e-17   1654234
  1.532101e+00   1.399114e-14   9.854232e-04   1.749456e-17   1662874
  1.535501e+00   1.401604e-14   9.777869e-04   1.758768e-17   1656686
  1.538894e+00   1.397960e-14   9.817573e-04   1.739525e-17   1670898
  1.542295e+00   1.394554e-14   9.826743e-04   1.738036e-17   1678074
  1.545693e+00   1.391120e-14   9.828970e-04   1.738090e-17   1685198
  1.549094e+00   1.389996e-14   9.826216e-04   1.732188e-17   1694524
  1.552497e+00   1.394697e-14   9.806206e-04   1.733421e-17   1701334
  1.555899e+00   1.391883e-14   9.807944e-04   1.727951e-17   1709386
  1.559306e+00   1.385835e-14   9.832546e-04   1.729653e-17   1719994
  1.562708e+00   1.386913e-14   9.808801e-04   1.723907e-17   1721510
  1.566111e+00   1.385400e-14   9.843526e-04   1.715650e-17   1734978
  1.569507e+00   1.380244e-14   9.766081e-04   1.713056e-17   1728646
  1.572899e+00   1.373396e-14   9.823741e-04   1.695044e-17   1746868
  1.576300e+00   1.383948e-14   9.809864e-04   1.720835e-17   1752922
  1.579707e+00   1.377402e-14   9.845798e-04   1.696629e-17   1767862
  1.583112e+00   1.375804e-14   9.793884e-04   1.696811e-17   1765698
  1.586515e+00   1.376232e-14   9.844058e-04   1.696157e-17   1781270
  1.589918e+00   1.373614e-14   9.810287e-04   1.693430e-17   1780650
  1.593316e+00   1.367774e-14   9.836246e-04   1.682177e-17   1792418
  1.596711e+00   1.366674e-14   9.794648e-04   1.684305e-17   1792790
  1.600109e+00   1.366915e-14   9.831424e-04   1.678369e-17   1809852
  1.603512e+00   1.369915e-14   9.801224e-04   1.684043e-17   1812666
  1.606915e+00   1.366182e-14   9.841796e-04   1.682479e-17   1827614
  1.610321e+00   1.361638e-14   9.814350e-04   1.670697e-17   1829970
  1.613720e+00   1.362093e-14   9.803236e-04   1.669089e-17   1835030
  1.617114e+00   1.363073e-14   9.798165e-04   1.674310e-17   1841410
  1.620515e+00   1.354236e-14   9.841327e-04   1.654354e-17   1856626
  1.623912e+00   1.354917e-14   9.785166e-04   1.655173e-17   1854656
  1.627309e+00   1.357933e-14   9.815053e-04   1.659588e-17   1870698
  1.630712e+00   1.354959e-14   9.804842e-04   1.653958e-17   1876998
  1.634114e+00   1.356174e-14   9.808565e-04   1.662762e-17   1884458
  1.637514e+00   1.352054e-14   9.820836e-04   1.650649e-17   1891730
  1.640921e+00   1.347416e-14   9.864027e-04   1.628045e-17   1907574
  1.644328e+00   1.349281e-14   9.824949e-04   1.643583e-17   1907730
  1.647725e+00   1.344689e-14   9.806100e-04   1.635292e-17   1912154
  1.651122e+00   1.346155e-14   9.815437e-04   1.639168e-17   1923216
  1.654527e+00   1.344331e-14   9.837853e-04   1.629713e-17   1936562
  1.657929e+00   1.341205e-14   9.797671e-04   1.626343e-17   1936862
  1.661330e+00   1.339878e-14   9.824032e-04   1.624794e-17   1950114
  1.664731e+00   1.341061e-14   9.809526e-04   1.626968e-17   1953306
  1.668134e+00   1.337487e-14   9.852343e-04   1.613906e-17   1968806
  1.671536e+00   1.336040e-14   9.810375e-04   1.613362e-17   1968818
  1.674935e+00   1.336049e-14   9.815051e-04   1.613535e-17   1980624
  1.678335e+00   1.336808e-14   9.789502e-04   1.615902e-17   1985034
  1.681733e+00   1.335209e-14   9.802456e-04   1.613613e-17   1995242
  1.685136e+00   1.334686e-14   9.833510e-04   1.612576e-17   2007742
  1.688539e+00   1.331796e-14   9.813083e-04   1.605332e-17   2010538
  1.691936e+00   1.332427e-14   9.811361e-04   1.605650e-17   2017390
  1.695340e+00   1.328431e-14   9.857772e-04   1.591939e-17   2034346
  1.698736e+00   1.325639e-14   9.777687e-04   1.597635e-17   2025498
  1.702137e+00   1.327987e-14   9.868689e-04   1.596568e-17   2055248
  1.705540e+00   1.330697e-14   9.770123e-04   1.598904e-17   2045090
  1.708936e+00   1.328737e-14   9.814027e-04   1.597342e-17   2062074
  1.712339e+00   1.324659e-14   9.823860e-04   1.588645e-17   2070190
  1.715742e+00   1.321969e-14   9.834046e-04   1.581718e-17   2079226
  1.719142e+00   1.325713e-14   9.818107e-04   1.593048e-17   2083990
  1.722545e+00   1.321190e-14   9.839507e-04   1.579116e-17   2097898
  1.725944e+00   1.321248e-14   9.787299e-04   1.588101e-17   2095452
  1.729345e+00   1.324526e-14   9.842373e-04   1.586739e-17   2117390
  1.732750e+00   1.320759e-14   9.796988e-04   1.582450e-17   2117066
  1.736142e+00   1.319285e-14   9.757475e-04   1.580425e-17   2117238
  1.739539e+00   1.317088e-14   9.838620e-04   1.570094e-17   2140026
  1.742945e+00   1.316633e-14   9.844962e-04   1.574442e-17   2147234
  1.746347e+00   1.318945e-14   9.820811e-04   1.575124e-17   2150118
  1.749746e+00   1.315846e-14   9.821004e-04   1.570982e-17   2160386
  1.753147e+00   1.318300e-14   9.809815e-04   1.570297e-17   2168256
  1.756552e+00   1.317920e-14   9.838581e-04   1.567110e-17   2183306
  1.759956e+00   1.319103e-14   9.808091e-04   1.573627e-17   2184642
  1.763354e+00   1.315068e-14   9.804471e-04   1.567381e-17   2192318
  1.766749e+00   1.316971e-14   9.788737e-04   1.567232e-17   2196066
  1.770152e+00   1.313065e-14   9.865986e-04   1.556360e-17   2220890
  1.773557e+00   1.311723e-14   9.809869e-04   1.562685e-17   2215758
  1.776958e+00   1.310220e-14   9.842037e-04   1.555692e-17   2233988
  1.780360e+00   1.320042e-14   9.782890e-04   1.575040e-17   2231670
  1.783756e+00   1.315341e-14   9.797617e-04   1.560421e-17   2244338
  1.787160e+00   1.311523e-14   9.830422e-04   1.553088e-17   2258610
  1.790563e+00   1.313393e-14   9.809188e-04   1.569018e-17   2260718
  1.793960e+00   1.313824e-14   9.807999e-04   1.564083e-17   2268162
  1.797357e+00   1.308714e-14   9.813749e-04   1.553454e-17   2277494
  1.800757e+00   1.308927e-14   9.827422e-04   1.549875e-17   2288796
  1.804164e+00   1.311826e-14   9.854716e-04   1.555562e-17   2305226
  1.807568e+00   1.310519e-14   9.797129e-04   1.557549e-17   2301630
  1.810969e+00   1.308197e-14   9.832644e-04   1.543109e-17   2319770
  1.814369e+00   1.309428e-14   9.785204e-04   1.555952e-17   2315610
  1.817766e+00   1.305883e-14   9.837069e-04   1.543573e-17   2334662
  1.821166e+00   1.302640e-14   9.806866e-04   1.539203e-17   2335722
  1.824566e+00   1.303340e-14   9.842253e-04   1.537607e-17   2354102
  1.827968e+00   1.313275e-14   9.802735e-04   1.558741e-17   2355156
  1.831373e+00   1.308328e-14   9.840368e-04   1.541450e-17   2374250
  1.834777e+00   1.307819e-14   9.800597e-04   1.545508e-17   2373102
  1.838179e+00   1.305312e-14   9.824130e-04   1.541614e-17   2388194
  1.841575e+00   1.305106e-14   9.773124e-04   1.542846e-17   2383470
  1.844971e+00   1.307367e-14   9.831656e-04   1.543308e-17   2404994
  1.848373e+00   1.304896e-14   9.816762e-04   1.542466e-17   2408538
  1.851770e+00   1.305459e-14   9.815239e-04   1.541494e-17   2417744
  1.855173e+00   1.311768e-14   9.838904e-04   1.549407e-17   2434578
  1.858579e+00   1.304687e-14   9.814961e-04   1.537313e-17   2438414
  1.861981e+00   1.307265e-14   9.821085e-04   1.541119e-17   2448066
  1.865384e+00   1.306029e-14   9.823292e-04   1.539654e-17   2456018
  1.868782e+00   1.305807e-14   9.812306e-04   1.540395e-17   2461230
  1.872181e+00   1.306172e-14   9.823212e-04   1.540451e-17   2474330
  1.875579e+00   1.304005e-14   9.796955e-04   1.538191e-17   2476498
  1.878979e+00   1.311490e-14   9.838203e-04   1.548603e-17   2497240
  1.882386e+00   1.308316e-14   9.822125e-04   1.545163e-17   2502930
  1.885787e+00   1.304361e-14   9.803409e-04   1.536869e-17   2508470
  1.889188e+00   1.310111e-14   9.808760e-04   1.537125e-17   2518482
  1.892591e+00   1.308564e-14   9.833500e-04   1.539541e-17   2532074
  1.895988e+00   1.308950e-14   9.784906e-04   1.547759e-17   2526678
  1.899384e+00   1.310574e-14   9.835395e-04   1.544518e-17   2549018
  1.902784e+00   1.309829e-14   9.800350e-04   1.538523e-17   2551704
  1.906185e+00   1.312177e-14   9.817747e-04   1.549726e-17   2566226
  1.909587e+00   1.310341e-14   9.819509e-04   1.541709e-17   2573898
  1.912993e+00   1.309861e-14   9.842387e-04   1.536390e-17   2589182
  1.916394e+00   1.311271e-14   9.792958e-04   1.542000e-17   2584890
  1.919793e+00   1.310351e-14   9.838242e-04   1.540019e-17   2605190
  1.923194e+00   1.311646e-14   9.814721e-04   1.544730e-17   2606418
  1.926593e+00   1.308208e-14   9.832736e-04   1.538052e-17   2621186
  1.929994e+00   1.310123e-14   9.806156e-04   1.543340e-17   2626608
  1.933393e+00   1.313039e-14   9.799953e-04   1.543919e-17   2636714
  1.936794e+00   1.315176e-14   9.811147e-04   1.548385e-17   2647482
  1.940202e+00   1.316484e-14   9.861446e-04   1.544671e-17   2668382
  1.943607e+00   1.313276e-14   9.801535e-04   1.548202e-17   2660418
  1.947005e+00   1.311991e-14   9.825106e-04   1.542260e-17   2676662
  1.950401e+00   1.315809e-14   9.781799e-04   1.549907e-17   2674210
  1.953797e+00   1.312516e-14   9.827621e-04   1.541221e-17   2697076
  1.957200e+00   1.324376e-14   9.813995e-04   1.559965e-17   2703558
  1.960601e+00   1.318736e-14   9.810424e-04   1.552970e-17   2713250
  1.964000e+00   1.317748e-14   9.793374e-04   1.554075e-17   2717718
  1.967406e+00   1.317310e-14   9.861436e-04   1.550186e-17   2743178
  1.970809e+00   1.317494e-14   9.802672e-04   1.555662e-17   2732730
  1.974208e+00   1.315640e-14   9.854133e-04   1.546207e-17   2758022
  1.977609e+00   1.320697e-14   9.791609e-04   1.557534e-17   2751994
  1.981005e+00   1.325361e-14   9.810250e-04   1.564449e-17   2769052
  1.984409e+00   1.328587e-14   9.824869e-04   1.566794e-17   2783062
  1.987812e+00   1.329026e-14   9.814391e-04   1.571299e-17   2789362
  1.991215e+00   1.324316e-14   9.817332e-04   1.563121e-17   2799582
  1.994619e+00   1.325229e-14   9.828319e-04   1.559925e-17   2811170
  1.998019e+00   1.328792e-14   9.809039e-04   1.576903e-17   2812658
  2.001421e+00   1.324727e-14   9.850690e-04   1.565119e-17   2833302
  2.004820e+00   1.330046e-14   9.785899e-04   1.574370e-17   2827420
  2.008216e+00   1.271110e-14   9.808908e-04   1.503833e-17   2846710
  2.011615e+00   1.252448e-14   9.806052e-04   1.479130e-17   2846535
  2.015014e+00   1.224599e-14   9.826225e-04   1.430606e-17   2848496
  2.018416e+00   1.198427e-14   9.819470e-04   1.394092e-17   2841084
  2.021820e+00   1.170465e-14   9.843122e-04   1.347789e-17   2843480
  2.025222e+00   1.142077e-14   9.802360e-04   1.307575e-17   2826624
  2.028621e+00   1.119043e-14   9.829329e-04   1.272653e-17   2828732
  2.032021e+00   1.092950e-14   9.812694e-04   1.232193e-17   2819296
  2.035422e+00   1.068583e-14   9.824594e-04   1.195669e-17   2819548
  2.038821e+00   1.045298e-14   9.790894e-04   1.158500e-17   2805192
  2.042221e+00   1.022770e-14   9.830303e-04   1.124548e-17   2811104
  2.045624e+00   1.003376e-14   9.815026e-04   1.097261e-17   2800672
  2.049025e+00   9.811480e-15   9.823222e-04   1.065366e-17   2798080
  2.052425e+00   9.597758e-15   9.802167e-04   1.037372e-17   2786976
  2.055826e+00   9.406024e-15   9.831451e-04   1.006306e-17   2791016
  2.059230e+00   9.240410e-15   9.812096e-04   9.816989e-18   2779360
  2.062626e+00   9.043644e-15   9.796265e-04   9.586073e-18   2768644
  2.066023e+00   8.883695e-15   9.822169e-04   9.336376e-18   2771192
  2.069425e+00   8.705227e-15   9.816405e-04   9.077850e-18   2765028
  2.072828e+00   8.557508e-15   9.824068e-04   8.872765e-18   2760864
  2.076235e+00   8.354065e-15   9.849780e-04   8.586482e-18   2761616
  2.079634e+00   8.224309e-15   9.787095e-04   8.413889e-18   2737932
  2.083034e+00   8.054615e-15   9.851663e-04   8.145456e-18   2752280
  2.086436e+00   7.942622e-15   9.786561e-04   8.009842e-18   2728764
  2.089835e+00   7.783158e-15   9.834451e-04   7.792618e-18   2736368
  2.093234e+00   7.642124e-15   9.795267e-04   7.639870e-18   2719952
  2.096636e+00   7.525902e-15   9.837062e-04   7.445496e-18   2727120
  2.100037e+00   7.389173e-15   9.787869e-04   7.275682e-18   2708400
  2.103440e+00   7.268522e-15   9.850039e-04   7.098267e-18   2718536
  2.106841e+00   7.120694e-15   9.786910e-04   6.934396e-18   2694300
  2.110244e+00   7.022563e-15   9.859443e-04   6.774161e-18   2709440
  2.113646e+00   6.918998e-15   9.780636e-04   6.663557e-18   2682108
  2.117041e+00   6.799942e-15   9.811448e-04   6.506927e-18   2684912
  2.120440e+00   6.681500e-15   9.817480e-04   6.342889e-18   2678868
  2.123840e+00   6.576412e-15   9.823344e-04   6.214306e-18   2674772
  2.127243e+00   6.481692e-15   9.826540e-04   6.081883e-18   2670120
  2.130643e+00   6.373572e-15   9.807037e-04   5.948877e-18   2659532
  2.134045e+00   6.286411e-15   9.832493e-04   5.846839e-18   2659704
  2.137451e+00   6.197807e-15   9.840399e-04   5.733648e-18   2654348
  2.140851e+00   6.097848e-15   9.808746e-04   5.608210e-18   2640276
  2.144250e+00   5.985009e-15   9.817432e-04   5.456455e-18   2638700
  2.147650e+00   5.908474e-15   9.800651e-04   5.379395e-18   2628244
  2.151051e+00   5.819618e-15   9.836008e-04   5.281081e-18   2630920
  2.154455e+00   5.748811e-15   9.816425e-04   5.179587e-18   2618904
  2.157854e+00   5.677433e-15   9.803923e-04   5.114120e-18   2610932
  2.161254e+00   5.587300e-15   9.817073e-04   4.982974e-18   2608464
  2.164658e+00   5.503562e-15   9.827466e-04   4.872112e-18   2603708
  2.168056e+00   5.431712e-15   9.797322e-04   4.805015e-18   2588012
  2.171453e+00   5.361072e-15   9.819219e-04   4.711190e-18   2588364
  2.174852e+00   5.296411e-15   9.803360e-04   4.645227e-18   2579076
  2.178251e+00   5.218634e-15   9.809908e-04   4.545864e-18   2574152
  2.181649e+00   5.161631e-15   9.813167e-04   4.496040e-18   2566812
  2.185056e+00   5.095572e-15   9.861783e-04   4.391821e-18   2573732
  2.188461e+00   5.022743e-15   9.795833e-04   4.332957e-18   2550568
  2.191860e+00   4.965331e-15   9.826556e-04   4.246808e-18   2552068
  2.195261e+00   4.888218e-15   9.809956e-04   4.174402e-18   2539620
  2.198663e+00   4.840461e-15   9.840554e-04   4.128806e-18   2540936
  2.202066e+00   4.795958e-15   9.809099e-04   4.069396e-18   2528032
  2.205465e+00   4.731659e-15   9.803189e-04   4.002637e-18   2521480
  2.208867e+00   4.680856e-15   9.820539e-04   3.939394e-18   2517980
  2.212270e+00   4.618179e-15   9.826345e-04   3.884425e-18   2511744
  2.215671e+00   4.573221e-15   9.807485e-04   3.830627e-18   2500140
  2.219071e+00   4.513601e-15   9.816849e-04   3.768174e-18   2496980
  2.222472e+00   4.467982e-15   9.809842e-04   3.714195e-18   2486924
  2.225874e+00   4.410088e-15   9.841669e-04   3.640705e-18   2487000
  2.229275e+00   4.369489e-15   9.801840e-04   3.607709e-18   2469840
  2.232673e+00   4.320421e-15   9.823076e-04   3.554397e-18   2469656
  2.236072e+00   4.275163e-15   9.795354e-04   3.517372e-18   2456844
  2.239476e+00   4.229943e-15   9.852194e-04   3.455703e-18   2462876
  2.242879e+00   4.190878e-15   9.804127e-04   3.432475e-18   2442136
  2.246278e+00   4.142414e-15   9.827694e-04   3.369375e-18   2441944
  2.249678e+00   4.107013e-15   9.806730e-04   3.343288e-18   2430508
  2.253076e+00   4.057800e-15   9.810126e-04   3.293537e-18   2424352
  2.256478e+00   4.017687e-15   9.832316e-04   3.248421e-18   2421264
  2.259881e+00   3.973488e-15   9.825332e-04   3.197082e-18   2413064
  2.263282e+00   3.950375e-15   9.805912e-04   3.192277e-18   2401572
  2.266681e+00   3.902218e-15   9.815087e-04   3.137938e-18   2397284
  2.270081e+00   3.865783e-15   9.813118e-04   3.089970e-18   2388336
  2.273484e+00   3.833657e-15   9.843250e-04   3.064086e-18   2387204
  2.276884e+00   3.799017e-15   9.793704e-04   3.029463e-18   2368644
  2.280279e+00   3.763077e-15   9.805359e-04   3.014385e-18   2365400
  2.283678e+00   3.723796e-15   9.814789e-04   2.964776e-18   2360072
  2.287082e+00   3.696856e-15   9.832021e-04   2.937656e-18   2356464
  2.290484e+00   3.661194e-15   9.810620e-04   2.904313e-18   2343240
  2.293885e+00   3.631521e-15   9.822795e-04   2.875742e-18   2340248
  2.297284e+00   3.602182e-15   9.789711e-04   2.857588e-18   2325000
  2.300686e+00   3.576529e-15   9.843393e-04   2.823015e-18   2328632
  2.304090e+00   3.545818e-15   9.816712e-04   2.803984e-18   2313220
  2.307492e+00   3.512570e-15   9.835834e-04   2.774128e-18   2310772
  2.310892e+00   3.487001e-15   9.798086e-04   2.753620e-18   2295420
  2.314292e+00   3.457209e-15   9.822607e-04   2.728028e-18   2293592
  2.317692e+00   3.430121e-15   9.808333e-04   2.705814e-18   2281384
  2.321098e+00   3.401974e-15   9.858657e-04   2.673111e-18   2285776
  2.324499e+00   3.379652e-15   9.776590e-04   2.668666e-18   2259408
  2.327898e+00   3.354421e-15   9.837748e-04   2.636131e-18   2266808
  2.331301e+00   3.322961e-15   9.803406e-04   2.609289e-18   2248836
  2.334698e+00   3.302345e-15   9.826639e-04   2.596844e-18   2245244
  2.338097e+00   3.279091e-15   9.807008e-04   2.576325e-18   2233908
  2.341498e+00   3.253182e-15   9.826023e-04   2.560873e-18   2231660
  2.344900e+00   3.231097e-15   9.803694e-04   2.543512e-18   2218544
  2.348303e+00   3.208566e-15   9.841932e-04   2.520973e-18   2218176
  2.351706e+00   3.186467e-15   9.811254e-04   2.502948e-18   2202900
  2.355107e+00   3.166791e-15   9.815282e-04   2.496247e-18   2197472
  2.358504e+00   3.143762e-15   9.785599e-04   2.477663e-18   2181960
  2.361902e+00   3.124336e-15   9.836141e-04   2.456893e-18   2183696
  2.365306e+00   3.103786e-15   9.832539e-04   2.445928e-18   2173416
  2.368709e+00   3.076952e-15   9.825525e-04   2.425865e-18   2165444
  2.372110e+00   3.060946e-15   9.797907e-04   2.420464e-18   2152688
  2.375509e+00   3.038483e-15   9.815549e-04   2.397607e-18   2147628
  2.378910e+00   3.028162e-15   9.820428e-04   2.389897e-18   2139012
  2.382315e+00   3.007864e-15   9.845724e-04   2.377509e-18   2136008
  2.385709e+00   2.987439e-15   9.752701e-04   2.368615e-18   2108656
  2.389104e+00   2.961895e-15   9.832761e-04   2.343318e-18   2117896
  2.392509e+00   2.955274e-15   9.830191e-04   2.340477e-18   2106260
  2.395912e+00   2.931529e-15   9.833730e-04   2.326275e-18   2099088
  2.399315e+00   2.918205e-15   9.817275e-04   2.320736e-18   2088432
  2.402716e+00   2.895741e-15   9.804125e-04   2.305638e-18   2078432
  2.406115e+00   2.886046e-15   9.806198e-04   2.306627e-18   2069048
  2.409516e+00   2.872255e-15   9.833522e-04   2.294717e-18   2064804
  2.412920e+00   2.847409e-15   9.831224e-04   2.273622e-18   2055644
  2.416321e+00   2.841124e-15   9.806126e-04   2.280764e-18   2043000
  2.419718e+00   2.816569e-15   9.800589e-04   2.257569e-18   2032348
  2.423121e+00   2.811032e-15   9.856832e-04   2.254936e-18   2034064
  2.426526e+00   2.790786e-15   9.819348e-04   2.243204e-18   2017740
  2.429926e+00   2.770000e-15   9.812949e-04   2.237109e-18   2010188
  2.433325e+00   2.766880e-15   9.789075e-04   2.241090e-18   1996556
  2.436723e+00   2.743540e-15   9.821491e-04   2.215982e-18   1992816
  2.440123e+00   2.737335e-15   9.821092e-04   2.220253e-18   1982400
  2.443522e+00   2.719003e-15   9.811038e-04   2.211083e-18   1972256
  2.446920e+00   2.709847e-15   9.808752e-04   2.211002e-18   1964384
  2.450323e+00   2.691834e-15   9.825278e-04   2.196676e-18   1958544
  2.453726e+00   2.685842e-15   9.821775e-04   2.197711e-18   1946988
  2.457130e+00   2.675805e-15   9.840500e-04   2.193646e-18   1942532
  2.460529e+00   2.665440e-15   9.777101e-04   2.199660e-18   1921692
  2.463928e+00   2.643061e-15   9.833317e-04   2.175897e-18   1924004
  2.467330e+00   2.637623e-15   9.803195e-04   2.183099e-18   1907344
  2.470733e+00   2.626316e-15   9.853101e-04   2.170848e-18   1907440
  2.474135e+00   2.614966e-15   9.788798e-04   2.181860e-18   1886136
  2.477531e+00   2.603243e-15   9.816797e-04   2.173320e-18   1883144
  2.480934e+00   2.591605e-15   9.824091e-04   2.158754e-18   1874724
  2.484338e+00   2.580658e-15   9.833480e-04   2.162798e-18   1866068
  2.487738e+00   2.572304e-15   9.812729e-04   2.162518e-18   1852980
  2.491140e+00   2.553792e-15   9.824339e-04   2.150117e-18   1847468
  2.494538e+00   2.549994e-15   9.781928e-04   2.159832e-18   1829636
  2.497936e+00   2.537299e-15   9.834643e-04   2.151371e-18   1829688
  2.501341e+00   2.525435e-15   9.824400e-04   2.147092e-18   1817192
  2.504741e+00   2.520973e-15   9.810060e-04   2.149241e-18   1806312
  2.508140e+00   2.506379e-15   9.802531e-04   2.144841e-18   1795984
  2.511543e+00   2.493273e-15   9.831733e-04   2.144639e-18   1791100
  2.514946e+00   2.490029e-15   9.817942e-04   2.145825e-18   1777648
  2.518347e+00   2.481918e-15   9.826630e-04   2.147035e-18   1769848
  2.521746e+00   2.470057e-15   9.799953e-04   2.144199e-18   1756536
  2.525146e+00   2.455550e-15   9.812129e-04   2.141348e-18   1748960
  2.528547e+00   2.451525e-15   9.826374e-04   2.134057e-18   1739952
  2.531950e+00   2.437136e-15   9.837089e-04   2.136024e-18   1732124
  2.535351e+00   2.438808e-15   9.802823e-04   2.149807e-18   1716852
  2.538751e+00   2.423455e-15   9.823932e-04   2.141870e-18   1712276
  2.542154e+00   2.415112e-15   9.810692e-04   2.138823e-18   1698500
  2.545557e+00   2.413217e-15   9.849039e-04   2.144450e-18   1693932
  2.548957e+00   2.398531e-15   9.793284e-04   2.142044e-18   1675204
  2.552353e+00   2.387479e-15   9.815499e-04   2.135382e-18   1670644
  2.555751e+00   2.383055e-15   9.787008e-04   2.139688e-18   1655532
  2.559155e+00   2.373737e-15   9.861163e-04   2.137971e-18   1656860
  2.562557e+00   2.371758e-15   9.798597e-04   2.157261e-18   1635372
  2.565959e+00   2.357180e-15   9.841765e-04   2.141536e-18   1634324
  2.569359e+00   2.346538e-15   9.777008e-04   2.146447e-18   1613676
  2.572758e+00   2.337964e-15   9.840395e-04   2.135990e-18   1613348
  2.576160e+00   2.334902e-15   9.807023e-04   2.149150e-18   1596236
  2.579561e+00   2.325757e-15   9.834991e-04   2.151668e-18   1591476
  2.582962e+00   2.323450e-15   9.792427e-04   2.164815e-18   1575732
  2.586359e+00   2.313466e-15   9.803750e-04   2.154447e-18   1566236
  2.589759e+00   2.310870e-15   9.841339e-04   2.158006e-18   1560292
  2.593166e+00   2.300314e-15   9.838869e-04   2.164755e-18   1550092
  2.596565e+00   2.293327e-15   9.789064e-04   2.170398e-18   1532628
  2.599963e+00   2.286804e-15   9.813188e-04   2.166646e-18   1527332
  2.603365e+00   2.277162e-15   9.816488e-04   2.170660e-18   1515212
  2.606765e+00   2.274277e-15   9.831211e-04   2.180098e-18   1506444
  2.610167e+00   2.264307e-15   9.819780e-04   2.178855e-18   1495116
  2.613562e+00   2.259324e-15   9.774397e-04   2.183322e-18   1479152
  2.616961e+00   2.251049e-15   9.826090e-04   2.189163e-18   1475512
  2.620369e+00   2.243887e-15   9.857671e-04   2.191953e-18   1467820
  2.623774e+00   2.242921e-15   9.816828e-04   2.202462e-18   1451256
  2.627176e+00   2.229652e-15   9.823847e-04   2.204893e-18   1443212
  2.630573e+00   2.224539e-15   9.775986e-04   2.211180e-18   1425680
  2.633972e+00   2.217669e-15   9.838248e-04   2.214267e-18   1422972
  2.637375e+00   2.211079e-15   9.826449e-04   2.214064e-18   1408632
  2.640778e+00   2.202552e-15   9.834480e-04   2.222172e-18   1400984
  2.644178e+00   2.201971e-15   9.781513e-04   2.237588e-18   1383196
  2.647576e+00   2.189946e-15   9.827970e-04   2.233829e-18   1378120
  2.650981e+00   2.187524e-15   9.838936e-04   2.236851e-18   1367272
  2.654386e+00   2.179936e-15   9.839001e-04   2.241450e-18   1356580
  2.657781e+00   2.172179e-15   9.764772e-04   2.254117e-18   1337028
  2.661175e+00   2.161650e-15   9.807019e-04   2.244938e-18   1332500
  2.664576e+00   2.167482e-15   9.824328e-04   2.266768e-18   1321796
  2.667980e+00   2.153499e-15   9.842336e-04   2.256564e-18   1312716
  2.671381e+00   2.137744e-15   9.799494e-04   2.253059e-18   1296580
  2.674784e+00   2.129248e-15   9.836937e-04   2.258476e-18   1291528
  2.678185e+00   2.134460e-15   9.791874e-04   2.288178e-18   1273128
  2.681585e+00   2.114380e-15   9.849289e-04   2.265517e-18   1268720
  2.684990e+00   2.116709e-15   9.820200e-04   2.291939e-18   1254016
  2.688389e+00   2.103093e-15   9.799073e-04   2.286259e-18   1241296
  2.691782e+00   2.101367e-15   9.773359e-04   2.300797e-18   1226712
  2.695185e+00   2.091400e-15   9.871642e-04   2.301413e-18   1226228
  2.698592e+00   2.091266e-15   9.822935e-04   2.319609e-18   1207768
  2.701993e+00   2.073572e-15   9.821287e-04   2.307807e-18   1198336
  2.705390e+00   2.064921e-15   9.774693e-04   2.320747e-18   1181484
  2.708791e+00   2.069343e-15   9.847434e-04   2.334207e-18   1178012
  2.712196e+00   2.059739e-15   9.828591e-04   2.334792e-18   1162564
  2.715593e+00   2.043606e-15   9.802955e-04   2.341466e-18   1149340
  2.718991e+00   2.036811e-15   9.799593e-04   2.344245e-18   1138848
  2.722390e+00   2.026799e-15   9.801680e-04   2.345831e-18   1126748
  2.725791e+00   2.035021e-15   9.834222e-04   2.373492e-18   1117428
  2.729199e+00   2.016217e-15   9.855325e-04   2.364946e-18   1108112
  2.732601e+00   2.004807e-15   9.796049e-04   2.358723e-18   1090596
  2.736000e+00   1.993217e-15   9.802553e-04   2.369234e-18   1081052
  2.739396e+00   1.988185e-15   9.787000e-04   2.388777e-18   1065716
  2.742798e+00   1.981115e-15   9.867653e-04   2.375895e-18   1061940
  2.746204e+00   1.969587e-15   9.811985e-04   2.384250e-18   1044096
  2.749604e+00   1.958381e-15   9.818713e-04   2.393251e-18   1034864
  2.753003e+00   1.945776e-15   9.778923e-04   2.390664e-18   1018308
  2.756407e+00   1.947646e-15   9.880499e-04   2.406905e-18   1014812
  2.759813e+00   1.940873e-15   9.817334e-04   2.421247e-18   996288
  2.763211e+00   1.917057e-15   9.807414e-04   2.404912e-18   985376
  2.766605e+00   1.904761e-15   9.763946e-04   2.415645e-18   969652
  2.770007e+00   1.892525e-15   9.852383e-04   2.399875e-18   964924
  2.773408e+00   1.902256e-15   9.813255e-04   2.452859e-18   947228
  2.776808e+00   1.869216e-15   9.830247e-04   2.407291e-18   939084
  2.780208e+00   1.856243e-15   9.769128e-04   2.409435e-18   921864
  2.783607e+00   1.849002e-15   9.830641e-04   2.418661e-18   914252
  2.787014e+00   1.846811e-15   9.855161e-04   2.446031e-18   902572
  2.790419e+00   1.821975e-15   9.827520e-04   2.418040e-18   888784
  2.793815e+00   1.812595e-15   9.766961e-04   2.425148e-18   872540
  2.797210e+00   1.793631e-15   9.801377e-04   2.418067e-18   862848
  2.800610e+00   1.789045e-15   9.835812e-04   2.425467e-18   851760
  2.804018e+00   1.765688e-15   9.862752e-04   2.401104e-18   841940
  2.807419e+00   1.748660e-15   9.779538e-04   2.412256e-18   823032
  2.810819e+00   1.727720e-15   9.834420e-04   2.375738e-18   816044
  2.814221e+00   1.720447e-15   9.803182e-04   2.401353e-18   799292
  2.817622e+00   1.703458e-15   9.859358e-04   2.399402e-18   791304
  2.821022e+00   1.684172e-15   9.778036e-04   2.381127e-18   772868
  2.824414e+00   1.654733e-15   9.799444e-04   2.328054e-18   762552
  2.827814e+00   1.644196e-15   9.815264e-04   2.331949e-18   750876
  2.831218e+00   1.624661e-15   9.834990e-04   2.316358e-18   739280
  2.834619e+00   1.604246e-15   9.815612e-04   2.292572e-18   724944
  2.838024e+00   1.571734e-15   9.837337e-04   2.249462e-18   714380
  2.841419e+00   1.561145e-15   9.765403e-04   2.247099e-18   695932
  2.844820e+00   1.534469e-15   9.860188e-04   2.184596e-18   690949
  2.848225e+00   1.510441e-15   9.790494e-04   2.159585e-18   673638
  2.851624e+00   1.486266e-15   9.838795e-04   2.124856e-18   666092
  2.855023e+00   1.480662e-15   9.776476e-04   2.130689e-18   651024
  2.858420e+00   1.454584e-15   9.835476e-04   2.089634e-18   644804
  2.861824e+00   1.445189e-15   9.809055e-04   2.076417e-18   632676
  2.865228e+00   1.428985e-15   9.847549e-04   2.070949e-18   624962
  2.868627e+00   1.423170e-15   9.786841e-04   2.066995e-18   611280
  2.872031e+00   1.406854e-15   9.864670e-04   2.049592e-18   607256
  2.875434e+00   1.395409e-15   9.785773e-04   2.028017e-18   592616
  2.878833e+00   1.382656e-15   9.838766e-04   2.031708e-18   587160
  2.882235e+00   1.367663e-15   9.806552e-04   2.012944e-18   575482
  2.885633e+00   1.364369e-15   9.821917e-04   2.011570e-18   568258
  2.889037e+00   1.353678e-15   9.823894e-04   2.002275e-18   559638
  2.892441e+00   1.339192e-15   9.828085e-04   1.986946e-18   551498
  2.895844e+00   1.332420e-15   9.815660e-04   1.987449e-18   542364
  2.899245e+00   1.320406e-15   9.820373e-04   1.983772e-18   534146
  2.902642e+00   1.316209e-15   9.799896e-04   1.985896e-18   524980
  2.906047e+00   1.304245e-15   9.845691e-04   1.972030e-18   519964
  2.909443e+00   1.294233e-15   9.764000e-04   1.976865e-18   507108
  2.912842e+00   1.284524e-15   9.860421e-04   1.964008e-18   504992
  2.916245e+00   1.274991e-15   9.788238e-04   1.959953e-18   492948
  2.919647e+00   1.266610e-15   9.864404e-04   1.946310e-18   489740
  2.923050e+00   1.258743e-15   9.776779e-04   1.957435e-18   477716
  2.926447e+00   1.255528e-15   9.842557e-04   1.959333e-18   473844
  2.929849e+00   1.245993e-15   9.793241e-04   1.951323e-18   464222
  2.933249e+00   1.235686e-15   9.833380e-04   1.948527e-18   459048
  2.936646e+00   1.238423e-15   9.781522e-04   1.954486e-18   449574
  2.940047e+00   1.223773e-15   9.843913e-04   1.945367e-18   445820
  2.943444e+00   1.218897e-15   9.766847e-04   1.964069e-18   435158
  2.946848e+00   1.215609e-15   9.868688e-04   1.952879e-18   433566
  2.950249e+00   1.207650e-15   9.754175e-04   1.962334e-18   421014
  2.953647e+00   1.203565e-15   9.867845e-04   1.961709e-18   419996
  2.957054e+00   1.197836e-15   9.785008e-04   1.967316e-18   409482
  2.960447e+00   1.189849e-15   9.814565e-04   1.965872e-18   404414
  2.963850e+00   1.186370e-15   9.822465e-04   1.971087e-18   398518
  2.967254e+00   1.173727e-15   9.832814e-04   1.959850e-18   392302
  2.970654e+00   1.177447e-15   9.815439e-04   1.982677e-18   385318
  2.974064e+00   1.170827e-15   9.866772e-04   1.974257e-18   381718
  2.977460e+00   1.161730e-15   9.751975e-04   1.986903e-18   370674
  2.980859e+00   1.161874e-15   9.875886e-04   1.980386e-18   370166
  2.984264e+00   1.149887e-15   9.774032e-04   1.986119e-18   359838
  2.987662e+00   1.152314e-15   9.857853e-04   1.997652e-18   357488
  2.991061e+00   1.144045e-15   9.759886e-04   2.002803e-18   348174
  2.994460e+00   1.137469e-15   9.853707e-04   2.005480e-18   346010
  2.997858e+00   1.140593e-15   9.762078e-04   2.035986e-18   336966
  3.001265e+00   1.131455e-15   9.900594e-04   2.005899e-18   336488
  3.004668e+00   1.133638e-15   9.740308e-04   2.046905e-18   325206
  3.008066e+00   1.117920e-15   9.873451e-04   2.017708e-18   324614
  3.011466e+00   1.119965e-15   9.747062e-04   2.049205e-18   314792
  3.014866e+00   1.115843e-15   9.879043e-04   2.048645e-18   314082
  3.018264e+00   1.115725e-15   9.737379e-04   2.074230e-18   303918
  3.021663e+00   1.109038e-15   9.889509e-04   2.049459e-18   303872
  3.025070e+00   1.107077e-15   9.784574e-04   2.091780e-18   295070
  3.028471e+00   1.097423e-15   9.862273e-04   2.067066e-18   292776
  3.031875e+00   1.096672e-15   9.783859e-04   2.098342e-18   285198
  3.035272e+00   1.094906e-15   9.836512e-04   2.106912e-18   282068
  3.038673e+00   1.092867e-15   9.805621e-04   2.122655e-18   276094
  3.042072e+00   1.085241e-15   9.815492e-04   2.117699e-18   271936
  3.045470e+00   1.082513e-15   9.796535e-04   2.134311e-18   266352
  3.048872e+00   1.081120e-15   9.837389e-04   2.134887e-18   263198
  3.052270e+00   1.081234e-15   9.774507e-04   2.162952e-18   256540
  3.055674e+00   1.074663e-15   9.870156e-04   2.179201e-18   254758
  3.059074e+00   1.072425e-15   9.752535e-04   2.183863e-18   246888
  3.062476e+00   1.067323e-15   9.882518e-04   2.184982e-18   245984
  3.065876e+00   1.068691e-15   9.745285e-04   2.215290e-18   237838
  3.069275e+00   1.066856e-15   9.875456e-04   2.216240e-18   236932
  3.072674e+00   1.072443e-15   9.753501e-04   2.259700e-18   229296
  3.076079e+00   1.063893e-15   9.905935e-04   2.238202e-18   228968
  3.079484e+00   1.065088e-15   9.759176e-04   2.297919e-18   220862
  3.082887e+00   1.057737e-15   9.907802e-04   2.265047e-18   220440
  3.086289e+00   1.053971e-15   9.746422e-04   2.306842e-18   212400
  3.089691e+00   1.048479e-15   9.910214e-04   2.304336e-18   212228
  3.093094e+00   1.052773e-15   9.746868e-04   2.344894e-18   204518
  3.096495e+00   1.046400e-15   9.889482e-04   2.334589e-18   203928
  3.099893e+00   1.052917e-15   9.720561e-04   2.395504e-18   196280
  3.103292e+00   1.045536e-15   9.890661e-04   2.377650e-18   196272
  3.106690e+00   1.048984e-15   9.712571e-04   2.424208e-18   188572
  3.110087e+00   1.044211e-15   9.879143e-04   2.417160e-18   188440
  3.113488e+00   1.039607e-15   9.734613e-04   2.449656e-18   181574
  3.116887e+00   1.037637e-15   9.881590e-04   2.444943e-18   180912
  3.120287e+00   1.037290e-15   9.735403e-04   2.518244e-18   174304
  3.123686e+00   1.034715e-15   9.886917e-04   2.502407e-18   173620
  3.127087e+00   1.040249e-15   9.751672e-04   2.556779e-18   167424
  3.130494e+00   1.028900e-15   9.911060e-04   2.532564e-18   166952
  3.133891e+00   1.029494e-15   9.707301e-04   2.590134e-18   159744
  3.137294e+00   1.037758e-15   9.930247e-04   2.599437e-18   160424
  3.140692e+00   1.029617e-15   9.688943e-04   2.644602e-18   152748
  3.144094e+00   1.033726e-15   9.946857e-04   2.640300e-18   153920
  3.147494e+00   1.033697e-15   9.672886e-04   2.709324e-18   146016
  3.150891e+00   1.026150e-15   9.941819e-04   2.681281e-18   147176
  3.154293e+00   1.025173e-15   9.692460e-04   2.748606e-18   139992
  3.157692e+00   1.027553e-15   9.933564e-04   2.745122e-18   140588
  3.161097e+00   1.020142e-15   9.721310e-04   2.802346e-18   134184
  3.164500e+00   1.023934e-15   9.923555e-04   2.798618e-18   134192
  3.167900e+00   1.022155e-15   9.713175e-04   2.879974e-18   127992
  3.171301e+00   1.025649e-15   9.922025e-04   2.839187e-18   128132
  3.174706e+00   1.018642e-15   9.738163e-04   2.925399e-18   122384
  3.178105e+00   1.020156e-15   9.894388e-04   2.910061e-18   121896
  3.181505e+00   1.025130e-15   9.729889e-04   3.004362e-18   116592
  3.184902e+00   1.020644e-15   9.887769e-04   2.976546e-18   116072
  3.188304e+00   1.027001e-15   9.741208e-04   3.093672e-18   111196
  3.191708e+00   1.031987e-15   9.922343e-04   3.074066e-18   110824
  3.195109e+00   1.024174e-15   9.706819e-04   3.188681e-18   105456
  3.198515e+00   1.021015e-15   9.956721e-04   3.139726e-18   105746
  3.201914e+00   1.019501e-15   9.664985e-04   3.237088e-18   99816
  3.205315e+00   1.018854e-15   9.954263e-04   3.184482e-18   100460
  3.208711e+00   1.028034e-15   9.652876e-04   3.357388e-18   94616
  3.212112e+00   1.033308e-15   9.961719e-04   3.368452e-18   95448
  3.215512e+00   1.028411e-15   9.666714e-04   3.417349e-18   89784
  3.218916e+00   1.024039e-15   9.964090e-04   3.385470e-18   90536
  3.222310e+00   1.019905e-15   9.614793e-04   3.499981e-18   84566
  3.225712e+00   1.019227e-15   1.000274e-03   3.461309e-18   86088
  3.229109e+00   1.029528e-15   9.576880e-04   3.628990e-18   79680
  3.232504e+00   1.017143e-15   1.000528e-03   3.586107e-18   81368
  3.235905e+00   1.024133e-15   9.590062e-04   3.731318e-18   75356
  3.239299e+00   1.014906e-15   1.000262e-03   3.703029e-18   76704
  3.242704e+00   1.015465e-15   9.625143e-04   3.802992e-18   71322
  3.246105e+00   1.024392e-15   1.000713e-03   3.845143e-18   72248
  3.249509e+00   1.022964e-15   9.624193e-04   3.968878e-18   67160
  3.252908e+00   1.022833e-15   9.988504e-04   3.910738e-18   67836
  3.256303e+00   1.018052e-15   9.598606e-04   4.067807e-18   62976
  3.259706e+00   1.018434e-15   1.001348e-03   4.024567e-18   63914
  3.263097e+00   1.022123e-15   9.561656e-04   4.232267e-18   58832
  3.266501e+00   1.012096e-15   1.003699e-03   4.108460e-18   60108
  3.269890e+00   1.028393e-15   9.539295e-04   4.381164e-18   54920
  3.273312e+00   1.024462e-15   1.015086e-03   4.302719e-18   56970
  3.276708e+00   1.024822e-15   9.440493e-04   4.558469e-18   50760
  3.280114e+00   1.028169e-15   1.016179e-03   4.443029e-18   53312
  3.283511e+00   1.040210e-15   9.404818e-04   4.797602e-18   47164
  3.286913e+00   1.040345e-15   1.018327e-03   4.672195e-18   49810
  3.290311e+00   1.022016e-15   9.356940e-04   4.886651e-18   43680
  3.293705e+00   1.029611e-15   1.019216e-03   4.832463e-18   46328
  3.297113e+00   1.045941e-15   9.396643e-04   5.139165e-18   40694
  3.300512e+00   1.041217e-15   1.021248e-03   4.962080e-18   42984
  3.303924e+00   1.022415e-15   9.393885e-04   5.331005e-18   37656
  3.307314e+00   1.017798e-15   1.018706e-03   5.139655e-18   39578
  3.310727e+00   1.034609e-15   9.431432e-04   5.550649e-18   34920
  3.314118e+00   1.032253e-15   1.015057e-03   5.394020e-18   36308
  3.317520e+00   1.038702e-15   9.417761e-04   5.798478e-18   32136
  3.320917e+00   1.031926e-15   1.014476e-03   5.657701e-18   33362
  3.324306e+00   1.054264e-15   9.360215e-04   6.195610e-18   29336
  3.327716e+00   1.059447e-15   1.021505e-03   5.960961e-18   30804
  3.331095e+00   1.037804e-15   9.233243e-04   6.420377e-18   26490
  3.334511e+00   1.050454e-15   1.029571e-03   6.241807e-18   28376
  3.337879e+00   1.058267e-15   9.097669e-04   6.992120e-18   23784
  3.341307e+00   1.038211e-15   1.040923e-03   6.452645e-18   26150
  3.344669e+00   1.049520e-15   8.938898e-04   7.203608e-18   21192
  3.348106e+00   1.055700e-15   1.054204e-03   6.766971e-18   24050
  3.351471e+00   1.063378e-15   8.769951e-04   7.685181e-18   18768
  3.354917e+00   1.071494e-15   1.068828e-03   7.162898e-18   22052
  3.358276e+00   1.082899e-15   8.453078e-04   8.394329e-18   16346
  3.361716e+00   1.073772e-15   1.081988e-03   7.682892e-18   20136
  3.365077e+00   1.051545e-15   8.114920e-04   8.744730e-18   14160
  3.368506e+00   1.069054e-15   1.091186e-03   7.912042e-18   18218
  3.371870e+00   1.056106e-15   7.752035e-04   9.335137e-18   12204
  3.375286e+00   1.074911e-15   1.099293e-03   8.441461e-18   16346
  3.378666e+00   1.049044e-15   7.492433e-04   1.006616e-17   10536
  3.382068e+00   1.061989e-15   1.103455e-03   8.736328e-18   14456
  3.385446e+00   1.090345e-15   7.144473e-04   1.152780e-17   8990
  3.388846e+00   1.075860e-15   1.111587e-03   9.484288e-18   12744
  3.392213e+00   1.081859e-15   6.547202e-04   1.226323e-17   7506
  3.395615e+00   1.082261e-15   1.122493e-03   1.000886e-17   11192
  3.398977e+00   1.043266e-15   5.748287e-04   1.329837e-17   6156
  3.402378e+00   1.052755e-15   1.132774e-03   1.092720e-17   9722
  3.405746e+00   1.054553e-15   4.871262e-04   1.456596e-17   4992
  3.409138e+00   1.102487e-15   1.141441e-03   1.214920e-17   8306
  3.412522e+00   1.074728e-15   3.836029e-04   1.699026e-17   3996
  3.415893e+00   1.106708e-15   1.145615e-03   1.347885e-17   6938
  3.419295e+00   1.096903e-15   2.666671e-04   1.926686e-17   3168
  3.422636e+00   1.085915e-15   1.141746e-03   1.519537e-17   5624
  3.426050e+00   1.113751e-15   1.840323e-04   2.141305e-17   2502
  3.429375e+00   1.117713e-15   1.135529e-03   1.618543e-17   4424
  3.432807e+00   1.080794e-15   1.951644e-04   2.426975e-17   1946
  3.436123e+00   1.095720e-15   1.131191e-03   1.958264e-17   3360
  3.439554e+00   1.144226e-15   1.068915e-04   2.862420e-17   1446
  3.442870e+00   1.162721e-15   1.128932e-03   2.393680e-17   2456
  3.446333e+00   1.141273e-15   2.047845e-04   3.343652e-17   1034
  3.449628e+00   1.126971e-15   1.127267e-03   2.674924e-17   1680
  3.453085e+00   9.776645e-16   5.107876e-05   3.963954e-17   678
  3.456375e+00   1.114474e-15   1.125846e-03   3.402531e-17   1064
  3.459905e+00   1.066065e-15   3.097621e-04   5.250246e-17   410
  3.463134e+00   1.007344e-15   1.124156e-03   4.510029e-17   576
  3.466644e+00   1.147121e-15   1.623447e-05   8.287466e-17   198
  3.469837e+00   1.177292e-15   1.113683e-03   6.569820e-17   248
  3.473678e+00   1.126154e-15   7.017054e-04   1.157705e-16   74
  3.476548e+00   1.019627e-15   1.096056e-03   1.470203e-16   48
  3.480229e+00   5.815394e-16   4.404833e-08   1.952389e-16   6
