# power spectrum of pi_k * H (dimensionless)
# redshift z=99.597220
# k              Pk             sigma(k)       sigma(Pk)      count
  5.011399e-03   1.485355e-10   7.667927e-04   3.244085e-11   18
  8.760343e-03   2.604449e-10   9.274321e-04   3.716761e-11   62
  1.219264e-02   1.908470e-10   6.415737e-04   2.341061e-11   90
  1.544208e-02   1.885137e-10   1.012578e-03   1.243038e-11   170
  1.882375e-02   1.455731e-10   1.052445e-03   9.054914e-12   246
  2.212586e-02   1.130453e-10   1.003365e-03   6.315697e-12   338
  2.538461e-02   1.055607e-10   8.625369e-04   5.205661e-12   432
  2.874098e-02   8.602210e-11   8.837915e-04   3.902679e-12   578
  3.227171e-02   6.653502e-11   1.029950e-03   2.423396e-12   786
  3.588781e-02   5.185551e-11   1.042120e-03   1.661499e-12   974
  3.927835e-02   4.372645e-11   9.024764e-04   1.383458e-12   1002
  4.262088e-02   3.933141e-11   1.031890e-03   1.040290e-12   1334
  4.605629e-02   3.180135e-11   9.928413e-04   8.660476e-13   1458
  4.927148e-02   2.861894e-11   9.383900e-04   7.069908e-13   1604
  5.258888e-02   2.530005e-11   9.527568e-04   6.097287e-13   1974
  5.604245e-02   2.315664e-11   9.344901e-04   4.927860e-13   2234
  5.946160e-02   2.077147e-11   9.563349e-04   4.279368e-13   2490
  6.298673e-02   1.889327e-11   1.050190e-03   3.546637e-13   3014
  6.645970e-02   1.734258e-11   9.569094e-04   3.152774e-13   3018
  6.980659e-02   1.581582e-11   9.901480e-04   2.714223e-13   3446
  7.314650e-02   1.417315e-11   9.499151e-04   2.377975e-13   3626
  7.649254e-02   1.262871e-11   9.848619e-04   1.971261e-13   4164
  7.989286e-02   1.178188e-11   9.543971e-04   1.808695e-13   4470
  8.331432e-02   1.050959e-11   9.760154e-04   1.531460e-13   4970
  8.675810e-02   9.631423e-12   9.868635e-04   1.298131e-13   5366
  9.019370e-02   8.308204e-12   1.001451e-03   1.061170e-13   5778
  9.359169e-02   7.815029e-12   1.005504e-03   9.917979e-14   6162
  9.700871e-02   6.896299e-12   1.013488e-03   8.714659e-14   6734
  1.003455e-01   6.267154e-12   9.405356e-04   7.514963e-14   6756
  1.036446e-01   5.755905e-12   9.524971e-04   6.413948e-14   7502
  1.070531e-01   5.376366e-12   9.671949e-04   5.956680e-14   8154
  1.104660e-01   4.910558e-12   9.653722e-04   5.349642e-14   8618
  1.139171e-01   4.671949e-12   1.003323e-03   4.857209e-14   9390
  1.173547e-01   4.488299e-12   9.852535e-04   4.571377e-14   9722
  1.207545e-01   4.082662e-12   9.860810e-04   4.066638e-14   10242
  1.241631e-01   3.874403e-12   1.005600e-03   3.632192e-14   11006
  1.275555e-01   3.747034e-12   9.685920e-04   3.561343e-14   11348
  1.309504e-01   3.478083e-12   9.675094e-04   3.117581e-14   12150
  1.343269e-01   3.267180e-12   9.435547e-04   3.006798e-14   12498
  1.377313e-01   3.111900e-12   9.886530e-04   2.648410e-14   13586
  1.411459e-01   2.858040e-12   9.905633e-04   2.445230e-14   14006
  1.445833e-01   2.694274e-12   1.020453e-03   2.143127e-14   15162
  1.479823e-01   2.476533e-12   9.640349e-04   2.026099e-14   14990
  1.513532e-01   2.304419e-12   1.000250e-03   1.808890e-14   16380
  1.547534e-01   2.152091e-12   9.673831e-04   1.661459e-14   16666
  1.581272e-01   2.036954e-12   9.715542e-04   1.556754e-14   17638
  1.615246e-01   1.881492e-12   9.629562e-04   1.407496e-14   18354
  1.649122e-01   1.766955e-12   9.648100e-04   1.289699e-14   19034
  1.683224e-01   1.700334e-12   1.001264e-03   1.188218e-14   20270
  1.717777e-01   1.634551e-12   1.011461e-03   1.115483e-14   21258
  1.751873e-01   1.557708e-12   9.729108e-04   1.059121e-14   21350
  1.785755e-01   1.451944e-12   9.827640e-04   9.805757e-15   22644
  1.819721e-01   1.402703e-12   9.637913e-04   9.279640e-15   23114
  1.853591e-01   1.359614e-12   9.784818e-04   8.807822e-15   24342
  1.887709e-01   1.290476e-12   9.779824e-04   8.108611e-15   25194
  1.921706e-01   1.253438e-12   9.766706e-04   7.925277e-15   25982
  1.955383e-01   1.201877e-12   9.708990e-04   7.389224e-15   26506
  1.989580e-01   1.140820e-12   1.021831e-03   6.828214e-15   28738
  2.023656e-01   1.079463e-12   9.717245e-04   6.459237e-15   28296
  2.057704e-01   1.016912e-12   1.000845e-03   5.788853e-15   30554
  2.091688e-01   9.626213e-13   9.485901e-04   5.548153e-15   30094
  2.125221e-01   9.356936e-13   9.710923e-04   5.246535e-15   31738
  2.159356e-01   8.748434e-13   9.929033e-04   4.860350e-15   33306
  2.193286e-01   8.454438e-13   9.661337e-04   4.592582e-15   33422
  2.227194e-01   8.045302e-13   9.900859e-04   4.312636e-15   35298
  2.261624e-01   7.636240e-13   1.000185e-03   4.003396e-15   36650
  2.295712e-01   7.299021e-13   9.760902e-04   3.790875e-15   36888
  2.329819e-01   6.965583e-13   9.904086e-04   3.507250e-15   38834
  2.363985e-01   6.680237e-13   9.689353e-04   3.396195e-15   39246
  2.397896e-01   6.507941e-13   9.728047e-04   3.252099e-15   40466
  2.431611e-01   6.246511e-13   9.698523e-04   3.045957e-15   41106
  2.465616e-01   5.986763e-13   1.002402e-03   2.872189e-15   43598
  2.499729e-01   5.819511e-13   9.767696e-04   2.804431e-15   43650
  2.533537e-01   5.617691e-13   9.807939e-04   2.629518e-15   45272
  2.567753e-01   5.406729e-13   9.902728e-04   2.497706e-15   46994
  2.601932e-01   5.305375e-13   9.838031e-04   2.403475e-15   47850
  2.635891e-01   5.029040e-13   9.763755e-04   2.283718e-15   48846
  2.669651e-01   4.869712e-13   9.674364e-04   2.194425e-15   49706
  2.703341e-01   4.671372e-13   9.741070e-04   2.066932e-15   51198
  2.737406e-01   4.472298e-13   9.924828e-04   1.935972e-15   53402
  2.771371e-01   4.355509e-13   9.722520e-04   1.921313e-15   53634
  2.805624e-01   4.149918e-13   1.000830e-03   1.733661e-15   56888
  2.839916e-01   3.992338e-13   9.684451e-04   1.684882e-15   56474
  2.874008e-01   3.850275e-13   9.892805e-04   1.586467e-15   58962
  2.908071e-01   3.673008e-13   9.753894e-04   1.511042e-15   59214
  2.941982e-01   3.617852e-13   9.869673e-04   1.455642e-15   61250
  2.975821e-01   3.484358e-13   9.719144e-04   1.402602e-15   61694
  3.009545e-01   3.371578e-13   9.802014e-04   1.340598e-15   63618
  3.043698e-01   3.263280e-13   9.975679e-04   1.263793e-15   66284
  3.077980e-01   3.164731e-13   9.829085e-04   1.221883e-15   67014
  3.111933e-01   3.036617e-13   9.745070e-04   1.168039e-15   67930
  3.145950e-01   2.961667e-13   9.864977e-04   1.118307e-15   70294
  3.179925e-01   2.910061e-13   9.751208e-04   1.089130e-15   70658
  3.213649e-01   2.821264e-13   9.817106e-04   1.059542e-15   72522
  3.247596e-01   2.702187e-13   9.844648e-04   9.929218e-16   74550
  3.281564e-01   2.627670e-13   9.737283e-04   9.553278e-16   75674
  3.315542e-01   2.562552e-13   9.772401e-04   9.185081e-16   77708
  3.349903e-01   2.467653e-13   9.941667e-04   8.614369e-16   80622
  3.384102e-01   2.391107e-13   9.737086e-04   8.505046e-16   80330
  3.418120e-01   2.321831e-13   9.872349e-04   8.132779e-16   82974
  3.452149e-01   2.241675e-13   9.787907e-04   7.789982e-16   83666
  3.486074e-01   2.184911e-13   9.855947e-04   7.462694e-16   85746
  3.519919e-01   2.097630e-13   9.786235e-04   7.109873e-16   86702
  3.553849e-01   2.045460e-13   9.853848e-04   6.778182e-16   89556
  3.587998e-01   1.982784e-13   9.787040e-04   6.576061e-16   91038
  3.622049e-01   1.948586e-13   9.781806e-04   6.416309e-16   92522
  3.655984e-01   1.880771e-13   9.796226e-04   6.173817e-16   94034
  3.690238e-01   1.826980e-13   1.002172e-03   5.844241e-16   97758
  3.724152e-01   1.789829e-13   9.656500e-04   5.810843e-16   95770
  3.757798e-01   1.733641e-13   9.833165e-04   5.541310e-16   99646
  3.791725e-01   1.699466e-13   9.759165e-04   5.362957e-16   100980
  3.825817e-01   1.647322e-13   9.863738e-04   5.141716e-16   104258
  3.859962e-01   1.593727e-13   9.755460e-04   4.953647e-16   104998
  3.894080e-01   1.558723e-13   9.835643e-04   4.760466e-16   107866
  3.928147e-01   1.524734e-13   9.740361e-04   4.642313e-16   108154
  3.962141e-01   1.490720e-13   9.934490e-04   4.456943e-16   111622
  3.996192e-01   1.450127e-13   9.826041e-04   4.341029e-16   112146
  4.030012e-01   1.421595e-13   9.795782e-04   4.203967e-16   114014
  4.063885e-01   1.368100e-13   9.764181e-04   4.023657e-16   116220
  4.097904e-01   1.339469e-13   9.798152e-04   3.857631e-16   118682
  4.132005e-01   1.305142e-13   9.857802e-04   3.769484e-16   121118
  4.166179e-01   1.265205e-13   9.842070e-04   3.629068e-16   122994
  4.200138e-01   1.228115e-13   9.755040e-04   3.506121e-16   123574
  4.234089e-01   1.211456e-13   9.898661e-04   3.408028e-16   126922
  4.268043e-01   1.176438e-13   9.841431e-04   3.298613e-16   127906
  4.301921e-01   1.142946e-13   9.815465e-04   3.169173e-16   130432
  4.335917e-01   1.120096e-13   9.754601e-04   3.065301e-16   132642
  4.369913e-01   1.094664e-13   9.719503e-04   2.976885e-16   134534
  4.404018e-01   1.071498e-13   9.840871e-04   2.890651e-16   137778
  4.438343e-01   1.044879e-13   9.933984e-04   2.786450e-16   140786
  4.472374e-01   1.018419e-13   9.717922e-04   2.719496e-16   139590
  4.506229e-01   9.966031e-14   9.849166e-04   2.638943e-16   143546
  4.540257e-01   9.744316e-14   9.844996e-04   2.557473e-16   145338
  4.574181e-01   9.550779e-14   9.804237e-04   2.484894e-16   147272
  4.608205e-01   9.251699e-14   9.820431e-04   2.401522e-16   150330
  4.642299e-01   9.036198e-14   9.784546e-04   2.305916e-16   152318
  4.676229e-01   8.869460e-14   9.721829e-04   2.262883e-16   153202
  4.710338e-01   8.601985e-14   9.963562e-04   2.162962e-16   158626
  4.744395e-01   8.461651e-14   9.772483e-04   2.139289e-16   157350
  4.778318e-01   8.216767e-14   9.898002e-04   2.058709e-16   161906
  4.812140e-01   8.117514e-14   9.669369e-04   2.040601e-16   160872
  4.846116e-01   7.927636e-14   9.917034e-04   1.943190e-16   167858
  4.880280e-01   7.803052e-14   9.756048e-04   1.910264e-16   167514
  4.914175e-01   7.545488e-14   9.745776e-04   1.818196e-16   169862
  4.948220e-01   7.387794e-14   9.838968e-04   1.786349e-16   173602
  4.982323e-01   7.268314e-14   9.830917e-04   1.720322e-16   175258
  5.016339e-01   7.081961e-14   9.862687e-04   1.690262e-16   177654
  5.050410e-01   6.946182e-14   9.895807e-04   1.623687e-16   180698
  5.084427e-01   6.775499e-14   9.791290e-04   1.589625e-16   181968
  5.118414e-01   6.689930e-14   9.787235e-04   1.551573e-16   184850
  5.152392e-01   6.541956e-14   9.792509e-04   1.514275e-16   187034
  5.186493e-01   6.394317e-14   9.887200e-04   1.464177e-16   191238
  5.220519e-01   6.278366e-14   9.768042e-04   1.434967e-16   191042
  5.254432e-01   6.141142e-14   9.855000e-04   1.387753e-16   195102
  5.288335e-01   6.011885e-14   9.778254e-04   1.357691e-16   195786
  5.322301e-01   5.878827e-14   9.901932e-04   1.299357e-16   201164
  5.356296e-01   5.791704e-14   9.735643e-04   1.298873e-16   201070
  5.390212e-01   5.629312e-14   9.785171e-04   1.237012e-16   205234
  5.424222e-01   5.560944e-14   9.768081e-04   1.223335e-16   207342
  5.458239e-01   5.421431e-14   9.815179e-04   1.176117e-16   210602
  5.492295e-01   5.316548e-14   9.836776e-04   1.153927e-16   213130
  5.526459e-01   5.217306e-14   9.915409e-04   1.117712e-16   217318
  5.560456e-01   5.115955e-14   9.743530e-04   1.098148e-16   216306
  5.594305e-01   4.998334e-14   9.794774e-04   1.065283e-16   220652
  5.628376e-01   4.924597e-14   9.842473e-04   1.043063e-16   224502
  5.662522e-01   4.845051e-14   9.844461e-04   1.020734e-16   227186
  5.696552e-01   4.717325e-14   9.784190e-04   9.850946e-17   228398
  5.730519e-01   4.636205e-14   9.819770e-04   9.617306e-17   231642
  5.764475e-01   4.548354e-14   9.824176e-04   9.414521e-17   233946
  5.798545e-01   4.493834e-14   9.913361e-04   9.224186e-17   238694
  5.832493e-01   4.404533e-14   9.753099e-04   8.995718e-17   238068
  5.866460e-01   4.331022e-14   9.835365e-04   8.767378e-17   244190
  5.900561e-01   4.210806e-14   9.771578e-04   8.504145e-17   245362
  5.934524e-01   4.171193e-14   9.800894e-04   8.355411e-17   248362
  5.968555e-01   4.082070e-14   9.839452e-04   8.108331e-17   251966
  6.002586e-01   4.027713e-14   9.805677e-04   7.967210e-17   254034
  6.036498e-01   3.944893e-14   9.775259e-04   7.840047e-17   255818
  6.070559e-01   3.841781e-14   9.912862e-04   7.526835e-17   262254
  6.104632e-01   3.819652e-14   9.773523e-04   7.459657e-17   261980
  6.138753e-01   3.729983e-14   9.883425e-04   7.212154e-17   268566
  6.172721e-01   3.673980e-14   9.667501e-04   7.121516e-17   265538
  6.206625e-01   3.615903e-14   9.869997e-04   6.897904e-17   273330
  6.240644e-01   3.529654e-14   9.812963e-04   6.770423e-17   273718
  6.274686e-01   3.463429e-14   9.910705e-04   6.560246e-17   279658
  6.308738e-01   3.437204e-14   9.800215e-04   6.505614e-17   279670
  6.342612e-01   3.362596e-14   9.791793e-04   6.336298e-17   282964
  6.376657e-01   3.294504e-14   9.856782e-04   6.184865e-17   288362
  6.410723e-01   3.242418e-14   9.787866e-04   6.047345e-17   289686
  6.444666e-01   3.199452e-14   9.767056e-04   5.944294e-17   292234
  6.478513e-01   3.132312e-14   9.736693e-04   5.786938e-17   294190
  6.512490e-01   3.081245e-14   9.869325e-04   5.630224e-17   300642
  6.546619e-01   3.036956e-14   9.871013e-04   5.513085e-17   303386
  6.580612e-01   2.970652e-14   9.793499e-04   5.375406e-17   304662
  6.614636e-01   2.919882e-14   9.820034e-04   5.270898e-17   309812
  6.648699e-01   2.871397e-14   9.779067e-04   5.164428e-17   311714
  6.682854e-01   2.832691e-14   9.889859e-04   5.026008e-17   318126
  6.716848e-01   2.786929e-14   9.721561e-04   4.957255e-17   315114
  6.750728e-01   2.739308e-14   9.862501e-04   4.832466e-17   322622
  6.784691e-01   2.698118e-14   9.775093e-04   4.763188e-17   322850
  6.818689e-01   2.646345e-14   9.897138e-04   4.604007e-17   329802
  6.852751e-01   2.609742e-14   9.833693e-04   4.549234e-17   331104
  6.886859e-01   2.578246e-14   9.866565e-04   4.451200e-17   336986
  6.920888e-01   2.524799e-14   9.721728e-04   4.368613e-17   335870
  6.954811e-01   2.478732e-14   9.807544e-04   4.249022e-17   341610
  6.988813e-01   2.442636e-14   9.817106e-04   4.172263e-17   344370
  7.022777e-01   2.412828e-14   9.819315e-04   4.118864e-17   347606
  7.056775e-01   2.367426e-14   9.835290e-04   3.995356e-17   351650
  7.090743e-01   2.336769e-14   9.788224e-04   3.927628e-17   353760
  7.124835e-01   2.297346e-14   9.883067e-04   3.824055e-17   360970
  7.159021e-01   2.266862e-14   9.827333e-04   3.770252e-17   362818
  7.192956e-01   2.227501e-14   9.713759e-04   3.691474e-17   362334
  7.226987e-01   2.189033e-14   9.881791e-04   3.600168e-17   371642
  7.260991e-01   2.156629e-14   9.752613e-04   3.571269e-17   368778
  7.294880e-01   2.129944e-14   9.876514e-04   3.479889e-17   376526
  7.328875e-01   2.089570e-14   9.811641e-04   3.410179e-17   377786
  7.362841e-01   2.063193e-14   9.830834e-04   3.346472e-17   382968
  7.396876e-01   2.033167e-14   9.807196e-04   3.270819e-17   386146
  7.430940e-01   2.008923e-14   9.835434e-04   3.210068e-17   390826
  7.464968e-01   1.973099e-14   9.797536e-04   3.156405e-17   392662
  7.499014e-01   1.946649e-14   9.850939e-04   3.086345e-17   398242
  7.532920e-01   1.912500e-14   9.729755e-04   3.036125e-17   396726
  7.566809e-01   1.888992e-14   9.841245e-04   2.969557e-17   404738
  7.600831e-01   1.859683e-14   9.825351e-04   2.914460e-17   407628
  7.634852e-01   1.826181e-14   9.813443e-04   2.853367e-17   411734
  7.668845e-01   1.801457e-14   9.775056e-04   2.797920e-17   414242
  7.702939e-01   1.775726e-14   9.855270e-04   2.741070e-17   421434
  7.737042e-01   1.745542e-14   9.802386e-04   2.691105e-17   421918
  7.771088e-01   1.731568e-14   9.872890e-04   2.658347e-17   427810
  7.805138e-01   1.698879e-14   9.826568e-04   2.586688e-17   429470
  7.839079e-01   1.679312e-14   9.797011e-04   2.559801e-17   432282
  7.873028e-01   1.653285e-14   9.821433e-04   2.500715e-17   437260
  7.907010e-01   1.632573e-14   9.806539e-04   2.460787e-17   440758
  7.941053e-01   1.614497e-14   9.841811e-04   2.411478e-17   446370
  7.975164e-01   1.580893e-14   9.834504e-04   2.356715e-17   450182
  8.009127e-01   1.557479e-14   9.757493e-04   2.329716e-17   449850
  8.043077e-01   1.536454e-14   9.864375e-04   2.269946e-17   457898
  8.077063e-01   1.517317e-14   9.796531e-04   2.243637e-17   458662
  8.111019e-01   1.497995e-14   9.815065e-04   2.202000e-17   464620
  8.144977e-01   1.475061e-14   9.750269e-04   2.169590e-17   466302
  8.179011e-01   1.456029e-14   9.839993e-04   2.114017e-17   474314
  8.213073e-01   1.435856e-14   9.800182e-04   2.081077e-17   475530
  8.247179e-01   1.415846e-14   9.879200e-04   2.036443e-17   483206
  8.281287e-01   1.398171e-14   9.814603e-04   2.013320e-17   483530
  8.315249e-01   1.381213e-14   9.809161e-04   1.977576e-17   487002
  8.349221e-01   1.363230e-14   9.835509e-04   1.940582e-17   491774
  8.383178e-01   1.339400e-14   9.804529e-04   1.906619e-17   495084
  8.417151e-01   1.323036e-14   9.794333e-04   1.872913e-17   499438
  8.451164e-01   1.303698e-14   9.820615e-04   1.838774e-17   504682
  8.485188e-01   1.286235e-14   9.813126e-04   1.807283e-17   507738
  8.519281e-01   1.271850e-14   9.891488e-04   1.782469e-17   515174
  8.553313e-01   1.256735e-14   9.796328e-04   1.753895e-17   514234
  8.587212e-01   1.238313e-14   9.795185e-04   1.724786e-17   519022
  8.621117e-01   1.216260e-14   9.776207e-04   1.677293e-17   522636
  8.655093e-01   1.204536e-14   9.815215e-04   1.653082e-17   529442
  8.689165e-01   1.189424e-14   9.823162e-04   1.628566e-17   534078
  8.723203e-01   1.172645e-14   9.785977e-04   1.602220e-17   536666
  8.757149e-01   1.155985e-14   9.771268e-04   1.576004e-17   539142
  8.791253e-01   1.140033e-14   9.924057e-04   1.544834e-17   550658
  8.825379e-01   1.131243e-14   9.816929e-04   1.530915e-17   548298
  8.859333e-01   1.114449e-14   9.826669e-04   1.499676e-17   553694
  8.893272e-01   1.100200e-14   9.768278e-04   1.476243e-17   556116
  8.927312e-01   1.084965e-14   9.844199e-04   1.445589e-17   564890
  8.961296e-01   1.067937e-14   9.766230e-04   1.422327e-17   563718
  8.995313e-01   1.058596e-14   9.874972e-04   1.394369e-17   574298
  9.029379e-01   1.046847e-14   9.804817e-04   1.384799e-17   573966
  9.063376e-01   1.035009e-14   9.852707e-04   1.362384e-17   580586
  9.097364e-01   1.019614e-14   9.817750e-04   1.339216e-17   582666
  9.131388e-01   1.006562e-14   9.852143e-04   1.310430e-17   590648
  9.165400e-01   9.927359e-15   9.754677e-04   1.293878e-17   590394
  9.199310e-01   9.797629e-15   9.770986e-04   1.267928e-17   596174
  9.233301e-01   9.695187e-15   9.802065e-04   1.248525e-17   601674
  9.267350e-01   9.562126e-15   9.846832e-04   1.228375e-17   607682
  9.301415e-01   9.450273e-15   9.838059e-04   1.210912e-17   611166
  9.335460e-01   9.362361e-15   9.835863e-04   1.191627e-17   615626
  9.369426e-01   9.238262e-15   9.795239e-04   1.175063e-17   617290
  9.403431e-01   9.088927e-15   9.852598e-04   1.149580e-17   626344
  9.437456e-01   9.009089e-15   9.776145e-04   1.140790e-17   626658
  9.471442e-01   8.910846e-15   9.821583e-04   1.119468e-17   634022
  9.505394e-01   8.763116e-15   9.766085e-04   1.098298e-17   634554
  9.539406e-01   8.669563e-15   9.874089e-04   1.077516e-17   645026
  9.573433e-01   8.566429e-15   9.821401e-04   1.064444e-17   645102
  9.607439e-01   8.462487e-15   9.860849e-04   1.046183e-17   653018
  9.641443e-01   8.367238e-15   9.792030e-04   1.031422e-17   654384
  9.675485e-01   8.253808e-15   9.834130e-04   1.014037e-17   663194
  9.709524e-01   8.200163e-15   9.778786e-04   1.005962e-17   663834
  9.743471e-01   8.049437e-15   9.789463e-04   9.851441e-18   669158
  9.777459e-01   7.963582e-15   9.805686e-04   9.689302e-18   674490
  9.811412e-01   7.879259e-15   9.786140e-04   9.571329e-18   677222
  9.845441e-01   7.822896e-15   9.871972e-04   9.473370e-18   686874
  9.879558e-01   7.714098e-15   9.859594e-04   9.294223e-18   690722
  9.913572e-01   7.618403e-15   9.790433e-04   9.200894e-18   692008
  9.947624e-01   7.512697e-15   9.840929e-04   8.966551e-18   701386
  9.981657e-01   7.445147e-15   9.773767e-04   8.906555e-18   700778
  1.001563e+00   7.337496e-15   9.829030e-04   8.696503e-18   708774
  1.004963e+00   7.259754e-15   9.817412e-04   8.623725e-18   711690
  1.008366e+00   7.171893e-15   9.861014e-04   8.449103e-18   719606
  1.011761e+00   7.101031e-15   9.768322e-04   8.365793e-18   717762
  1.015158e+00   7.015459e-15   9.862327e-04   8.167100e-18   730460
  1.018564e+00   6.935352e-15   9.793539e-04   8.089005e-18   731070
  1.021972e+00   6.839690e-15   9.851635e-04   7.936002e-18   741170
  1.025372e+00   6.789487e-15   9.730396e-04   7.907800e-18   737094
  1.028764e+00   6.714172e-15   9.820777e-04   7.791610e-18   747698
  1.032166e+00   6.616501e-15   9.825085e-04   7.650485e-18   751658
  1.035563e+00   6.555454e-15   9.813994e-04   7.557244e-18   755574
  1.038960e+00   6.480777e-15   9.819736e-04   7.435944e-18   761442
  1.042370e+00   6.396819e-15   9.859386e-04   7.279332e-18   770816
  1.045775e+00   6.367562e-15   9.778469e-04   7.274853e-18   769274
  1.049181e+00   6.255901e-15   9.883345e-04   7.081352e-18   782130
  1.052579e+00   6.205430e-15   9.735264e-04   7.024490e-18   775230
  1.055972e+00   6.116690e-15   9.857792e-04   6.887130e-18   789866
  1.059371e+00   6.058526e-15   9.785659e-04   6.826665e-18   787914
  1.062768e+00   6.001048e-15   9.871968e-04   6.711400e-18   799598
  1.066175e+00   5.921019e-15   9.836410e-04   6.605763e-18   802980
  1.069574e+00   5.856999e-15   9.780653e-04   6.528723e-18   805622
  1.072972e+00   5.799529e-15   9.797707e-04   6.456563e-18   812050
  1.076379e+00   5.733531e-15   9.852802e-04   6.338963e-18   820954
  1.079781e+00   5.673848e-15   9.789326e-04   6.253188e-18   820062
  1.083172e+00   5.601153e-15   9.799094e-04   6.155138e-18   826298
  1.086570e+00   5.560906e-15   9.815876e-04   6.102276e-18   833118
  1.089963e+00   5.495589e-15   9.774947e-04   6.011377e-18   834812
  1.093365e+00   5.446241e-15   9.859628e-04   5.903594e-18   847858
  1.096785e+00   5.376263e-15   9.865115e-04   5.805887e-18   854278
  1.100190e+00   5.318999e-15   9.767209e-04   5.757806e-18   850978
  1.103586e+00   5.268142e-15   9.814764e-04   5.686049e-18   859186
  1.106990e+00   5.200651e-15   9.865569e-04   5.589475e-18   867126
  1.110391e+00   5.154413e-15   9.816501e-04   5.540051e-18   868274
  1.113785e+00   5.089705e-15   9.808544e-04   5.460879e-18   873606
  1.117179e+00   5.039181e-15   9.794732e-04   5.386946e-18   879284
  1.120580e+00   4.996646e-15   9.820603e-04   5.314781e-18   887170
  1.123993e+00   4.945035e-15   9.876068e-04   5.234290e-18   897526
  1.127401e+00   4.878712e-15   9.778886e-04   5.156970e-18   894258
  1.130799e+00   4.843866e-15   9.823745e-04   5.093912e-18   903374
  1.134195e+00   4.789532e-15   9.785328e-04   5.033317e-18   904338
  1.137590e+00   4.738346e-15   9.832540e-04   4.946677e-18   913586
  1.140984e+00   4.699328e-15   9.783814e-04   4.924872e-18   915416
  1.144387e+00   4.638791e-15   9.836903e-04   4.825107e-18   928122
  1.147789e+00   4.592870e-15   9.757713e-04   4.774745e-18   926094
  1.151197e+00   4.556040e-15   9.888312e-04   4.695181e-18   942890
  1.154606e+00   4.498448e-15   9.789734e-04   4.642664e-18   937266
  1.158004e+00   4.453143e-15   9.856923e-04   4.581114e-18   948854
  1.161404e+00   4.405824e-15   9.801062e-04   4.526564e-18   948714
  1.164797e+00   4.360105e-15   9.823513e-04   4.470908e-18   956186
  1.168197e+00   4.323222e-15   9.838881e-04   4.406736e-18   964272
  1.171602e+00   4.270600e-15   9.813885e-04   4.343139e-18   969458
  1.175002e+00   4.231235e-15   9.785094e-04   4.293232e-18   972750
  1.178405e+00   4.192454e-15   9.839022e-04   4.231511e-18   982706
  1.181806e+00   4.150229e-15   9.798755e-04   4.185010e-18   982906
  1.185211e+00   4.104767e-15   9.881427e-04   4.106165e-18   996622
  1.188612e+00   4.056144e-15   9.782401e-04   4.077405e-18   992378
  1.191999e+00   4.024590e-15   9.775059e-04   4.013628e-18   999000
  1.195397e+00   3.979876e-15   9.817623e-04   3.959924e-18   1010114
  1.198803e+00   3.946197e-15   9.815316e-04   3.924876e-18   1015722
  1.202205e+00   3.904951e-15   9.793783e-04   3.869783e-18   1018742
  1.205613e+00   3.871762e-15   9.864495e-04   3.813177e-18   1031250
  1.209016e+00   3.823746e-15   9.786533e-04   3.777179e-18   1027226
  1.212413e+00   3.790965e-15   9.856307e-04   3.719445e-18   1039734
  1.215813e+00   3.760737e-15   9.805725e-04   3.686602e-18   1039914
  1.219210e+00   3.724788e-15   9.832224e-04   3.629922e-18   1050272
  1.222609e+00   3.678425e-15   9.777885e-04   3.582792e-18   1052306
  1.226010e+00   3.652820e-15   9.820199e-04   3.543297e-18   1062666
  1.229414e+00   3.602349e-15   9.821012e-04   3.491349e-18   1067262
  1.232818e+00   3.583872e-15   9.834577e-04   3.460907e-18   1073906
  1.236220e+00   3.539382e-15   9.821555e-04   3.420937e-18   1078190
  1.239623e+00   3.508652e-15   9.835287e-04   3.359656e-18   1085634
  1.243018e+00   3.475601e-15   9.777743e-04   3.337226e-18   1085508
  1.246420e+00   3.434115e-15   9.857694e-04   3.269181e-18   1101926
  1.249823e+00   3.401993e-15   9.765533e-04   3.245463e-18   1098322
  1.253220e+00   3.375875e-15   9.810493e-04   3.204334e-18   1109878
  1.256626e+00   3.344336e-15   9.822346e-04   3.170969e-18   1115338
  1.260031e+00   3.307775e-15   9.850685e-04   3.128333e-18   1122586
  1.263434e+00   3.278023e-15   9.828803e-04   3.086042e-18   1125862
  1.266833e+00   3.251194e-15   9.826042e-04   3.057535e-18   1132498
  1.270230e+00   3.216237e-15   9.794882e-04   3.026689e-18   1135444
  1.273627e+00   3.186718e-15   9.822580e-04   2.971231e-18   1145374
  1.277031e+00   3.151383e-15   9.829599e-04   2.933490e-18   1152698
  1.280435e+00   3.125481e-15   9.811808e-04   2.906924e-18   1157046
  1.283832e+00   3.100615e-15   9.792543e-04   2.877715e-18   1160226
  1.287236e+00   3.069354e-15   9.867747e-04   2.826517e-18   1174346
  1.290638e+00   3.045123e-15   9.799098e-04   2.818419e-18   1171462
  1.294035e+00   3.003687e-15   9.835292e-04   2.762141e-18   1183828
  1.297431e+00   2.989156e-15   9.751511e-04   2.746358e-18   1181822
  1.300825e+00   2.954226e-15   9.806813e-04   2.701943e-18   1194930
  1.304229e+00   2.928975e-15   9.822693e-04   2.669266e-18   1202010
  1.307632e+00   2.896076e-15   9.818508e-04   2.640321e-18   1207166
  1.311036e+00   2.874699e-15   9.828798e-04   2.611237e-18   1214106
  1.314433e+00   2.848061e-15   9.789042e-04   2.583151e-18   1215302
  1.317833e+00   2.820593e-15   9.858329e-04   2.541305e-18   1229274
  1.321244e+00   2.802074e-15   9.860143e-04   2.525348e-18   1236164
  1.324647e+00   2.769751e-15   9.790511e-04   2.499214e-18   1235326
  1.328043e+00   2.751815e-15   9.802315e-04   2.470886e-18   1244026
  1.331441e+00   2.721394e-15   9.803347e-04   2.435576e-18   1249154
  1.334844e+00   2.696193e-15   9.852720e-04   2.408474e-18   1260558
  1.338244e+00   2.668874e-15   9.799856e-04   2.376067e-18   1260394
  1.341646e+00   2.654564e-15   9.851173e-04   2.352408e-18   1274758
  1.345044e+00   2.620801e-15   9.761448e-04   2.320413e-18   1270188
  1.348447e+00   2.602947e-15   9.870074e-04   2.289920e-18   1291202
  1.351849e+00   2.580977e-15   9.757557e-04   2.282508e-18   1282654
  1.355244e+00   2.556636e-15   9.819229e-04   2.242749e-18   1298242
  1.358647e+00   2.536574e-15   9.803455e-04   2.217187e-18   1301774
  1.362047e+00   2.510379e-15   9.827693e-04   2.195547e-18   1309770
  1.365448e+00   2.486746e-15   9.830640e-04   2.168898e-18   1315714
  1.368852e+00   2.460939e-15   9.843087e-04   2.137193e-18   1325110
  1.372253e+00   2.442868e-15   9.790721e-04   2.122353e-18   1326012
  1.375652e+00   2.417478e-15   9.818283e-04   2.094076e-18   1336154
  1.379060e+00   2.397849e-15   9.856646e-04   2.065973e-18   1347334
  1.382463e+00   2.376195e-15   9.798090e-04   2.046932e-18   1345354
  1.385854e+00   2.355844e-15   9.796108e-04   2.028876e-18   1350998
  1.389254e+00   2.333977e-15   9.851001e-04   2.001389e-18   1365546
  1.392658e+00   2.319320e-15   9.818266e-04   1.980167e-18   1367474
  1.396060e+00   2.295794e-15   9.832315e-04   1.954770e-18   1377984
  1.399461e+00   2.276261e-15   9.785308e-04   1.941353e-18   1379394
  1.402863e+00   2.260404e-15   9.826740e-04   1.919932e-18   1392230
  1.406265e+00   2.234405e-15   9.788975e-04   1.896503e-18   1392634
  1.409662e+00   2.221258e-15   9.821355e-04   1.878035e-18   1402666
  1.413062e+00   2.199776e-15   9.819858e-04   1.857735e-18   1408502
  1.416462e+00   2.176908e-15   9.817857e-04   1.829675e-18   1415418
  1.419855e+00   2.163713e-15   9.774342e-04   1.824622e-18   1416856
  1.423264e+00   2.144537e-15   9.894876e-04   1.785851e-18   1442002
  1.426674e+00   2.122224e-15   9.781259e-04   1.773977e-18   1431634
  1.430071e+00   2.103529e-15   9.822615e-04   1.749776e-18   1444606
  1.433469e+00   2.092336e-15   9.789194e-04   1.740530e-18   1445890
  1.436871e+00   2.070883e-15   9.861222e-04   1.714803e-18   1462210
  1.440273e+00   2.051477e-15   9.807880e-04   1.696424e-18   1459590
  1.443669e+00   2.032992e-15   9.833740e-04   1.673183e-18   1471226
  1.447072e+00   2.017736e-15   9.829562e-04   1.658425e-18   1480072
  1.450479e+00   2.002547e-15   9.811931e-04   1.643344e-18   1486594
  1.453879e+00   1.982878e-15   9.787053e-04   1.624265e-18   1488882
  1.457279e+00   1.968947e-15   9.827371e-04   1.603791e-18   1500854
  1.460684e+00   1.950499e-15   9.826979e-04   1.590289e-18   1506874
  1.464078e+00   1.938996e-15   9.779210e-04   1.579721e-18   1506094
  1.467472e+00   1.918128e-15   9.824981e-04   1.555061e-18   1519682
  1.470872e+00   1.904364e-15   9.822978e-04   1.543664e-18   1526724
  1.474279e+00   1.883830e-15   9.845854e-04   1.516757e-18   1539038
  1.477685e+00   1.870341e-15   9.798767e-04   1.508269e-18   1539810
  1.481081e+00   1.855954e-15   9.791313e-04   1.493865e-18   1545046
  1.484485e+00   1.842235e-15   9.854562e-04   1.476308e-18   1560538
  1.487886e+00   1.825125e-15   9.804436e-04   1.461949e-18   1557506
  1.491282e+00   1.809833e-15   9.836002e-04   1.445397e-18   1570062
  1.494678e+00   1.795702e-15   9.793467e-04   1.431933e-18   1571290
  1.498078e+00   1.779905e-15   9.842488e-04   1.412613e-18   1588228
  1.501484e+00   1.766210e-15   9.810937e-04   1.398779e-18   1591046
  1.504889e+00   1.753354e-15   9.832504e-04   1.385552e-18   1602474
  1.508291e+00   1.737193e-15   9.782624e-04   1.373227e-18   1601646
  1.511687e+00   1.720855e-15   9.804817e-04   1.355680e-18   1611266
  1.515082e+00   1.708582e-15   9.805934e-04   1.343279e-18   1616634
  1.518484e+00   1.692442e-15   9.853950e-04   1.323910e-18   1631366
  1.521885e+00   1.683202e-15   9.796982e-04   1.318626e-18   1631028
  1.525282e+00   1.671610e-15   9.798719e-04   1.302864e-18   1641446
  1.528689e+00   1.655749e-15   9.836821e-04   1.288965e-18   1654234
  1.532101e+00   1.640482e-15   9.854232e-04   1.270895e-18   1662874
  1.535501e+00   1.628956e-15   9.777869e-04   1.265690e-18   1656686
  1.538894e+00   1.614858e-15   9.817573e-04   1.249161e-18   1670898
  1.542295e+00   1.601763e-15   9.826743e-04   1.235649e-18   1678074
  1.545693e+00   1.589868e-15   9.828970e-04   1.226585e-18   1685198
  1.549094e+00   1.574806e-15   9.826216e-04   1.211209e-18   1694524
  1.552497e+00   1.563986e-15   9.806206e-04   1.197044e-18   1701334
  1.555899e+00   1.550591e-15   9.807944e-04   1.185664e-18   1709386
  1.559306e+00   1.538406e-15   9.832546e-04   1.172769e-18   1719994
  1.562708e+00   1.525751e-15   9.808801e-04   1.163145e-18   1721510
  1.566111e+00   1.513028e-15   9.843526e-04   1.149006e-18   1734978
  1.569507e+00   1.501984e-15   9.766081e-04   1.141642e-18   1728646
  1.572899e+00   1.491854e-15   9.823741e-04   1.127656e-18   1746868
  1.576300e+00   1.477852e-15   9.809864e-04   1.116190e-18   1752922
  1.579707e+00   1.467649e-15   9.845798e-04   1.103978e-18   1767862
  1.583112e+00   1.452455e-15   9.793884e-04   1.094637e-18   1765698
  1.586515e+00   1.444928e-15   9.844058e-04   1.081567e-18   1781270
  1.589918e+00   1.432931e-15   9.810287e-04   1.075466e-18   1780650
  1.593316e+00   1.417323e-15   9.836246e-04   1.059253e-18   1792418
  1.596711e+00   1.409751e-15   9.794648e-04   1.052364e-18   1792790
  1.600109e+00   1.396562e-15   9.831424e-04   1.037099e-18   1809852
  1.603512e+00   1.387290e-15   9.801224e-04   1.030743e-18   1812666
  1.606915e+00   1.379282e-15   9.841796e-04   1.018788e-18   1827614
  1.610321e+00   1.368221e-15   9.814350e-04   1.010953e-18   1829970
  1.613720e+00   1.354796e-15   9.803236e-04   1.000117e-18   1835030
  1.617114e+00   1.345309e-15   9.798165e-04   9.897817e-19   1841410
  1.620515e+00   1.335428e-15   9.841327e-04   9.800202e-19   1856626
  1.623912e+00   1.325219e-15   9.785166e-04   9.735819e-19   1854656
  1.627309e+00   1.314267e-15   9.815053e-04   9.612095e-19   1870698
  1.630712e+00   1.305796e-15   9.804842e-04   9.530934e-19   1876998
  1.634114e+00   1.294010e-15   9.808565e-04   9.432998e-19   1884458
  1.637514e+00   1.285762e-15   9.820836e-04   9.355699e-19   1891730
  1.640921e+00   1.274202e-15   9.864027e-04   9.243443e-19   1907574
  1.644328e+00   1.264423e-15   9.824949e-04   9.151869e-19   1907730
  1.647725e+00   1.257601e-15   9.806100e-04   9.090100e-19   1912154
  1.651122e+00   1.246100e-15   9.815437e-04   8.993595e-19   1923216
  1.654527e+00   1.237248e-15   9.837853e-04   8.896412e-19   1936562
  1.657929e+00   1.227522e-15   9.797671e-04   8.834122e-19   1936862
  1.661330e+00   1.214846e-15   9.824032e-04   8.691950e-19   1950114
  1.664731e+00   1.211075e-15   9.809526e-04   8.651513e-19   1953306
  1.668134e+00   1.199711e-15   9.852343e-04   8.549813e-19   1968806
  1.671536e+00   1.187956e-15   9.810375e-04   8.470554e-19   1968818
  1.674935e+00   1.181793e-15   9.815051e-04   8.392568e-19   1980624
  1.678335e+00   1.171412e-15   9.789502e-04   8.326151e-19   1985034
  1.681733e+00   1.164920e-15   9.802456e-04   8.244234e-19   1995242
  1.685136e+00   1.155072e-15   9.833510e-04   8.147729e-19   2007742
  1.688539e+00   1.144849e-15   9.813083e-04   8.068146e-19   2010538
  1.691936e+00   1.135782e-15   9.811361e-04   8.015083e-19   2017390
  1.695340e+00   1.129162e-15   9.857772e-04   7.920537e-19   2034346
  1.698736e+00   1.119121e-15   9.777687e-04   7.867984e-19   2025498
  1.702137e+00   1.112613e-15   9.868689e-04   7.764860e-19   2055248
  1.705540e+00   1.103225e-15   9.770123e-04   7.725974e-19   2045090
  1.708936e+00   1.097282e-15   9.814027e-04   7.638407e-19   2062074
  1.712339e+00   1.086745e-15   9.823860e-04   7.563557e-19   2070190
  1.715742e+00   1.080494e-15   9.834046e-04   7.490660e-19   2079226
  1.719142e+00   1.072589e-15   9.818107e-04   7.428993e-19   2083990
  1.722545e+00   1.065474e-15   9.839507e-04   7.354583e-19   2097898
  1.725944e+00   1.056058e-15   9.787299e-04   7.301866e-19   2095452
  1.729345e+00   1.047274e-15   9.842373e-04   7.188096e-19   2117390
  1.732750e+00   1.040086e-15   9.796988e-04   7.158715e-19   2117066
  1.736142e+00   1.031856e-15   9.757475e-04   7.096595e-19   2117238
  1.739539e+00   1.024914e-15   9.838620e-04   7.006056e-19   2140026
  1.742945e+00   1.017887e-15   9.844962e-04   6.946102e-19   2147234
  1.746347e+00   1.009570e-15   9.820811e-04   6.898012e-19   2150118
  1.749746e+00   1.003885e-15   9.821004e-04   6.837987e-19   2160386
  1.753147e+00   9.955882e-16   9.809815e-04   6.760948e-19   2168256
  1.756552e+00   9.871596e-16   9.838581e-04   6.675667e-19   2183306
  1.759956e+00   9.823721e-16   9.808091e-04   6.646568e-19   2184642
  1.763354e+00   9.750231e-16   9.804471e-04   6.595060e-19   2192318
  1.766749e+00   9.664040e-16   9.788737e-04   6.521094e-19   2196066
  1.770152e+00   9.598520e-16   9.865986e-04   6.447022e-19   2220890
  1.773557e+00   9.519775e-16   9.809869e-04   6.393260e-19   2215758
  1.776958e+00   9.466708e-16   9.842037e-04   6.337709e-19   2233988
  1.780360e+00   9.395088e-16   9.782890e-04   6.284493e-19   2231670
  1.783756e+00   9.323188e-16   9.797617e-04   6.224377e-19   2244338
  1.787160e+00   9.263888e-16   9.830422e-04   6.169980e-19   2258610
  1.790563e+00   9.176911e-16   9.809188e-04   6.105081e-19   2260718
  1.793960e+00   9.132512e-16   9.807999e-04   6.074345e-19   2268162
  1.797357e+00   9.065222e-16   9.813749e-04   6.010864e-19   2277494
  1.800757e+00   8.994617e-16   9.827422e-04   5.947906e-19   2288796
  1.804164e+00   8.943329e-16   9.854716e-04   5.884830e-19   2305226
  1.807568e+00   8.870846e-16   9.797129e-04   5.840152e-19   2301630
  1.810969e+00   8.811436e-16   9.832644e-04   5.793584e-19   2319770
  1.814369e+00   8.744469e-16   9.785204e-04   5.759071e-19   2315610
  1.817766e+00   8.683535e-16   9.837069e-04   5.685464e-19   2334662
  1.821166e+00   8.630701e-16   9.806866e-04   5.643258e-19   2335722
  1.824566e+00   8.569179e-16   9.842253e-04   5.590232e-19   2354102
  1.827968e+00   8.512727e-16   9.802735e-04   5.544561e-19   2355156
  1.831373e+00   8.427009e-16   9.840368e-04   5.467266e-19   2374250
  1.834777e+00   8.390017e-16   9.800597e-04   5.455365e-19   2373102
  1.838179e+00   8.311779e-16   9.824130e-04   5.384504e-19   2388194
  1.841575e+00   8.255971e-16   9.773124e-04   5.349895e-19   2383470
  1.844971e+00   8.223848e-16   9.831656e-04   5.298407e-19   2404994
  1.848373e+00   8.140969e-16   9.816762e-04   5.248728e-19   2408538
  1.851770e+00   8.098355e-16   9.815239e-04   5.206103e-19   2417744
  1.855173e+00   8.043517e-16   9.838904e-04   5.156138e-19   2434578
  1.858579e+00   7.974003e-16   9.814961e-04   5.116195e-19   2438414
  1.861981e+00   7.931102e-16   9.821085e-04   5.063404e-19   2448066
  1.865384e+00   7.868564e-16   9.823292e-04   5.025250e-19   2456018
  1.868782e+00   7.813998e-16   9.812306e-04   4.983975e-19   2461230
  1.872181e+00   7.768168e-16   9.823212e-04   4.935981e-19   2474330
  1.875579e+00   7.707178e-16   9.796955e-04   4.895492e-19   2476498
  1.878979e+00   7.658701e-16   9.838203e-04   4.846288e-19   2497240
  1.882386e+00   7.603329e-16   9.822125e-04   4.811136e-19   2502930
  1.885787e+00   7.538865e-16   9.803409e-04   4.764838e-19   2508470
  1.889188e+00   7.488724e-16   9.808760e-04   4.727848e-19   2518482
  1.892591e+00   7.450634e-16   9.833500e-04   4.684372e-19   2532074
  1.895988e+00   7.399102e-16   9.784906e-04   4.655333e-19   2526678
  1.899384e+00   7.343320e-16   9.835395e-04   4.604565e-19   2549018
  1.902784e+00   7.298285e-16   9.800350e-04   4.567749e-19   2551704
  1.906185e+00   7.249732e-16   9.817747e-04   4.520394e-19   2566226
  1.909587e+00   7.194019e-16   9.819509e-04   4.488098e-19   2573898
  1.912993e+00   7.159337e-16   9.842387e-04   4.454456e-19   2589182
  1.916394e+00   7.105062e-16   9.792958e-04   4.419589e-19   2584890
  1.919793e+00   7.058213e-16   9.838242e-04   4.373814e-19   2605190
  1.923194e+00   7.000157e-16   9.814721e-04   4.342369e-19   2606418
  1.926593e+00   6.949442e-16   9.832736e-04   4.297841e-19   2621186
  1.929994e+00   6.895484e-16   9.806156e-04   4.255383e-19   2626608
  1.933393e+00   6.858145e-16   9.799953e-04   4.221159e-19   2636714
  1.936794e+00   6.814731e-16   9.811147e-04   4.188563e-19   2647482
  1.940202e+00   6.778635e-16   9.861446e-04   4.155559e-19   2668382
  1.943607e+00   6.726760e-16   9.801535e-04   4.122179e-19   2660418
  1.947005e+00   6.688562e-16   9.825106e-04   4.089320e-19   2676662
  1.950401e+00   6.638966e-16   9.781799e-04   4.059041e-19   2674210
  1.953797e+00   6.584044e-16   9.827621e-04   4.010979e-19   2697076
  1.957200e+00   6.537218e-16   9.813995e-04   3.977361e-19   2703558
  1.960601e+00   6.509132e-16   9.810424e-04   3.952780e-19   2713250
  1.964000e+00   6.458881e-16   9.793374e-04   3.923734e-19   2717718
  1.967406e+00   6.414174e-16   9.861436e-04   3.873068e-19   2743178
  1.970809e+00   6.380065e-16   9.802672e-04   3.865399e-19   2732730
  1.974208e+00   6.327201e-16   9.854133e-04   3.811868e-19   2758022
  1.977609e+00   6.291906e-16   9.791609e-04   3.793636e-19   2751994
  1.981005e+00   6.251236e-16   9.810250e-04   3.757445e-19   2769052
  1.984409e+00   6.206677e-16   9.824869e-04   3.720624e-19   2783062
  1.987812e+00   6.162598e-16   9.814391e-04   3.695656e-19   2789362
  1.991215e+00   6.122859e-16   9.817332e-04   3.665174e-19   2799582
  1.994619e+00   6.073509e-16   9.828319e-04   3.626588e-19   2811170
  1.998019e+00   6.039220e-16   9.809039e-04   3.596861e-19   2812658
  2.001421e+00   6.002023e-16   9.850690e-04   3.568356e-19   2833302
  2.004820e+00   5.957961e-16   9.785899e-04   3.539732e-19   2827420
  2.008216e+00   2.859916e-17   9.808908e-04   1.074434e-19   2846710
  2.011615e+00   9.507753e-28   9.806052e-04   6.316371e-31   2846535
  2.015014e+00   8.977451e-28   9.826225e-04   5.995140e-31   2848496
  2.018416e+00   8.442200e-28   9.819470e-04   5.657971e-31   2841084
  2.021820e+00   7.941346e-28   9.843122e-04   5.324308e-31   2843480
  2.025222e+00   7.487885e-28   9.802360e-04   5.032840e-31   2826624
  2.028621e+00   7.092085e-28   9.829329e-04   4.760257e-31   2828732
  2.032021e+00   6.725310e-28   9.812694e-04   4.513622e-31   2819296
  2.035422e+00   6.397334e-28   9.824594e-04   4.292575e-31   2819548
  2.038821e+00   6.107119e-28   9.790894e-04   4.103607e-31   2805192
  2.042221e+00   5.855739e-28   9.830303e-04   3.930957e-31   2811104
  2.045624e+00   5.607865e-28   9.815026e-04   3.759905e-31   2800672
  2.049025e+00   5.390310e-28   9.823222e-04   3.614493e-31   2798080
  2.052425e+00   5.171056e-28   9.802167e-04   3.465528e-31   2786976
  2.055826e+00   4.990215e-28   9.831451e-04   3.341221e-31   2791016
  2.059230e+00   4.809776e-28   9.812096e-04   3.213402e-31   2779360
  2.062626e+00   4.642949e-28   9.796265e-04   3.110705e-31   2768644
  2.066023e+00   4.484545e-28   9.822169e-04   2.993287e-31   2771192
  2.069425e+00   4.335648e-28   9.816405e-04   2.894004e-31   2765028
  2.072828e+00   4.198233e-28   9.824068e-04   2.796314e-31   2760864
  2.076235e+00   4.072407e-28   9.849780e-04   2.710079e-31   2761616
  2.079634e+00   3.949219e-28   9.787095e-04   2.633900e-31   2737932
  2.083034e+00   3.828139e-28   9.851663e-04   2.542090e-31   2752280
  2.086436e+00   3.711349e-28   9.786561e-04   2.468455e-31   2728764
  2.089835e+00   3.614620e-28   9.834451e-04   2.397137e-31   2736368
  2.093234e+00   3.523548e-28   9.795267e-04   2.343046e-31   2719952
  2.096636e+00   3.426508e-28   9.837062e-04   2.269901e-31   2727120
  2.100037e+00   3.342100e-28   9.787869e-04   2.213422e-31   2708400
  2.103440e+00   3.265076e-28   9.850039e-04   2.156905e-31   2718536
  2.106841e+00   3.175300e-28   9.786910e-04   2.102521e-31   2694300
  2.110244e+00   3.100771e-28   9.859443e-04   2.042580e-31   2709440
  2.113646e+00   3.028704e-28   9.780636e-04   2.003215e-31   2682108
  2.117041e+00   2.961556e-28   9.811448e-04   1.954755e-31   2684912
  2.120440e+00   2.890163e-28   9.817480e-04   1.906912e-31   2678868
  2.123840e+00   2.832465e-28   9.823344e-04   1.864221e-31   2674772
  2.127243e+00   2.761262e-28   9.826540e-04   1.816541e-31   2670120
  2.130643e+00   2.704951e-28   9.807037e-04   1.779857e-31   2659532
  2.134045e+00   2.648247e-28   9.832493e-04   1.743329e-31   2659704
  2.137451e+00   2.592175e-28   9.840399e-04   1.706223e-31   2654348
  2.140851e+00   2.537868e-28   9.808746e-04   1.668742e-31   2640276
  2.144250e+00   2.485596e-28   9.817432e-04   1.633172e-31   2638700
  2.147650e+00   2.436973e-28   9.800651e-04   1.601727e-31   2628244
  2.151051e+00   2.393920e-28   9.836008e-04   1.568427e-31   2630920
  2.154455e+00   2.345601e-28   9.816425e-04   1.540590e-31   2618904
  2.157854e+00   2.298285e-28   9.803923e-04   1.508054e-31   2610932
  2.161254e+00   2.255871e-28   9.817073e-04   1.481607e-31   2608464
  2.164658e+00   2.211035e-28   9.827466e-04   1.451321e-31   2603708
  2.168056e+00   2.170840e-28   9.797322e-04   1.424381e-31   2588012
  2.171453e+00   2.134857e-28   9.819219e-04   1.400059e-31   2588364
  2.174852e+00   2.094780e-28   9.803360e-04   1.374565e-31   2579076
  2.178251e+00   2.060300e-28   9.809908e-04   1.351354e-31   2574152
  2.181649e+00   2.020639e-28   9.813167e-04   1.327323e-31   2566812
  2.185056e+00   1.985527e-28   9.861783e-04   1.299896e-31   2573732
  2.188461e+00   1.950428e-28   9.795833e-04   1.280459e-31   2550568
  2.191860e+00   1.918628e-28   9.826556e-04   1.260818e-31   2552068
  2.195261e+00   1.886750e-28   9.809956e-04   1.239769e-31   2539620
  2.198663e+00   1.854581e-28   9.840554e-04   1.216225e-31   2540936
  2.202066e+00   1.821895e-28   9.809099e-04   1.197663e-31   2528032
  2.205465e+00   1.789640e-28   9.803189e-04   1.175357e-31   2521480
  2.208867e+00   1.763335e-28   9.820539e-04   1.158545e-31   2517980
  2.212270e+00   1.735144e-28   9.826345e-04   1.141581e-31   2511744
  2.215671e+00   1.709322e-28   9.807485e-04   1.126220e-31   2500140
  2.219071e+00   1.681049e-28   9.816849e-04   1.106229e-31   2496980
  2.222472e+00   1.655549e-28   9.809842e-04   1.089479e-31   2486924
  2.225874e+00   1.629048e-28   9.841669e-04   1.074647e-31   2487000
  2.229275e+00   1.600366e-28   9.801840e-04   1.054232e-31   2469840
  2.232673e+00   1.577615e-28   9.823076e-04   1.037584e-31   2469656
  2.236072e+00   1.554132e-28   9.795354e-04   1.028254e-31   2456844
  2.239476e+00   1.530647e-28   9.852194e-04   1.010634e-31   2462876
  2.242879e+00   1.506623e-28   9.804127e-04   9.968104e-32   2442136
  2.246278e+00   1.485345e-28   9.827694e-04   9.830318e-32   2441944
  2.249678e+00   1.461702e-28   9.806730e-04   9.696855e-32   2430508
  2.253076e+00   1.441194e-28   9.810126e-04   9.568845e-32   2424352
  2.256478e+00   1.418895e-28   9.832316e-04   9.407040e-32   2421264
  2.259881e+00   1.399390e-28   9.825332e-04   9.301363e-32   2413064
  2.263282e+00   1.379032e-28   9.805912e-04   9.163459e-32   2401572
  2.266681e+00   1.360567e-28   9.815087e-04   9.075685e-32   2397284
  2.270081e+00   1.339186e-28   9.813118e-04   8.923866e-32   2388336
  2.273484e+00   1.318368e-28   9.843250e-04   8.785124e-32   2387204
  2.276884e+00   1.301096e-28   9.793704e-04   8.714183e-32   2368644
  2.280279e+00   1.283372e-28   9.805359e-04   8.568065e-32   2365400
  2.283678e+00   1.265544e-28   9.814789e-04   8.485111e-32   2360072
  2.287082e+00   1.246715e-28   9.832021e-04   8.360058e-32   2356464
  2.290484e+00   1.231842e-28   9.810620e-04   8.266316e-32   2343240
  2.293885e+00   1.213241e-28   9.822795e-04   8.131286e-32   2340248
  2.297284e+00   1.194871e-28   9.789711e-04   8.051717e-32   2325000
  2.300686e+00   1.180663e-28   9.843393e-04   7.944396e-32   2328632
  2.304090e+00   1.164489e-28   9.816712e-04   7.859112e-32   2313220
  2.307492e+00   1.145450e-28   9.835834e-04   7.721442e-32   2310772
  2.310892e+00   1.131234e-28   9.798086e-04   7.649277e-32   2295420
  2.314292e+00   1.116810e-28   9.822607e-04   7.556670e-32   2293592
  2.317692e+00   1.099632e-28   9.808333e-04   7.460638e-32   2281384
  2.321098e+00   1.086958e-28   9.858657e-04   7.391903e-32   2285776
  2.324499e+00   1.071038e-28   9.776590e-04   7.313114e-32   2259408
  2.327898e+00   1.058161e-28   9.837748e-04   7.195255e-32   2266808
  2.331301e+00   1.043872e-28   9.803406e-04   7.146239e-32   2248836
  2.334698e+00   1.028672e-28   9.826639e-04   7.033576e-32   2245244
  2.338097e+00   1.015038e-28   9.807008e-04   6.954401e-32   2233908
  2.341498e+00   1.002587e-28   9.826023e-04   6.885524e-32   2231660
  2.344900e+00   9.885816e-29   9.803694e-04   6.812853e-32   2218544
  2.348303e+00   9.757279e-29   9.841932e-04   6.730179e-32   2218176
  2.351706e+00   9.641177e-29   9.811254e-04   6.648805e-32   2202900
  2.355107e+00   9.517201e-29   9.815282e-04   6.572404e-32   2197472
  2.358504e+00   9.391312e-29   9.785599e-04   6.518636e-32   2181960
  2.361902e+00   9.273541e-29   9.836141e-04   6.432329e-32   2183696
  2.365306e+00   9.149679e-29   9.832539e-04   6.356912e-32   2173416
  2.368709e+00   9.049963e-29   9.825525e-04   6.300415e-32   2165444
  2.372110e+00   8.915571e-29   9.797907e-04   6.232822e-32   2152688
  2.375509e+00   8.811343e-29   9.815549e-04   6.165216e-32   2147628
  2.378910e+00   8.689537e-29   9.820428e-04   6.096265e-32   2139012
  2.382315e+00   8.582768e-29   9.845724e-04   6.019423e-32   2136008
  2.385709e+00   8.460583e-29   9.752701e-04   5.969425e-32   2108656
  2.389104e+00   8.381942e-29   9.832761e-04   5.898015e-32   2117896
  2.392509e+00   8.263392e-29   9.830191e-04   5.829531e-32   2106260
  2.395912e+00   8.173140e-29   9.833730e-04   5.782122e-32   2099088
  2.399315e+00   8.035737e-29   9.817275e-04   5.700054e-32   2088432
  2.402716e+00   7.959380e-29   9.804125e-04   5.651382e-32   2078432
  2.406115e+00   7.853512e-29   9.806198e-04   5.597208e-32   2069048
  2.409516e+00   7.758961e-29   9.833522e-04   5.537097e-32   2064804
  2.412920e+00   7.653175e-29   9.831224e-04   5.473524e-32   2055644
  2.416321e+00   7.580569e-29   9.806126e-04   5.428687e-32   2043000
  2.419718e+00   7.466376e-29   9.800589e-04   5.370265e-32   2032348
  2.423121e+00   7.395779e-29   9.856832e-04   5.311665e-32   2034064
  2.426526e+00   7.307879e-29   9.819348e-04   5.274201e-32   2017740
  2.429926e+00   7.198490e-29   9.812949e-04   5.205512e-32   2010188
  2.433325e+00   7.118417e-29   9.789075e-04   5.154477e-32   1996556
  2.436723e+00   7.043868e-29   9.821491e-04   5.108977e-32   1992816
  2.440123e+00   6.937229e-29   9.821092e-04   5.040145e-32   1982400
  2.443522e+00   6.867218e-29   9.811038e-04   5.005307e-32   1972256
  2.446920e+00   6.788838e-29   9.808752e-04   4.967701e-32   1964384
  2.450323e+00   6.702152e-29   9.825278e-04   4.911888e-32   1958544
  2.453726e+00   6.625238e-29   9.821775e-04   4.868863e-32   1946988
  2.457130e+00   6.545393e-29   9.840500e-04   4.816105e-32   1942532
  2.460529e+00   6.472221e-29   9.777101e-04   4.785800e-32   1921692
  2.463928e+00   6.407049e-29   9.833317e-04   4.728025e-32   1924004
  2.467330e+00   6.312292e-29   9.803195e-04   4.687391e-32   1907344
  2.470733e+00   6.232674e-29   9.853101e-04   4.632291e-32   1907440
  2.474135e+00   6.168810e-29   9.788798e-04   4.607215e-32   1886136
  2.477531e+00   6.094767e-29   9.816797e-04   4.560535e-32   1883144
  2.480934e+00   6.024429e-29   9.824091e-04   4.511441e-32   1874724
  2.484338e+00   5.970500e-29   9.833480e-04   4.487936e-32   1866068
  2.487738e+00   5.873629e-29   9.812729e-04   4.425378e-32   1852980
  2.491140e+00   5.820656e-29   9.824339e-04   4.408163e-32   1847468
  2.494538e+00   5.748260e-29   9.781928e-04   4.350643e-32   1829636
  2.497936e+00   5.678928e-29   9.834643e-04   4.311540e-32   1829688
  2.501341e+00   5.605718e-29   9.824400e-04   4.261701e-32   1817192
  2.504741e+00   5.549453e-29   9.810060e-04   4.242089e-32   1806312
  2.508140e+00   5.489258e-29   9.802531e-04   4.207436e-32   1795984
  2.511543e+00   5.419199e-29   9.831733e-04   4.158412e-32   1791100
  2.514946e+00   5.360384e-29   9.817942e-04   4.126047e-32   1777648
  2.518347e+00   5.294687e-29   9.826630e-04   4.077581e-32   1769848
  2.521746e+00   5.235550e-29   9.799953e-04   4.055245e-32   1756536
  2.525146e+00   5.181461e-29   9.812129e-04   4.011985e-32   1748960
  2.528547e+00   5.114388e-29   9.826374e-04   3.979281e-32   1739952
  2.531950e+00   5.053204e-29   9.837089e-04   3.944887e-32   1732124
  2.535351e+00   5.016075e-29   9.802823e-04   3.933151e-32   1716852
  2.538751e+00   4.953929e-29   9.823932e-04   3.884643e-32   1712276
  2.542154e+00   4.889678e-29   9.810692e-04   3.846952e-32   1698500
  2.545557e+00   4.844956e-29   9.849039e-04   3.814354e-32   1693932
  2.548957e+00   4.783323e-29   9.793284e-04   3.787190e-32   1675204
  2.552353e+00   4.736650e-29   9.815499e-04   3.765256e-32   1670644
  2.555751e+00   4.683778e-29   9.787008e-04   3.734867e-32   1655532
  2.559155e+00   4.636983e-29   9.861163e-04   3.695822e-32   1656860
  2.562557e+00   4.583937e-29   9.798597e-04   3.681923e-32   1635372
  2.565959e+00   4.521012e-29   9.841765e-04   3.620341e-32   1634324
  2.569359e+00   4.481615e-29   9.777008e-04   3.613899e-32   1613676
  2.572758e+00   4.430109e-29   9.840395e-04   3.575372e-32   1613348
  2.576160e+00   4.381735e-29   9.807023e-04   3.562428e-32   1596236
  2.579561e+00   4.335483e-29   9.834991e-04   3.532311e-32   1591476
  2.582962e+00   4.283536e-29   9.792427e-04   3.497314e-32   1575732
  2.586359e+00   4.239197e-29   9.803750e-04   3.468548e-32   1566236
  2.589759e+00   4.195929e-29   9.841339e-04   3.443947e-32   1560292
  2.593166e+00   4.146376e-29   9.838869e-04   3.411914e-32   1550092
  2.596565e+00   4.097451e-29   9.789064e-04   3.386443e-32   1532628
  2.599963e+00   4.066451e-29   9.813188e-04   3.358802e-32   1527332
  2.603365e+00   4.023977e-29   9.816488e-04   3.349082e-32   1515212
  2.606765e+00   3.981469e-29   9.831211e-04   3.317824e-32   1506444
  2.610167e+00   3.938822e-29   9.819780e-04   3.290631e-32   1495116
  2.613562e+00   3.897149e-29   9.774397e-04   3.274065e-32   1479152
  2.616961e+00   3.845094e-29   9.826090e-04   3.237680e-32   1475512
  2.620369e+00   3.821396e-29   9.857671e-04   3.224043e-32   1467820
  2.623774e+00   3.773412e-29   9.816828e-04   3.206799e-32   1451256
  2.627176e+00   3.737668e-29   9.823847e-04   3.178922e-32   1443212
  2.630573e+00   3.693607e-29   9.775986e-04   3.153948e-32   1425680
  2.633972e+00   3.652803e-29   9.838248e-04   3.128966e-32   1422972
  2.637375e+00   3.619733e-29   9.826449e-04   3.115145e-32   1408632
  2.640778e+00   3.587323e-29   9.834480e-04   3.095523e-32   1400984
  2.644178e+00   3.539080e-29   9.781513e-04   3.068421e-32   1383196
  2.647576e+00   3.515645e-29   9.827970e-04   3.054519e-32   1378120
  2.650981e+00   3.478633e-29   9.838936e-04   3.035044e-32   1367272
  2.654386e+00   3.452192e-29   9.839001e-04   3.030768e-32   1356580
  2.657781e+00   3.407520e-29   9.764772e-04   2.999136e-32   1337028
  2.661175e+00   3.373483e-29   9.807019e-04   2.982977e-32   1332500
  2.664576e+00   3.343382e-29   9.824328e-04   2.957846e-32   1321796
  2.667980e+00   3.307643e-29   9.842336e-04   2.944285e-32   1312716
  2.671381e+00   3.279914e-29   9.799494e-04   2.930151e-32   1296580
  2.674784e+00   3.240149e-29   9.836937e-04   2.907364e-32   1291528
  2.678185e+00   3.213015e-29   9.791874e-04   2.898931e-32   1273128
  2.681585e+00   3.182387e-29   9.849289e-04   2.876344e-32   1268720
  2.684990e+00   3.146498e-29   9.820200e-04   2.855758e-32   1254016
  2.688389e+00   3.120892e-29   9.799073e-04   2.846971e-32   1241296
  2.691782e+00   3.094002e-29   9.773359e-04   2.836574e-32   1226712
  2.695185e+00   3.063086e-29   9.871642e-04   2.806786e-32   1226228
  2.698592e+00   3.027410e-29   9.822935e-04   2.796331e-32   1207768
  2.701993e+00   3.006545e-29   9.821287e-04   2.789023e-32   1198336
  2.705390e+00   2.986470e-29   9.774693e-04   2.791464e-32   1181484
  2.708791e+00   2.940671e-29   9.847434e-04   2.750366e-32   1178012
  2.712196e+00   2.928148e-29   9.828591e-04   2.754867e-32   1162564
  2.715593e+00   2.891431e-29   9.802955e-04   2.736930e-32   1149340
  2.718991e+00   2.869947e-29   9.799593e-04   2.726307e-32   1138848
  2.722390e+00   2.844246e-29   9.801680e-04   2.715826e-32   1126748
  2.725791e+00   2.818007e-29   9.834222e-04   2.701577e-32   1117428
  2.729199e+00   2.793283e-29   9.855325e-04   2.683555e-32   1108112
  2.732601e+00   2.764954e-29   9.796049e-04   2.681372e-32   1090596
  2.736000e+00   2.736939e-29   9.802553e-04   2.666523e-32   1081052
  2.739396e+00   2.718021e-29   9.787000e-04   2.664008e-32   1065716
  2.742798e+00   2.699736e-29   9.867653e-04   2.643340e-32   1061940
  2.746204e+00   2.670869e-29   9.811985e-04   2.643159e-32   1044096
  2.749604e+00   2.643349e-29   9.818713e-04   2.625728e-32   1034864
  2.753003e+00   2.625949e-29   9.778923e-04   2.625759e-32   1018308
  2.756407e+00   2.603132e-29   9.880499e-04   2.618029e-32   1014812
  2.759813e+00   2.577104e-29   9.817334e-04   2.610922e-32   996288
  2.763211e+00   2.557592e-29   9.807414e-04   2.598454e-32   985376
  2.766605e+00   2.540191e-29   9.763946e-04   2.603564e-32   969652
  2.770007e+00   2.511381e-29   9.852383e-04   2.579180e-32   964924
  2.773408e+00   2.491583e-29   9.813255e-04   2.579883e-32   947228
  2.776808e+00   2.470631e-29   9.830247e-04   2.582152e-32   939084
  2.780208e+00   2.452394e-29   9.769128e-04   2.578982e-32   921864
  2.783607e+00   2.424973e-29   9.830641e-04   2.561441e-32   914252
  2.787014e+00   2.406351e-29   9.855161e-04   2.560814e-32   902572
  2.790419e+00   2.396107e-29   9.827520e-04   2.558979e-32   888784
  2.793815e+00   2.370051e-29   9.766961e-04   2.561206e-32   872540
  2.797210e+00   2.348998e-29   9.801377e-04   2.539487e-32   862848
  2.800610e+00   2.320891e-29   9.835812e-04   2.536674e-32   851760
  2.804018e+00   2.311084e-29   9.862752e-04   2.534493e-32   841940
  2.807419e+00   2.286250e-29   9.779538e-04   2.541996e-32   823032
  2.810819e+00   2.273001e-29   9.834420e-04   2.533924e-32   816044
  2.814221e+00   2.244600e-29   9.803182e-04   2.535631e-32   799292
  2.817622e+00   2.229166e-29   9.859358e-04   2.524909e-32   791304
  2.821022e+00   2.209404e-29   9.778036e-04   2.530744e-32   772868
  2.824414e+00   2.189434e-29   9.799444e-04   2.534469e-32   762552
  2.827814e+00   2.178534e-29   9.815264e-04   2.535825e-32   750876
  2.831218e+00   2.158957e-29   9.834990e-04   2.527773e-32   739280
  2.834619e+00   2.137289e-29   9.815612e-04   2.536922e-32   724944
  2.838024e+00   2.112250e-29   9.837337e-04   2.521559e-32   714380
  2.841419e+00   2.090482e-29   9.765403e-04   2.532043e-32   695932
  2.844820e+00   2.066834e-29   9.860188e-04   2.514363e-32   690949
  2.848225e+00   2.052184e-29   9.790494e-04   2.517271e-32   673638
  2.851624e+00   2.029472e-29   9.838795e-04   2.511853e-32   666092
  2.855023e+00   2.014190e-29   9.776476e-04   2.525029e-32   651024
  2.858420e+00   2.000400e-29   9.835476e-04   2.519068e-32   644804
  2.861824e+00   1.976179e-29   9.809055e-04   2.515638e-32   632676
  2.865228e+00   1.954660e-29   9.847549e-04   2.496729e-32   624962
  2.868627e+00   1.936267e-29   9.786841e-04   2.498183e-32   611280
  2.872031e+00   1.916769e-29   9.864670e-04   2.488644e-32   607256
  2.875434e+00   1.903423e-29   9.785773e-04   2.494317e-32   592616
  2.878833e+00   1.887486e-29   9.838766e-04   2.491199e-32   587160
  2.882235e+00   1.864669e-29   9.806552e-04   2.493768e-32   575482
  2.885633e+00   1.847430e-29   9.821917e-04   2.484056e-32   568258
  2.889037e+00   1.830014e-29   9.823894e-04   2.486714e-32   559638
  2.892441e+00   1.809848e-29   9.828085e-04   2.472832e-32   551498
  2.895844e+00   1.797107e-29   9.815660e-04   2.478871e-32   542364
  2.899245e+00   1.780386e-29   9.820373e-04   2.474307e-32   534146
  2.902642e+00   1.757423e-29   9.799896e-04   2.457851e-32   524980
  2.906047e+00   1.730845e-29   9.845691e-04   2.436054e-32   519964
  2.909443e+00   1.719943e-29   9.764000e-04   2.447069e-32   507108
  2.912842e+00   1.704064e-29   9.860421e-04   2.421535e-32   504992
  2.916245e+00   1.690715e-29   9.788238e-04   2.446676e-32   492948
  2.919647e+00   1.676956e-29   9.864404e-04   2.432905e-32   489740
  2.923050e+00   1.653710e-29   9.776779e-04   2.426345e-32   477716
  2.926447e+00   1.634616e-29   9.842557e-04   2.422426e-32   473844
  2.929849e+00   1.624968e-29   9.793241e-04   2.427579e-32   464222
  2.933249e+00   1.601008e-29   9.833380e-04   2.401951e-32   459048
  2.936646e+00   1.596502e-29   9.781522e-04   2.419061e-32   449574
  2.940047e+00   1.567235e-29   9.843913e-04   2.386541e-32   445820
  2.943444e+00   1.561016e-29   9.766847e-04   2.404143e-32   435158
  2.946848e+00   1.543717e-29   9.868688e-04   2.388833e-32   433566
  2.950249e+00   1.533858e-29   9.754175e-04   2.407393e-32   421014
  2.953647e+00   1.504053e-29   9.867845e-04   2.357836e-32   419996
  2.957054e+00   1.497145e-29   9.785008e-04   2.374112e-32   409482
  2.960447e+00   1.475816e-29   9.814565e-04   2.366634e-32   404414
  2.963850e+00   1.468994e-29   9.822465e-04   2.363970e-32   398518
  2.967254e+00   1.447093e-29   9.832814e-04   2.350510e-32   392302
  2.970654e+00   1.435193e-29   9.815439e-04   2.359792e-32   385318
  2.974064e+00   1.415313e-29   9.866772e-04   2.342350e-32   381718
  2.977460e+00   1.404735e-29   9.751975e-04   2.348567e-32   370674
  2.980859e+00   1.392525e-29   9.875886e-04   2.341831e-32   370166
  2.984264e+00   1.384725e-29   9.774032e-04   2.351047e-32   359838
  2.987662e+00   1.364835e-29   9.857853e-04   2.330142e-32   357488
  2.991061e+00   1.355607e-29   9.759886e-04   2.351984e-32   348174
  2.994460e+00   1.339912e-29   9.853707e-04   2.333055e-32   346010
  2.997858e+00   1.325315e-29   9.762078e-04   2.325623e-32   336966
  3.001265e+00   1.308206e-29   9.900594e-04   2.307367e-32   336488
  3.004668e+00   1.297361e-29   9.740308e-04   2.322013e-32   325206
  3.008066e+00   1.284850e-29   9.873451e-04   2.303534e-32   324614
  3.011466e+00   1.267557e-29   9.747062e-04   2.319542e-32   314792
  3.014866e+00   1.251194e-29   9.879043e-04   2.281557e-32   314082
  3.018264e+00   1.238948e-29   9.737379e-04   2.304930e-32   303918
  3.021663e+00   1.233931e-29   9.889509e-04   2.278193e-32   303872
  3.025070e+00   1.220279e-29   9.784574e-04   2.307445e-32   295070
  3.028471e+00   1.206215e-29   9.862273e-04   2.271060e-32   292776
  3.031875e+00   1.190183e-29   9.783859e-04   2.261247e-32   285198
  3.035272e+00   1.174733e-29   9.836512e-04   2.258877e-32   282068
  3.038673e+00   1.170197e-29   9.805621e-04   2.275697e-32   276094
  3.042072e+00   1.152407e-29   9.815492e-04   2.254505e-32   271936
  3.045470e+00   1.145227e-29   9.796535e-04   2.270474e-32   266352
  3.048872e+00   1.134766e-29   9.837389e-04   2.256925e-32   263198
  3.052270e+00   1.125198e-29   9.774507e-04   2.272643e-32   256540
  3.055674e+00   1.111948e-29   9.870156e-04   2.250146e-32   254758
  3.059074e+00   1.096148e-29   9.752535e-04   2.248324e-32   246888
  3.062476e+00   1.085121e-29   9.882518e-04   2.242337e-32   245984
  3.065876e+00   1.073139e-29   9.745285e-04   2.254646e-32   237838
  3.069275e+00   1.060286e-29   9.875456e-04   2.226946e-32   236932
  3.072674e+00   1.051188e-29   9.753501e-04   2.239213e-32   229296
  3.076079e+00   1.037964e-29   9.905935e-04   2.223906e-32   228968
  3.079484e+00   1.031801e-29   9.759176e-04   2.236513e-32   220862
  3.082887e+00   1.017792e-29   9.907802e-04   2.215856e-32   220440
  3.086289e+00   1.011641e-29   9.746422e-04   2.231461e-32   212400
  3.089691e+00   1.000026e-29   9.910214e-04   2.220119e-32   212228
  3.093094e+00   9.959147e-30   9.746868e-04   2.249356e-32   204518
  3.096495e+00   9.765222e-30   9.889482e-04   2.209290e-32   203928
  3.099893e+00   9.661978e-30   9.720561e-04   2.217383e-32   196280
  3.103292e+00   9.523212e-30   9.890661e-04   2.195920e-32   196272
  3.106690e+00   9.456135e-30   9.712571e-04   2.218753e-32   188572
  3.110087e+00   9.315626e-30   9.879143e-04   2.177510e-32   188440
  3.113488e+00   9.274106e-30   9.734613e-04   2.214496e-32   181574
  3.116887e+00   9.156963e-30   9.881590e-04   2.205909e-32   180912
  3.120287e+00   9.141293e-30   9.735403e-04   2.226247e-32   174304
  3.123686e+00   8.985452e-30   9.886917e-04   2.200814e-32   173620
  3.127087e+00   8.952305e-30   9.751672e-04   2.235811e-32   167424
  3.130494e+00   8.798071e-30   9.911060e-04   2.197464e-32   166952
  3.133891e+00   8.750198e-30   9.707301e-04   2.242331e-32   159744
  3.137294e+00   8.564990e-30   9.930247e-04   2.182231e-32   160424
  3.140692e+00   8.621384e-30   9.688943e-04   2.262543e-32   152748
  3.144094e+00   8.469440e-30   9.946857e-04   2.207741e-32   153920
  3.147494e+00   8.372176e-30   9.672886e-04   2.213427e-32   146016
  3.150891e+00   8.265907e-30   9.941819e-04   2.194888e-32   147176
  3.154293e+00   8.221044e-30   9.692460e-04   2.239218e-32   139992
  3.157692e+00   8.166259e-30   9.933564e-04   2.235036e-32   140588
  3.161097e+00   8.062708e-30   9.721310e-04   2.232815e-32   134184
  3.164500e+00   7.968932e-30   9.923555e-04   2.211658e-32   134192
  3.167900e+00   7.911142e-30   9.713175e-04   2.253810e-32   127992
  3.171301e+00   7.832452e-30   9.922025e-04   2.222329e-32   128132
  3.174706e+00   7.778279e-30   9.738163e-04   2.265842e-32   122384
  3.178105e+00   7.610949e-30   9.894388e-04   2.205317e-32   121896
  3.181505e+00   7.642271e-30   9.729889e-04   2.273720e-32   116592
  3.184902e+00   7.507974e-30   9.887769e-04   2.221476e-32   116072
  3.188304e+00   7.519682e-30   9.741208e-04   2.302246e-32   111196
  3.191708e+00   7.361864e-30   9.922343e-04   2.236330e-32   110824
  3.195109e+00   7.330299e-30   9.706819e-04   2.280162e-32   105456
  3.198515e+00   7.178033e-30   9.956721e-04   2.220199e-32   105746
  3.201914e+00   7.178934e-30   9.664985e-04   2.302165e-32   99816
  3.205315e+00   7.045911e-30   9.954263e-04   2.233085e-32   100460
  3.208711e+00   7.096826e-30   9.652876e-04   2.353721e-32   94616
  3.212112e+00   7.005716e-30   9.961719e-04   2.299411e-32   95448
  3.215512e+00   6.882709e-30   9.666714e-04   2.322352e-32   89784
  3.218916e+00   6.845314e-30   9.964090e-04   2.308468e-32   90536
  3.222310e+00   6.756950e-30   9.614793e-04   2.347368e-32   84566
  3.225712e+00   6.676822e-30   1.000274e-03   2.309499e-32   86088
  3.229109e+00   6.717583e-30   9.576880e-04   2.385362e-32   79680
  3.232504e+00   6.661669e-30   1.000528e-03   2.355449e-32   81368
  3.235905e+00   6.544312e-30   9.590062e-04   2.403632e-32   75356
  3.239299e+00   6.502398e-30   1.000262e-03   2.380012e-32   76704
  3.242704e+00   6.527242e-30   9.625143e-04   2.455144e-32   71322
  3.246105e+00   6.391471e-30   1.000713e-03   2.401774e-32   72248
  3.249509e+00   6.362802e-30   9.624193e-04   2.457574e-32   67160
  3.252908e+00   6.258058e-30   9.988504e-04   2.435137e-32   67836
  3.256303e+00   6.260778e-30   9.598606e-04   2.518262e-32   62976
  3.259706e+00   6.092974e-30   1.001348e-03   2.431576e-32   63914
  3.263097e+00   6.097616e-30   9.561656e-04   2.534707e-32   58832
  3.266501e+00   6.076459e-30   1.003699e-03   2.479646e-32   60108
  3.269890e+00   6.056010e-30   9.539295e-04   2.608505e-32   54920
  3.273312e+00   5.969277e-30   1.015086e-03   2.526300e-32   56970
  3.276708e+00   5.937727e-30   9.440493e-04   2.646776e-32   50760
  3.280114e+00   5.906493e-30   1.016179e-03   2.569491e-32   53312
  3.283511e+00   5.883089e-30   9.404818e-04   2.729725e-32   47164
  3.286913e+00   5.706822e-30   1.018327e-03   2.582309e-32   49810
  3.290311e+00   5.802181e-30   9.356940e-04   2.797301e-32   43680
  3.293705e+00   5.668318e-30   1.019216e-03   2.661726e-32   46328
  3.297113e+00   5.646987e-30   9.396643e-04   2.808407e-32   40694
  3.300512e+00   5.511765e-30   1.021248e-03   2.678867e-32   42984
  3.303924e+00   5.632259e-30   9.393885e-04   2.913035e-32   37656
  3.307314e+00   5.514954e-30   1.018706e-03   2.788615e-32   39578
  3.310727e+00   5.531618e-30   9.431432e-04   2.948668e-32   34920
  3.314118e+00   5.440095e-30   1.015057e-03   2.855527e-32   36308
  3.317520e+00   5.438694e-30   9.417761e-04   3.053169e-32   32136
  3.320917e+00   5.289359e-30   1.014476e-03   2.917713e-32   33362
  3.324306e+00   5.393163e-30   9.360215e-04   3.178846e-32   29336
  3.327716e+00   5.296302e-30   1.021505e-03   2.999909e-32   30804
  3.331095e+00   5.339402e-30   9.233243e-04   3.309977e-32   26490
  3.334511e+00   5.263205e-30   1.029571e-03   3.128973e-32   28376
  3.337879e+00   5.284777e-30   9.097669e-04   3.480757e-32   23784
  3.341307e+00   5.222644e-30   1.040923e-03   3.170703e-32   26150
  3.344669e+00   5.258010e-30   8.938898e-04   3.640590e-32   21192
  3.348106e+00   5.242542e-30   1.054204e-03   3.417082e-32   24050
  3.351471e+00   5.126992e-30   8.769951e-04   3.739343e-32   18768
  3.354917e+00   5.094651e-30   1.068828e-03   3.417556e-32   22052
  3.358276e+00   5.157634e-30   8.453078e-04   4.059201e-32   16346
  3.361716e+00   4.995511e-30   1.081988e-03   3.548394e-32   20136
  3.365077e+00   5.036546e-30   8.114920e-04   4.289713e-32   14160
  3.368506e+00   5.058735e-30   1.091186e-03   3.666810e-32   18218
  3.371870e+00   5.020449e-30   7.752035e-04   4.584598e-32   12204
  3.375286e+00   4.970218e-30   1.099293e-03   3.888591e-32   16346
  3.378666e+00   4.938473e-30   7.492433e-04   4.779902e-32   10536
  3.382068e+00   4.848669e-30   1.103455e-03   4.066950e-32   14456
  3.385446e+00   4.999689e-30   7.144473e-04   5.344170e-32   8990
  3.388846e+00   4.912054e-30   1.111587e-03   4.375101e-32   12744
  3.392213e+00   4.980906e-30   6.547202e-04   5.850884e-32   7506
  3.395615e+00   4.917646e-30   1.122493e-03   4.572190e-32   11192
  3.398977e+00   4.944864e-30   5.748287e-04   6.397355e-32   6156
  3.402378e+00   4.793210e-30   1.132774e-03   4.838960e-32   9722
  3.405746e+00   4.794491e-30   4.871262e-04   6.714773e-32   4992
  3.409138e+00   5.018184e-30   1.141441e-03   5.564228e-32   8306
  3.412522e+00   4.922381e-30   3.836029e-04   7.845654e-32   3996
  3.415893e+00   4.828121e-30   1.145615e-03   5.735854e-32   6938
  3.419295e+00   4.987609e-30   2.666671e-04   8.664191e-32   3168
  3.422636e+00   4.911019e-30   1.141746e-03   6.514093e-32   5624
  3.426050e+00   4.875331e-30   1.840323e-04   9.753403e-32   2502
  3.429375e+00   4.847266e-30   1.135529e-03   7.180475e-32   4424
  3.432807e+00   5.046857e-30   1.951644e-04   1.088974e-31   1946
  3.436123e+00   4.736210e-30   1.131191e-03   8.205845e-32   3360
  3.439554e+00   5.042967e-30   1.068915e-04   1.338386e-31   1446
  3.442870e+00   4.631398e-30   1.128932e-03   9.534591e-32   2456
  3.446333e+00   4.809827e-30   2.047845e-04   1.452042e-31   1034
  3.449628e+00   4.739370e-30   1.127267e-03   1.173483e-31   1680
  3.453085e+00   4.561377e-30   5.107876e-05   1.668526e-31   678
  3.456375e+00   4.593198e-30   1.125846e-03   1.401308e-31   1064
  3.459905e+00   4.394593e-30   3.097621e-04   2.209141e-31   410
  3.463134e+00   4.661111e-30   1.124156e-03   1.924315e-31   576
  3.466644e+00   5.391704e-30   1.623447e-05   3.263755e-31   198
  3.469837e+00   3.977094e-30   1.113683e-03   2.878099e-31   248
  3.473678e+00   4.128075e-30   7.017054e-04   4.811130e-31   74
  3.476548e+00   5.581185e-30   1.096056e-03   8.227114e-31   48
  3.480229e+00   4.885449e-30   4.404833e-08   1.234858e-30   6
