# power spectrum of zeta (dimensionless)
# redshift z=99.597220
# k              Pk             sigma(k)       sigma(Pk)      count
  5.011399e-03   5.069344e-22   7.667927e-04   1.033769e-22   18
  8.760343e-03   1.270384e-20   9.274321e-04   1.966408e-21   62
  1.219264e-02   2.848865e-20   6.415737e-04   3.702872e-21   90
  1.544208e-02   7.036241e-20   1.012578e-03   5.018266e-21   170
  1.882375e-02   1.100170e-19   1.052445e-03   6.523389e-21   246
  2.212586e-02   1.621318e-19   1.003365e-03   8.942395e-21   338
  2.538461e-02   2.629453e-19   8.625369e-04   1.300717e-20   432
  2.874098e-02   3.434004e-19   8.837915e-04   1.495854e-20   578
  3.227171e-02   4.327235e-19   1.029950e-03   1.519136e-20   786
  3.588781e-02   4.994043e-19   1.042120e-03   1.588046e-20   974
  3.927835e-02   6.092200e-19   9.024764e-04   1.981031e-20   1002
  4.262088e-02   7.586745e-19   1.031890e-03   2.084533e-20   1334
  4.605629e-02   8.363561e-19   9.928413e-04   2.214642e-20   1458
  4.927148e-02   9.687055e-19   9.383900e-04   2.394731e-20   1604
  5.258888e-02   1.117672e-18   9.527568e-04   2.737143e-20   1974
  5.604245e-02   1.328708e-18   9.344901e-04   2.844712e-20   2234
  5.946160e-02   1.482414e-18   9.563349e-04   3.118989e-20   2490
  6.298673e-02   1.700363e-18   1.050190e-03   3.158425e-20   3014
  6.645970e-02   1.931450e-18   9.569094e-04   3.477593e-20   3018
  6.980659e-02   2.149210e-18   9.901480e-04   3.671622e-20   3446
  7.314650e-02   2.308988e-18   9.499151e-04   3.857711e-20   3626
  7.649254e-02   2.461099e-18   9.848619e-04   3.830236e-20   4164
  7.989286e-02   2.721491e-18   9.543971e-04   4.171130e-20   4470
  8.331432e-02   2.884421e-18   9.760154e-04   4.203881e-20   4970
  8.675810e-02   3.101284e-18   9.868635e-04   4.174952e-20   5366
  9.019370e-02   3.130462e-18   1.001451e-03   4.017287e-20   5778
  9.359169e-02   3.432674e-18   1.005504e-03   4.350998e-20   6162
  9.700871e-02   3.474273e-18   1.013488e-03   4.394823e-20   6734
  1.003455e-01   3.640814e-18   9.405356e-04   4.371791e-20   6756
  1.036446e-01   3.797469e-18   9.524971e-04   4.262171e-20   7502
  1.070531e-01   4.033111e-18   9.671949e-04   4.456650e-20   8154
  1.104660e-01   4.177508e-18   9.653722e-04   4.543712e-20   8618
  1.139171e-01   4.471741e-18   1.003323e-03   4.647457e-20   9390
  1.173547e-01   4.841401e-18   9.852535e-04   4.931063e-20   9722
  1.207545e-01   4.921980e-18   9.860810e-04   4.891770e-20   10242
  1.241631e-01   5.227231e-18   1.005600e-03   4.883780e-20   11006
  1.275555e-01   5.620049e-18   9.685920e-04   5.358506e-20   11348
  1.309504e-01   5.793142e-18   9.675094e-04   5.188478e-20   12150
  1.343269e-01   6.038368e-18   9.435547e-04   5.565532e-20   12498
  1.377313e-01   6.352162e-18   9.886530e-04   5.401810e-20   13586
  1.411459e-01   6.436742e-18   9.905633e-04   5.512270e-20   14006
  1.445833e-01   6.668977e-18   1.020453e-03   5.303906e-20   15162
  1.479823e-01   6.736998e-18   9.640349e-04   5.519840e-20   14990
  1.513532e-01   6.858890e-18   1.000250e-03   5.376973e-20   16380
  1.547534e-01   7.011621e-18   9.673831e-04   5.415679e-20   16666
  1.581272e-01   7.233034e-18   9.715542e-04   5.530002e-20   17638
  1.615246e-01   7.269847e-18   9.629562e-04   5.448820e-20   18354
  1.649122e-01   7.424404e-18   9.648100e-04   5.412142e-20   19034
  1.683224e-01   7.751980e-18   1.001264e-03   5.425473e-20   20270
  1.717777e-01   8.078693e-18   1.011461e-03   5.513922e-20   21258
  1.751873e-01   8.330216e-18   9.729108e-04   5.656941e-20   21350
  1.785755e-01   8.373158e-18   9.827640e-04   5.646180e-20   22644
  1.819721e-01   8.707314e-18   9.637913e-04   5.761592e-20   23114
  1.853591e-01   9.093368e-18   9.784818e-04   5.894279e-20   24342
  1.887709e-01   9.272138e-18   9.779824e-04   5.831755e-20   25194
  1.921706e-01   9.682674e-18   9.766706e-04   6.117383e-20   25982
  1.955383e-01   9.948195e-18   9.708990e-04   6.114456e-20   26506
  1.989580e-01   1.010992e-17   1.021831e-03   6.053908e-20   28738
  2.023656e-01   1.023953e-17   9.717245e-04   6.131494e-20   28296
  2.057704e-01   1.031522e-17   1.000845e-03   5.870438e-20   30554
  2.091688e-01   1.043654e-17   9.485901e-04   6.013726e-20   30094
  2.125221e-01   1.081082e-17   9.710923e-04   6.059089e-20   31738
  2.159356e-01   1.079066e-17   9.929033e-04   5.993244e-20   33306
  2.193286e-01   1.108626e-17   9.661337e-04   6.026951e-20   33422
  2.227194e-01   1.122226e-17   9.900859e-04   6.017890e-20   35298
  2.261624e-01   1.133546e-17   1.000185e-03   5.942239e-20   36650
  2.295712e-01   1.149348e-17   9.760902e-04   5.984550e-20   36888
  2.329819e-01   1.164225e-17   9.904086e-04   5.861303e-20   38834
  2.363985e-01   1.182341e-17   9.689353e-04   6.011589e-20   39246
  2.397896e-01   1.219562e-17   9.728047e-04   6.092598e-20   40466
  2.431611e-01   1.236564e-17   9.698523e-04   6.027559e-20   41106
  2.465616e-01   1.252708e-17   1.002402e-03   6.006688e-20   43598
  2.499729e-01   1.286066e-17   9.767696e-04   6.194853e-20   43650
  2.533537e-01   1.309961e-17   9.807939e-04   6.125693e-20   45272
  2.567753e-01   1.328888e-17   9.902728e-04   6.136084e-20   46994
  2.601932e-01   1.375587e-17   9.838031e-04   6.227823e-20   47850
  2.635891e-01   1.373761e-17   9.763755e-04   6.236696e-20   48846
  2.669651e-01   1.398850e-17   9.674364e-04   6.306094e-20   49706
  2.703341e-01   1.410588e-17   9.741070e-04   6.234071e-20   51198
  2.737406e-01   1.421467e-17   9.924828e-04   6.148633e-20   53402
  2.771371e-01   1.454248e-17   9.722520e-04   6.415804e-20   53634
  2.805624e-01   1.456246e-17   1.000830e-03   6.080786e-20   56888
  2.839916e-01   1.470809e-17   9.684451e-04   6.206606e-20   56474
  2.874008e-01   1.487250e-17   9.892805e-04   6.126789e-20   58962
  2.908071e-01   1.488023e-17   9.753894e-04   6.121977e-20   59214
  2.941982e-01   1.535578e-17   9.869673e-04   6.176652e-20   61250
  2.975821e-01   1.547437e-17   9.719144e-04   6.227880e-20   61694
  3.009545e-01   1.565329e-17   9.802014e-04   6.218446e-20   63618
  3.043698e-01   1.585112e-17   9.975679e-04   6.142992e-20   66284
  3.077980e-01   1.607971e-17   9.829085e-04   6.205971e-20   67014
  3.111933e-01   1.612310e-17   9.745070e-04   6.200531e-20   67930
  3.145950e-01   1.642577e-17   9.864977e-04   6.202069e-20   70294
  3.179925e-01   1.683789e-17   9.751208e-04   6.300428e-20   70658
  3.213649e-01   1.703573e-17   9.817106e-04   6.399091e-20   72522
  3.247596e-01   1.700586e-17   9.844648e-04   6.249115e-20   74550
  3.281564e-01   1.723894e-17   9.737283e-04   6.269999e-20   75674
  3.315542e-01   1.752263e-17   9.772401e-04   6.280525e-20   77708
  3.349903e-01   1.758502e-17   9.941667e-04   6.138833e-20   80622
  3.384102e-01   1.775574e-17   9.737086e-04   6.313470e-20   80330
  3.418120e-01   1.794078e-17   9.872349e-04   6.284804e-20   82974
  3.452149e-01   1.802819e-17   9.787907e-04   6.267620e-20   83666
  3.486074e-01   1.826551e-17   9.855947e-04   6.238655e-20   85746
  3.519919e-01   1.822710e-17   9.786235e-04   6.171349e-20   86702
  3.553849e-01   1.847549e-17   9.853848e-04   6.124939e-20   89556
  3.587998e-01   1.860578e-17   9.787040e-04   6.170684e-20   91038
  3.622049e-01   1.898746e-17   9.781806e-04   6.252942e-20   92522
  3.655984e-01   1.902576e-17   9.796226e-04   6.247783e-20   94034
  3.690238e-01   1.918618e-17   1.002172e-03   6.134148e-20   97758
  3.724152e-01   1.949408e-17   9.656500e-04   6.331703e-20   95770
  3.757798e-01   1.957139e-17   9.833165e-04   6.256750e-20   99646
  3.791725e-01   1.988017e-17   9.759165e-04   6.274351e-20   100980
  3.825817e-01   1.998119e-17   9.863738e-04   6.235521e-20   104258
  3.859962e-01   2.002765e-17   9.755460e-04   6.225374e-20   104998
  3.894080e-01   2.028902e-17   9.835643e-04   6.194752e-20   107866
  3.928147e-01   2.054581e-17   9.740361e-04   6.257671e-20   108154
  3.962141e-01   2.078828e-17   9.934490e-04   6.210360e-20   111622
  3.996192e-01   2.093653e-17   9.826041e-04   6.269510e-20   112146
  4.030012e-01   2.122609e-17   9.795782e-04   6.276012e-20   114014
  4.063885e-01   2.112112e-17   9.764181e-04   6.211015e-20   116220
  4.097904e-01   2.138713e-17   9.798152e-04   6.159594e-20   118682
  4.132005e-01   2.154240e-17   9.857802e-04   6.219954e-20   121118
  4.166179e-01   2.158592e-17   9.842070e-04   6.191224e-20   122994
  4.200138e-01   2.164348e-17   9.755040e-04   6.180288e-20   123574
  4.234089e-01   2.204368e-17   9.898661e-04   6.199370e-20   126922
  4.268043e-01   2.210109e-17   9.841431e-04   6.197090e-20   127906
  4.301921e-01   2.216400e-17   9.815465e-04   6.146354e-20   130432
  4.335917e-01   2.242707e-17   9.754601e-04   6.137870e-20   132642
  4.369913e-01   2.260384e-17   9.719503e-04   6.146669e-20   134534
  4.404018e-01   2.282136e-17   9.840871e-04   6.156034e-20   137778
  4.438343e-01   2.295663e-17   9.933984e-04   6.121131e-20   140786
  4.472374e-01   2.306869e-17   9.717922e-04   6.160131e-20   139590
  4.506229e-01   2.326322e-17   9.849166e-04   6.160082e-20   143546
  4.540257e-01   2.344530e-17   9.844996e-04   6.156126e-20   145338
  4.574181e-01   2.367606e-17   9.804237e-04   6.158415e-20   147272
  4.608205e-01   2.362185e-17   9.820431e-04   6.132818e-20   150330
  4.642299e-01   2.376875e-17   9.784546e-04   6.065459e-20   152318
  4.676229e-01   2.401853e-17   9.721829e-04   6.126451e-20   153202
  4.710338e-01   2.397669e-17   9.963562e-04   6.028201e-20   158626
  4.744395e-01   2.427759e-17   9.772483e-04   6.137908e-20   157350
  4.778318e-01   2.425940e-17   9.898002e-04   6.078145e-20   161906
  4.812140e-01   2.465796e-17   9.669369e-04   6.198203e-20   160872
  4.846116e-01   2.476120e-17   9.917034e-04   6.069464e-20   167858
  4.880280e-01   2.507045e-17   9.756048e-04   6.136909e-20   167514
  4.914175e-01   2.491921e-17   9.745776e-04   6.003045e-20   169862
  4.948220e-01   2.508789e-17   9.838968e-04   6.064950e-20   173602
  4.982323e-01   2.537216e-17   9.830917e-04   6.004749e-20   175258
  5.016339e-01   2.539909e-17   9.862687e-04   6.060611e-20   177654
  5.050410e-01   2.560003e-17   9.895807e-04   5.983312e-20   180698
  5.084427e-01   2.564542e-17   9.791290e-04   6.016671e-20   181968
  5.118414e-01   2.600956e-17   9.787235e-04   6.032398e-20   184850
  5.152392e-01   2.611485e-17   9.792509e-04   6.043691e-20   187034
  5.186493e-01   2.621077e-17   9.887200e-04   6.001346e-20   191238
  5.220519e-01   2.641306e-17   9.768042e-04   6.036663e-20   191042
  5.254432e-01   2.651320e-17   9.855000e-04   5.991892e-20   195102
  5.288335e-01   2.663789e-17   9.778254e-04   6.015269e-20   195786
  5.322301e-01   2.672738e-17   9.901932e-04   5.908140e-20   201164
  5.356296e-01   2.700928e-17   9.735643e-04   6.057008e-20   201070
  5.390212e-01   2.692479e-17   9.785171e-04   5.915901e-20   205234
  5.424222e-01   2.727895e-17   9.768081e-04   6.002628e-20   207342
  5.458239e-01   2.726457e-17   9.815179e-04   5.914893e-20   210602
  5.492295e-01   2.740969e-17   9.836776e-04   5.949181e-20   213130
  5.526459e-01   2.757622e-17   9.915409e-04   5.908283e-20   217318
  5.560456e-01   2.771319e-17   9.743530e-04   5.949750e-20   216306
  5.594305e-01   2.774711e-17   9.794774e-04   5.914176e-20   220652
  5.628376e-01   2.800582e-17   9.842473e-04   5.931362e-20   224502
  5.662522e-01   2.822930e-17   9.844461e-04   5.948190e-20   227186
  5.696552e-01   2.815404e-17   9.784190e-04   5.879297e-20   228398
  5.730519e-01   2.833669e-17   9.819770e-04   5.877962e-20   231642
  5.764475e-01   2.846453e-17   9.824176e-04   5.891544e-20   233946
  5.798545e-01   2.879675e-17   9.913361e-04   5.910685e-20   238694
  5.832493e-01   2.889348e-17   9.753099e-04   5.900538e-20   238068
  5.866460e-01   2.908284e-17   9.835365e-04   5.887842e-20   244190
  5.900561e-01   2.893421e-17   9.771578e-04   5.843521e-20   245362
  5.934524e-01   2.932671e-17   9.800894e-04   5.874004e-20   248362
  5.968555e-01   2.936898e-17   9.839452e-04   5.833871e-20   251966
  6.002586e-01   2.964300e-17   9.805677e-04   5.864837e-20   254034
  6.036498e-01   2.969324e-17   9.775259e-04   5.901196e-20   255818
  6.070559e-01   2.957600e-17   9.912862e-04   5.793920e-20   262254
  6.104632e-01   3.007740e-17   9.773523e-04   5.873660e-20   261980
  6.138753e-01   3.003178e-17   9.883425e-04   5.807199e-20   268566
  6.172721e-01   3.024145e-17   9.667501e-04   5.862037e-20   265538
  6.206625e-01   3.042604e-17   9.869997e-04   5.804400e-20   273330
  6.240644e-01   3.035786e-17   9.812963e-04   5.822843e-20   273718
  6.274686e-01   3.044315e-17   9.910705e-04   5.765819e-20   279658
  6.308738e-01   3.087654e-17   9.800215e-04   5.843761e-20   279670
  6.342612e-01   3.085852e-17   9.791793e-04   5.814495e-20   282964
  6.376657e-01   3.089116e-17   9.856782e-04   5.800136e-20   288362
  6.410723e-01   3.105712e-17   9.787866e-04   5.793175e-20   289686
  6.444666e-01   3.130262e-17   9.767056e-04   5.815610e-20   292234
  6.478513e-01   3.129471e-17   9.736693e-04   5.781774e-20   294190
  6.512490e-01   3.143920e-17   9.869325e-04   5.745139e-20   300642
  6.546619e-01   3.164281e-17   9.871013e-04   5.745090e-20   303386
  6.580612e-01   3.160182e-17   9.793499e-04   5.718739e-20   304662
  6.614636e-01   3.170759e-17   9.820034e-04   5.723173e-20   309812
  6.648699e-01   3.182975e-17   9.779067e-04   5.724759e-20   311714
  6.682854e-01   3.205326e-17   9.889859e-04   5.687659e-20   318126
  6.716848e-01   3.218166e-17   9.721561e-04   5.723636e-20   315114
  6.750728e-01   3.227938e-17   9.862501e-04   5.694194e-20   322622
  6.784691e-01   3.243548e-17   9.775093e-04   5.725667e-20   322850
  6.818689e-01   3.245588e-17   9.897138e-04   5.645961e-20   329802
  6.852751e-01   3.265574e-17   9.833693e-04   5.692453e-20   331104
  6.886859e-01   3.291285e-17   9.866565e-04   5.682358e-20   336986
  6.920888e-01   3.287053e-17   9.721728e-04   5.687280e-20   335870
  6.954811e-01   3.291115e-17   9.807544e-04   5.641494e-20   341610
  6.988813e-01   3.307092e-17   9.817106e-04   5.648313e-20   344370
  7.022777e-01   3.330788e-17   9.819315e-04   5.685490e-20   347606
  7.056775e-01   3.331965e-17   9.835290e-04   5.623333e-20   351650
  7.090743e-01   3.352862e-17   9.788224e-04   5.635259e-20   353760
  7.124835e-01   3.360318e-17   9.883067e-04   5.592984e-20   360970
  7.159021e-01   3.379722e-17   9.827333e-04   5.620620e-20   362818
  7.192956e-01   3.384605e-17   9.713759e-04   5.608985e-20   362334
  7.226987e-01   3.389846e-17   9.881791e-04   5.575429e-20   371642
  7.260991e-01   3.402948e-17   9.752613e-04   5.634744e-20   368778
  7.294880e-01   3.424331e-17   9.876514e-04   5.594615e-20   376526
  7.328875e-01   3.422702e-17   9.811641e-04   5.585810e-20   377786
  7.362841e-01   3.442660e-17   9.830834e-04   5.584386e-20   382968
  7.396876e-01   3.455952e-17   9.807196e-04   5.560505e-20   386146
  7.430940e-01   3.478049e-17   9.835434e-04   5.557883e-20   390826
  7.464968e-01   3.479101e-17   9.797536e-04   5.565644e-20   392662
  7.499014e-01   3.495849e-17   9.850939e-04   5.541881e-20   398242
  7.532920e-01   3.497258e-17   9.729755e-04   5.551682e-20   396726
  7.566809e-01   3.517075e-17   9.841245e-04   5.528895e-20   404738
  7.600831e-01   3.525053e-17   9.825351e-04   5.523836e-20   407628
  7.634852e-01   3.524307e-17   9.813443e-04   5.506196e-20   411734
  7.668845e-01   3.538941e-17   9.775056e-04   5.496648e-20   414242
  7.702939e-01   3.551309e-17   9.855270e-04   5.482067e-20   421434
  7.737042e-01   3.552905e-17   9.802386e-04   5.477607e-20   421918
  7.771088e-01   3.587384e-17   9.872890e-04   5.507803e-20   427810
  7.805138e-01   3.581927e-17   9.826568e-04   5.453493e-20   429470
  7.839079e-01   3.602655e-17   9.797011e-04   5.491716e-20   432282
  7.873028e-01   3.609048e-17   9.821433e-04   5.458566e-20   437260
  7.907010e-01   3.625708e-17   9.806539e-04   5.464593e-20   440758
  7.941053e-01   3.648034e-17   9.841811e-04   5.448898e-20   446370
  7.975164e-01   3.634056e-17   9.834504e-04   5.417572e-20   450182
  8.009127e-01   3.641916e-17   9.757493e-04   5.448069e-20   449850
  8.043077e-01   3.653896e-17   9.864375e-04   5.398262e-20   457898
  8.077063e-01   3.670361e-17   9.796531e-04   5.427526e-20   458662
  8.111019e-01   3.685030e-17   9.815065e-04   5.416135e-20   464620
  8.144977e-01   3.689537e-17   9.750269e-04   5.426532e-20   466302
  8.179011e-01   3.703593e-17   9.839993e-04   5.377086e-20   474314
  8.213073e-01   3.713838e-17   9.800182e-04   5.382956e-20   475530
  8.247179e-01   3.723567e-17   9.879200e-04   5.355498e-20   483206
  8.281287e-01   3.738436e-17   9.814603e-04   5.383149e-20   483530
  8.315249e-01   3.754032e-17   9.809161e-04   5.375371e-20   487002
  8.349221e-01   3.766578e-17   9.835509e-04   5.361564e-20   491774
  8.383178e-01   3.761124e-17   9.804529e-04   5.353827e-20   495084
  8.417151e-01   3.775928e-17   9.794333e-04   5.345555e-20   499438
  8.451164e-01   3.781633e-17   9.820615e-04   5.333615e-20   504682
  8.485188e-01   3.791530e-17   9.813126e-04   5.327724e-20   507738
  8.519281e-01   3.809993e-17   9.891488e-04   5.339699e-20   515174
  8.553313e-01   3.825269e-17   9.796328e-04   5.338384e-20   514234
  8.587212e-01   3.829590e-17   9.795185e-04   5.333694e-20   519022
  8.621117e-01   3.821337e-17   9.776207e-04   5.269551e-20   522636
  8.655093e-01   3.844604e-17   9.815215e-04   5.276192e-20   529442
  8.689165e-01   3.856846e-17   9.823162e-04   5.280703e-20   534078
  8.723203e-01   3.862579e-17   9.785977e-04   5.277252e-20   536666
  8.757149e-01   3.867411e-17   9.771268e-04   5.272221e-20   539142
  8.791253e-01   3.874053e-17   9.924057e-04   5.249296e-20   550658
  8.825379e-01   3.904480e-17   9.816929e-04   5.283882e-20   548298
  8.859333e-01   3.906296e-17   9.826669e-04   5.256601e-20   553694
  8.893272e-01   3.915868e-17   9.768278e-04   5.253974e-20   556116
  8.927312e-01   3.921404e-17   9.844199e-04   5.224740e-20   564890
  8.961296e-01   3.919227e-17   9.766230e-04   5.219761e-20   563718
  8.995313e-01   3.944539e-17   9.874972e-04   5.196139e-20   574298
  9.029379e-01   3.960414e-17   9.804817e-04   5.239088e-20   573966
  9.063376e-01   3.975122e-17   9.852707e-04   5.232050e-20   580586
  9.097364e-01   3.975355e-17   9.817750e-04   5.221013e-20   582666
  9.131388e-01   3.983435e-17   9.852143e-04   5.185602e-20   590648
  9.165400e-01   3.987925e-17   9.754677e-04   5.197396e-20   590394
  9.199310e-01   3.994653e-17   9.770986e-04   5.169096e-20   596174
  9.233301e-01   4.011949e-17   9.802065e-04   5.166862e-20   601674
  9.267350e-01   4.015498e-17   9.846832e-04   5.158300e-20   607682
  9.301415e-01   4.027451e-17   9.838059e-04   5.160114e-20   611166
  9.335460e-01   4.049117e-17   9.835863e-04   5.153485e-20   615626
  9.369426e-01   4.054083e-17   9.795239e-04   5.156667e-20   617290
  9.403431e-01   4.046916e-17   9.852598e-04   5.118152e-20   626344
  9.437456e-01   4.070155e-17   9.776145e-04   5.153918e-20   626658
  9.471442e-01   4.084404e-17   9.821583e-04   5.131185e-20   634022
  9.505394e-01   4.074638e-17   9.766085e-04   5.106386e-20   634554
  9.539406e-01   4.089531e-17   9.874089e-04   5.082562e-20   645026
  9.573433e-01   4.099020e-17   9.821401e-04   5.093221e-20   645102
  9.607439e-01   4.107413e-17   9.860849e-04   5.077791e-20   653018
  9.641443e-01   4.119054e-17   9.792030e-04   5.077414e-20   654384
  9.675485e-01   4.121369e-17   9.834130e-04   5.063124e-20   663194
  9.709524e-01   4.152657e-17   9.778786e-04   5.094069e-20   663834
  9.743471e-01   4.133707e-17   9.789463e-04   5.058920e-20   669158
  9.777459e-01   4.147363e-17   9.805686e-04   5.045638e-20   674490
  9.811412e-01   4.161193e-17   9.786140e-04   5.054681e-20   677222
  9.845441e-01   4.189130e-17   9.871972e-04   5.072630e-20   686874
  9.879558e-01   4.188612e-17   9.859594e-04   5.046722e-20   690722
  9.913572e-01   4.194285e-17   9.790433e-04   5.065693e-20   692008
  9.947624e-01   4.193429e-17   9.840929e-04   5.005000e-20   701386
  9.981657e-01   4.213208e-17   9.773767e-04   5.040157e-20   700778
  1.001563e+00   4.209167e-17   9.829030e-04   4.988686e-20   708774
  1.004963e+00   4.221745e-17   9.817412e-04   5.015239e-20   711690
  1.008366e+00   4.227658e-17   9.861014e-04   4.980583e-20   719606
  1.011761e+00   4.242791e-17   9.768322e-04   4.998325e-20   717762
  1.015158e+00   4.248446e-17   9.862327e-04   4.945579e-20   730460
  1.018564e+00   4.256929e-17   9.793539e-04   4.964802e-20   731070
  1.021972e+00   4.254908e-17   9.851635e-04   4.936769e-20   741170
  1.025372e+00   4.280383e-17   9.730396e-04   4.985319e-20   737094
  1.028764e+00   4.289591e-17   9.820777e-04   4.978145e-20   747698
  1.032166e+00   4.283488e-17   9.825085e-04   4.952660e-20   751658
  1.035563e+00   4.300425e-17   9.813994e-04   4.957252e-20   755574
  1.038960e+00   4.307796e-17   9.819736e-04   4.942727e-20   761442
  1.042370e+00   4.308436e-17   9.859386e-04   4.902636e-20   770816
  1.045775e+00   4.345396e-17   9.778469e-04   4.964257e-20   769274
  1.049181e+00   4.325231e-17   9.883345e-04   4.896197e-20   782130
  1.052579e+00   4.346529e-17   9.735264e-04   4.920346e-20   775230
  1.055972e+00   4.340172e-17   9.857792e-04   4.887012e-20   789866
  1.059371e+00   4.354876e-17   9.785659e-04   4.907063e-20   787914
  1.062768e+00   4.369338e-17   9.871968e-04   4.886758e-20   799598
  1.066175e+00   4.366854e-17   9.836410e-04   4.871836e-20   802980
  1.069574e+00   4.375386e-17   9.780653e-04   4.877144e-20   805622
  1.072972e+00   4.387928e-17   9.797707e-04   4.885051e-20   812050
  1.076379e+00   4.393419e-17   9.852802e-04   4.857253e-20   820954
  1.079781e+00   4.403410e-17   9.789326e-04   4.852864e-20   820062
  1.083172e+00   4.402258e-17   9.799094e-04   4.837592e-20   826298
  1.086570e+00   4.425960e-17   9.815876e-04   4.856621e-20   833118
  1.089963e+00   4.429132e-17   9.774947e-04   4.844749e-20   834812
  1.093365e+00   4.444729e-17   9.859628e-04   4.818028e-20   847858
  1.096785e+00   4.443017e-17   9.865115e-04   4.798163e-20   854278
  1.100190e+00   4.450942e-17   9.767209e-04   4.817971e-20   850978
  1.103586e+00   4.463231e-17   9.814764e-04   4.817294e-20   859186
  1.106990e+00   4.461083e-17   9.865569e-04   4.794389e-20   867126
  1.110391e+00   4.476440e-17   9.816501e-04   4.811351e-20   868274
  1.113785e+00   4.474658e-17   9.808544e-04   4.800942e-20   873606
  1.117179e+00   4.484763e-17   9.794732e-04   4.794278e-20   879284
  1.120580e+00   4.501697e-17   9.820603e-04   4.788596e-20   887170
  1.123993e+00   4.510022e-17   9.876068e-04   4.773937e-20   897526
  1.127401e+00   4.503938e-17   9.778886e-04   4.760850e-20   894258
  1.130799e+00   4.526350e-17   9.823745e-04   4.760160e-20   903374
  1.134195e+00   4.529985e-17   9.785328e-04   4.760730e-20   904338
  1.137590e+00   4.535778e-17   9.832540e-04   4.735152e-20   913586
  1.140984e+00   4.552616e-17   9.783814e-04   4.771098e-20   915416
  1.144387e+00   4.548083e-17   9.836903e-04   4.730879e-20   928122
  1.147789e+00   4.557059e-17   9.757713e-04   4.737455e-20   926094
  1.151197e+00   4.574841e-17   9.888312e-04   4.714600e-20   942890
  1.154606e+00   4.571101e-17   9.789734e-04   4.717544e-20   937266
  1.158004e+00   4.578966e-17   9.856923e-04   4.710427e-20   948854
  1.161404e+00   4.584100e-17   9.801062e-04   4.709797e-20   948714
  1.164797e+00   4.589999e-17   9.823513e-04   4.706608e-20   956186
  1.168197e+00   4.604959e-17   9.838881e-04   4.694013e-20   964272
  1.171602e+00   4.602513e-17   9.813885e-04   4.680575e-20   969458
  1.175002e+00   4.613602e-17   9.785094e-04   4.681153e-20   972750
  1.178405e+00   4.624773e-17   9.839022e-04   4.667956e-20   982706
  1.181806e+00   4.631604e-17   9.798755e-04   4.670304e-20   982906
  1.185211e+00   4.634198e-17   9.881427e-04   4.635701e-20   996622
  1.188612e+00   4.632491e-17   9.782401e-04   4.656793e-20   992378
  1.191999e+00   4.649329e-17   9.775059e-04   4.636593e-20   999000
  1.195397e+00   4.650603e-17   9.817623e-04   4.627283e-20   1010114
  1.198803e+00   4.664530e-17   9.815316e-04   4.639281e-20   1015722
  1.202205e+00   4.668702e-17   9.793783e-04   4.626608e-20   1018742
  1.205613e+00   4.681903e-17   9.864495e-04   4.611049e-20   1031250
  1.209016e+00   4.676796e-17   9.786533e-04   4.619765e-20   1027226
  1.212413e+00   4.689398e-17   9.856307e-04   4.601021e-20   1039734
  1.215813e+00   4.704568e-17   9.805725e-04   4.611742e-20   1039914
  1.219210e+00   4.712272e-17   9.832224e-04   4.592262e-20   1050272
  1.222609e+00   4.706061e-17   9.777885e-04   4.583669e-20   1052306
  1.226010e+00   4.725970e-17   9.820199e-04   4.584163e-20   1062666
  1.229414e+00   4.713154e-17   9.821012e-04   4.567995e-20   1067262
  1.232818e+00   4.741379e-17   9.834577e-04   4.578638e-20   1073906
  1.236220e+00   4.734870e-17   9.821555e-04   4.576533e-20   1078190
  1.239623e+00   4.745993e-17   9.835287e-04   4.544526e-20   1085634
  1.243018e+00   4.753255e-17   9.777743e-04   4.564232e-20   1085508
  1.246420e+00   4.748587e-17   9.857694e-04   4.520543e-20   1101926
  1.249823e+00   4.755987e-17   9.765533e-04   4.537111e-20   1098322
  1.253220e+00   4.771435e-17   9.810493e-04   4.528969e-20   1109878
  1.256626e+00   4.778928e-17   9.822346e-04   4.531318e-20   1115338
  1.260031e+00   4.778386e-17   9.850685e-04   4.519013e-20   1122586
  1.263434e+00   4.787158e-17   9.828803e-04   4.506851e-20   1125862
  1.266833e+00   4.799583e-17   9.826042e-04   4.513631e-20   1132498
  1.270230e+00   4.799592e-17   9.794882e-04   4.516563e-20   1135444
  1.273627e+00   4.806910e-17   9.822580e-04   4.481921e-20   1145374
  1.277031e+00   4.805034e-17   9.829599e-04   4.472838e-20   1152698
  1.280435e+00   4.816802e-17   9.811808e-04   4.479988e-20   1157046
  1.283832e+00   4.829758e-17   9.792543e-04   4.482423e-20   1160226
  1.287236e+00   4.832503e-17   9.867747e-04   4.450086e-20   1174346
  1.290638e+00   4.845479e-17   9.799098e-04   4.484855e-20   1171462
  1.294035e+00   4.830441e-17   9.835292e-04   4.441947e-20   1183828
  1.297431e+00   4.858115e-17   9.751511e-04   4.463319e-20   1181822
  1.300825e+00   4.852296e-17   9.806813e-04   4.437925e-20   1194930
  1.304229e+00   4.861712e-17   9.822693e-04   4.430613e-20   1202010
  1.307632e+00   4.857875e-17   9.818508e-04   4.428783e-20   1207166
  1.311036e+00   4.872844e-17   9.828798e-04   4.426253e-20   1214106
  1.314433e+00   4.878250e-17   9.789042e-04   4.424407e-20   1215302
  1.317833e+00   4.881740e-17   9.858329e-04   4.398395e-20   1229274
  1.321244e+00   4.900622e-17   9.860143e-04   4.416605e-20   1236164
  1.324647e+00   4.894532e-17   9.790511e-04   4.416398e-20   1235326
  1.328043e+00   4.913223e-17   9.802315e-04   4.411680e-20   1244026
  1.331441e+00   4.909352e-17   9.803347e-04   4.393669e-20   1249154
  1.334844e+00   4.914102e-17   9.852720e-04   4.389807e-20   1260558
  1.338244e+00   4.914488e-17   9.799856e-04   4.375172e-20   1260394
  1.341646e+00   4.938524e-17   9.851173e-04   4.376393e-20   1274758
  1.345044e+00   4.925592e-17   9.761448e-04   4.361016e-20   1270188
  1.348447e+00   4.942153e-17   9.870074e-04   4.347838e-20   1291202
  1.351849e+00   4.950310e-17   9.757557e-04   4.377794e-20   1282654
  1.355244e+00   4.953581e-17   9.819229e-04   4.345441e-20   1298242
  1.358647e+00   4.964674e-17   9.803455e-04   4.339542e-20   1301774
  1.362047e+00   4.963176e-17   9.827693e-04   4.340700e-20   1309770
  1.365448e+00   4.966251e-17   9.830640e-04   4.331447e-20   1315714
  1.368852e+00   4.964254e-17   9.843087e-04   4.311238e-20   1325110
  1.372253e+00   4.977324e-17   9.790721e-04   4.324249e-20   1326012
  1.375652e+00   4.975010e-17   9.818283e-04   4.309505e-20   1336154
  1.379060e+00   4.984134e-17   9.856646e-04   4.294206e-20   1347334
  1.382463e+00   4.988490e-17   9.798090e-04   4.297147e-20   1345354
  1.385854e+00   4.994879e-17   9.796108e-04   4.301542e-20   1350998
  1.389254e+00   4.997680e-17   9.851001e-04   4.285483e-20   1365546
  1.392658e+00   5.015664e-17   9.818266e-04   4.282284e-20   1367474
  1.396060e+00   5.013928e-17   9.832315e-04   4.269242e-20   1377984
  1.399461e+00   5.020319e-17   9.785308e-04   4.281688e-20   1379394
  1.402863e+00   5.034264e-17   9.826740e-04   4.275796e-20   1392230
  1.406265e+00   5.025322e-17   9.788975e-04   4.265402e-20   1392634
  1.409662e+00   5.044648e-17   9.821355e-04   4.265133e-20   1402666
  1.413062e+00   5.044680e-17   9.819858e-04   4.260207e-20   1408502
  1.416462e+00   5.040994e-17   9.817857e-04   4.236780e-20   1415418
  1.419855e+00   5.058959e-17   9.774342e-04   4.266114e-20   1416856
  1.423264e+00   5.062811e-17   9.894876e-04   4.215999e-20   1442002
  1.426674e+00   5.058804e-17   9.781259e-04   4.228719e-20   1431634
  1.430071e+00   5.062613e-17   9.822615e-04   4.211152e-20   1444606
  1.433469e+00   5.084123e-17   9.789194e-04   4.229332e-20   1445890
  1.436871e+00   5.080325e-17   9.861222e-04   4.206790e-20   1462210
  1.440273e+00   5.081001e-17   9.807880e-04   4.201602e-20   1459590
  1.443669e+00   5.083336e-17   9.833740e-04   4.183645e-20   1471226
  1.447072e+00   5.093287e-17   9.829562e-04   4.186244e-20   1480072
  1.450479e+00   5.103187e-17   9.811931e-04   4.187821e-20   1486594
  1.453879e+00   5.101021e-17   9.787053e-04   4.178343e-20   1488882
  1.457279e+00   5.113235e-17   9.827371e-04   4.164931e-20   1500854
  1.460684e+00   5.113409e-17   9.826979e-04   4.169200e-20   1506874
  1.464078e+00   5.131070e-17   9.779210e-04   4.180310e-20   1506094
  1.467472e+00   5.123489e-17   9.824981e-04   4.153688e-20   1519682
  1.470872e+00   5.134507e-17   9.822978e-04   4.162018e-20   1526724
  1.474279e+00   5.126863e-17   9.845854e-04   4.127986e-20   1539038
  1.477685e+00   5.137803e-17   9.798767e-04   4.143190e-20   1539810
  1.481081e+00   5.145870e-17   9.791313e-04   4.141993e-20   1545046
  1.484485e+00   5.155367e-17   9.854562e-04   4.131308e-20   1560538
  1.487886e+00   5.154867e-17   9.804436e-04   4.129069e-20   1557506
  1.491282e+00   5.159049e-17   9.836002e-04   4.120111e-20   1570062
  1.494678e+00   5.166000e-17   9.793467e-04   4.119602e-20   1571290
  1.498078e+00   5.167758e-17   9.842488e-04   4.101258e-20   1588228
  1.501484e+00   5.175152e-17   9.810937e-04   4.098477e-20   1591046
  1.504889e+00   5.184833e-17   9.832504e-04   4.097140e-20   1602474
  1.508291e+00   5.184101e-17   9.782624e-04   4.097977e-20   1601646
  1.511687e+00   5.182152e-17   9.804817e-04   4.082398e-20   1611266
  1.515082e+00   5.192083e-17   9.805934e-04   4.081962e-20   1616634
  1.518484e+00   5.189857e-17   9.853950e-04   4.059692e-20   1631366
  1.521885e+00   5.208304e-17   9.796982e-04   4.080337e-20   1631028
  1.525282e+00   5.219208e-17   9.798719e-04   4.067828e-20   1641446
  1.528689e+00   5.216525e-17   9.836821e-04   4.060901e-20   1654234
  1.532101e+00   5.215226e-17   9.854232e-04   4.040150e-20   1662874
  1.535501e+00   5.225206e-17   9.777869e-04   4.060003e-20   1656686
  1.538894e+00   5.226449e-17   9.817573e-04   4.042930e-20   1670898
  1.542295e+00   5.230526e-17   9.826743e-04   4.034987e-20   1678074
  1.545693e+00   5.238122e-17   9.828970e-04   4.041184e-20   1685198
  1.549094e+00   5.234724e-17   9.826216e-04   4.026127e-20   1694524
  1.552497e+00   5.245042e-17   9.806206e-04   4.014469e-20   1701334
  1.555899e+00   5.246357e-17   9.807944e-04   4.011672e-20   1709386
  1.559306e+00   5.251510e-17   9.832546e-04   4.003448e-20   1719994
  1.562708e+00   5.254363e-17   9.808801e-04   4.005713e-20   1721510
  1.566111e+00   5.256600e-17   9.843526e-04   3.991843e-20   1734978
  1.569507e+00   5.264138e-17   9.766081e-04   4.001274e-20   1728646
  1.572899e+00   5.274468e-17   9.823741e-04   3.986763e-20   1746868
  1.576300e+00   5.270773e-17   9.809864e-04   3.980922e-20   1752922
  1.579707e+00   5.280279e-17   9.845798e-04   3.971834e-20   1767862
  1.583112e+00   5.271305e-17   9.793884e-04   3.972695e-20   1765698
  1.586515e+00   5.289764e-17   9.844058e-04   3.959419e-20   1781270
  1.589918e+00   5.291526e-17   9.810287e-04   3.971518e-20   1780650
  1.593316e+00   5.279311e-17   9.836246e-04   3.945642e-20   1792418
  1.596711e+00   5.296394e-17   9.794648e-04   3.953657e-20   1792790
  1.600109e+00   5.292142e-17   9.831424e-04   3.929907e-20   1809852
  1.603512e+00   5.302355e-17   9.801224e-04   3.939672e-20   1812666
  1.606915e+00   5.317115e-17   9.841796e-04   3.927469e-20   1827614
  1.610321e+00   5.319879e-17   9.814350e-04   3.930758e-20   1829970
  1.613720e+00   5.312843e-17   9.803236e-04   3.921991e-20   1835030
  1.617114e+00   5.320642e-17   9.798165e-04   3.914539e-20   1841410
  1.620515e+00   5.326606e-17   9.841327e-04   3.909030e-20   1856626
  1.623912e+00   5.330843e-17   9.785166e-04   3.916286e-20   1854656
  1.627309e+00   5.331735e-17   9.815053e-04   3.899517e-20   1870698
  1.630712e+00   5.342254e-17   9.804842e-04   3.899156e-20   1876998
  1.634114e+00   5.338956e-17   9.808565e-04   3.891934e-20   1884458
  1.637514e+00   5.349745e-17   9.820836e-04   3.892736e-20   1891730
  1.640921e+00   5.346417e-17   9.864027e-04   3.878473e-20   1907574
  1.644328e+00   5.350191e-17   9.824949e-04   3.872436e-20   1907730
  1.647725e+00   5.365974e-17   9.806100e-04   3.878582e-20   1912154
  1.651122e+00   5.361372e-17   9.815437e-04   3.869527e-20   1923216
  1.654527e+00   5.367892e-17   9.837853e-04   3.859823e-20   1936562
  1.657929e+00   5.370135e-17   9.797671e-04   3.864727e-20   1936862
  1.661330e+00   5.358966e-17   9.824032e-04   3.834187e-20   1950114
  1.664731e+00   5.386746e-17   9.809526e-04   3.848057e-20   1953306
  1.668134e+00   5.380495e-17   9.852343e-04   3.834488e-20   1968806
  1.671536e+00   5.371925e-17   9.810375e-04   3.830372e-20   1968818
  1.674935e+00   5.388218e-17   9.815051e-04   3.826514e-20   1980624
  1.678335e+00   5.384884e-17   9.789502e-04   3.827411e-20   1985034
  1.681733e+00   5.399136e-17   9.802456e-04   3.821124e-20   1995242
  1.685136e+00   5.397376e-17   9.833510e-04   3.807193e-20   2007742
  1.688539e+00   5.393547e-17   9.813083e-04   3.801122e-20   2010538
  1.691936e+00   5.394532e-17   9.811361e-04   3.806871e-20   2017390
  1.695340e+00   5.406896e-17   9.857772e-04   3.792663e-20   2034346
  1.698736e+00   5.402511e-17   9.777687e-04   3.798289e-20   2025498
  1.702137e+00   5.414692e-17   9.868689e-04   3.778832e-20   2055248
  1.705540e+00   5.412583e-17   9.770123e-04   3.790461e-20   2045090
  1.708936e+00   5.426902e-17   9.814027e-04   3.777771e-20   2062074
  1.712339e+00   5.418324e-17   9.823860e-04   3.770981e-20   2070190
  1.715742e+00   5.430690e-17   9.834046e-04   3.764869e-20   2079226
  1.719142e+00   5.434297e-17   9.818107e-04   3.763863e-20   2083990
  1.722545e+00   5.441733e-17   9.839507e-04   3.756118e-20   2097898
  1.725944e+00   5.436903e-17   9.787299e-04   3.759236e-20   2095452
  1.729345e+00   5.434780e-17   9.842373e-04   3.730263e-20   2117390
  1.732750e+00   5.440759e-17   9.796988e-04   3.744831e-20   2117066
  1.736142e+00   5.440718e-17   9.757475e-04   3.741882e-20   2117238
  1.739539e+00   5.447005e-17   9.838620e-04   3.723401e-20   2140026
  1.742945e+00   5.452753e-17   9.844962e-04   3.720916e-20   2147234
  1.746347e+00   5.451168e-17   9.820811e-04   3.724570e-20   2150118
  1.749746e+00   5.463369e-17   9.821004e-04   3.721384e-20   2160386
  1.753147e+00   5.460917e-17   9.809815e-04   3.708449e-20   2168256
  1.756552e+00   5.457503e-17   9.838581e-04   3.690563e-20   2183306
  1.759956e+00   5.473842e-17   9.808091e-04   3.703489e-20   2184642
  1.763354e+00   5.475587e-17   9.804471e-04   3.703693e-20   2192318
  1.766749e+00   5.469607e-17   9.788737e-04   3.690768e-20   2196066
  1.770152e+00   5.475146e-17   9.865986e-04   3.677432e-20   2220890
  1.773557e+00   5.472694e-17   9.809869e-04   3.675338e-20   2215758
  1.776958e+00   5.484573e-17   9.842037e-04   3.671771e-20   2233988
  1.780360e+00   5.485402e-17   9.782890e-04   3.669184e-20   2231670
  1.783756e+00   5.485667e-17   9.797617e-04   3.662301e-20   2244338
  1.787160e+00   5.493088e-17   9.830422e-04   3.658566e-20   2258610
  1.790563e+00   5.483692e-17   9.809188e-04   3.648136e-20   2260718
  1.793960e+00   5.499163e-17   9.807999e-04   3.657588e-20   2268162
  1.797357e+00   5.500709e-17   9.813749e-04   3.647322e-20   2277494
  1.800757e+00   5.499812e-17   9.827422e-04   3.636816e-20   2288796
  1.804164e+00   5.510553e-17   9.854716e-04   3.625966e-20   2305226
  1.807568e+00   5.507790e-17   9.797129e-04   3.626104e-20   2301630
  1.810969e+00   5.512790e-17   9.832644e-04   3.624660e-20   2319770
  1.814369e+00   5.512739e-17   9.785204e-04   3.630704e-20   2315610
  1.817766e+00   5.515927e-17   9.837069e-04   3.611417e-20   2334662
  1.821166e+00   5.524083e-17   9.806866e-04   3.611965e-20   2335722
  1.824566e+00   5.526464e-17   9.842253e-04   3.605252e-20   2354102
  1.827968e+00   5.531634e-17   9.802735e-04   3.602942e-20   2355156
  1.831373e+00   5.517371e-17   9.840368e-04   3.579456e-20   2374250
  1.834777e+00   5.534768e-17   9.800597e-04   3.598837e-20   2373102
  1.838179e+00   5.524565e-17   9.824130e-04   3.578822e-20   2388194
  1.841575e+00   5.528746e-17   9.773124e-04   3.582607e-20   2383470
  1.844971e+00   5.548598e-17   9.831656e-04   3.574853e-20   2404994
  1.848373e+00   5.533841e-17   9.816762e-04   3.567742e-20   2408538
  1.851770e+00   5.546123e-17   9.815239e-04   3.565405e-20   2417744
  1.855173e+00   5.549706e-17   9.838904e-04   3.557448e-20   2434578
  1.858579e+00   5.542865e-17   9.814961e-04   3.556326e-20   2438414
  1.861981e+00   5.554172e-17   9.821085e-04   3.545921e-20   2448066
  1.865384e+00   5.551396e-17   9.823292e-04   3.545323e-20   2456018
  1.868782e+00   5.553756e-17   9.812306e-04   3.542353e-20   2461230
  1.872181e+00   5.562108e-17   9.823212e-04   3.534245e-20   2474330
  1.875579e+00   5.559188e-17   9.796955e-04   3.531116e-20   2476498
  1.878979e+00   5.564973e-17   9.838203e-04   3.521368e-20   2497240
  1.882386e+00   5.565475e-17   9.822125e-04   3.521589e-20   2502930
  1.885787e+00   5.558920e-17   9.803409e-04   3.513428e-20   2508470
  1.889188e+00   5.562452e-17   9.808760e-04   3.511735e-20   2518482
  1.892591e+00   5.574784e-17   9.833500e-04   3.504948e-20   2532074
  1.895988e+00   5.576673e-17   9.784906e-04   3.508719e-20   2526678
  1.899384e+00   5.574973e-17   9.835395e-04   3.495669e-20   2549018
  1.902784e+00   5.581093e-17   9.800350e-04   3.492947e-20   2551704
  1.906185e+00   5.584389e-17   9.817747e-04   3.482022e-20   2566226
  1.909587e+00   5.581688e-17   9.819509e-04   3.482143e-20   2573898
  1.912993e+00   5.595148e-17   9.842387e-04   3.481240e-20   2589182
  1.916394e+00   5.592915e-17   9.792958e-04   3.478950e-20   2584890
  1.919793e+00   5.596202e-17   9.838242e-04   3.467827e-20   2605190
  1.923194e+00   5.590214e-17   9.814721e-04   3.467656e-20   2606418
  1.926593e+00   5.589627e-17   9.832736e-04   3.456736e-20   2621186
  1.929994e+00   5.586064e-17   9.806156e-04   3.447298e-20   2626608
  1.933393e+00   5.595672e-17   9.799953e-04   3.444044e-20   2636714
  1.936794e+00   5.600115e-17   9.811147e-04   3.442021e-20   2647482
  1.940202e+00   5.610438e-17   9.861446e-04   3.439348e-20   2668382
  1.943607e+00   5.607292e-17   9.801535e-04   3.436181e-20   2660418
  1.947005e+00   5.615188e-17   9.825106e-04   3.433010e-20   2676662
  1.950401e+00   5.613107e-17   9.781799e-04   3.431733e-20   2674210
  1.953797e+00   5.606272e-17   9.827621e-04   3.415306e-20   2697076
  1.957200e+00   5.605852e-17   9.813995e-04   3.410668e-20   2703558
  1.960601e+00   5.621323e-17   9.810424e-04   3.413635e-20   2713250
  1.964000e+00   5.617305e-17   9.793374e-04   3.412476e-20   2717718
  1.967406e+00   5.617863e-17   9.861436e-04   3.392169e-20   2743178
  1.970809e+00   5.627394e-17   9.802672e-04   3.409401e-20   2732730
  1.974208e+00   5.620045e-17   9.854133e-04   3.385792e-20   2758022
  1.977609e+00   5.627886e-17   9.791609e-04   3.393208e-20   2751994
  1.981005e+00   5.630632e-17   9.810250e-04   3.384311e-20   2769052
  1.984409e+00   5.629665e-17   9.824869e-04   3.374732e-20   2783062
  1.987812e+00   5.628716e-17   9.814391e-04   3.375475e-20   2789362
  1.991215e+00   5.631456e-17   9.817332e-04   3.370935e-20   2799582
  1.994619e+00   5.624986e-17   9.828319e-04   3.358684e-20   2811170
  1.998019e+00   5.632208e-17   9.809039e-04   3.354467e-20   2812658
  2.001421e+00   5.636375e-17   9.850690e-04   3.350978e-20   2833302
  2.004820e+00   5.633607e-17   9.785899e-04   3.346960e-20   2827420
  2.008216e+00   2.713999e-18   9.808908e-04   1.019511e-20   2846710
  2.011615e+00   1.955550e-22   9.806052e-04   1.300512e-25   2846535
  2.015014e+00   1.846511e-22   9.826225e-04   1.234419e-25   2848496
  2.018416e+00   1.736399e-22   9.819470e-04   1.165002e-25   2841084
  2.021820e+00   1.633378e-22   9.843122e-04   1.096314e-25   2843480
  2.025222e+00   1.540092e-22   9.802360e-04   1.036281e-25   2826624
  2.028621e+00   1.458665e-22   9.829329e-04   9.801570e-26   2828732
  2.032021e+00   1.383202e-22   9.812694e-04   9.293514e-26   2819296
  2.035422e+00   1.315726e-22   9.824594e-04   8.838343e-26   2819548
  2.038821e+00   1.256027e-22   9.790894e-04   8.449127e-26   2805192
  2.042221e+00   1.204314e-22   9.830303e-04   8.093665e-26   2811104
  2.045624e+00   1.153311e-22   9.815026e-04   7.741254e-26   2800672
  2.049025e+00   1.108565e-22   9.823222e-04   7.441868e-26   2798080
  2.052425e+00   1.063458e-22   9.802167e-04   7.134973e-26   2786976
  2.055826e+00   1.026265e-22   9.831451e-04   6.879100e-26   2791016
  2.059230e+00   9.891361e-23   9.812096e-04   6.615713e-26   2779360
  2.062626e+00   9.548267e-23   9.796265e-04   6.404330e-26   2768644
  2.066023e+00   9.222433e-23   9.822169e-04   6.162455e-26   2771192
  2.069425e+00   8.916103e-23   9.816405e-04   5.957980e-26   2765028
  2.072828e+00   8.633483e-23   9.824068e-04   5.756818e-26   2760864
  2.076235e+00   8.374629e-23   9.849780e-04   5.579255e-26   2761616
  2.079634e+00   8.121250e-23   9.787095e-04   5.422268e-26   2737932
  2.083034e+00   7.872261e-23   9.851663e-04   5.233289e-26   2752280
  2.086436e+00   7.631984e-23   9.786561e-04   5.081525e-26   2728764
  2.089835e+00   7.433078e-23   9.834451e-04   4.934715e-26   2736368
  2.093234e+00   7.245820e-23   9.795267e-04   4.823429e-26   2719952
  2.096636e+00   7.046219e-23   9.837062e-04   4.672698e-26   2727120
  2.100037e+00   6.872536e-23   9.787869e-04   4.556284e-26   2708400
  2.103440e+00   6.714215e-23   9.850039e-04   4.439998e-26   2718536
  2.106841e+00   6.529465e-23   9.786910e-04   4.327902e-26   2694300
  2.110244e+00   6.376273e-23   9.859443e-04   4.204585e-26   2709440
  2.113646e+00   6.228016e-23   9.780636e-04   4.123449e-26   2682108
  2.117041e+00   6.090042e-23   9.811448e-04   4.023662e-26   2684912
  2.120440e+00   5.943126e-23   9.817480e-04   3.925074e-26   2678868
  2.123840e+00   5.824465e-23   9.823344e-04   3.837199e-26   2674772
  2.127243e+00   5.678104e-23   9.826540e-04   3.739032e-26   2670120
  2.130643e+00   5.562308e-23   9.807037e-04   3.663490e-26   2659532
  2.134045e+00   5.445733e-23   9.832493e-04   3.588320e-26   2659704
  2.137451e+00   5.330430e-23   9.840399e-04   3.511902e-26   2654348
  2.140851e+00   5.218742e-23   9.808746e-04   3.434669e-26   2640276
  2.144250e+00   5.111288e-23   9.817432e-04   3.361461e-26   2638700
  2.147650e+00   5.011262e-23   9.800651e-04   3.296661e-26   2628244
  2.151051e+00   4.922793e-23   9.836008e-04   3.228165e-26   2630920
  2.154455e+00   4.823410e-23   9.816425e-04   3.170777e-26   2618904
  2.157854e+00   4.726127e-23   9.803923e-04   3.103775e-26   2610932
  2.161254e+00   4.638909e-23   9.817073e-04   3.049368e-26   2608464
  2.164658e+00   4.546718e-23   9.827466e-04   2.987002e-26   2603708
  2.168056e+00   4.464120e-23   9.797322e-04   2.931562e-26   2588012
  2.171453e+00   4.390149e-23   9.819219e-04   2.881502e-26   2588364
  2.174852e+00   4.307732e-23   9.803360e-04   2.828968e-26   2579076
  2.178251e+00   4.236842e-23   9.809908e-04   2.781181e-26   2574152
  2.181649e+00   4.155312e-23   9.813167e-04   2.731722e-26   2566812
  2.185056e+00   4.083119e-23   9.861783e-04   2.675223e-26   2573732
  2.188461e+00   4.010952e-23   9.795833e-04   2.635221e-26   2550568
  2.191860e+00   3.945612e-23   9.826556e-04   2.594816e-26   2552068
  2.195261e+00   3.880032e-23   9.809956e-04   2.551416e-26   2539620
  2.198663e+00   3.813943e-23   9.840554e-04   2.502999e-26   2540936
  2.202066e+00   3.746686e-23   9.809099e-04   2.464753e-26   2528032
  2.205465e+00   3.680418e-23   9.803189e-04   2.418847e-26   2521480
  2.208867e+00   3.626315e-23   9.820539e-04   2.384194e-26   2517980
  2.212270e+00   3.568413e-23   9.826345e-04   2.349355e-26   2511744
  2.215671e+00   3.515283e-23   9.807485e-04   2.317680e-26   2500140
  2.219071e+00   3.457186e-23   9.816849e-04   2.276578e-26   2496980
  2.222472e+00   3.404757e-23   9.809842e-04   2.242046e-26   2486924
  2.225874e+00   3.350290e-23   9.841669e-04   2.211524e-26   2487000
  2.229275e+00   3.291315e-23   9.801840e-04   2.169482e-26   2469840
  2.232673e+00   3.244549e-23   9.823076e-04   2.135203e-26   2469656
  2.236072e+00   3.196263e-23   9.795354e-04   2.116017e-26   2456844
  2.239476e+00   3.147994e-23   9.852194e-04   2.079760e-26   2462876
  2.242879e+00   3.098598e-23   9.804127e-04   2.051310e-26   2442136
  2.246278e+00   3.054884e-23   9.827694e-04   2.022971e-26   2441944
  2.249678e+00   3.006249e-23   9.806730e-04   1.995464e-26   2430508
  2.253076e+00   2.964114e-23   9.810126e-04   1.969138e-26   2424352
  2.256478e+00   2.918255e-23   9.832316e-04   1.935816e-26   2421264
  2.259881e+00   2.878163e-23   9.825332e-04   1.914096e-26   2413064
  2.263282e+00   2.836319e-23   9.805912e-04   1.885704e-26   2401572
  2.266681e+00   2.798375e-23   9.815087e-04   1.867665e-26   2397284
  2.270081e+00   2.754382e-23   9.813118e-04   1.836370e-26   2388336
  2.273484e+00   2.711616e-23   9.843250e-04   1.807869e-26   2387204
  2.276884e+00   2.676103e-23   9.793704e-04   1.793262e-26   2368644
  2.280279e+00   2.639676e-23   9.805359e-04   1.763181e-26   2365400
  2.283678e+00   2.602974e-23   9.814789e-04   1.746090e-26   2360072
  2.287082e+00   2.564319e-23   9.832021e-04   1.720361e-26   2356464
  2.290484e+00   2.533731e-23   9.810620e-04   1.701082e-26   2343240
  2.293885e+00   2.495502e-23   9.822795e-04   1.673315e-26   2340248
  2.297284e+00   2.457722e-23   9.789711e-04   1.656953e-26   2325000
  2.300686e+00   2.428528e-23   9.843393e-04   1.634843e-26   2328632
  2.304090e+00   2.395268e-23   9.816712e-04   1.617312e-26   2313220
  2.307492e+00   2.356124e-23   9.835834e-04   1.588953e-26   2310772
  2.310892e+00   2.326885e-23   9.798086e-04   1.574095e-26   2295420
  2.314292e+00   2.297258e-23   9.822607e-04   1.555089e-26   2293592
  2.317692e+00   2.261916e-23   9.808333e-04   1.535288e-26   2281384
  2.321098e+00   2.235873e-23   9.858657e-04   1.521187e-26   2285776
  2.324499e+00   2.203136e-23   9.776590e-04   1.504934e-26   2259408
  2.327898e+00   2.176686e-23   9.837748e-04   1.480694e-26   2266808
  2.331301e+00   2.147298e-23   9.803406e-04   1.470604e-26   2248836
  2.334698e+00   2.116040e-23   9.826639e-04   1.447418e-26   2245244
  2.338097e+00   2.087997e-23   9.807008e-04   1.431128e-26   2233908
  2.341498e+00   2.062409e-23   9.826023e-04   1.416986e-26   2231660
  2.344900e+00   2.033624e-23   9.803694e-04   1.402008e-26   2218544
  2.348303e+00   2.007184e-23   9.841932e-04   1.385005e-26   2218176
  2.351706e+00   1.983313e-23   9.811254e-04   1.368261e-26   2202900
  2.355107e+00   1.957830e-23   9.815282e-04   1.352537e-26   2197472
  2.358504e+00   1.931932e-23   9.785599e-04   1.341478e-26   2181960
  2.361902e+00   1.907725e-23   9.836141e-04   1.323727e-26   2183696
  2.365306e+00   1.882248e-23   9.832539e-04   1.308186e-26   2173416
  2.368709e+00   1.861753e-23   9.825525e-04   1.296577e-26   2165444
  2.372110e+00   1.834133e-23   9.797907e-04   1.282693e-26   2152688
  2.375509e+00   1.812700e-23   9.815549e-04   1.268783e-26   2147628
  2.378910e+00   1.787639e-23   9.820428e-04   1.254593e-26   2139012
  2.382315e+00   1.765690e-23   9.845724e-04   1.238776e-26   2136008
  2.385709e+00   1.740564e-23   9.752701e-04   1.228471e-26   2108656
  2.389104e+00   1.724415e-23   9.832761e-04   1.213816e-26   2117896
  2.392509e+00   1.700011e-23   9.830191e-04   1.199710e-26   2106260
  2.395912e+00   1.681472e-23   9.833730e-04   1.189970e-26   2099088
  2.399315e+00   1.653220e-23   9.817275e-04   1.173067e-26   2088432
  2.402716e+00   1.637542e-23   9.804125e-04   1.163082e-26   2078432
  2.406115e+00   1.615742e-23   9.806198e-04   1.151914e-26   2069048
  2.409516e+00   1.596302e-23   9.833522e-04   1.139549e-26   2064804
  2.412920e+00   1.574546e-23   9.831224e-04   1.126462e-26   2055644
  2.416321e+00   1.559625e-23   9.806126e-04   1.117257e-26   2043000
  2.419718e+00   1.536144e-23   9.800589e-04   1.105256e-26   2032348
  2.423121e+00   1.521628e-23   9.856832e-04   1.093199e-26   2034064
  2.426526e+00   1.503526e-23   9.819348e-04   1.085451e-26   2017740
  2.429926e+00   1.481048e-23   9.812949e-04   1.071366e-26   2010188
  2.433325e+00   1.464584e-23   9.789075e-04   1.060858e-26   1996556
  2.436723e+00   1.449235e-23   9.821491e-04   1.051486e-26   1992816
  2.440123e+00   1.427315e-23   9.821092e-04   1.037315e-26   1982400
  2.443522e+00   1.412919e-23   9.811038e-04   1.030151e-26   1972256
  2.446920e+00   1.396797e-23   9.808752e-04   1.022432e-26   1964384
  2.450323e+00   1.378969e-23   9.825278e-04   1.010948e-26   1958544
  2.453726e+00   1.363130e-23   9.821775e-04   1.002070e-26   1946988
  2.457130e+00   1.346748e-23   9.840500e-04   9.912504e-27   1942532
  2.460529e+00   1.331682e-23   9.777101e-04   9.850006e-27   1921692
  2.463928e+00   1.318295e-23   9.833317e-04   9.731346e-27   1924004
  2.467330e+00   1.298790e-23   9.803195e-04   9.647614e-27   1907344
  2.470733e+00   1.282419e-23   9.853101e-04   9.534360e-27   1907440
  2.474135e+00   1.269282e-23   9.788798e-04   9.482686e-27   1886136
  2.477531e+00   1.254049e-23   9.816797e-04   9.386450e-27   1883144
  2.480934e+00   1.239589e-23   9.824091e-04   9.285677e-27   1874724
  2.484338e+00   1.228500e-23   9.833480e-04   9.237486e-27   1866068
  2.487738e+00   1.208583e-23   9.812729e-04   9.108681e-27   1852980
  2.491140e+00   1.197684e-23   9.824339e-04   9.073209e-27   1847468
  2.494538e+00   1.182775e-23   9.781928e-04   8.954770e-27   1829636
  2.497936e+00   1.168540e-23   9.834643e-04   8.874632e-27   1829688
  2.501341e+00   1.153466e-23   9.824400e-04   8.771747e-27   1817192
  2.504741e+00   1.141891e-23   9.810060e-04   8.731490e-27   1806312
  2.508140e+00   1.129514e-23   9.802531e-04   8.660125e-27   1795984
  2.511543e+00   1.115096e-23   9.831733e-04   8.559430e-27   1791100
  2.514946e+00   1.102991e-23   9.817942e-04   8.492585e-27   1777648
  2.518347e+00   1.089483e-23   9.826630e-04   8.393021e-27   1769848
  2.521746e+00   1.077316e-23   9.799953e-04   8.347048e-27   1756536
  2.525146e+00   1.066192e-23   9.812129e-04   8.257921e-27   1748960
  2.528547e+00   1.052390e-23   9.826374e-04   8.190730e-27   1739952
  2.531950e+00   1.039816e-23   9.837089e-04   8.120131e-27   1732124
  2.535351e+00   1.032192e-23   9.802823e-04   8.096151e-27   1716852
  2.538751e+00   1.019396e-23   9.823932e-04   7.996152e-27   1712276
  2.542154e+00   1.006176e-23   9.810692e-04   7.918615e-27   1698500
  2.545557e+00   9.969806e-24   9.849039e-04   7.851591e-27   1693932
  2.548957e+00   9.842952e-24   9.793284e-04   7.795585e-27   1675204
  2.552353e+00   9.747061e-24   9.815499e-04   7.750503e-27   1670644
  2.555751e+00   9.638183e-24   9.787008e-04   7.687946e-27   1655532
  2.559155e+00   9.541940e-24   9.861163e-04   7.607620e-27   1656860
  2.562557e+00   9.432718e-24   9.798597e-04   7.578981e-27   1635372
  2.565959e+00   9.303348e-24   9.841765e-04   7.452244e-27   1634324
  2.569359e+00   9.222220e-24   9.777008e-04   7.438996e-27   1613676
  2.572758e+00   9.116352e-24   9.840395e-04   7.359783e-27   1613348
  2.576160e+00   9.016797e-24   9.807023e-04   7.333162e-27   1596236
  2.579561e+00   8.921705e-24   9.834991e-04   7.271219e-27   1591476
  2.582962e+00   8.814738e-24   9.792427e-04   7.199058e-27   1575732
  2.586359e+00   8.723626e-24   9.803750e-04   7.140038e-27   1566236
  2.589759e+00   8.634480e-24   9.841339e-04   7.089337e-27   1560292
  2.593166e+00   8.532657e-24   9.838869e-04   7.023516e-27   1550092
  2.596565e+00   8.431887e-24   9.789064e-04   6.970927e-27   1532628
  2.599963e+00   8.368140e-24   9.813188e-04   6.914058e-27   1527332
  2.603365e+00   8.280849e-24   9.816488e-04   6.894071e-27   1515212
  2.606765e+00   8.193312e-24   9.831211e-04   6.829760e-27   1506444
  2.610167e+00   8.105562e-24   9.819780e-04   6.773862e-27   1495116
  2.613562e+00   8.019894e-24   9.774397e-04   6.739774e-27   1479152
  2.616961e+00   7.912760e-24   9.826090e-04   6.664821e-27   1475512
  2.620369e+00   7.863948e-24   9.857671e-04   6.636665e-27   1467820
  2.623774e+00   7.765271e-24   9.816828e-04   6.601342e-27   1451256
  2.627176e+00   7.691745e-24   9.823847e-04   6.543831e-27   1443212
  2.630573e+00   7.601103e-24   9.775986e-04   6.492463e-27   1425680
  2.633972e+00   7.517158e-24   9.838248e-04   6.441104e-27   1422972
  2.637375e+00   7.449047e-24   9.826449e-04   6.412498e-27   1408632
  2.640778e+00   7.382451e-24   9.834480e-04   6.372358e-27   1400984
  2.644178e+00   7.283095e-24   9.781513e-04   6.316574e-27   1383196
  2.647576e+00   7.234990e-24   9.827970e-04   6.287839e-27   1378120
  2.650981e+00   7.158712e-24   9.838936e-04   6.247672e-27   1367272
  2.654386e+00   7.104419e-24   9.839001e-04   6.239032e-27   1356580
  2.657781e+00   7.012544e-24   9.764772e-04   6.173911e-27   1337028
  2.661175e+00   6.942526e-24   9.807019e-04   6.140636e-27   1332500
  2.664576e+00   6.880571e-24   9.824328e-04   6.088939e-27   1321796
  2.667980e+00   6.807051e-24   9.842336e-04   6.061065e-27   1312716
  2.671381e+00   6.749940e-24   9.799494e-04   6.031790e-27   1296580
  2.674784e+00   6.668199e-24   9.836937e-04   5.984982e-27   1291528
  2.678185e+00   6.612383e-24   9.791874e-04   5.967708e-27   1273128
  2.681585e+00   6.549328e-24   9.849289e-04   5.921094e-27   1268720
  2.684990e+00   6.475446e-24   9.820200e-04   5.878773e-27   1254016
  2.688389e+00   6.422874e-24   9.799073e-04   5.860602e-27   1241296
  2.691782e+00   6.367581e-24   9.773359e-04   5.839387e-27   1226712
  2.695185e+00   6.303916e-24   9.871642e-04   5.777959e-27   1226228
  2.698592e+00   6.230380e-24   9.822935e-04   5.756267e-27   1207768
  2.701993e+00   6.187569e-24   9.821287e-04   5.741193e-27   1198336
  2.705390e+00   6.146252e-24   9.774693e-04   5.746382e-27   1181484
  2.708791e+00   6.052100e-24   9.847434e-04   5.661665e-27   1178012
  2.712196e+00   6.026237e-24   9.828591e-04   5.670877e-27   1162564
  2.715593e+00   5.950822e-24   9.802955e-04   5.634056e-27   1149340
  2.718991e+00   5.906607e-24   9.799593e-04   5.612208e-27   1138848
  2.722390e+00   5.853798e-24   9.801680e-04   5.590609e-27   1126748
  2.725791e+00   5.799694e-24   9.834222e-04   5.561208e-27   1117428
  2.729199e+00   5.748833e-24   9.855325e-04   5.524136e-27   1108112
  2.732601e+00   5.690630e-24   9.796049e-04   5.519623e-27   1090596
  2.736000e+00   5.633076e-24   9.802553e-04   5.489080e-27   1081052
  2.739396e+00   5.594050e-24   9.787000e-04   5.483837e-27   1065716
  2.742798e+00   5.556427e-24   9.867653e-04   5.441306e-27   1061940
  2.746204e+00   5.497109e-24   9.811985e-04   5.440854e-27   1044096
  2.749604e+00   5.440613e-24   9.818713e-04   5.405057e-27   1034864
  2.753003e+00   5.404746e-24   9.778923e-04   5.405094e-27   1018308
  2.756407e+00   5.357708e-24   9.880499e-04   5.389022e-27   1014812
  2.759813e+00   5.304352e-24   9.817334e-04   5.374539e-27   996288
  2.763211e+00   5.264205e-24   9.807414e-04   5.348836e-27   985376
  2.766605e+00   5.228395e-24   9.763946e-04   5.359264e-27   969652
  2.770007e+00   5.169157e-24   9.852383e-04   5.309208e-27   964924
  2.773408e+00   5.128398e-24   9.813255e-04   5.310541e-27   947228
  2.776808e+00   5.085440e-24   9.830247e-04   5.315335e-27   939084
  2.780208e+00   5.047971e-24   9.769128e-04   5.308893e-27   921864
  2.783607e+00   4.991588e-24   9.830641e-04   5.272715e-27   914252
  2.787014e+00   4.953154e-24   9.855161e-04   5.271319e-27   902572
  2.790419e+00   4.932237e-24   9.827520e-04   5.267624e-27   888784
  2.793815e+00   4.878763e-24   9.766961e-04   5.272496e-27   872540
  2.797210e+00   4.835466e-24   9.801377e-04   5.227577e-27   862848
  2.800610e+00   4.777562e-24   9.835812e-04   5.221547e-27   851760
  2.804018e+00   4.757510e-24   9.862752e-04   5.217275e-27   841940
  2.807419e+00   4.706462e-24   9.779538e-04   5.232783e-27   823032
  2.810819e+00   4.679292e-24   9.834420e-04   5.216236e-27   816044
  2.814221e+00   4.620866e-24   9.803182e-04   5.219719e-27   799292
  2.817622e+00   4.589205e-24   9.859358e-04   5.197756e-27   791304
  2.821022e+00   4.548642e-24   9.778036e-04   5.209828e-27   772868
  2.824414e+00   4.507676e-24   9.799444e-04   5.217613e-27   762552
  2.827814e+00   4.485282e-24   9.815264e-04   5.220534e-27   750876
  2.831218e+00   4.445146e-24   9.834990e-04   5.204000e-27   739280
  2.834619e+00   4.400697e-24   9.815612e-04   5.223046e-27   724944
  2.838024e+00   4.349254e-24   9.837337e-04   5.191356e-27   714380
  2.841419e+00   4.304559e-24   9.765403e-04   5.213176e-27   695932
  2.844820e+00   4.256014e-24   9.860188e-04   5.176940e-27   690949
  2.848225e+00   4.226000e-24   9.790494e-04   5.183280e-27   673638
  2.851624e+00   4.179364e-24   9.838795e-04   5.172178e-27   666092
  2.855023e+00   4.147913e-24   9.776476e-04   5.199292e-27   651024
  2.858420e+00   4.119620e-24   9.835476e-04   5.187151e-27   644804
  2.861824e+00   4.069809e-24   9.809055e-04   5.180039e-27   632676
  2.865228e+00   4.025558e-24   9.847549e-04   5.141210e-27   624962
  2.868627e+00   3.987798e-24   9.786841e-04   5.144430e-27   611280
  2.872031e+00   3.947687e-24   9.864670e-04   5.124875e-27   607256
  2.875434e+00   3.920268e-24   9.785773e-04   5.136532e-27   592616
  2.878833e+00   3.887553e-24   9.838766e-04   5.130271e-27   587160
  2.882235e+00   3.840611e-24   9.806552e-04   5.135586e-27   575482
  2.885633e+00   3.805144e-24   9.821917e-04   5.115664e-27   568258
  2.889037e+00   3.769293e-24   9.823894e-04   5.121176e-27   559638
  2.892441e+00   3.727830e-24   9.828085e-04   5.092563e-27   551498
  2.895844e+00   3.701645e-24   9.815660e-04   5.105219e-27   542364
  2.899245e+00   3.667302e-24   9.820373e-04   5.095858e-27   534146
  2.902642e+00   3.619999e-24   9.799896e-04   5.061977e-27   524980
  2.906047e+00   3.565305e-24   9.845691e-04   5.017251e-27   519964
  2.909443e+00   3.542912e-24   9.764000e-04   5.039923e-27   507108
  2.912842e+00   3.510229e-24   9.860421e-04   4.987376e-27   504992
  2.916245e+00   3.482776e-24   9.788238e-04   5.039306e-27   492948
  2.919647e+00   3.454473e-24   9.864404e-04   5.011034e-27   489740
  2.923050e+00   3.406605e-24   9.776779e-04   4.997423e-27   477716
  2.926447e+00   3.367363e-24   9.842557e-04   4.989632e-27   473844
  2.929849e+00   3.347497e-24   9.793241e-04   5.000303e-27   464222
  2.933249e+00   3.298234e-24   9.833380e-04   4.947549e-27   459048
  2.936646e+00   3.288911e-24   9.781522e-04   4.982810e-27   449574
  2.940047e+00   3.228675e-24   9.843913e-04   4.915772e-27   445820
  2.943444e+00   3.215889e-24   9.766847e-04   4.952089e-27   435158
  2.946848e+00   3.180252e-24   9.868688e-04   4.920446e-27   433566
  2.950249e+00   3.160043e-24   9.754175e-04   4.959125e-27   421014
  2.953647e+00   3.098561e-24   9.867845e-04   4.856863e-27   419996
  2.957054e+00   3.084419e-24   9.785008e-04   4.890549e-27   409482
  2.960447e+00   3.040529e-24   9.814565e-04   4.875236e-27   404414
  2.963850e+00   3.026452e-24   9.822465e-04   4.869784e-27   398518
  2.967254e+00   2.981381e-24   9.832814e-04   4.842054e-27   392302
  2.970654e+00   2.956832e-24   9.815439e-04   4.861016e-27   385318
  2.974064e+00   2.915962e-24   9.866772e-04   4.825294e-27   381718
  2.977460e+00   2.894177e-24   9.751975e-04   4.838127e-27   370674
  2.980859e+00   2.869050e-24   9.875886e-04   4.824187e-27   370166
  2.984264e+00   2.852923e-24   9.774032e-04   4.843237e-27   359838
  2.987662e+00   2.812005e-24   9.857853e-04   4.800352e-27   357488
  2.991061e+00   2.793001e-24   9.759886e-04   4.845338e-27   348174
  2.994460e+00   2.760709e-24   9.853707e-04   4.806399e-27   346010
  2.997858e+00   2.730611e-24   9.762078e-04   4.791074e-27   336966
  3.001265e+00   2.695398e-24   9.900594e-04   4.753523e-27   336488
  3.004668e+00   2.673058e-24   9.740308e-04   4.783734e-27   325206
  3.008066e+00   2.647339e-24   9.873451e-04   4.745783e-27   324614
  3.011466e+00   2.611668e-24   9.747062e-04   4.778698e-27   314792
  3.014866e+00   2.577971e-24   9.879043e-04   4.700424e-27   314082
  3.018264e+00   2.552753e-24   9.737379e-04   4.748600e-27   303918
  3.021663e+00   2.542443e-24   9.889509e-04   4.693624e-27   303872
  3.025070e+00   2.514328e-24   9.784574e-04   4.753935e-27   295070
  3.028471e+00   2.485345e-24   9.862273e-04   4.678989e-27   292776
  3.031875e+00   2.452326e-24   9.783859e-04   4.658765e-27   285198
  3.035272e+00   2.420507e-24   9.836512e-04   4.653884e-27   282068
  3.038673e+00   2.411185e-24   9.805621e-04   4.688750e-27   276094
  3.042072e+00   2.374524e-24   9.815492e-04   4.644981e-27   271936
  3.045470e+00   2.359751e-24   9.796535e-04   4.677979e-27   266352
  3.048872e+00   2.338207e-24   9.837389e-04   4.650174e-27   263198
  3.052270e+00   2.318475e-24   9.774507e-04   4.682313e-27   256540
  3.055674e+00   2.291206e-24   9.870156e-04   4.636152e-27   254758
  3.059074e+00   2.258631e-24   9.752535e-04   4.632368e-27   246888
  3.062476e+00   2.235919e-24   9.882518e-04   4.619936e-27   245984
  3.065876e+00   2.211251e-24   9.745285e-04   4.645501e-27   237838
  3.069275e+00   2.184727e-24   9.875456e-04   4.588186e-27   236932
  3.072674e+00   2.166032e-24   9.753501e-04   4.613838e-27   229296
  3.076079e+00   2.138773e-24   9.905935e-04   4.582109e-27   228968
  3.079484e+00   2.126042e-24   9.759176e-04   4.608118e-27   220862
  3.082887e+00   2.097204e-24   9.907802e-04   4.565542e-27   220440
  3.086289e+00   2.084525e-24   9.746422e-04   4.597698e-27   212400
  3.089691e+00   2.060654e-24   9.910214e-04   4.574536e-27   212228
  3.093094e+00   2.052153e-24   9.746868e-04   4.634740e-27   204518
  3.096495e+00   2.012208e-24   9.889482e-04   4.552038e-27   203928
  3.099893e+00   1.990967e-24   9.720561e-04   4.568930e-27   196280
  3.103292e+00   1.962356e-24   9.890661e-04   4.524746e-27   196272
  3.106690e+00   1.948497e-24   9.712571e-04   4.571551e-27   188572
  3.110087e+00   1.919537e-24   9.879143e-04   4.486734e-27   188440
  3.113488e+00   1.910978e-24   9.734613e-04   4.562872e-27   181574
  3.116887e+00   1.886860e-24   9.881590e-04   4.545354e-27   180912
  3.120287e+00   1.883622e-24   9.735403e-04   4.587016e-27   174304
  3.123686e+00   1.851538e-24   9.886917e-04   4.534750e-27   173620
  3.127087e+00   1.844675e-24   9.751672e-04   4.606769e-27   167424
  3.130494e+00   1.812889e-24   9.911060e-04   4.527710e-27   166952
  3.133891e+00   1.803034e-24   9.707301e-04   4.620291e-27   159744
  3.137294e+00   1.764860e-24   9.930247e-04   4.496496e-27   160424
  3.140692e+00   1.776465e-24   9.688943e-04   4.661956e-27   152748
  3.144094e+00   1.745184e-24   9.946857e-04   4.549071e-27   153920
  3.147494e+00   1.725153e-24   9.672886e-04   4.560814e-27   146016
  3.150891e+00   1.703249e-24   9.941819e-04   4.522603e-27   147176
  3.154293e+00   1.694017e-24   9.692460e-04   4.613970e-27   139992
  3.157692e+00   1.682704e-24   9.933564e-04   4.605419e-27   140588
  3.161097e+00   1.661346e-24   9.721310e-04   4.600618e-27   134184
  3.164500e+00   1.642056e-24   9.923555e-04   4.557030e-27   134192
  3.167900e+00   1.630118e-24   9.713175e-04   4.644002e-27   127992
  3.171301e+00   1.613880e-24   9.922025e-04   4.579021e-27   128132
  3.174706e+00   1.602723e-24   9.738163e-04   4.668701e-27   122384
  3.178105e+00   1.568289e-24   9.894388e-04   4.544086e-27   121896
  3.181505e+00   1.574711e-24   9.729889e-04   4.685040e-27   116592
  3.184902e+00   1.547042e-24   9.887769e-04   4.577271e-27   116072
  3.188304e+00   1.549447e-24   9.741208e-04   4.743773e-27   111196
  3.191708e+00   1.516935e-24   9.922343e-04   4.608003e-27   110824
  3.195109e+00   1.510403e-24   9.706819e-04   4.698067e-27   105456
  3.198515e+00   1.479027e-24   9.956721e-04   4.574672e-27   105746
  3.201914e+00   1.479210e-24   9.664985e-04   4.743557e-27   99816
  3.205315e+00   1.451780e-24   9.954263e-04   4.600976e-27   100460
  3.208711e+00   1.462269e-24   9.652876e-04   4.849782e-27   94616
  3.212112e+00   1.443524e-24   9.961719e-04   4.738057e-27   95448
  3.215512e+00   1.418161e-24   9.666714e-04   4.785214e-27   89784
  3.218916e+00   1.410446e-24   9.964090e-04   4.756335e-27   90536
  3.222310e+00   1.392216e-24   9.614793e-04   4.836704e-27   84566
  3.225712e+00   1.375705e-24   1.000274e-03   4.758563e-27   86088
  3.229109e+00   1.384154e-24   9.576880e-04   4.915169e-27   79680
  3.232504e+00   1.372591e-24   1.000528e-03   4.853282e-27   81368
  3.235905e+00   1.348429e-24   9.590062e-04   4.952648e-27   75356
  3.239299e+00   1.339777e-24   1.000262e-03   4.903781e-27   76704
  3.242704e+00   1.344895e-24   9.625143e-04   5.058674e-27   71322
  3.246105e+00   1.316894e-24   1.000713e-03   4.948586e-27   72248
  3.249509e+00   1.311003e-24   9.624193e-04   5.063833e-27   67160
  3.252908e+00   1.289399e-24   9.988504e-04   5.017309e-27   67836
  3.256303e+00   1.289976e-24   9.598606e-04   5.188597e-27   62976
  3.259706e+00   1.255365e-24   1.001348e-03   5.009911e-27   63914
  3.263097e+00   1.256354e-24   9.561656e-04   5.222457e-27   58832
  3.266501e+00   1.251958e-24   1.003699e-03   5.108797e-27   60108
  3.269890e+00   1.247745e-24   9.539295e-04   5.374445e-27   54920
  3.273312e+00   1.229873e-24   1.015086e-03   5.205317e-27   56970
  3.276708e+00   1.223331e-24   9.440493e-04   5.453252e-27   50760
  3.280114e+00   1.216944e-24   1.016179e-03   5.294159e-27   53312
  3.283511e+00   1.212095e-24   9.404818e-04   5.623873e-27   47164
  3.286913e+00   1.175778e-24   1.018327e-03   5.320285e-27   49810
  3.290311e+00   1.195409e-24   9.356940e-04   5.763177e-27   43680
  3.293705e+00   1.167803e-24   1.019216e-03   5.483830e-27   46328
  3.297113e+00   1.163419e-24   9.396643e-04   5.786178e-27   40694
  3.300512e+00   1.135549e-24   1.021248e-03   5.518994e-27   42984
  3.303924e+00   1.160403e-24   9.393885e-04   6.001487e-27   37656
  3.307314e+00   1.136237e-24   1.018706e-03   5.745560e-27   39578
  3.310727e+00   1.139627e-24   9.431432e-04   6.074675e-27   34920
  3.314118e+00   1.120767e-24   1.015057e-03   5.883103e-27   36308
  3.317520e+00   1.120462e-24   9.417761e-04   6.290004e-27   32136
  3.320917e+00   1.089704e-24   1.014476e-03   6.011078e-27   33362
  3.324306e+00   1.111068e-24   9.360215e-04   6.548537e-27   29336
  3.327716e+00   1.091118e-24   1.021505e-03   6.180382e-27   30804
  3.331095e+00   1.099993e-24   9.233243e-04   6.819102e-27   26490
  3.334511e+00   1.084299e-24   1.029571e-03   6.446188e-27   28376
  3.337879e+00   1.088722e-24   9.097669e-04   7.170647e-27   23784
  3.341307e+00   1.075916e-24   1.040923e-03   6.532218e-27   26150
  3.344669e+00   1.083244e-24   8.938898e-04   7.500393e-27   21192
  3.348106e+00   1.079998e-24   1.054204e-03   7.039406e-27   24050
  3.351471e+00   1.056198e-24   8.769951e-04   7.703781e-27   18768
  3.354917e+00   1.049515e-24   1.068828e-03   7.041002e-27   22052
  3.358276e+00   1.062542e-24   8.453078e-04   8.362467e-27   16346
  3.361716e+00   1.029106e-24   1.081988e-03   7.309444e-27   20136
  3.365077e+00   1.037520e-24   8.114920e-04   8.836112e-27   14160
  3.368506e+00   1.042143e-24   1.091186e-03   7.554252e-27   18218
  3.371870e+00   1.034215e-24   7.752035e-04   9.443353e-27   12204
  3.375286e+00   1.023891e-24   1.099293e-03   8.011073e-27   16346
  3.378666e+00   1.017317e-24   7.492433e-04   9.846052e-27   10536
  3.382068e+00   9.988340e-25   1.103455e-03   8.377941e-27   14456
  3.385446e+00   1.029970e-24   7.144473e-04   1.100937e-26   8990
  3.388846e+00   1.011889e-24   1.111587e-03   9.012463e-27   12744
  3.392213e+00   1.026072e-24   6.547202e-04   1.205380e-26   7506
  3.395615e+00   1.013024e-24   1.122493e-03   9.418623e-27   11192
  3.398977e+00   1.018650e-24   5.748287e-04   1.318121e-26   6156
  3.402378e+00   9.874410e-25   1.132774e-03   9.968523e-27   9722
  3.405746e+00   9.876445e-25   4.871262e-04   1.383138e-26   4992
  3.409138e+00   1.033738e-24   1.141441e-03   1.146199e-26   8306
  3.412522e+00   1.014048e-24   3.836029e-04   1.615914e-26   3996
  3.415893e+00   9.945279e-25   1.145615e-03   1.181538e-26   6938
  3.419295e+00   1.027335e-24   2.666671e-04   1.784321e-26   3168
  3.422636e+00   1.011633e-24   1.141746e-03   1.341858e-26   5624
  3.426050e+00   1.004223e-24   1.840323e-04   2.008999e-26   2502
  3.429375e+00   9.984344e-25   1.135529e-03   1.479121e-26   4424
  3.432807e+00   1.039617e-24   1.951644e-04   2.243419e-26   1946
  3.436123e+00   9.756601e-25   1.131191e-03   1.690260e-26   3360
  3.439554e+00   1.038707e-24   1.068915e-04   2.757009e-26   1446
  3.442870e+00   9.540711e-25   1.128932e-03   1.963908e-26   2456
  3.446333e+00   9.907843e-25   2.047845e-04   2.990846e-26   1034
  3.449628e+00   9.764091e-25   1.127267e-03   2.417607e-26   1680
  3.453085e+00   9.394494e-25   5.107876e-05   3.437746e-26   678
  3.456375e+00   9.463033e-25   1.125846e-03   2.886995e-26   1064
  3.459905e+00   9.054607e-25   3.097621e-04   4.553490e-26   410
  3.463134e+00   9.599842e-25   1.124156e-03   3.962118e-26   576
  3.466644e+00   1.110496e-24   1.623447e-05   6.720030e-26   198
  3.469837e+00   8.191743e-25   1.113683e-03   5.926897e-26   248
  3.473678e+00   8.509608e-25   7.017054e-04   9.916393e-26   74
  3.476548e+00   1.149889e-24   1.096056e-03   1.694278e-25   48
  3.480229e+00   1.004704e-24   4.404833e-08   2.535660e-25   6
