# power spectrum of phi
# redshift z=5.846412
# k              Pk             sigma(k)       sigma(Pk)      count
  5.011399e-03   3.172430e-10   7.667927e-04   6.990228e-11   18
  8.760343e-03   5.439169e-10   9.274321e-04   7.761464e-11   62
  1.219264e-02   3.983657e-10   6.415737e-04   4.881223e-11   90
  1.544208e-02   3.931668e-10   1.012578e-03   2.595078e-11   170
  1.882375e-02   3.037020e-10   1.052445e-03   1.888286e-11   246
  2.212586e-02   2.349931e-10   1.003365e-03   1.314449e-11   338
  2.538461e-02   2.191701e-10   8.625369e-04   1.080928e-11   432
  2.874098e-02   1.780016e-10   8.837915e-04   8.067029e-12   578
  3.227171e-02   1.371667e-10   1.029950e-03   5.008802e-12   786
  3.588781e-02   1.070871e-10   1.042120e-03   3.439757e-12   974
  3.927835e-02   8.999695e-11   9.024764e-04   2.844825e-12   1002
  4.262088e-02   8.102193e-11   1.031890e-03   2.133156e-12   1334
  4.605629e-02   6.549960e-11   9.928413e-04   1.787339e-12   1458
  4.927148e-02   5.919512e-11   9.383900e-04   1.457641e-12   1604
  5.258888e-02   5.232430e-11   9.527568e-04   1.255684e-12   1974
  5.604245e-02   4.774988e-11   9.344901e-04   1.015568e-12   2234
  5.946160e-02   4.325078e-11   9.563349e-04   8.874176e-13   2490
  6.298673e-02   3.929627e-11   1.050190e-03   7.392002e-13   3014
  6.645970e-02   3.607651e-11   9.569094e-04   6.570797e-13   3018
  6.980659e-02   3.287767e-11   9.901480e-04   5.663216e-13   3446
  7.314650e-02   2.943504e-11   9.499151e-04   4.948440e-13   3626
  7.649254e-02   2.621413e-11   9.848619e-04   4.098849e-13   4164
  7.989286e-02   2.452166e-11   9.543971e-04   3.761312e-13   4470
  8.331432e-02   2.170306e-11   9.760154e-04   3.172680e-13   4970
  8.675810e-02   1.993634e-11   9.868635e-04   2.684709e-13   5366
  9.019370e-02   1.711929e-11   1.001451e-03   2.189653e-13   5778
  9.359169e-02   1.607258e-11   1.005504e-03   2.041214e-13   6162
  9.700871e-02   1.422808e-11   1.013488e-03   1.803957e-13   6734
  1.003455e-01   1.283098e-11   9.405356e-04   1.538676e-13   6756
  1.036446e-01   1.185183e-11   9.524971e-04   1.321801e-13   7502
  1.070531e-01   1.106339e-11   9.671949e-04   1.229509e-13   8154
  1.104660e-01   1.009213e-11   9.653722e-04   1.098042e-13   8618
  1.139171e-01   9.646741e-12   1.003323e-03   1.005153e-13   9390
  1.173547e-01   9.257611e-12   9.852535e-04   9.406609e-14   9722
  1.207545e-01   8.422781e-12   9.860810e-04   8.376895e-14   10242
  1.241631e-01   7.984217e-12   1.005600e-03   7.509757e-14   11006
  1.275555e-01   7.750408e-12   9.685920e-04   7.351767e-14   11348
  1.309504e-01   7.187726e-12   9.675094e-04   6.451111e-14   12150
  1.343269e-01   6.738828e-12   9.435547e-04   6.169525e-14   12498
  1.377313e-01   6.400972e-12   9.886530e-04   5.440958e-14   13586
  1.411459e-01   5.897542e-12   9.905633e-04   5.038578e-14   14006
  1.445833e-01   5.541247e-12   1.020453e-03   4.391850e-14   15162
  1.479823e-01   5.087407e-12   9.640349e-04   4.163761e-14   14990
  1.513532e-01   4.730202e-12   1.000250e-03   3.708521e-14   16380
  1.547534e-01   4.421283e-12   9.673831e-04   3.407141e-14   16666
  1.581272e-01   4.174446e-12   9.715542e-04   3.181192e-14   17638
  1.615246e-01   3.872951e-12   9.629562e-04   2.890363e-14   18354
  1.649122e-01   3.624470e-12   9.648100e-04   2.663164e-14   19034
  1.683224e-01   3.484575e-12   1.001264e-03   2.415653e-14   20270
  1.717777e-01   3.351825e-12   1.011461e-03   2.280268e-14   21258
  1.751873e-01   3.182401e-12   9.729108e-04   2.168110e-14   21350
  1.785755e-01   2.979953e-12   9.827640e-04   2.012445e-14   22644
  1.819721e-01   2.884826e-12   9.637913e-04   1.909968e-14   23114
  1.853591e-01   2.786189e-12   9.784818e-04   1.807663e-14   24342
  1.887709e-01   2.645908e-12   9.779824e-04   1.664941e-14   25194
  1.921706e-01   2.557227e-12   9.766706e-04   1.623023e-14   25982
  1.955383e-01   2.457134e-12   9.708990e-04   1.514035e-14   26506
  1.989580e-01   2.342413e-12   1.021831e-03   1.396332e-14   28738
  2.023656e-01   2.212227e-12   9.717245e-04   1.322928e-14   28296
  2.057704e-01   2.080147e-12   1.000845e-03   1.187266e-14   30554
  2.091688e-01   1.961380e-12   9.485901e-04   1.132354e-14   30094
  2.125221e-01   1.910430e-12   9.710923e-04   1.074906e-14   31738
  2.159356e-01   1.778414e-12   9.929033e-04   9.861633e-15   33306
  2.193286e-01   1.722145e-12   9.661337e-04   9.307639e-15   33422
  2.227194e-01   1.637908e-12   9.900859e-04   8.791226e-15   35298
  2.261624e-01   1.553078e-12   1.000185e-03   8.158402e-15   36650
  2.295712e-01   1.485348e-12   9.760902e-04   7.664162e-15   36888
  2.329819e-01   1.415335e-12   9.904086e-04   7.150665e-15   38834
  2.363985e-01   1.360645e-12   9.689353e-04   6.876454e-15   39246
  2.397896e-01   1.320775e-12   9.728047e-04   6.599438e-15   40466
  2.431611e-01   1.274553e-12   9.698523e-04   6.257560e-15   41106
  2.465616e-01   1.218281e-12   1.002402e-03   5.861044e-15   43598
  2.499729e-01   1.183688e-12   9.767696e-04   5.689687e-15   43650
  2.533537e-01   1.137758e-12   9.807939e-04   5.339523e-15   45272
  2.567753e-01   1.102109e-12   9.902728e-04   5.103737e-15   46994
  2.601932e-01   1.075455e-12   9.838031e-04   4.901825e-15   47850
  2.635891e-01   1.019418e-12   9.763755e-04   4.626781e-15   48846
  2.669651e-01   9.888322e-13   9.674364e-04   4.461695e-15   49706
  2.703341e-01   9.498042e-13   9.741070e-04   4.227207e-15   51198
  2.737406e-01   9.015620e-13   9.924828e-04   3.923845e-15   53402
  2.771371e-01   8.804467e-13   9.722520e-04   3.865349e-15   53634
  2.805624e-01   8.364938e-13   1.000830e-03   3.496321e-15   56888
  2.839916e-01   8.063329e-13   9.684451e-04   3.409085e-15   56474
  2.874008e-01   7.777816e-13   9.892805e-04   3.216270e-15   58962
  2.908071e-01   7.420160e-13   9.753894e-04   3.057531e-15   59214
  2.941982e-01   7.269978e-13   9.869673e-04   2.948212e-15   61250
  2.975821e-01   7.015439e-13   9.719144e-04   2.841327e-15   61694
  3.009545e-01   6.810582e-13   9.802014e-04   2.720379e-15   63618
  3.043698e-01   6.547100e-13   9.975679e-04   2.526548e-15   66284
  3.077980e-01   6.364267e-13   9.829085e-04   2.460750e-15   67014
  3.111933e-01   6.086887e-13   9.745070e-04   2.350137e-15   67930
  3.145950e-01   5.919420e-13   9.864977e-04   2.240347e-15   70294
  3.179925e-01   5.839944e-13   9.751208e-04   2.187924e-15   70658
  3.213649e-01   5.616252e-13   9.817106e-04   2.108971e-15   72522
  3.247596e-01   5.408138e-13   9.844648e-04   1.989819e-15   74550
  3.281564e-01   5.255022e-13   9.737283e-04   1.910225e-15   75674
  3.315542e-01   5.116708e-13   9.772401e-04   1.839601e-15   77708
  3.349903e-01   4.925187e-13   9.941667e-04   1.732951e-15   80622
  3.384102e-01   4.750153e-13   9.737086e-04   1.693047e-15   80330
  3.418120e-01   4.617382e-13   9.872349e-04   1.608571e-15   82974
  3.452149e-01   4.451860e-13   9.787907e-04   1.540411e-15   83666
  3.486074e-01   4.347903e-13   9.855947e-04   1.488733e-15   85746
  3.519919e-01   4.175943e-13   9.786235e-04   1.430649e-15   86702
  3.553849e-01   4.063978e-13   9.853848e-04   1.347480e-15   89556
  3.587998e-01   3.953731e-13   9.787040e-04   1.311346e-15   91038
  3.622049e-01   3.875025e-13   9.781806e-04   1.275638e-15   92522
  3.655984e-01   3.732553e-13   9.796226e-04   1.222351e-15   94034
  3.690238e-01   3.616771e-13   1.002172e-03   1.167671e-15   97758
  3.724152e-01   3.536086e-13   9.656500e-04   1.140812e-15   95770
  3.757798e-01   3.426567e-13   9.833165e-04   1.098251e-15   99646
  3.791725e-01   3.368881e-13   9.759165e-04   1.063281e-15   100980
  3.825817e-01   3.245578e-13   9.863738e-04   1.019450e-15   104258
  3.859962e-01   3.151709e-13   9.755460e-04   9.776021e-16   104998
  3.894080e-01   3.072446e-13   9.835643e-04   9.411055e-16   107866
  3.928147e-01   3.007402e-13   9.740361e-04   9.142880e-16   108154
  3.962141e-01   2.942368e-13   9.934490e-04   8.899574e-16   111622
  3.996192e-01   2.845044e-13   9.826041e-04   8.527166e-16   112146
  4.030012e-01   2.785392e-13   9.795782e-04   8.293276e-16   114014
  4.063885e-01   2.686278e-13   9.764181e-04   7.948904e-16   116220
  4.097904e-01   2.618855e-13   9.798152e-04   7.571781e-16   118682
  4.132005e-01   2.549204e-13   9.857802e-04   7.390784e-16   121118
  4.166179e-01   2.463929e-13   9.842070e-04   7.069260e-16   122994
  4.200138e-01   2.395979e-13   9.755040e-04   6.866037e-16   123574
  4.234089e-01   2.362204e-13   9.898661e-04   6.703035e-16   126922
  4.268043e-01   2.298872e-13   9.841431e-04   6.461123e-16   127906
  4.301921e-01   2.232592e-13   9.815465e-04   6.174409e-16   130432
  4.335917e-01   2.170624e-13   9.754601e-04   5.988946e-16   132642
  4.369913e-01   2.134680e-13   9.719503e-04   5.838295e-16   134534
  4.404018e-01   2.081130e-13   9.840871e-04   5.633490e-16   137778
  4.438343e-01   2.031619e-13   9.933984e-04   5.445739e-16   140786
  4.472374e-01   1.976716e-13   9.717922e-04   5.298156e-16   139590
  4.506229e-01   1.930014e-13   9.849166e-04   5.138424e-16   143546
  4.540257e-01   1.880386e-13   9.844996e-04   4.941993e-16   145338
  4.574181e-01   1.838269e-13   9.804237e-04   4.828675e-16   147272
  4.608205e-01   1.789157e-13   9.820431e-04   4.644520e-16   150330
  4.642299e-01   1.742488e-13   9.784546e-04   4.484269e-16   152318
  4.676229e-01   1.704227e-13   9.721829e-04   4.382198e-16   153202
  4.710338e-01   1.660042e-13   9.963562e-04   4.194833e-16   158626
  4.744395e-01   1.626652e-13   9.772483e-04   4.146419e-16   157350
  4.778318e-01   1.577937e-13   9.898002e-04   3.959265e-16   161906
  4.812140e-01   1.554645e-13   9.669369e-04   3.924548e-16   160872
  4.846116e-01   1.520359e-13   9.917034e-04   3.742778e-16   167858
  4.880280e-01   1.493878e-13   9.756048e-04   3.668690e-16   167514
  4.914175e-01   1.445266e-13   9.745776e-04   3.539105e-16   169862
  4.948220e-01   1.410044e-13   9.838968e-04   3.427461e-16   173602
  4.982323e-01   1.382850e-13   9.830917e-04   3.307601e-16   175258
  5.016339e-01   1.354117e-13   9.862687e-04   3.232482e-16   177654
  5.050410e-01   1.319207e-13   9.895807e-04   3.117164e-16   180698
  5.084427e-01   1.293624e-13   9.791290e-04   3.053128e-16   181968
  5.118414e-01   1.268554e-13   9.787235e-04   2.977346e-16   184850
  5.152392e-01   1.243287e-13   9.792509e-04   2.901833e-16   187034
  5.186493e-01   1.212782e-13   9.887200e-04   2.799379e-16   191238
  5.220519e-01   1.191648e-13   9.768042e-04   2.754714e-16   191042
  5.254432e-01   1.163861e-13   9.855000e-04   2.648085e-16   195102
  5.288335e-01   1.138739e-13   9.778254e-04   2.599766e-16   195786
  5.322301e-01   1.104512e-13   9.901932e-04   2.468234e-16   201164
  5.356296e-01   1.089349e-13   9.735643e-04   2.444708e-16   201070
  5.390212e-01   1.057988e-13   9.785171e-04   2.350479e-16   205234
  5.424222e-01   1.041274e-13   9.768081e-04   2.295370e-16   207342
  5.458239e-01   1.014945e-13   9.815179e-04   2.232902e-16   210602
  5.492295e-01   9.991165e-14   9.836776e-04   2.180796e-16   213130
  5.526459e-01   9.786834e-14   9.915409e-04   2.114964e-16   217318
  5.560456e-01   9.555131e-14   9.743530e-04   2.070376e-16   216306
  5.594305e-01   9.314586e-14   9.794774e-04   1.998090e-16   220652
  5.628376e-01   9.179428e-14   9.842473e-04   1.955866e-16   224502
  5.662522e-01   9.011089e-14   9.844461e-04   1.903435e-16   227186
  5.696552e-01   8.769856e-14   9.784190e-04   1.865223e-16   228398
  5.730519e-01   8.590983e-14   9.819770e-04   1.802941e-16   231642
  5.764475e-01   8.457594e-14   9.824176e-04   1.770479e-16   233946
  5.798545e-01   8.274307e-14   9.913361e-04   1.707009e-16   238694
  5.832493e-01   8.102069e-14   9.753099e-04   1.684376e-16   238068
  5.866460e-01   7.934736e-14   9.835365e-04   1.620731e-16   244190
  5.900561e-01   7.793333e-14   9.771578e-04   1.595946e-16   245362
  5.934524e-01   7.677999e-14   9.800894e-04   1.564401e-16   248362
  5.968555e-01   7.487138e-14   9.839452e-04   1.514068e-16   251966
  6.002586e-01   7.356047e-14   9.805677e-04   1.468133e-16   254034
  6.036498e-01   7.216466e-14   9.775259e-04   1.448985e-16   255818
  6.070559e-01   7.058955e-14   9.912862e-04   1.399642e-16   262254
  6.104632e-01   6.938915e-14   9.773523e-04   1.377902e-16   261980
  6.138753e-01   6.798537e-14   9.883425e-04   1.334403e-16   268566
  6.172721e-01   6.701205e-14   9.667501e-04   1.316248e-16   265538
  6.206625e-01   6.561025e-14   9.869997e-04   1.273651e-16   273330
  6.240644e-01   6.402216e-14   9.812963e-04   1.246968e-16   273718
  6.274686e-01   6.290543e-14   9.910705e-04   1.207161e-16   279658
  6.308738e-01   6.211658e-14   9.800215e-04   1.195693e-16   279670
  6.342612e-01   6.089440e-14   9.791793e-04   1.167062e-16   282964
  6.376657e-01   5.963724e-14   9.856782e-04   1.128893e-16   288362
  6.410723e-01   5.863351e-14   9.787866e-04   1.107496e-16   289686
  6.444666e-01   5.751435e-14   9.767056e-04   1.086304e-16   292234
  6.478513e-01   5.639870e-14   9.736693e-04   1.059765e-16   294190
  6.512490e-01   5.528656e-14   9.869325e-04   1.024178e-16   300642
  6.546619e-01   5.425333e-14   9.871013e-04   1.002254e-16   303386
  6.580612e-01   5.315522e-14   9.793499e-04   9.825829e-17   304662
  6.614636e-01   5.229109e-14   9.820034e-04   9.623230e-17   309812
  6.648699e-01   5.136248e-14   9.779067e-04   9.398392e-17   311714
  6.682854e-01   5.044302e-14   9.889859e-04   9.169128e-17   318126
  6.716848e-01   4.953010e-14   9.721561e-04   9.044370e-17   315114
  6.750728e-01   4.858716e-14   9.862501e-04   8.742030e-17   322622
  6.784691e-01   4.783957e-14   9.775093e-04   8.635752e-17   322850
  6.818689e-01   4.720973e-14   9.897138e-04   8.447876e-17   329802
  6.852751e-01   4.624794e-14   9.833693e-04   8.213920e-17   331104
  6.886859e-01   4.528392e-14   9.866565e-04   7.970943e-17   336986
  6.920888e-01   4.459686e-14   9.721728e-04   7.910050e-17   335870
  6.954811e-01   4.365200e-14   9.807544e-04   7.687077e-17   341610
  6.988813e-01   4.297525e-14   9.817106e-04   7.492946e-17   344370
  7.022777e-01   4.243123e-14   9.819315e-04   7.357183e-17   347606
  7.056775e-01   4.159948e-14   9.835290e-04   7.187430e-17   351650
  7.090743e-01   4.094527e-14   9.788224e-04   7.075630e-17   353760
  7.124835e-01   4.000678e-14   9.883067e-04   6.868910e-17   360970
  7.159021e-01   3.946879e-14   9.827333e-04   6.713001e-17   362818
  7.192956e-01   3.880090e-14   9.713759e-04   6.610004e-17   362334
  7.226987e-01   3.809010e-14   9.881791e-04   6.445432e-17   371642
  7.260991e-01   3.746544e-14   9.752613e-04   6.371900e-17   368778
  7.294880e-01   3.693355e-14   9.876514e-04   6.189889e-17   376526
  7.328875e-01   3.621660e-14   9.811641e-04   6.064923e-17   377786
  7.362841e-01   3.566805e-14   9.830834e-04   5.936633e-17   382968
  7.396876e-01   3.509376e-14   9.807196e-04   5.809360e-17   386146
  7.430940e-01   3.451892e-14   9.835434e-04   5.694766e-17   390826
  7.464968e-01   3.398354e-14   9.797536e-04   5.599660e-17   392662
  7.499014e-01   3.341799e-14   9.850939e-04   5.468762e-17   398242
  7.532920e-01   3.279706e-14   9.729755e-04   5.405557e-17   396726
  7.566809e-01   3.228718e-14   9.841245e-04   5.278363e-17   404738
  7.600831e-01   3.188648e-14   9.825351e-04   5.165874e-17   407628
  7.634852e-01   3.120886e-14   9.813443e-04   5.014984e-17   411734
  7.668845e-01   3.072121e-14   9.775056e-04   4.942213e-17   414242
  7.702939e-01   3.022499e-14   9.855270e-04   4.825321e-17   421434
  7.737042e-01   2.989771e-14   9.802386e-04   4.769504e-17   421918
  7.771088e-01   2.932904e-14   9.872890e-04   4.641754e-17   427810
  7.805138e-01   2.874042e-14   9.826568e-04   4.559573e-17   429470
  7.839079e-01   2.836555e-14   9.797011e-04   4.488028e-17   432282
  7.873028e-01   2.782913e-14   9.821433e-04   4.378587e-17   437260
  7.907010e-01   2.743617e-14   9.806539e-04   4.313184e-17   440758
  7.941053e-01   2.712395e-14   9.841811e-04   4.229172e-17   446370
  7.975164e-01   2.656545e-14   9.834504e-04   4.137134e-17   450182
  8.009127e-01   2.606531e-14   9.757493e-04   4.061155e-17   449850
  8.043077e-01   2.578854e-14   9.864375e-04   3.977218e-17   457898
  8.077063e-01   2.532250e-14   9.796531e-04   3.905615e-17   458662
  8.111019e-01   2.487990e-14   9.815065e-04   3.845280e-17   464620
  8.144977e-01   2.468480e-14   9.750269e-04   3.794049e-17   466302
  8.179011e-01   2.423290e-14   9.839993e-04   3.687820e-17   474314
  8.213073e-01   2.374985e-14   9.800182e-04   3.595365e-17   475530
  8.247179e-01   2.333517e-14   9.879200e-04   3.525321e-17   483206
  8.281287e-01   2.310058e-14   9.814603e-04   3.495390e-17   483530
  8.315249e-01   2.275395e-14   9.809161e-04   3.423517e-17   487002
  8.349221e-01   2.240706e-14   9.835509e-04   3.362625e-17   491774
  8.383178e-01   2.204428e-14   9.804529e-04   3.293291e-17   495084
  8.417151e-01   2.178879e-14   9.794333e-04   3.249296e-17   499438
  8.451164e-01   2.139669e-14   9.820615e-04   3.189474e-17   504682
  8.485188e-01   2.106113e-14   9.813126e-04   3.123898e-17   507738
  8.519281e-01   2.078657e-14   9.891488e-04   3.058240e-17   515174
  8.553313e-01   2.046164e-14   9.796328e-04   3.016852e-17   514234
  8.587212e-01   2.014449e-14   9.795185e-04   2.973873e-17   519022
  8.621117e-01   1.981100e-14   9.776207e-04   2.895893e-17   522636
  8.655093e-01   1.955152e-14   9.815215e-04   2.845268e-17   529442
  8.689165e-01   1.933329e-14   9.823162e-04   2.815921e-17   534078
  8.723203e-01   1.906976e-14   9.785977e-04   2.770215e-17   536666
  8.757149e-01   1.872065e-14   9.771268e-04   2.717015e-17   539142
  8.791253e-01   1.844908e-14   9.924057e-04   2.648211e-17   550658
  8.825379e-01   1.818084e-14   9.816929e-04   2.620973e-17   548298
  8.859333e-01   1.787643e-14   9.826669e-04   2.549762e-17   553694
  8.893272e-01   1.762103e-14   9.768278e-04   2.529210e-17   556116
  8.927312e-01   1.740656e-14   9.844199e-04   2.469752e-17   564890
  8.961296e-01   1.710602e-14   9.766230e-04   2.430770e-17   563718
  8.995313e-01   1.691401e-14   9.874972e-04   2.386471e-17   574298
  9.029379e-01   1.660851e-14   9.804817e-04   2.349642e-17   573966
  9.063376e-01   1.645045e-14   9.852707e-04   2.314834e-17   580586
  9.097364e-01   1.614696e-14   9.817750e-04   2.275048e-17   582666
  9.131388e-01   1.593937e-14   9.852143e-04   2.224971e-17   590648
  9.165400e-01   1.571870e-14   9.754677e-04   2.201253e-17   590394
  9.199310e-01   1.553627e-14   9.770986e-04   2.173463e-17   596174
  9.233301e-01   1.524273e-14   9.802065e-04   2.121437e-17   601674
  9.267350e-01   1.506646e-14   9.846832e-04   2.086288e-17   607682
  9.301415e-01   1.486543e-14   9.838059e-04   2.049761e-17   611166
  9.335460e-01   1.462855e-14   9.835863e-04   2.014294e-17   615626
  9.369426e-01   1.444641e-14   9.795239e-04   1.983783e-17   617290
  9.403431e-01   1.427308e-14   9.852598e-04   1.954981e-17   626344
  9.437456e-01   1.408607e-14   9.776145e-04   1.936296e-17   626658
  9.471442e-01   1.387429e-14   9.821583e-04   1.899700e-17   634022
  9.505394e-01   1.371129e-14   9.766085e-04   1.862771e-17   634554
  9.539406e-01   1.348694e-14   9.874089e-04   1.828813e-17   645026
  9.573433e-01   1.326124e-14   9.821401e-04   1.789486e-17   645102
  9.607439e-01   1.309246e-14   9.860849e-04   1.763987e-17   653018
  9.641443e-01   1.296515e-14   9.792030e-04   1.755035e-17   654384
  9.675485e-01   1.272579e-14   9.834130e-04   1.706304e-17   663194
  9.709524e-01   1.258402e-14   9.778786e-04   1.687760e-17   663834
  9.743471e-01   1.240814e-14   9.789463e-04   1.660720e-17   669158
  9.777459e-01   1.225875e-14   9.805686e-04   1.638055e-17   674490
  9.811412e-01   1.205373e-14   9.786140e-04   1.607497e-17   677222
  9.845441e-01   1.188169e-14   9.871972e-04   1.573728e-17   686874
  9.879558e-01   1.172986e-14   9.859594e-04   1.553409e-17   690722
  9.913572e-01   1.158645e-14   9.790433e-04   1.536492e-17   692008
  9.947624e-01   1.146128e-14   9.840929e-04   1.515995e-17   701386
  9.981657e-01   1.127769e-14   9.773767e-04   1.488575e-17   700778
  1.001563e+00   1.109494e-14   9.829030e-04   1.452487e-17   708774
  1.004963e+00   1.100277e-14   9.817412e-04   1.449065e-17   711690
  1.008366e+00   1.086549e-14   9.861014e-04   1.417292e-17   719606
  1.011761e+00   1.070066e-14   9.768322e-04   1.402044e-17   717762
  1.015158e+00   1.054216e-14   9.862327e-04   1.373793e-17   730460
  1.018564e+00   1.044049e-14   9.793539e-04   1.361660e-17   731070
  1.021972e+00   1.029092e-14   9.851635e-04   1.330482e-17   741170
  1.025372e+00   1.015648e-14   9.730396e-04   1.319225e-17   737094
  1.028764e+00   1.001495e-14   9.820777e-04   1.301382e-17   747698
  1.032166e+00   9.924770e-15   9.825085e-04   1.281089e-17   751658
  1.035563e+00   9.761663e-15   9.813994e-04   1.263715e-17   755574
  1.038960e+00   9.644994e-15   9.819736e-04   1.236657e-17   761442
  1.042370e+00   9.539104e-15   9.859386e-04   1.222081e-17   770816
  1.045775e+00   9.411878e-15   9.778469e-04   1.207008e-17   769274
  1.049181e+00   9.269962e-15   9.883345e-04   1.179643e-17   782130
  1.052579e+00   9.159280e-15   9.735264e-04   1.178355e-17   775230
  1.055972e+00   9.054494e-15   9.857792e-04   1.151010e-17   789866
  1.059371e+00   8.956521e-15   9.785659e-04   1.142830e-17   787914
  1.062768e+00   8.820447e-15   9.871968e-04   1.117492e-17   799598
  1.066175e+00   8.712157e-15   9.836410e-04   1.104487e-17   802980
  1.069574e+00   8.596561e-15   9.780653e-04   1.090055e-17   805622
  1.072972e+00   8.525241e-15   9.797707e-04   1.074081e-17   812050
  1.076379e+00   8.362546e-15   9.852802e-04   1.048901e-17   820954
  1.079781e+00   8.273314e-15   9.789326e-04   1.037369e-17   820062
  1.083172e+00   8.170067e-15   9.799094e-04   1.028934e-17   826298
  1.086570e+00   8.078706e-15   9.815876e-04   1.012637e-17   833118
  1.089963e+00   7.956691e-15   9.774947e-04   9.999182e-18   834812
  1.093365e+00   7.881136e-15   9.859628e-04   9.854404e-18   847858
  1.096785e+00   7.780106e-15   9.865115e-04   9.667608e-18   854278
  1.100190e+00   7.679009e-15   9.767209e-04   9.564957e-18   850978
  1.103586e+00   7.572101e-15   9.814764e-04   9.429177e-18   859186
  1.106990e+00   7.484197e-15   9.865569e-04   9.282632e-18   867126
  1.110391e+00   7.392104e-15   9.816501e-04   9.200557e-18   868274
  1.113785e+00   7.295901e-15   9.808544e-04   9.057305e-18   873606
  1.117179e+00   7.251692e-15   9.794732e-04   8.970347e-18   879284
  1.120580e+00   7.143122e-15   9.820603e-04   8.787652e-18   887170
  1.123993e+00   7.071713e-15   9.876068e-04   8.724690e-18   897526
  1.127401e+00   6.961771e-15   9.778886e-04   8.597586e-18   894258
  1.130799e+00   6.886812e-15   9.823745e-04   8.475826e-18   903374
  1.134195e+00   6.782032e-15   9.785328e-04   8.337204e-18   904338
  1.137590e+00   6.699483e-15   9.832540e-04   8.215090e-18   913586
  1.140984e+00   6.625451e-15   9.783814e-04   8.101767e-18   915416
  1.144387e+00   6.559859e-15   9.836903e-04   8.022356e-18   928122
  1.147789e+00   6.495588e-15   9.757713e-04   7.930576e-18   926094
  1.151197e+00   6.398409e-15   9.888312e-04   7.775729e-18   942890
  1.154606e+00   6.320961e-15   9.789734e-04   7.724844e-18   937266
  1.158004e+00   6.253690e-15   9.856923e-04   7.593257e-18   948854
  1.161404e+00   6.168804e-15   9.801062e-04   7.485739e-18   948714
  1.164797e+00   6.094910e-15   9.823513e-04   7.401451e-18   956186
  1.168197e+00   6.024128e-15   9.838881e-04   7.308933e-18   964272
  1.171602e+00   5.964113e-15   9.813885e-04   7.205841e-18   969458
  1.175002e+00   5.884125e-15   9.785094e-04   7.127396e-18   972750
  1.178405e+00   5.827245e-15   9.839022e-04   7.035268e-18   982706
  1.181806e+00   5.755684e-15   9.798755e-04   6.969379e-18   982906
  1.185211e+00   5.698912e-15   9.881427e-04   6.865015e-18   996622
  1.188612e+00   5.615894e-15   9.782401e-04   6.801270e-18   992378
  1.191999e+00   5.555254e-15   9.775059e-04   6.691435e-18   999000
  1.195397e+00   5.509613e-15   9.817623e-04   6.613562e-18   1010114
  1.198803e+00   5.445869e-15   9.815316e-04   6.549090e-18   1015722
  1.202205e+00   5.382205e-15   9.793783e-04   6.479362e-18   1018742
  1.205613e+00   5.313513e-15   9.864495e-04   6.357599e-18   1031250
  1.209016e+00   5.232788e-15   9.786533e-04   6.279520e-18   1027226
  1.212413e+00   5.182379e-15   9.856307e-04   6.173010e-18   1039734
  1.215813e+00   5.132425e-15   9.805725e-04   6.135233e-18   1039914
  1.219210e+00   5.069949e-15   9.832224e-04   6.066472e-18   1050272
  1.222609e+00   5.031358e-15   9.777885e-04   6.035487e-18   1052306
  1.226010e+00   4.957960e-15   9.820199e-04   5.899919e-18   1062666
  1.229414e+00   4.886494e-15   9.821012e-04   5.805161e-18   1067262
  1.232818e+00   4.850703e-15   9.834577e-04   5.769005e-18   1073906
  1.236220e+00   4.782235e-15   9.821555e-04   5.686523e-18   1078190
  1.239623e+00   4.732058e-15   9.835287e-04   5.628914e-18   1085634
  1.243018e+00   4.696097e-15   9.777743e-04   5.594219e-18   1085508
  1.246420e+00   4.632136e-15   9.857694e-04   5.467981e-18   1101926
  1.249823e+00   4.583311e-15   9.765533e-04   5.447232e-18   1098322
  1.253220e+00   4.538261e-15   9.810493e-04   5.382330e-18   1109878
  1.256626e+00   4.481939e-15   9.822346e-04   5.305558e-18   1115338
  1.260031e+00   4.427263e-15   9.850685e-04   5.237179e-18   1122586
  1.263434e+00   4.383099e-15   9.828803e-04   5.184308e-18   1125862
  1.266833e+00   4.326681e-15   9.826042e-04   5.107999e-18   1132498
  1.270230e+00   4.287502e-15   9.794882e-04   5.077708e-18   1135444
  1.273627e+00   4.256110e-15   9.822580e-04   5.011900e-18   1145374
  1.277031e+00   4.190181e-15   9.829599e-04   4.925739e-18   1152698
  1.280435e+00   4.146222e-15   9.811808e-04   4.893704e-18   1157046
  1.283832e+00   4.117369e-15   9.792543e-04   4.839487e-18   1160226
  1.287236e+00   4.072501e-15   9.867747e-04   4.778933e-18   1174346
  1.290638e+00   4.027391e-15   9.799098e-04   4.751299e-18   1171462
  1.294035e+00   3.980104e-15   9.835292e-04   4.682726e-18   1183828
  1.297431e+00   3.940156e-15   9.751511e-04   4.651090e-18   1181822
  1.300825e+00   3.896173e-15   9.806813e-04   4.589815e-18   1194930
  1.304229e+00   3.856159e-15   9.822693e-04   4.509332e-18   1202010
  1.307632e+00   3.803262e-15   9.818508e-04   4.456632e-18   1207166
  1.311036e+00   3.773200e-15   9.828798e-04   4.423516e-18   1214106
  1.314433e+00   3.727041e-15   9.789042e-04   4.378482e-18   1215302
  1.317833e+00   3.691519e-15   9.858329e-04   4.311783e-18   1229274
  1.321244e+00   3.657622e-15   9.860143e-04   4.289120e-18   1236164
  1.324647e+00   3.615152e-15   9.790511e-04   4.226194e-18   1235326
  1.328043e+00   3.577575e-15   9.802315e-04   4.188983e-18   1244026
  1.331441e+00   3.538820e-15   9.803347e-04   4.137884e-18   1249154
  1.334844e+00   3.503482e-15   9.852720e-04   4.077575e-18   1260558
  1.338244e+00   3.472628e-15   9.799856e-04   4.064417e-18   1260394
  1.341646e+00   3.431896e-15   9.851173e-04   3.991865e-18   1274758
  1.345044e+00   3.394180e-15   9.761448e-04   3.971749e-18   1270188
  1.348447e+00   3.370607e-15   9.870074e-04   3.928420e-18   1291202
  1.351849e+00   3.333814e-15   9.757557e-04   3.890703e-18   1282654
  1.355244e+00   3.297497e-15   9.819229e-04   3.831563e-18   1298242
  1.358647e+00   3.268604e-15   9.803455e-04   3.821558e-18   1301774
  1.362047e+00   3.225153e-15   9.827693e-04   3.745468e-18   1309770
  1.365448e+00   3.189500e-15   9.830640e-04   3.723629e-18   1315714
  1.368852e+00   3.161366e-15   9.843087e-04   3.683276e-18   1325110
  1.372253e+00   3.134524e-15   9.790721e-04   3.649705e-18   1326012
  1.375652e+00   3.099059e-15   9.818283e-04   3.602832e-18   1336154
  1.379060e+00   3.071517e-15   9.856646e-04   3.567856e-18   1347334
  1.382463e+00   3.043699e-15   9.798090e-04   3.553950e-18   1345354
  1.385854e+00   3.001024e-15   9.796108e-04   3.486979e-18   1350998
  1.389254e+00   2.972005e-15   9.851001e-04   3.450631e-18   1365546
  1.392658e+00   2.947593e-15   9.818266e-04   3.423719e-18   1367474
  1.396060e+00   2.923289e-15   9.832315e-04   3.403320e-18   1377984
  1.399461e+00   2.897216e-15   9.785308e-04   3.374862e-18   1379394
  1.402863e+00   2.864068e-15   9.826740e-04   3.341410e-18   1392230
  1.406265e+00   2.838437e-15   9.788975e-04   3.303017e-18   1392634
  1.409662e+00   2.809727e-15   9.821355e-04   3.269008e-18   1402666
  1.413062e+00   2.779276e-15   9.819858e-04   3.227508e-18   1408502
  1.416462e+00   2.751287e-15   9.817857e-04   3.205776e-18   1415418
  1.419855e+00   2.730872e-15   9.774342e-04   3.170015e-18   1416856
  1.423264e+00   2.703884e-15   9.894876e-04   3.139134e-18   1442002
  1.426674e+00   2.676839e-15   9.781259e-04   3.119298e-18   1431634
  1.430071e+00   2.660618e-15   9.822615e-04   3.108188e-18   1444606
  1.433469e+00   2.621637e-15   9.789194e-04   3.058983e-18   1445890
  1.436871e+00   2.599941e-15   9.861222e-04   3.023304e-18   1462210
  1.440273e+00   2.570489e-15   9.807880e-04   2.991372e-18   1459590
  1.443669e+00   2.541874e-15   9.833740e-04   2.939060e-18   1471226
  1.447072e+00   2.526880e-15   9.829562e-04   2.931799e-18   1480072
  1.450479e+00   2.502496e-15   9.811931e-04   2.913264e-18   1486594
  1.453879e+00   2.475211e-15   9.787053e-04   2.877586e-18   1488882
  1.457279e+00   2.457643e-15   9.827371e-04   2.868966e-18   1500854
  1.460684e+00   2.429618e-15   9.826979e-04   2.816089e-18   1506874
  1.464078e+00   2.406591e-15   9.779210e-04   2.805871e-18   1506094
  1.467472e+00   2.379828e-15   9.824981e-04   2.765893e-18   1519682
  1.470872e+00   2.359825e-15   9.822978e-04   2.751746e-18   1526724
  1.474279e+00   2.343346e-15   9.845854e-04   2.710169e-18   1539038
  1.477685e+00   2.332651e-15   9.798767e-04   2.730454e-18   1539810
  1.481081e+00   2.303184e-15   9.791313e-04   2.685002e-18   1545046
  1.484485e+00   2.274009e-15   9.854562e-04   2.631080e-18   1560538
  1.487886e+00   2.258869e-15   9.804436e-04   2.638474e-18   1557506
  1.491282e+00   2.237226e-15   9.836002e-04   2.605724e-18   1570062
  1.494678e+00   2.214572e-15   9.793467e-04   2.577391e-18   1571290
  1.498078e+00   2.197356e-15   9.842488e-04   2.550733e-18   1588228
  1.501484e+00   2.183539e-15   9.810937e-04   2.539581e-18   1591046
  1.504889e+00   2.155916e-15   9.832504e-04   2.499469e-18   1602474
  1.508291e+00   2.140059e-15   9.782624e-04   2.492955e-18   1601646
  1.511687e+00   2.127737e-15   9.804817e-04   2.478751e-18   1611266
  1.515082e+00   2.099619e-15   9.805934e-04   2.453371e-18   1616634
  1.518484e+00   2.076066e-15   9.853950e-04   2.417960e-18   1631366
  1.521885e+00   2.065208e-15   9.796982e-04   2.402400e-18   1631028
  1.525282e+00   2.049839e-15   9.798719e-04   2.390725e-18   1641446
  1.528689e+00   2.025672e-15   9.836821e-04   2.350992e-18   1654234
  1.532101e+00   2.009012e-15   9.854232e-04   2.343789e-18   1662874
  1.535501e+00   1.997663e-15   9.777869e-04   2.343494e-18   1656686
  1.538894e+00   1.970824e-15   9.817573e-04   2.294966e-18   1670898
  1.542295e+00   1.961443e-15   9.826743e-04   2.286947e-18   1678074
  1.545693e+00   1.943274e-15   9.828970e-04   2.282015e-18   1685198
  1.549094e+00   1.931094e-15   9.826216e-04   2.252678e-18   1694524
  1.552497e+00   1.915109e-15   9.806206e-04   2.246846e-18   1701334
  1.555899e+00   1.889012e-15   9.807944e-04   2.203089e-18   1709386
  1.559306e+00   1.873911e-15   9.832546e-04   2.194450e-18   1719994
  1.562708e+00   1.859902e-15   9.808801e-04   2.173999e-18   1721510
  1.566111e+00   1.846062e-15   9.843526e-04   2.160195e-18   1734978
  1.569507e+00   1.827956e-15   9.766081e-04   2.147801e-18   1728646
  1.572899e+00   1.807919e-15   9.823741e-04   2.109995e-18   1746868
  1.576300e+00   1.803878e-15   9.809864e-04   2.114851e-18   1752922
  1.579707e+00   1.783136e-15   9.845798e-04   2.084465e-18   1767862
  1.583112e+00   1.771061e-15   9.793884e-04   2.093036e-18   1765698
  1.586515e+00   1.755304e-15   9.844058e-04   2.052152e-18   1781270
  1.589918e+00   1.739934e-15   9.810287e-04   2.043415e-18   1780650
  1.593316e+00   1.723093e-15   9.836246e-04   2.025522e-18   1792418
  1.596711e+00   1.709576e-15   9.794648e-04   2.017609e-18   1792790
  1.600109e+00   1.697732e-15   9.831424e-04   2.002078e-18   1809852
  1.603512e+00   1.686602e-15   9.801224e-04   1.992876e-18   1812666
  1.606915e+00   1.670673e-15   9.841796e-04   1.967474e-18   1827614
  1.610321e+00   1.654947e-15   9.814350e-04   1.950961e-18   1829970
  1.613720e+00   1.643731e-15   9.803236e-04   1.942302e-18   1835030
  1.617114e+00   1.631118e-15   9.798165e-04   1.934181e-18   1841410
  1.620515e+00   1.609578e-15   9.841327e-04   1.889769e-18   1856626
  1.623912e+00   1.606453e-15   9.785166e-04   1.902437e-18   1854656
  1.627309e+00   1.591486e-15   9.815053e-04   1.885843e-18   1870698
  1.630712e+00   1.580508e-15   9.804842e-04   1.864223e-18   1876998
  1.634114e+00   1.561510e-15   9.808565e-04   1.846136e-18   1884458
  1.637514e+00   1.556814e-15   9.820836e-04   1.856315e-18   1891730
  1.640921e+00   1.538270e-15   9.864027e-04   1.815811e-18   1907574
  1.644328e+00   1.534042e-15   9.824949e-04   1.826370e-18   1907730
  1.647725e+00   1.516530e-15   9.806100e-04   1.796704e-18   1912154
  1.651122e+00   1.511309e-15   9.815437e-04   1.794128e-18   1923216
  1.654527e+00   1.497701e-15   9.837853e-04   1.781410e-18   1936562
  1.657929e+00   1.485995e-15   9.797671e-04   1.768736e-18   1936862
  1.661330e+00   1.474252e-15   9.824032e-04   1.759101e-18   1950114
  1.664731e+00   1.463737e-15   9.809526e-04   1.742292e-18   1953306
  1.668134e+00   1.447177e-15   9.852343e-04   1.726084e-18   1968806
  1.671536e+00   1.440960e-15   9.810375e-04   1.721681e-18   1968818
  1.674935e+00   1.429383e-15   9.815051e-04   1.706497e-18   1980624
  1.678335e+00   1.421960e-15   9.789502e-04   1.704522e-18   1985034
  1.681733e+00   1.407155e-15   9.802456e-04   1.683029e-18   1995242
  1.685136e+00   1.399524e-15   9.833510e-04   1.677983e-18   2007742
  1.688539e+00   1.390923e-15   9.813083e-04   1.671487e-18   2010538
  1.691936e+00   1.381106e-15   9.811361e-04   1.655394e-18   2017390
  1.695340e+00   1.366202e-15   9.857772e-04   1.631544e-18   2034346
  1.698736e+00   1.354548e-15   9.777687e-04   1.626287e-18   2025498
  1.702137e+00   1.348174e-15   9.868689e-04   1.622100e-18   2055248
  1.705540e+00   1.341690e-15   9.770123e-04   1.620194e-18   2045090
  1.708936e+00   1.330907e-15   9.814027e-04   1.605588e-18   2062074
  1.712339e+00   1.320053e-15   9.823860e-04   1.588962e-18   2070190
  1.715742e+00   1.310067e-15   9.834046e-04   1.582045e-18   2079226
  1.719142e+00   1.300401e-15   9.818107e-04   1.574435e-18   2083990
  1.722545e+00   1.293295e-15   9.839507e-04   1.563585e-18   2097898
  1.725944e+00   1.285148e-15   9.787299e-04   1.559680e-18   2095452
  1.729345e+00   1.275528e-15   9.842373e-04   1.547588e-18   2117390
  1.732750e+00   1.267788e-15   9.796988e-04   1.537026e-18   2117066
  1.736142e+00   1.256648e-15   9.757475e-04   1.527429e-18   2117238
  1.739539e+00   1.249156e-15   9.838620e-04   1.519336e-18   2140026
  1.742945e+00   1.234486e-15   9.844962e-04   1.494593e-18   2147234
  1.746347e+00   1.232338e-15   9.820811e-04   1.506987e-18   2150118
  1.749746e+00   1.221431e-15   9.821004e-04   1.488794e-18   2160386
  1.753147e+00   1.215283e-15   9.809815e-04   1.482075e-18   2168256
  1.756552e+00   1.208059e-15   9.838581e-04   1.479248e-18   2183306
  1.759956e+00   1.202509e-15   9.808091e-04   1.471992e-18   2184642
  1.763354e+00   1.190744e-15   9.804471e-04   1.458221e-18   2192318
  1.766749e+00   1.186826e-15   9.788737e-04   1.457140e-18   2196066
  1.770152e+00   1.174754e-15   9.865986e-04   1.442105e-18   2220890
  1.773557e+00   1.167511e-15   9.809869e-04   1.433264e-18   2215758
  1.776958e+00   1.160027e-15   9.842037e-04   1.421594e-18   2233988
  1.780360e+00   1.153817e-15   9.782890e-04   1.423025e-18   2231670
  1.783756e+00   1.150083e-15   9.797617e-04   1.422259e-18   2244338
  1.787160e+00   1.139785e-15   9.830422e-04   1.410952e-18   2258610
  1.790563e+00   1.131423e-15   9.809188e-04   1.402283e-18   2260718
  1.793960e+00   1.124304e-15   9.807999e-04   1.395330e-18   2268162
  1.797357e+00   1.117689e-15   9.813749e-04   1.384572e-18   2277494
  1.800757e+00   1.109049e-15   9.827422e-04   1.376102e-18   2288796
  1.804164e+00   1.107523e-15   9.854716e-04   1.380013e-18   2305226
  1.807568e+00   1.102080e-15   9.797129e-04   1.373501e-18   2301630
  1.810969e+00   1.094921e-15   9.832644e-04   1.366589e-18   2319770
  1.814369e+00   1.085888e-15   9.785204e-04   1.361256e-18   2315610
  1.817766e+00   1.077433e-15   9.837069e-04   1.342229e-18   2334662
  1.821166e+00   1.071029e-15   9.806866e-04   1.339256e-18   2335722
  1.824566e+00   1.062131e-15   9.842253e-04   1.325331e-18   2354102
  1.827968e+00   1.060671e-15   9.802735e-04   1.334514e-18   2355156
  1.831373e+00   1.056000e-15   9.840368e-04   1.324659e-18   2374250
  1.834777e+00   1.047226e-15   9.800597e-04   1.323194e-18   2373102
  1.838179e+00   1.040655e-15   9.824130e-04   1.312730e-18   2388194
  1.841575e+00   1.035589e-15   9.773124e-04   1.310204e-18   2383470
  1.844971e+00   1.029813e-15   9.831656e-04   1.304488e-18   2404994
  1.848373e+00   1.023290e-15   9.816762e-04   1.296838e-18   2408538
  1.851770e+00   1.017001e-15   9.815239e-04   1.294447e-18   2417744
  1.855173e+00   1.011368e-15   9.838904e-04   1.283254e-18   2434578
  1.858579e+00   1.005940e-15   9.814961e-04   1.277073e-18   2438414
  1.861981e+00   1.000154e-15   9.821085e-04   1.273211e-18   2448066
  1.865384e+00   9.955405e-16   9.823292e-04   1.276281e-18   2456018
  1.868782e+00   9.894670e-16   9.812306e-04   1.265883e-18   2461230
  1.872181e+00   9.833519e-16   9.823212e-04   1.260288e-18   2474330
  1.875579e+00   9.784256e-16   9.796955e-04   1.258727e-18   2476498
  1.878979e+00   9.755604e-16   9.838203e-04   1.253232e-18   2497240
  1.882386e+00   9.681026e-16   9.822125e-04   1.245387e-18   2502930
  1.885787e+00   9.636537e-16   9.803409e-04   1.244829e-18   2508470
  1.889188e+00   9.606980e-16   9.808760e-04   1.241740e-18   2518482
  1.892591e+00   9.540600e-16   9.833500e-04   1.238954e-18   2532074
  1.895988e+00   9.495422e-16   9.784906e-04   1.234102e-18   2526678
  1.899384e+00   9.418747e-16   9.835395e-04   1.225541e-18   2549018
  1.902784e+00   9.398973e-16   9.800350e-04   1.225712e-18   2551704
  1.906185e+00   9.375699e-16   9.817747e-04   1.222813e-18   2566226
  1.909587e+00   9.344169e-16   9.819509e-04   1.223454e-18   2573898
  1.912993e+00   9.267794e-16   9.842387e-04   1.219638e-18   2589182
  1.916394e+00   9.217693e-16   9.792958e-04   1.210309e-18   2584890
  1.919793e+00   9.194262e-16   9.838242e-04   1.210122e-18   2605190
  1.923194e+00   9.114266e-16   9.814721e-04   1.203043e-18   2606418
  1.926593e+00   9.097818e-16   9.832736e-04   1.200260e-18   2621186
  1.929994e+00   9.065964e-16   9.806156e-04   1.201651e-18   2626608
  1.933393e+00   9.037814e-16   9.799953e-04   1.206497e-18   2636714
  1.936794e+00   8.998136e-16   9.811147e-04   1.203321e-18   2647482
  1.940202e+00   8.922446e-16   9.861446e-04   1.187466e-18   2668382
  1.943607e+00   8.867139e-16   9.801535e-04   1.188303e-18   2660418
  1.947005e+00   8.843422e-16   9.825106e-04   1.189180e-18   2676662
  1.950401e+00   8.798648e-16   9.781799e-04   1.180456e-18   2674210
  1.953797e+00   8.761277e-16   9.827621e-04   1.180025e-18   2697076
  1.957200e+00   8.780852e-16   9.813995e-04   1.187028e-18   2703558
  1.960601e+00   8.723743e-16   9.810424e-04   1.182181e-18   2713250
  1.964000e+00   8.726348e-16   9.793374e-04   1.191376e-18   2717718
  1.967406e+00   8.636722e-16   9.861436e-04   1.172108e-18   2743178
  1.970809e+00   8.598666e-16   9.802672e-04   1.172681e-18   2732730
  1.974208e+00   8.559756e-16   9.854133e-04   1.167078e-18   2758022
  1.977609e+00   8.505503e-16   9.791609e-04   1.162868e-18   2751994
  1.981005e+00   8.508342e-16   9.810250e-04   1.168459e-18   2769052
  1.984409e+00   8.486951e-16   9.824869e-04   1.171220e-18   2783062
  1.987812e+00   8.457347e-16   9.814391e-04   1.170455e-18   2789362
  1.991215e+00   8.435561e-16   9.817332e-04   1.172743e-18   2799582
  1.994619e+00   8.433991e-16   9.828319e-04   1.177540e-18   2811170
  1.998019e+00   8.361889e-16   9.809039e-04   1.167077e-18   2812658
  2.001421e+00   8.324494e-16   9.850690e-04   1.165166e-18   2833302
  2.004820e+00   8.299866e-16   9.785899e-04   1.165281e-18   2827420
  2.008216e+00   8.221907e-16   9.808908e-04   1.154466e-18   2846710
  2.011615e+00   8.034764e-16   9.806052e-04   1.126741e-18   2846535
  2.015014e+00   7.744983e-16   9.826225e-04   1.070102e-18   2848496
  2.018416e+00   7.445448e-16   9.819470e-04   1.022385e-18   2841084
  2.021820e+00   7.170475e-16   9.843122e-04   9.698402e-19   2843480
  2.025222e+00   6.894427e-16   9.802360e-04   9.229959e-19   2826624
  2.028621e+00   6.660585e-16   9.829329e-04   8.826093e-19   2828732
  2.032021e+00   6.400396e-16   9.812694e-04   8.375145e-19   2819296
  2.035422e+00   6.166903e-16   9.824594e-04   7.976390e-19   2819548
  2.038821e+00   5.950687e-16   9.790894e-04   7.637175e-19   2805192
  2.042221e+00   5.737860e-16   9.830303e-04   7.272292e-19   2811104
  2.045624e+00   5.533901e-16   9.815026e-04   6.921075e-19   2800672
  2.049025e+00   5.341981e-16   9.823222e-04   6.616523e-19   2798080
  2.052425e+00   5.160533e-16   9.802167e-04   6.338161e-19   2786976
  2.055826e+00   4.986380e-16   9.831451e-04   6.012109e-19   2791016
  2.059230e+00   4.828247e-16   9.812096e-04   5.778518e-19   2779360
  2.062626e+00   4.688047e-16   9.796265e-04   5.586751e-19   2768644
  2.066023e+00   4.529144e-16   9.822169e-04   5.321577e-19   2771192
  2.069425e+00   4.404935e-16   9.816405e-04   5.138706e-19   2765028
  2.072828e+00   4.261238e-16   9.824068e-04   4.906898e-19   2760864
  2.076235e+00   4.130883e-16   9.849780e-04   4.705010e-19   2761616
  2.079634e+00   4.009422e-16   9.787095e-04   4.555997e-19   2737932
  2.083034e+00   3.883491e-16   9.851663e-04   4.348147e-19   2752280
  2.086436e+00   3.778754e-16   9.786561e-04   4.205815e-19   2728764
  2.089835e+00   3.664745e-16   9.834451e-04   4.025706e-19   2736368
  2.093234e+00   3.572748e-16   9.795267e-04   3.919417e-19   2719952
  2.096636e+00   3.480412e-16   9.837062e-04   3.764231e-19   2727120
  2.100037e+00   3.384689e-16   9.787869e-04   3.634763e-19   2708400
  2.103440e+00   3.282087e-16   9.850039e-04   3.489684e-19   2718536
  2.106841e+00   3.190903e-16   9.786910e-04   3.372128e-19   2694300
  2.110244e+00   3.115630e-16   9.859443e-04   3.254861e-19   2709440
  2.113646e+00   3.044582e-16   9.780636e-04   3.176652e-19   2682108
  2.117041e+00   2.953071e-16   9.811448e-04   3.046654e-19   2684912
  2.120440e+00   2.881789e-16   9.817480e-04   2.951334e-19   2678868
  2.123840e+00   2.811825e-16   9.823344e-04   2.865323e-19   2674772
  2.127243e+00   2.738915e-16   9.826540e-04   2.756752e-19   2670120
  2.130643e+00   2.678192e-16   9.807037e-04   2.678249e-19   2659532
  2.134045e+00   2.616234e-16   9.832493e-04   2.598302e-19   2659704
  2.137451e+00   2.552251e-16   9.840399e-04   2.518397e-19   2654348
  2.140851e+00   2.491738e-16   9.808746e-04   2.441871e-19   2640276
  2.144250e+00   2.429256e-16   9.817432e-04   2.365469e-19   2638700
  2.147650e+00   2.381888e-16   9.800651e-04   2.311284e-19   2628244
  2.151051e+00   2.322736e-16   9.836008e-04   2.234935e-19   2630920
  2.154455e+00   2.272098e-16   9.816425e-04   2.175162e-19   2618904
  2.157854e+00   2.222521e-16   9.803923e-04   2.114294e-19   2610932
  2.161254e+00   2.173414e-16   9.817073e-04   2.050926e-19   2608464
  2.164658e+00   2.125425e-16   9.827466e-04   1.992664e-19   2603708
  2.168056e+00   2.078678e-16   9.797322e-04   1.944554e-19   2588012
  2.171453e+00   2.033399e-16   9.819219e-04   1.882441e-19   2588364
  2.174852e+00   1.996677e-16   9.803360e-04   1.839723e-19   2579076
  2.178251e+00   1.951435e-16   9.809908e-04   1.790949e-19   2574152
  2.181649e+00   1.913514e-16   9.813167e-04   1.748960e-19   2566812
  2.185056e+00   1.874929e-16   9.861783e-04   1.702740e-19   2573732
  2.188461e+00   1.840580e-16   9.795833e-04   1.667277e-19   2550568
  2.191860e+00   1.800949e-16   9.826556e-04   1.624100e-19   2552068
  2.195261e+00   1.764478e-16   9.809956e-04   1.581969e-19   2539620
  2.198663e+00   1.735517e-16   9.840554e-04   1.548545e-19   2540936
  2.202066e+00   1.701536e-16   9.809099e-04   1.511029e-19   2528032
  2.205465e+00   1.668679e-16   9.803189e-04   1.480121e-19   2521480
  2.208867e+00   1.638360e-16   9.820539e-04   1.442334e-19   2517980
  2.212270e+00   1.607817e-16   9.826345e-04   1.413732e-19   2511744
  2.215671e+00   1.578467e-16   9.807485e-04   1.381615e-19   2500140
  2.219071e+00   1.546854e-16   9.816849e-04   1.349591e-19   2496980
  2.222472e+00   1.521104e-16   9.809842e-04   1.319820e-19   2486924
  2.225874e+00   1.490926e-16   9.841669e-04   1.288514e-19   2487000
  2.229275e+00   1.468405e-16   9.801840e-04   1.266932e-19   2469840
  2.232673e+00   1.442604e-16   9.823076e-04   1.238159e-19   2469656
  2.236072e+00   1.416033e-16   9.795354e-04   1.214925e-19   2456844
  2.239476e+00   1.393616e-16   9.852194e-04   1.190834e-19   2462876
  2.242879e+00   1.370300e-16   9.804127e-04   1.167634e-19   2442136
  2.246278e+00   1.346456e-16   9.827694e-04   1.142975e-19   2441944
  2.249678e+00   1.323905e-16   9.806730e-04   1.118952e-19   2430508
  2.253076e+00   1.303729e-16   9.810126e-04   1.100679e-19   2424352
  2.256478e+00   1.282667e-16   9.832316e-04   1.082270e-19   2421264
  2.259881e+00   1.260654e-16   9.825332e-04   1.060023e-19   2413064
  2.263282e+00   1.240104e-16   9.805912e-04   1.041413e-19   2401572
  2.266681e+00   1.221821e-16   9.815087e-04   1.023003e-19   2397284
  2.270081e+00   1.203771e-16   9.813118e-04   1.008268e-19   2388336
  2.273484e+00   1.183167e-16   9.843250e-04   9.854218e-20   2387204
  2.276884e+00   1.163346e-16   9.793704e-04   9.684049e-20   2368644
  2.280279e+00   1.147831e-16   9.805359e-04   9.552870e-20   2365400
  2.283678e+00   1.131131e-16   9.814789e-04   9.401400e-20   2360072
  2.287082e+00   1.113609e-16   9.832021e-04   9.219583e-20   2356464
  2.290484e+00   1.097377e-16   9.810620e-04   9.093708e-20   2343240
  2.293885e+00   1.082427e-16   9.822795e-04   8.931659e-20   2340248
  2.297284e+00   1.062632e-16   9.789711e-04   8.771205e-20   2325000
  2.300686e+00   1.049244e-16   9.843393e-04   8.612978e-20   2328632
  2.304090e+00   1.036011e-16   9.816712e-04   8.545136e-20   2313220
  2.307492e+00   1.020502e-16   9.835834e-04   8.370555e-20   2310772
  2.310892e+00   1.005148e-16   9.798086e-04   8.268867e-20   2295420
  2.314292e+00   9.918023e-17   9.822607e-04   8.137920e-20   2293592
  2.317692e+00   9.783170e-17   9.808333e-04   8.034103e-20   2281384
  2.321098e+00   9.647352e-17   9.858657e-04   7.898944e-20   2285776
  2.324499e+00   9.524758e-17   9.776590e-04   7.828723e-20   2259408
  2.327898e+00   9.378833e-17   9.837748e-04   7.666899e-20   2266808
  2.331301e+00   9.278242e-17   9.803406e-04   7.606047e-20   2248836
  2.334698e+00   9.142619e-17   9.826639e-04   7.505506e-20   2245244
  2.338097e+00   9.033019e-17   9.807008e-04   7.409000e-20   2233908
  2.341498e+00   8.890315e-17   9.826023e-04   7.288392e-20   2231660
  2.344900e+00   8.806993e-17   9.803694e-04   7.225672e-20   2218544
  2.348303e+00   8.677696e-17   9.841932e-04   7.098480e-20   2218176
  2.351706e+00   8.577571e-17   9.811254e-04   7.051203e-20   2202900
  2.355107e+00   8.465879e-17   9.815282e-04   6.941096e-20   2197472
  2.358504e+00   8.360596e-17   9.785599e-04   6.863093e-20   2181960
  2.361902e+00   8.265770e-17   9.836141e-04   6.788459e-20   2183696
  2.365306e+00   8.155365e-17   9.832539e-04   6.703271e-20   2173416
  2.368709e+00   8.049960e-17   9.825525e-04   6.619739e-20   2165444
  2.372110e+00   7.968207e-17   9.797907e-04   6.556371e-20   2152688
  2.375509e+00   7.851866e-17   9.815549e-04   6.480731e-20   2147628
  2.378910e+00   7.758220e-17   9.820428e-04   6.388114e-20   2139012
  2.382315e+00   7.676765e-17   9.845724e-04   6.333535e-20   2136008
  2.385709e+00   7.593081e-17   9.752701e-04   6.294726e-20   2108656
  2.389104e+00   7.502357e-17   9.832761e-04   6.215275e-20   2117896
  2.392509e+00   7.428803e-17   9.830191e-04   6.150598e-20   2106260
  2.395912e+00   7.319356e-17   9.833730e-04   6.081543e-20   2099088
  2.399315e+00   7.253505e-17   9.817275e-04   6.026821e-20   2088432
  2.402716e+00   7.155052e-17   9.804125e-04   5.958404e-20   2078432
  2.406115e+00   7.089186e-17   9.806198e-04   5.915244e-20   2069048
  2.409516e+00   7.002150e-17   9.833522e-04   5.849288e-20   2064804
  2.412920e+00   6.942235e-17   9.831224e-04   5.810121e-20   2055644
  2.416321e+00   6.860165e-17   9.806126e-04   5.762102e-20   2043000
  2.419718e+00   6.792519e-17   9.800589e-04   5.704722e-20   2032348
  2.423121e+00   6.721097e-17   9.856832e-04   5.655804e-20   2034064
  2.426526e+00   6.642233e-17   9.819348e-04   5.608409e-20   2017740
  2.429926e+00   6.564697e-17   9.812949e-04   5.555172e-20   2010188
  2.433325e+00   6.515697e-17   9.789075e-04   5.530762e-20   1996556
  2.436723e+00   6.450892e-17   9.821491e-04   5.483727e-20   1992816
  2.440123e+00   6.392918e-17   9.821092e-04   5.445966e-20   1982400
  2.443522e+00   6.321557e-17   9.811038e-04   5.396831e-20   1972256
  2.446920e+00   6.257234e-17   9.808752e-04   5.374467e-20   1964384
  2.450323e+00   6.175188e-17   9.825278e-04   5.300978e-20   1958544
  2.453726e+00   6.131283e-17   9.821775e-04   5.279635e-20   1946988
  2.457130e+00   6.073260e-17   9.840500e-04   5.252006e-20   1942532
  2.460529e+00   6.011409e-17   9.777101e-04   5.222103e-20   1921692
  2.463928e+00   5.954063e-17   9.833317e-04   5.184008e-20   1924004
  2.467330e+00   5.913480e-17   9.803195e-04   5.169515e-20   1907344
  2.470733e+00   5.852968e-17   9.853101e-04   5.110047e-20   1907440
  2.474135e+00   5.811842e-17   9.788798e-04   5.121914e-20   1886136
  2.477531e+00   5.744795e-17   9.816797e-04   5.041928e-20   1883144
  2.480934e+00   5.696946e-17   9.824091e-04   5.035454e-20   1874724
  2.484338e+00   5.628879e-17   9.833480e-04   4.989957e-20   1866068
  2.487738e+00   5.582381e-17   9.812729e-04   4.967385e-20   1852980
  2.491140e+00   5.535773e-17   9.824339e-04   4.931071e-20   1847468
  2.494538e+00   5.484114e-17   9.781928e-04   4.918843e-20   1829636
  2.497936e+00   5.434726e-17   9.834643e-04   4.888876e-20   1829688
  2.501341e+00   5.391912e-17   9.824400e-04   4.871998e-20   1817192
  2.504741e+00   5.330954e-17   9.810060e-04   4.826413e-20   1806312
  2.508140e+00   5.307301e-17   9.802531e-04   4.830631e-20   1795984
  2.511543e+00   5.249937e-17   9.831733e-04   4.786744e-20   1791100
  2.514946e+00   5.204749e-17   9.817942e-04   4.779502e-20   1777648
  2.518347e+00   5.157438e-17   9.826630e-04   4.764201e-20   1769848
  2.521746e+00   5.134477e-17   9.799953e-04   4.749417e-20   1756536
  2.525146e+00   5.061910e-17   9.812129e-04   4.715796e-20   1748960
  2.528547e+00   5.035716e-17   9.826374e-04   4.681455e-20   1739952
  2.531950e+00   4.990749e-17   9.837089e-04   4.677332e-20   1732124
  2.535351e+00   4.949044e-17   9.802823e-04   4.653321e-20   1716852
  2.538751e+00   4.906093e-17   9.823932e-04   4.637320e-20   1712276
  2.542154e+00   4.875905e-17   9.810692e-04   4.632474e-20   1698500
  2.545557e+00   4.838707e-17   9.849039e-04   4.617527e-20   1693932
  2.548957e+00   4.798355e-17   9.793284e-04   4.607621e-20   1675204
  2.552353e+00   4.749087e-17   9.815499e-04   4.568413e-20   1670644
  2.555751e+00   4.720408e-17   9.787008e-04   4.576037e-20   1655532
  2.559155e+00   4.694946e-17   9.861163e-04   4.566576e-20   1656860
  2.562557e+00   4.648689e-17   9.798597e-04   4.550526e-20   1635372
  2.565959e+00   4.608589e-17   9.841765e-04   4.528737e-20   1634324
  2.569359e+00   4.571632e-17   9.777008e-04   4.533190e-20   1613676
  2.572758e+00   4.542248e-17   9.840395e-04   4.506080e-20   1613348
  2.576160e+00   4.510304e-17   9.807023e-04   4.500656e-20   1596236
  2.579561e+00   4.470395e-17   9.834991e-04   4.478320e-20   1591476
  2.582962e+00   4.446289e-17   9.792427e-04   4.488767e-20   1575732
  2.586359e+00   4.401448e-17   9.803750e-04   4.461142e-20   1566236
  2.589759e+00   4.376183e-17   9.841339e-04   4.462078e-20   1560292
  2.593166e+00   4.336690e-17   9.838869e-04   4.440793e-20   1550092
  2.596565e+00   4.314928e-17   9.789064e-04   4.461592e-20   1532628
  2.599963e+00   4.259977e-17   9.813188e-04   4.419961e-20   1527332
  2.603365e+00   4.252844e-17   9.816488e-04   4.427213e-20   1515212
  2.606765e+00   4.223147e-17   9.831211e-04   4.433288e-20   1506444
  2.610167e+00   4.192200e-17   9.819780e-04   4.416340e-20   1495116
  2.613562e+00   4.151891e-17   9.774397e-04   4.412483e-20   1479152
  2.616961e+00   4.121734e-17   9.826090e-04   4.395530e-20   1475512
  2.620369e+00   4.098425e-17   9.857671e-04   4.401327e-20   1467820
  2.623774e+00   4.069479e-17   9.816828e-04   4.406278e-20   1451256
  2.627176e+00   4.025306e-17   9.823847e-04   4.368532e-20   1443212
  2.630573e+00   4.004062e-17   9.775986e-04   4.393138e-20   1425680
  2.633972e+00   3.972451e-17   9.838248e-04   4.360969e-20   1422972
  2.637375e+00   3.956272e-17   9.826449e-04   4.380036e-20   1408632
  2.640778e+00   3.913102e-17   9.834480e-04   4.359816e-20   1400984
  2.644178e+00   3.897212e-17   9.781513e-04   4.368202e-20   1383196
  2.647576e+00   3.865398e-17   9.827970e-04   4.356657e-20   1378120
  2.650981e+00   3.837532e-17   9.838936e-04   4.343490e-20   1367272
  2.654386e+00   3.815523e-17   9.839001e-04   4.371046e-20   1356580
  2.657781e+00   3.792176e-17   9.764772e-04   4.391508e-20   1337028
  2.661175e+00   3.741498e-17   9.807019e-04   4.340657e-20   1332500
  2.664576e+00   3.738324e-17   9.824328e-04   4.353915e-20   1321796
  2.667980e+00   3.714581e-17   9.842336e-04   4.382169e-20   1312716
  2.671381e+00   3.682259e-17   9.799494e-04   4.370806e-20   1296580
  2.674784e+00   3.642781e-17   9.836937e-04   4.338396e-20   1291528
  2.678185e+00   3.635678e-17   9.791874e-04   4.375895e-20   1273128
  2.681585e+00   3.611027e-17   9.849289e-04   4.371979e-20   1268720
  2.684990e+00   3.581899e-17   9.820200e-04   4.371718e-20   1254016
  2.688389e+00   3.537613e-17   9.799073e-04   4.361379e-20   1241296
  2.691782e+00   3.520290e-17   9.773359e-04   4.378121e-20   1226712
  2.695185e+00   3.514097e-17   9.871642e-04   4.374171e-20   1226228
  2.698592e+00   3.484178e-17   9.822935e-04   4.390779e-20   1207768
  2.701993e+00   3.443949e-17   9.821287e-04   4.385600e-20   1198336
  2.705390e+00   3.422089e-17   9.774693e-04   4.374123e-20   1181484
  2.708791e+00   3.398639e-17   9.847434e-04   4.371094e-20   1178012
  2.712196e+00   3.380775e-17   9.828591e-04   4.395474e-20   1162564
  2.715593e+00   3.342415e-17   9.802955e-04   4.379905e-20   1149340
  2.718991e+00   3.312268e-17   9.799593e-04   4.364117e-20   1138848
  2.722390e+00   3.280027e-17   9.801680e-04   4.351067e-20   1126748
  2.725791e+00   3.271814e-17   9.834222e-04   4.400790e-20   1117428
  2.729199e+00   3.244385e-17   9.855325e-04   4.395101e-20   1108112
  2.732601e+00   3.209102e-17   9.796049e-04   4.363128e-20   1090596
  2.736000e+00   3.178098e-17   9.802553e-04   4.365460e-20   1081052
  2.739396e+00   3.150560e-17   9.787000e-04   4.376107e-20   1065716
  2.742798e+00   3.134272e-17   9.867653e-04   4.383036e-20   1061940
  2.746204e+00   3.098249e-17   9.811985e-04   4.377924e-20   1044096
  2.749604e+00   3.054283e-17   9.818713e-04   4.353848e-20   1034864
  2.753003e+00   3.030341e-17   9.778923e-04   4.346770e-20   1018308
  2.756407e+00   3.026921e-17   9.880499e-04   4.373707e-20   1014812
  2.759813e+00   2.994588e-17   9.817334e-04   4.372360e-20   996288
  2.763211e+00   2.934603e-17   9.807414e-04   4.318887e-20   985376
  2.766605e+00   2.906974e-17   9.763946e-04   4.338454e-20   969652
  2.770007e+00   2.888234e-17   9.852383e-04   4.351165e-20   964924
  2.773408e+00   2.887843e-17   9.813255e-04   4.412366e-20   947228
  2.776808e+00   2.822250e-17   9.830247e-04   4.320978e-20   939084
  2.780208e+00   2.789172e-17   9.769128e-04   4.312575e-20   921864
  2.783607e+00   2.753785e-17   9.830641e-04   4.300478e-20   914252
  2.787014e+00   2.737663e-17   9.855161e-04   4.294163e-20   902572
  2.790419e+00   2.687147e-17   9.827520e-04   4.274506e-20   888784
  2.793815e+00   2.640022e-17   9.766961e-04   4.230592e-20   872540
  2.797210e+00   2.605463e-17   9.801377e-04   4.205266e-20   862848
  2.800610e+00   2.589809e-17   9.835812e-04   4.247626e-20   851760
  2.804018e+00   2.543564e-17   9.862752e-04   4.171788e-20   841940
  2.807419e+00   2.493949e-17   9.779538e-04   4.123809e-20   823032
  2.810819e+00   2.442774e-17   9.834420e-04   4.040450e-20   816044
  2.814221e+00   2.422533e-17   9.803182e-04   4.087209e-20   799292
  2.817622e+00   2.374031e-17   9.859358e-04   4.027895e-20   791304
  2.821022e+00   2.323470e-17   9.778036e-04   3.950829e-20   772868
  2.824414e+00   2.272775e-17   9.799444e-04   3.879795e-20   762552
  2.827814e+00   2.224729e-17   9.815264e-04   3.805659e-20   750876
  2.831218e+00   2.200226e-17   9.834990e-04   3.796459e-20   739280
  2.834619e+00   2.128636e-17   9.815612e-04   3.669276e-20   724944
  2.838024e+00   2.077047e-17   9.837337e-04   3.564484e-20   714380
  2.841419e+00   2.020222e-17   9.765403e-04   3.438061e-20   695932
  2.844820e+00   1.971148e-17   9.860188e-04   3.334419e-20   690949
  2.848225e+00   1.913317e-17   9.790494e-04   3.208369e-20   673638
  2.851624e+00   1.875573e-17   9.838795e-04   3.132985e-20   666092
  2.855023e+00   1.851173e-17   9.776476e-04   3.067012e-20   651024
  2.858420e+00   1.802642e-17   9.835476e-04   2.983075e-20   644804
  2.861824e+00   1.776260e-17   9.809055e-04   2.930791e-20   632676
  2.865228e+00   1.735762e-17   9.847549e-04   2.841192e-20   624962
  2.868627e+00   1.714567e-17   9.786841e-04   2.828562e-20   611280
  2.872031e+00   1.689635e-17   9.864670e-04   2.777153e-20   607256
  2.875434e+00   1.654966e-17   9.785773e-04   2.740656e-20   592616
  2.878833e+00   1.629316e-17   9.838766e-04   2.656753e-20   587160
  2.882235e+00   1.605133e-17   9.806552e-04   2.640686e-20   575482
  2.885633e+00   1.579145e-17   9.821917e-04   2.601652e-20   568258
  2.889037e+00   1.555624e-17   9.823894e-04   2.554798e-20   559638
  2.892441e+00   1.541419e-17   9.828085e-04   2.546760e-20   551498
  2.895844e+00   1.518538e-17   9.815660e-04   2.495541e-20   542364
  2.899245e+00   1.485090e-17   9.820373e-04   2.434243e-20   534146
  2.902642e+00   1.485665e-17   9.799896e-04   2.464558e-20   524980
  2.906047e+00   1.452492e-17   9.845691e-04   2.410171e-20   519964
  2.909443e+00   1.432679e-17   9.764000e-04   2.373619e-20   507108
  2.912842e+00   1.410142e-17   9.860421e-04   2.317800e-20   504992
  2.916245e+00   1.402644e-17   9.788238e-04   2.327070e-20   492948
  2.919647e+00   1.383912e-17   9.864404e-04   2.306141e-20   489740
  2.923050e+00   1.378841e-17   9.776779e-04   2.305386e-20   477716
  2.926447e+00   1.355921e-17   9.842557e-04   2.265429e-20   473844
  2.929849e+00   1.347506e-17   9.793241e-04   2.256221e-20   464222
  2.933249e+00   1.321708e-17   9.833380e-04   2.218257e-20   459048
  2.936646e+00   1.317043e-17   9.781522e-04   2.221308e-20   449574
  2.940047e+00   1.293553e-17   9.843913e-04   2.180457e-20   445820
  2.943444e+00   1.282637e-17   9.766847e-04   2.181067e-20   435158
  2.946848e+00   1.273851e-17   9.868688e-04   2.153952e-20   433566
  2.950249e+00   1.254538e-17   9.754175e-04   2.136244e-20   421014
  2.953647e+00   1.248970e-17   9.867845e-04   2.121404e-20   419996
  2.957054e+00   1.239823e-17   9.785008e-04   2.125181e-20   409482
  2.960447e+00   1.216675e-17   9.814565e-04   2.093220e-20   404414
  2.963850e+00   1.214632e-17   9.822465e-04   2.108626e-20   398518
  2.967254e+00   1.192083e-17   9.832814e-04   2.058573e-20   392302
  2.970654e+00   1.193206e-17   9.815439e-04   2.084846e-20   385318
  2.974064e+00   1.180535e-17   9.866772e-04   2.075382e-20   381718
  2.977460e+00   1.162609e-17   9.751975e-04   2.049263e-20   370674
  2.980859e+00   1.164642e-17   9.875886e-04   2.061386e-20   370166
  2.984264e+00   1.153656e-17   9.774032e-04   2.060791e-20   359838
  2.987662e+00   1.139447e-17   9.857853e-04   2.031934e-20   357488
  2.991061e+00   1.134573e-17   9.759886e-04   2.045655e-20   348174
  2.994460e+00   1.121592e-17   9.853707e-04   2.020821e-20   346010
  2.997858e+00   1.119489e-17   9.762078e-04   2.052665e-20   336966
  3.001265e+00   1.104146e-17   9.900594e-04   2.004358e-20   336488
  3.004668e+00   1.106299e-17   9.740308e-04   2.043834e-20   325206
  3.008066e+00   1.093680e-17   9.873451e-04   2.021927e-20   324614
  3.011466e+00   1.089027e-17   9.747062e-04   2.041492e-20   314792
  3.014866e+00   1.079267e-17   9.879043e-04   2.023505e-20   314082
  3.018264e+00   1.069710e-17   9.737379e-04   2.023910e-20   303918
  3.021663e+00   1.063485e-17   9.889509e-04   2.021694e-20   303872
  3.025070e+00   1.055101e-17   9.784574e-04   2.015447e-20   295070
  3.028471e+00   1.053265e-17   9.862273e-04   2.024117e-20   292776
  3.031875e+00   1.048407e-17   9.783859e-04   2.021772e-20   285198
  3.035272e+00   1.039983e-17   9.836512e-04   2.040528e-20   282068
  3.038673e+00   1.031618e-17   9.805621e-04   2.026570e-20   276094
  3.042072e+00   1.023739e-17   9.815492e-04   2.020157e-20   271936
  3.045470e+00   1.020221e-17   9.796535e-04   2.030948e-20   266352
  3.048872e+00   1.010357e-17   9.837389e-04   2.034553e-20   263198
  3.052270e+00   1.009505e-17   9.774507e-04   2.054128e-20   256540
  3.055674e+00   9.998199e-18   9.870156e-04   2.034233e-20   254758
  3.059074e+00   1.001548e-17   9.752535e-04   2.065747e-20   246888
  3.062476e+00   9.929611e-18   9.882518e-04   2.058965e-20   245984
  3.065876e+00   9.947619e-18   9.745285e-04   2.088338e-20   237838
  3.069275e+00   9.863655e-18   9.875456e-04   2.065894e-20   236932
  3.072674e+00   9.863319e-18   9.753501e-04   2.110518e-20   229296
  3.076079e+00   9.783401e-18   9.905935e-04   2.093000e-20   228968
  3.079484e+00   9.717115e-18   9.759176e-04   2.109196e-20   220862
  3.082887e+00   9.663436e-18   9.907802e-04   2.100215e-20   220440
  3.086289e+00   9.648823e-18   9.746422e-04   2.122698e-20   212400
  3.089691e+00   9.576081e-18   9.910214e-04   2.102549e-20   212228
  3.093094e+00   9.670569e-18   9.746868e-04   2.171366e-20   204518
  3.096495e+00   9.561361e-18   9.889482e-04   2.143790e-20   203928
  3.099893e+00   9.443324e-18   9.720561e-04   2.152897e-20   196280
  3.103292e+00   9.465805e-18   9.890661e-04   2.160830e-20   196272
  3.106690e+00   9.449986e-18   9.712571e-04   2.208307e-20   188572
  3.110087e+00   9.426602e-18   9.879143e-04   2.209799e-20   188440
  3.113488e+00   9.401365e-18   9.734613e-04   2.222754e-20   181574
  3.116887e+00   9.336822e-18   9.881590e-04   2.200104e-20   180912
  3.120287e+00   9.364823e-18   9.735403e-04   2.266445e-20   174304
  3.123686e+00   9.303805e-18   9.886917e-04   2.248257e-20   173620
  3.127087e+00   9.252316e-18   9.751672e-04   2.274866e-20   167424
  3.130494e+00   9.242821e-18   9.911060e-04   2.286150e-20   166952
  3.133891e+00   9.272990e-18   9.707301e-04   2.322315e-20   159744
  3.137294e+00   9.194952e-18   9.930247e-04   2.316126e-20   160424
  3.140692e+00   9.197644e-18   9.688943e-04   2.360265e-20   152748
  3.144094e+00   9.156100e-18   9.946857e-04   2.345001e-20   153920
  3.147494e+00   9.112963e-18   9.672886e-04   2.384271e-20   146016
  3.150891e+00   9.108695e-18   9.941819e-04   2.404702e-20   147176
  3.154293e+00   9.125450e-18   9.692460e-04   2.455674e-20   139992
  3.157692e+00   9.089630e-18   9.933564e-04   2.444345e-20   140588
  3.161097e+00   9.044748e-18   9.721310e-04   2.473320e-20   134184
  3.164500e+00   9.020471e-18   9.923555e-04   2.475313e-20   134192
  3.167900e+00   8.962317e-18   9.713175e-04   2.514128e-20   127992
  3.171301e+00   8.989177e-18   9.922025e-04   2.518516e-20   128132
  3.174706e+00   9.024912e-18   9.738163e-04   2.597161e-20   122384
  3.178105e+00   9.021638e-18   9.894388e-04   2.597267e-20   121896
  3.181505e+00   9.017678e-18   9.729889e-04   2.659092e-20   116592
  3.184902e+00   8.974984e-18   9.887769e-04   2.641522e-20   116072
  3.188304e+00   8.922287e-18   9.741208e-04   2.695851e-20   111196
  3.191708e+00   8.921104e-18   9.922343e-04   2.682989e-20   110824
  3.195109e+00   8.951523e-18   9.706819e-04   2.748826e-20   105456
  3.198515e+00   8.923218e-18   9.956721e-04   2.747805e-20   105746
  3.201914e+00   8.921387e-18   9.664985e-04   2.822341e-20   99816
  3.205315e+00   8.875941e-18   9.954263e-04   2.800251e-20   100460
  3.208711e+00   8.875579e-18   9.652876e-04   2.894563e-20   94616
  3.212112e+00   8.788364e-18   9.961719e-04   2.868727e-20   95448
  3.215512e+00   8.783802e-18   9.666714e-04   2.946997e-20   89784
  3.218916e+00   8.867177e-18   9.964090e-04   2.942425e-20   90536
  3.222310e+00   8.817358e-18   9.614793e-04   3.000619e-20   84566
  3.225712e+00   8.875581e-18   1.000274e-03   3.028874e-20   86088
  3.229109e+00   8.777314e-18   9.576880e-04   3.117699e-20   79680
  3.232504e+00   8.831347e-18   1.000528e-03   3.093022e-20   81368
  3.235905e+00   8.819338e-18   9.590062e-04   3.207654e-20   75356
  3.239299e+00   8.894590e-18   1.000262e-03   3.224732e-20   76704
  3.242704e+00   8.850228e-18   9.625143e-04   3.298244e-20   71322
  3.246105e+00   8.887325e-18   1.000713e-03   3.295382e-20   72248
  3.249509e+00   8.833213e-18   9.624193e-04   3.438931e-20   67160
  3.252908e+00   8.748488e-18   9.988504e-04   3.335702e-20   67836
  3.256303e+00   8.925812e-18   9.598606e-04   3.517762e-20   62976
  3.259706e+00   8.782297e-18   1.001348e-03   3.474303e-20   63914
  3.263097e+00   8.844313e-18   9.561656e-04   3.683307e-20   58832
  3.266501e+00   8.838951e-18   1.003699e-03   3.605112e-20   60108
  3.269890e+00   8.758888e-18   9.539295e-04   3.713997e-20   54920
  3.273312e+00   8.835369e-18   1.015086e-03   3.678947e-20   56970
  3.276708e+00   8.783542e-18   9.440493e-04   3.902620e-20   50760
  3.280114e+00   8.841375e-18   1.016179e-03   3.817847e-20   53312
  3.283511e+00   8.955903e-18   9.404818e-04   4.050993e-20   47164
  3.286913e+00   8.884863e-18   1.018327e-03   3.996393e-20   49810
  3.290311e+00   8.757516e-18   9.356940e-04   4.178855e-20   43680
  3.293705e+00   8.805802e-18   1.019216e-03   4.109989e-20   46328
  3.297113e+00   8.828255e-18   9.396643e-04   4.406161e-20   40694
  3.300512e+00   8.857231e-18   1.021248e-03   4.302941e-20   42984
  3.303924e+00   8.836089e-18   9.393885e-04   4.506554e-20   37656
  3.307314e+00   9.033108e-18   1.018706e-03   4.555713e-20   39578
  3.310727e+00   8.971648e-18   9.431432e-04   4.850680e-20   34920
  3.314118e+00   8.906983e-18   1.015057e-03   4.685046e-20   36308
  3.317520e+00   8.896336e-18   9.417761e-04   4.965007e-20   32136
  3.320917e+00   8.897252e-18   1.014476e-03   4.842253e-20   33362
  3.324306e+00   8.970078e-18   9.360215e-04   5.233226e-20   29336
  3.327716e+00   9.008291e-18   1.021505e-03   5.097171e-20   30804
  3.331095e+00   8.984273e-18   9.233243e-04   5.585912e-20   26490
  3.334511e+00   9.000993e-18   1.029571e-03   5.371893e-20   28376
  3.337879e+00   9.044428e-18   9.097669e-04   5.822780e-20   23784
  3.341307e+00   8.977682e-18   1.040923e-03   5.583449e-20   26150
  3.344669e+00   9.104872e-18   8.938898e-04   6.194952e-20   21192
  3.348106e+00   9.030256e-18   1.054204e-03   5.793861e-20   24050
  3.351471e+00   9.041980e-18   8.769951e-04   6.590995e-20   18768
  3.354917e+00   8.974905e-18   1.068828e-03   6.120055e-20   22052
  3.358276e+00   9.134602e-18   8.453078e-04   7.191750e-20   16346
  3.361716e+00   9.164322e-18   1.081988e-03   6.384437e-20   20136
  3.365077e+00   9.025128e-18   8.114920e-04   7.589975e-20   14160
  3.368506e+00   9.138747e-18   1.091186e-03   6.667942e-20   18218
  3.371870e+00   9.166971e-18   7.752035e-04   8.343441e-20   12204
  3.375286e+00   9.261104e-18   1.099293e-03   7.403362e-20   16346
  3.378666e+00   9.075027e-18   7.492433e-04   8.846266e-20   10536
  3.382068e+00   9.044871e-18   1.103455e-03   7.312076e-20   14456
  3.385446e+00   9.224791e-18   7.144473e-04   9.769371e-20   8990
  3.388846e+00   8.908495e-18   1.111587e-03   8.083726e-20   12744
  3.392213e+00   9.260477e-18   6.547202e-04   1.058723e-19   7506
  3.395615e+00   9.202862e-18   1.122493e-03   8.631310e-20   11192
  3.398977e+00   9.182336e-18   5.748287e-04   1.194853e-19   6156
  3.402378e+00   9.155286e-18   1.132774e-03   9.281692e-20   9722
  3.405746e+00   9.134860e-18   4.871262e-04   1.300442e-19   4992
  3.409138e+00   9.285819e-18   1.141441e-03   1.019619e-19   8306
  3.412522e+00   9.135249e-18   3.836029e-04   1.447183e-19   3996
  3.415893e+00   9.098513e-18   1.145615e-03   1.104443e-19   6938
  3.419295e+00   9.163789e-18   2.666671e-04   1.627202e-19   3168
  3.422636e+00   9.294179e-18   1.141746e-03   1.257393e-19   5624
  3.426050e+00   9.289996e-18   1.840323e-04   1.896446e-19   2502
  3.429375e+00   9.403514e-18   1.135529e-03   1.393079e-19   4424
  3.432807e+00   9.755000e-18   1.951644e-04   2.228086e-19   1946
  3.436123e+00   9.461798e-18   1.131191e-03   1.546429e-19   3360
  3.439554e+00   8.989844e-18   1.068915e-04   2.280633e-19   1446
  3.442870e+00   9.810107e-18   1.128932e-03   1.864971e-19   2456
  3.446333e+00   9.587925e-18   2.047845e-04   3.102550e-19   1034
  3.449628e+00   9.319632e-18   1.127267e-03   2.327566e-19   1680
  3.453085e+00   9.210524e-18   5.107876e-05   3.436144e-19   678
  3.456375e+00   9.079643e-18   1.125846e-03   2.643801e-19   1064
  3.459905e+00   1.085091e-17   3.097621e-04   4.969378e-19   410
  3.463134e+00   9.426917e-18   1.124156e-03   3.890366e-19   576
  3.466644e+00   1.062025e-17   1.623447e-05   6.985157e-19   198
  3.469837e+00   9.870216e-18   1.113683e-03   6.632739e-19   248
  3.473678e+00   8.386754e-18   7.017054e-04   1.043056e-18   74
  3.476548e+00   8.483699e-18   1.096056e-03   9.014632e-19   48
  3.480229e+00   1.204817e-17   4.404833e-08   2.086053e-18   6
