# power spectrum of phi
# redshift z=9.951253
# k              Pk             sigma(k)       sigma(Pk)      count
  5.011399e-03   3.189914e-10   7.667927e-04   7.029254e-11   18
  8.760343e-03   5.469718e-10   9.274321e-04   7.804166e-11   62
  1.219264e-02   4.006579e-10   6.415737e-04   4.911442e-11   90
  1.544208e-02   3.954226e-10   1.012578e-03   2.609049e-11   170
  1.882375e-02   3.052261e-10   1.052445e-03   1.898237e-11   246
  2.212586e-02   2.363124e-10   1.003365e-03   1.321331e-11   338
  2.538461e-02   2.203125e-10   8.625369e-04   1.086542e-11   432
  2.874098e-02   1.790239e-10   8.837915e-04   8.117449e-12   578
  3.227171e-02   1.380356e-10   1.029950e-03   5.035502e-12   786
  3.588781e-02   1.076427e-10   1.042120e-03   3.454468e-12   974
  3.927835e-02   9.054736e-11   9.024764e-04   2.863187e-12   1002
  4.262088e-02   8.150516e-11   1.031890e-03   2.149597e-12   1334
  4.605629e-02   6.591933e-11   9.928413e-04   1.797367e-12   1458
  4.927148e-02   5.951658e-11   9.383900e-04   1.467264e-12   1604
  5.258888e-02   5.265978e-11   9.527568e-04   1.265925e-12   1974
  5.604245e-02   4.815353e-11   9.344901e-04   1.024249e-12   2234
  5.946160e-02   4.349399e-11   9.563349e-04   8.937541e-13   2490
  6.298673e-02   3.955492e-11   1.050190e-03   7.434057e-13   3014
  6.645970e-02   3.633111e-11   9.569094e-04   6.612503e-13   3018
  6.980659e-02   3.312518e-11   9.901480e-04   5.697311e-13   3446
  7.314650e-02   2.966508e-11   9.499151e-04   4.982723e-13   3626
  7.649254e-02   2.641044e-11   9.848619e-04   4.126694e-13   4164
  7.989286e-02   2.466420e-11   9.543971e-04   3.785208e-13   4470
  8.331432e-02   2.188006e-11   9.760154e-04   3.195488e-13   4970
  8.675810e-02   2.006093e-11   9.868635e-04   2.702004e-13   5366
  9.019370e-02   1.723619e-11   1.001451e-03   2.203538e-13   5778
  9.359169e-02   1.618632e-11   1.005504e-03   2.055364e-13   6162
  9.700871e-02   1.430037e-11   1.013488e-03   1.811824e-13   6734
  1.003455e-01   1.293215e-11   9.405356e-04   1.550245e-13   6756
  1.036446e-01   1.191406e-11   9.524971e-04   1.328614e-13   7502
  1.070531e-01   1.112771e-11   9.671949e-04   1.234962e-13   8154
  1.104660e-01   1.015963e-11   9.653722e-04   1.105866e-13   8618
  1.139171e-01   9.697569e-12   1.003323e-03   1.010028e-13   9390
  1.173547e-01   9.316225e-12   9.852535e-04   9.474433e-14   9722
  1.207545e-01   8.478937e-12   9.860810e-04   8.439100e-14   10242
  1.241631e-01   8.043766e-12   1.005600e-03   7.554376e-14   11006
  1.275555e-01   7.803309e-12   9.685920e-04   7.411482e-14   11348
  1.309504e-01   7.241266e-12   9.675094e-04   6.497666e-14   12150
  1.343269e-01   6.793294e-12   9.435547e-04   6.235069e-14   12498
  1.377313e-01   6.453658e-12   9.886530e-04   5.487092e-14   13586
  1.411459e-01   5.936977e-12   9.905633e-04   5.075145e-14   14006
  1.445833e-01   5.580315e-12   1.020453e-03   4.426300e-14   15162
  1.479823e-01   5.122822e-12   9.640349e-04   4.192191e-14   14990
  1.513532e-01   4.761945e-12   1.000250e-03   3.735907e-14   16380
  1.547534e-01   4.445703e-12   9.673831e-04   3.426837e-14   16666
  1.581272e-01   4.197464e-12   9.715542e-04   3.203202e-14   17638
  1.615246e-01   3.883990e-12   9.629562e-04   2.901043e-14   18354
  1.649122e-01   3.639753e-12   9.648100e-04   2.668239e-14   19034
  1.683224e-01   3.499159e-12   1.001264e-03   2.432606e-14   20270
  1.717777e-01   3.365672e-12   1.011461e-03   2.292434e-14   21258
  1.751873e-01   3.200481e-12   9.729108e-04   2.180024e-14   21350
  1.785755e-01   2.991805e-12   9.827640e-04   2.020115e-14   22644
  1.819721e-01   2.894937e-12   9.637913e-04   1.915686e-14   23114
  1.853591e-01   2.801053e-12   9.784818e-04   1.815936e-14   24342
  1.887709e-01   2.660444e-12   9.779824e-04   1.672983e-14   25194
  1.921706e-01   2.576297e-12   9.766706e-04   1.633544e-14   25982
  1.955383e-01   2.471398e-12   9.708990e-04   1.521191e-14   26506
  1.989580e-01   2.353808e-12   1.021831e-03   1.406049e-14   28738
  2.023656e-01   2.223168e-12   9.717245e-04   1.329521e-14   28296
  2.057704e-01   2.090426e-12   1.000845e-03   1.191862e-14   30554
  2.091688e-01   1.972886e-12   9.485901e-04   1.138262e-14   30094
  2.125221e-01   1.919569e-12   9.710923e-04   1.078199e-14   31738
  2.159356e-01   1.788288e-12   9.929033e-04   9.924599e-15   33306
  2.193286e-01   1.728641e-12   9.661337e-04   9.357571e-15   33422
  2.227194e-01   1.643379e-12   9.900859e-04   8.816385e-15   35298
  2.261624e-01   1.558423e-12   1.000185e-03   8.188001e-15   36650
  2.295712e-01   1.490038e-12   9.760902e-04   7.701094e-15   36888
  2.329819e-01   1.419920e-12   9.904086e-04   7.169107e-15   38834
  2.363985e-01   1.363136e-12   9.689353e-04   6.905050e-15   39246
  2.397896e-01   1.325907e-12   9.728047e-04   6.630656e-15   40466
  2.431611e-01   1.275983e-12   9.698523e-04   6.246143e-15   41106
  2.465616e-01   1.221478e-12   1.002402e-03   5.870983e-15   43598
  2.499729e-01   1.186649e-12   9.767696e-04   5.713386e-15   43650
  2.533537e-01   1.142806e-12   9.807939e-04   5.358628e-15   45272
  2.567753e-01   1.103798e-12   9.902728e-04   5.108633e-15   46994
  2.601932e-01   1.079621e-12   9.838031e-04   4.908385e-15   47850
  2.635891e-01   1.022482e-12   9.763755e-04   4.642022e-15   48846
  2.669651e-01   9.908235e-13   9.674364e-04   4.466350e-15   49706
  2.703341e-01   9.507076e-13   9.741070e-04   4.227244e-15   51198
  2.737406e-01   9.049550e-13   9.924828e-04   3.928017e-15   53402
  2.771371e-01   8.821076e-13   9.722520e-04   3.881105e-15   53634
  2.805624e-01   8.382817e-13   1.000830e-03   3.502523e-15   56888
  2.839916e-01   8.072099e-13   9.684451e-04   3.413141e-15   56474
  2.874008e-01   7.784871e-13   9.892805e-04   3.216757e-15   58962
  2.908071e-01   7.420882e-13   9.753894e-04   3.054093e-15   59214
  2.941982e-01   7.281005e-13   9.869673e-04   2.944896e-15   61250
  2.975821e-01   7.019227e-13   9.719144e-04   2.836522e-15   61694
  3.009545e-01   6.806541e-13   9.802014e-04   2.715892e-15   63618
  3.043698e-01   6.560356e-13   9.975679e-04   2.534443e-15   66284
  3.077980e-01   6.369385e-13   9.829085e-04   2.461514e-15   67014
  3.111933e-01   6.095431e-13   9.745070e-04   2.351355e-15   67930
  3.145950e-01   5.930667e-13   9.864977e-04   2.244088e-15   70294
  3.179925e-01   5.851332e-13   9.751208e-04   2.191010e-15   70658
  3.213649e-01   5.640658e-13   9.817106e-04   2.118046e-15   72522
  3.247596e-01   5.411501e-13   9.844648e-04   1.987524e-15   74550
  3.281564e-01   5.260492e-13   9.737283e-04   1.912660e-15   75674
  3.315542e-01   5.126216e-13   9.772401e-04   1.844381e-15   77708
  3.349903e-01   4.928805e-13   9.941667e-04   1.728723e-15   80622
  3.384102e-01   4.759914e-13   9.737086e-04   1.697826e-15   80330
  3.418120e-01   4.620403e-13   9.872349e-04   1.614634e-15   82974
  3.452149e-01   4.457404e-13   9.787907e-04   1.543864e-15   83666
  3.486074e-01   4.349013e-13   9.855947e-04   1.485602e-15   85746
  3.519919e-01   4.173008e-13   9.786235e-04   1.424471e-15   86702
  3.553849e-01   4.062977e-13   9.853848e-04   1.345262e-15   89556
  3.587998e-01   3.945507e-13   9.787040e-04   1.309961e-15   91038
  3.622049e-01   3.871500e-13   9.781806e-04   1.276334e-15   92522
  3.655984e-01   3.729043e-13   9.796226e-04   1.222531e-15   94034
  3.690238e-01   3.615012e-13   1.002172e-03   1.165067e-15   97758
  3.724152e-01   3.536469e-13   9.656500e-04   1.143071e-15   95770
  3.757798e-01   3.425701e-13   9.833165e-04   1.097083e-15   99646
  3.791725e-01   3.362141e-13   9.759165e-04   1.060975e-15   100980
  3.825817e-01   3.244475e-13   9.863738e-04   1.017293e-15   104258
  3.859962e-01   3.147322e-13   9.755460e-04   9.762172e-16   104998
  3.894080e-01   3.069519e-13   9.835643e-04   9.394324e-16   107866
  3.928147e-01   3.002813e-13   9.740361e-04   9.140811e-16   108154
  3.962141e-01   2.938687e-13   9.934490e-04   8.865761e-16   111622
  3.996192e-01   2.842895e-13   9.826041e-04   8.526584e-16   112146
  4.030012e-01   2.786693e-13   9.795782e-04   8.272609e-16   114014
  4.063885e-01   2.685620e-13   9.764181e-04   7.942828e-16   116220
  4.097904e-01   2.618688e-13   9.798152e-04   7.560467e-16   118682
  4.132005e-01   2.547228e-13   9.857802e-04   7.393940e-16   121118
  4.166179e-01   2.462939e-13   9.842070e-04   7.071248e-16   122994
  4.200138e-01   2.395018e-13   9.755040e-04   6.856052e-16   123574
  4.234089e-01   2.360536e-13   9.898661e-04   6.679802e-16   126922
  4.268043e-01   2.291657e-13   9.841431e-04   6.450426e-16   127906
  4.301921e-01   2.225624e-13   9.815465e-04   6.166364e-16   130432
  4.335917e-01   2.169707e-13   9.754601e-04   5.979350e-16   132642
  4.369913e-01   2.126874e-13   9.719503e-04   5.809358e-16   134534
  4.404018e-01   2.077516e-13   9.840871e-04   5.626040e-16   137778
  4.438343e-01   2.027112e-13   9.933984e-04   5.439082e-16   140786
  4.472374e-01   1.972245e-13   9.717922e-04   5.283928e-16   139590
  4.506229e-01   1.928934e-13   9.849166e-04   5.138479e-16   143546
  4.540257e-01   1.880195e-13   9.844996e-04   4.933377e-16   145338
  4.574181e-01   1.837513e-13   9.804237e-04   4.821306e-16   147272
  4.608205e-01   1.786067e-13   9.820431e-04   4.641743e-16   150330
  4.642299e-01   1.737241e-13   9.784546e-04   4.459973e-16   152318
  4.676229e-01   1.701891e-13   9.721829e-04   4.372296e-16   153202
  4.710338e-01   1.654437e-13   9.963562e-04   4.177647e-16   158626
  4.744395e-01   1.621660e-13   9.772483e-04   4.128056e-16   157350
  4.778318e-01   1.573796e-13   9.898002e-04   3.952530e-16   161906
  4.812140e-01   1.552488e-13   9.669369e-04   3.926111e-16   160872
  4.846116e-01   1.517050e-13   9.917034e-04   3.738865e-16   167858
  4.880280e-01   1.489729e-13   9.756048e-04   3.662433e-16   167514
  4.914175e-01   1.440811e-13   9.745776e-04   3.517374e-16   169862
  4.948220e-01   1.407354e-13   9.838968e-04   3.422245e-16   173602
  4.982323e-01   1.381141e-13   9.830917e-04   3.296621e-16   175258
  5.016339e-01   1.348023e-13   9.862687e-04   3.225443e-16   177654
  5.050410e-01   1.315286e-13   9.895807e-04   3.099280e-16   180698
  5.084427e-01   1.288807e-13   9.791290e-04   3.043439e-16   181968
  5.118414e-01   1.266569e-13   9.787235e-04   2.963484e-16   184850
  5.152392e-01   1.239703e-13   9.792509e-04   2.894075e-16   187034
  5.186493e-01   1.208161e-13   9.887200e-04   2.784881e-16   191238
  5.220519e-01   1.186974e-13   9.768042e-04   2.738501e-16   191042
  5.254432e-01   1.159787e-13   9.855000e-04   2.637423e-16   195102
  5.288335e-01   1.132697e-13   9.778254e-04   2.588250e-16   195786
  5.322301e-01   1.102066e-13   9.901932e-04   2.455946e-16   201164
  5.356296e-01   1.087159e-13   9.735643e-04   2.453884e-16   201070
  5.390212e-01   1.053981e-13   9.785171e-04   2.340600e-16   205234
  5.424222e-01   1.038595e-13   9.768081e-04   2.289030e-16   207342
  5.458239e-01   1.012925e-13   9.815179e-04   2.221627e-16   210602
  5.492295e-01   9.948542e-14   9.836776e-04   2.175847e-16   213130
  5.526459e-01   9.739068e-14   9.915409e-04   2.104147e-16   217318
  5.560456e-01   9.525884e-14   9.743530e-04   2.057942e-16   216306
  5.594305e-01   9.280043e-14   9.794774e-04   1.995964e-16   220652
  5.628376e-01   9.142651e-14   9.842473e-04   1.952476e-16   224502
  5.662522e-01   8.991485e-14   9.844461e-04   1.904211e-16   227186
  5.696552e-01   8.744529e-14   9.784190e-04   1.850895e-16   228398
  5.730519e-01   8.569027e-14   9.819770e-04   1.797707e-16   231642
  5.764475e-01   8.405125e-14   9.824176e-04   1.759170e-16   233946
  5.798545e-01   8.264059e-14   9.913361e-04   1.710319e-16   238694
  5.832493e-01   8.080326e-14   9.753099e-04   1.677297e-16   238068
  5.866460e-01   7.928740e-14   9.835365e-04   1.622010e-16   244190
  5.900561e-01   7.748137e-14   9.771578e-04   1.585215e-16   245362
  5.934524e-01   7.650706e-14   9.800894e-04   1.554780e-16   248362
  5.968555e-01   7.470824e-14   9.839452e-04   1.505847e-16   251966
  6.002586e-01   7.355814e-14   9.805677e-04   1.465653e-16   254034
  6.036498e-01   7.205970e-14   9.775259e-04   1.446845e-16   255818
  6.070559e-01   7.028994e-14   9.912862e-04   1.396193e-16   262254
  6.104632e-01   6.931709e-14   9.773523e-04   1.375588e-16   261980
  6.138753e-01   6.780302e-14   9.883425e-04   1.331612e-16   268566
  6.172721e-01   6.681616e-14   9.667501e-04   1.312265e-16   265538
  6.206625e-01   6.543832e-14   9.869997e-04   1.266373e-16   273330
  6.240644e-01   6.399357e-14   9.812963e-04   1.246483e-16   273718
  6.274686e-01   6.269952e-14   9.910705e-04   1.201881e-16   279658
  6.308738e-01   6.205627e-14   9.800215e-04   1.194374e-16   279670
  6.342612e-01   6.078118e-14   9.791793e-04   1.166492e-16   282964
  6.376657e-01   5.944667e-14   9.856782e-04   1.128330e-16   288362
  6.410723e-01   5.850586e-14   9.787866e-04   1.107056e-16   289686
  6.444666e-01   5.742500e-14   9.767056e-04   1.083339e-16   292234
  6.478513e-01   5.627677e-14   9.736693e-04   1.058172e-16   294190
  6.512490e-01   5.510733e-14   9.869325e-04   1.020016e-16   300642
  6.546619e-01   5.422173e-14   9.871013e-04   1.003333e-16   303386
  6.580612e-01   5.298051e-14   9.793499e-04   9.777245e-17   304662
  6.614636e-01   5.205027e-14   9.820034e-04   9.593149e-17   309812
  6.648699e-01   5.119024e-14   9.779067e-04   9.382933e-17   311714
  6.682854e-01   5.028833e-14   9.889859e-04   9.097646e-17   318126
  6.716848e-01   4.945820e-14   9.721561e-04   9.008142e-17   315114
  6.750728e-01   4.845470e-14   9.862501e-04   8.736662e-17   322622
  6.784691e-01   4.779615e-14   9.775093e-04   8.625379e-17   322850
  6.818689e-01   4.695721e-14   9.897138e-04   8.384548e-17   329802
  6.852751e-01   4.609129e-14   9.833693e-04   8.197774e-17   331104
  6.886859e-01   4.527553e-14   9.866565e-04   7.984852e-17   336986
  6.920888e-01   4.448141e-14   9.721728e-04   7.865844e-17   335870
  6.954811e-01   4.352061e-14   9.807544e-04   7.650991e-17   341610
  6.988813e-01   4.281485e-14   9.817106e-04   7.470180e-17   344370
  7.022777e-01   4.229491e-14   9.819315e-04   7.370331e-17   347606
  7.056775e-01   4.148945e-14   9.835290e-04   7.172178e-17   351650
  7.090743e-01   4.089346e-14   9.788224e-04   7.054209e-17   353760
  7.124835e-01   3.999056e-14   9.883067e-04   6.851823e-17   360970
  7.159021e-01   3.943270e-14   9.827333e-04   6.723954e-17   362818
  7.192956e-01   3.876724e-14   9.713759e-04   6.605661e-17   362334
  7.226987e-01   3.804138e-14   9.881791e-04   6.445656e-17   371642
  7.260991e-01   3.741307e-14   9.752613e-04   6.379135e-17   368778
  7.294880e-01   3.685091e-14   9.876514e-04   6.187740e-17   376526
  7.328875e-01   3.608339e-14   9.811641e-04   6.047073e-17   377786
  7.362841e-01   3.559910e-14   9.830834e-04   5.924864e-17   382968
  7.396876e-01   3.504110e-14   9.807196e-04   5.795631e-17   386146
  7.430940e-01   3.456939e-14   9.835434e-04   5.693734e-17   390826
  7.464968e-01   3.391169e-14   9.797536e-04   5.593143e-17   392662
  7.499014e-01   3.337796e-14   9.850939e-04   5.466903e-17   398242
  7.532920e-01   3.276975e-14   9.729755e-04   5.392053e-17   396726
  7.566809e-01   3.224295e-14   9.841245e-04   5.259502e-17   404738
  7.600831e-01   3.178423e-14   9.825351e-04   5.143662e-17   407628
  7.634852e-01   3.112373e-14   9.813443e-04   5.019195e-17   411734
  7.668845e-01   3.068988e-14   9.775056e-04   4.939939e-17   414242
  7.702939e-01   3.013519e-14   9.855270e-04   4.806912e-17   421434
  7.737042e-01   2.973491e-14   9.802386e-04   4.745816e-17   421918
  7.771088e-01   2.934218e-14   9.872890e-04   4.655150e-17   427810
  7.805138e-01   2.870369e-14   9.826568e-04   4.543117e-17   429470
  7.839079e-01   2.832059e-14   9.797011e-04   4.475090e-17   432282
  7.873028e-01   2.784656e-14   9.821433e-04   4.385221e-17   437260
  7.907010e-01   2.745389e-14   9.806539e-04   4.301661e-17   440758
  7.941053e-01   2.710888e-14   9.841811e-04   4.226448e-17   446370
  7.975164e-01   2.650933e-14   9.834504e-04   4.138774e-17   450182
  8.009127e-01   2.609285e-14   9.757493e-04   4.063228e-17   449850
  8.043077e-01   2.575299e-14   9.864375e-04   3.980152e-17   457898
  8.077063e-01   2.530072e-14   9.796531e-04   3.912786e-17   458662
  8.111019e-01   2.489852e-14   9.815065e-04   3.852082e-17   464620
  8.144977e-01   2.467586e-14   9.750269e-04   3.799574e-17   466302
  8.179011e-01   2.418713e-14   9.839993e-04   3.668668e-17   474314
  8.213073e-01   2.375856e-14   9.800182e-04   3.592889e-17   475530
  8.247179e-01   2.334943e-14   9.879200e-04   3.521075e-17   483206
  8.281287e-01   2.307973e-14   9.814603e-04   3.493573e-17   483530
  8.315249e-01   2.277613e-14   9.809161e-04   3.421258e-17   487002
  8.349221e-01   2.236696e-14   9.835509e-04   3.355046e-17   491774
  8.383178e-01   2.202349e-14   9.804529e-04   3.294410e-17   495084
  8.417151e-01   2.178437e-14   9.794333e-04   3.244016e-17   499438
  8.451164e-01   2.139751e-14   9.820615e-04   3.187094e-17   504682
  8.485188e-01   2.108600e-14   9.813126e-04   3.134556e-17   507738
  8.519281e-01   2.077059e-14   9.891488e-04   3.060268e-17   515174
  8.553313e-01   2.048516e-14   9.796328e-04   3.009760e-17   514234
  8.587212e-01   2.017056e-14   9.795185e-04   2.980064e-17   519022
  8.621117e-01   1.983082e-14   9.776207e-04   2.901500e-17   522636
  8.655093e-01   1.957507e-14   9.815215e-04   2.862806e-17   529442
  8.689165e-01   1.932053e-14   9.823162e-04   2.812879e-17   534078
  8.723203e-01   1.901456e-14   9.785977e-04   2.760209e-17   536666
  8.757149e-01   1.872385e-14   9.771268e-04   2.712082e-17   539142
  8.791253e-01   1.840334e-14   9.924057e-04   2.642349e-17   550658
  8.825379e-01   1.820064e-14   9.816929e-04   2.629712e-17   548298
  8.859333e-01   1.789342e-14   9.826669e-04   2.558255e-17   553694
  8.893272e-01   1.766057e-14   9.768278e-04   2.534554e-17   556116
  8.927312e-01   1.741395e-14   9.844199e-04   2.470668e-17   564890
  8.961296e-01   1.711373e-14   9.766230e-04   2.430449e-17   563718
  8.995313e-01   1.692603e-14   9.874972e-04   2.383335e-17   574298
  9.029379e-01   1.665281e-14   9.804817e-04   2.355975e-17   573966
  9.063376e-01   1.647768e-14   9.852707e-04   2.321023e-17   580586
  9.097364e-01   1.616606e-14   9.817750e-04   2.278337e-17   582666
  9.131388e-01   1.596489e-14   9.852143e-04   2.232358e-17   590648
  9.165400e-01   1.574991e-14   9.754677e-04   2.206137e-17   590394
  9.199310e-01   1.552081e-14   9.770986e-04   2.163452e-17   596174
  9.233301e-01   1.526775e-14   9.802065e-04   2.118407e-17   601674
  9.267350e-01   1.509826e-14   9.846832e-04   2.088066e-17   607682
  9.301415e-01   1.487796e-14   9.838059e-04   2.057017e-17   611166
  9.335460e-01   1.470046e-14   9.835863e-04   2.031867e-17   615626
  9.369426e-01   1.447397e-14   9.795239e-04   1.988006e-17   617290
  9.403431e-01   1.427724e-14   9.852598e-04   1.953319e-17   626344
  9.437456e-01   1.411841e-14   9.776145e-04   1.937261e-17   626658
  9.471442e-01   1.389770e-14   9.821583e-04   1.903453e-17   634022
  9.505394e-01   1.371288e-14   9.766085e-04   1.873617e-17   634554
  9.539406e-01   1.350133e-14   9.874089e-04   1.827790e-17   645026
  9.573433e-01   1.328121e-14   9.821401e-04   1.796639e-17   645102
  9.607439e-01   1.311307e-14   9.860849e-04   1.767839e-17   653018
  9.641443e-01   1.298903e-14   9.792030e-04   1.753768e-17   654384
  9.675485e-01   1.276271e-14   9.834130e-04   1.714089e-17   663194
  9.709524e-01   1.262193e-14   9.778786e-04   1.697206e-17   663834
  9.743471e-01   1.243105e-14   9.789463e-04   1.668748e-17   669158
  9.777459e-01   1.227677e-14   9.805686e-04   1.639867e-17   674490
  9.811412e-01   1.207889e-14   9.786140e-04   1.613896e-17   677222
  9.845441e-01   1.194430e-14   9.871972e-04   1.592973e-17   686874
  9.879558e-01   1.179098e-14   9.859594e-04   1.563560e-17   690722
  9.913572e-01   1.163035e-14   9.790433e-04   1.542390e-17   692008
  9.947624e-01   1.148973e-14   9.840929e-04   1.519082e-17   701386
  9.981657e-01   1.132430e-14   9.773767e-04   1.498258e-17   700778
  1.001563e+00   1.115344e-14   9.829030e-04   1.467220e-17   708774
  1.004963e+00   1.104371e-14   9.817412e-04   1.453510e-17   711690
  1.008366e+00   1.087883e-14   9.861014e-04   1.419969e-17   719606
  1.011761e+00   1.075495e-14   9.768322e-04   1.409461e-17   717762
  1.015158e+00   1.058996e-14   9.862327e-04   1.380331e-17   730460
  1.018564e+00   1.049573e-14   9.793539e-04   1.370757e-17   731070
  1.021972e+00   1.032716e-14   9.851635e-04   1.334873e-17   741170
  1.025372e+00   1.022310e-14   9.730396e-04   1.330955e-17   737094
  1.028764e+00   1.005994e-14   9.820777e-04   1.306431e-17   747698
  1.032166e+00   9.954487e-15   9.825085e-04   1.290833e-17   751658
  1.035563e+00   9.816530e-15   9.813994e-04   1.270761e-17   755574
  1.038960e+00   9.699462e-15   9.819736e-04   1.248627e-17   761442
  1.042370e+00   9.573625e-15   9.859386e-04   1.228440e-17   770816
  1.045775e+00   9.475300e-15   9.778469e-04   1.217179e-17   769274
  1.049181e+00   9.313029e-15   9.883345e-04   1.188709e-17   782130
  1.052579e+00   9.228311e-15   9.735264e-04   1.186766e-17   775230
  1.055972e+00   9.083522e-15   9.857792e-04   1.155039e-17   789866
  1.059371e+00   9.004512e-15   9.785659e-04   1.148341e-17   787914
  1.062768e+00   8.876328e-15   9.871968e-04   1.129012e-17   799598
  1.066175e+00   8.754769e-15   9.836410e-04   1.110662e-17   802980
  1.069574e+00   8.646708e-15   9.780653e-04   1.101873e-17   805622
  1.072972e+00   8.571158e-15   9.797707e-04   1.086343e-17   812050
  1.076379e+00   8.429420e-15   9.852802e-04   1.061880e-17   820954
  1.079781e+00   8.323866e-15   9.789326e-04   1.048753e-17   820062
  1.083172e+00   8.199167e-15   9.799094e-04   1.034631e-17   826298
  1.086570e+00   8.120297e-15   9.815876e-04   1.020019e-17   833118
  1.089963e+00   8.022520e-15   9.774947e-04   1.008146e-17   834812
  1.093365e+00   7.949610e-15   9.859628e-04   9.936148e-18   847858
  1.096785e+00   7.830367e-15   9.865115e-04   9.734501e-18   854278
  1.100190e+00   7.743072e-15   9.767209e-04   9.689341e-18   850978
  1.103586e+00   7.649864e-15   9.814764e-04   9.572019e-18   859186
  1.106990e+00   7.538212e-15   9.865569e-04   9.402780e-18   867126
  1.110391e+00   7.424140e-15   9.816501e-04   9.256862e-18   868274
  1.113785e+00   7.359187e-15   9.808544e-04   9.155357e-18   873606
  1.117179e+00   7.306869e-15   9.794732e-04   9.061345e-18   879284
  1.120580e+00   7.213855e-15   9.820603e-04   8.919470e-18   887170
  1.123993e+00   7.123298e-15   9.876068e-04   8.786009e-18   897526
  1.127401e+00   7.015692e-15   9.778886e-04   8.703271e-18   894258
  1.130799e+00   6.944117e-15   9.823745e-04   8.572595e-18   903374
  1.134195e+00   6.851835e-15   9.785328e-04   8.449421e-18   904338
  1.137590e+00   6.777631e-15   9.832540e-04   8.357066e-18   913586
  1.140984e+00   6.693006e-15   9.783814e-04   8.252058e-18   915416
  1.144387e+00   6.622077e-15   9.836903e-04   8.136227e-18   928122
  1.147789e+00   6.548220e-15   9.757713e-04   8.036405e-18   926094
  1.151197e+00   6.465243e-15   9.888312e-04   7.893126e-18   942890
  1.154606e+00   6.381677e-15   9.789734e-04   7.796940e-18   937266
  1.158004e+00   6.301567e-15   9.856923e-04   7.674351e-18   948854
  1.161404e+00   6.228044e-15   9.801062e-04   7.579035e-18   948714
  1.164797e+00   6.170383e-15   9.823513e-04   7.544034e-18   956186
  1.168197e+00   6.096333e-15   9.838881e-04   7.419657e-18   964272
  1.171602e+00   6.009226e-15   9.813885e-04   7.294668e-18   969458
  1.175002e+00   5.942532e-15   9.785094e-04   7.213858e-18   972750
  1.178405e+00   5.891036e-15   9.839022e-04   7.147850e-18   982706
  1.181806e+00   5.823226e-15   9.798755e-04   7.108678e-18   982906
  1.185211e+00   5.754512e-15   9.881427e-04   6.966494e-18   996622
  1.188612e+00   5.686576e-15   9.782401e-04   6.920846e-18   992378
  1.191999e+00   5.625761e-15   9.775059e-04   6.813394e-18   999000
  1.195397e+00   5.572117e-15   9.817623e-04   6.724428e-18   1010114
  1.198803e+00   5.509445e-15   9.815316e-04   6.661704e-18   1015722
  1.202205e+00   5.437875e-15   9.793783e-04   6.552530e-18   1018742
  1.205613e+00   5.381767e-15   9.864495e-04   6.469170e-18   1031250
  1.209016e+00   5.287024e-15   9.786533e-04   6.372059e-18   1027226
  1.212413e+00   5.242623e-15   9.856307e-04   6.266096e-18   1039734
  1.215813e+00   5.201504e-15   9.805725e-04   6.258282e-18   1039914
  1.219210e+00   5.132935e-15   9.832224e-04   6.148780e-18   1050272
  1.222609e+00   5.084970e-15   9.777885e-04   6.113766e-18   1052306
  1.226010e+00   5.030156e-15   9.820199e-04   6.031710e-18   1062666
  1.229414e+00   4.942580e-15   9.821012e-04   5.905187e-18   1067262
  1.232818e+00   4.911318e-15   9.834577e-04   5.887016e-18   1073906
  1.236220e+00   4.846935e-15   9.821555e-04   5.780628e-18   1078190
  1.239623e+00   4.793953e-15   9.835287e-04   5.718162e-18   1085634
  1.243018e+00   4.758307e-15   9.777743e-04   5.678947e-18   1085508
  1.246420e+00   4.690198e-15   9.857694e-04   5.573582e-18   1101926
  1.249823e+00   4.642976e-15   9.765533e-04   5.557451e-18   1098322
  1.253220e+00   4.606483e-15   9.810493e-04   5.490383e-18   1109878
  1.256626e+00   4.545422e-15   9.822346e-04   5.431194e-18   1115338
  1.260031e+00   4.488565e-15   9.850685e-04   5.339810e-18   1122586
  1.263434e+00   4.446205e-15   9.828803e-04   5.277551e-18   1125862
  1.266833e+00   4.402664e-15   9.826042e-04   5.240031e-18   1132498
  1.270230e+00   4.354107e-15   9.794882e-04   5.191373e-18   1135444
  1.273627e+00   4.320124e-15   9.822580e-04   5.147237e-18   1145374
  1.277031e+00   4.264479e-15   9.829599e-04   5.038835e-18   1152698
  1.280435e+00   4.222567e-15   9.811808e-04   5.015464e-18   1157046
  1.283832e+00   4.174448e-15   9.792543e-04   4.935444e-18   1160226
  1.287236e+00   4.127398e-15   9.867747e-04   4.882470e-18   1174346
  1.290638e+00   4.085649e-15   9.799098e-04   4.851846e-18   1171462
  1.294035e+00   4.037639e-15   9.835292e-04   4.770247e-18   1183828
  1.297431e+00   4.004597e-15   9.751511e-04   4.749650e-18   1181822
  1.300825e+00   3.957854e-15   9.806813e-04   4.693659e-18   1194930
  1.304229e+00   3.914383e-15   9.822693e-04   4.605215e-18   1202010
  1.307632e+00   3.870686e-15   9.818508e-04   4.562973e-18   1207166
  1.311036e+00   3.826453e-15   9.828798e-04   4.506560e-18   1214106
  1.314433e+00   3.796123e-15   9.789042e-04   4.481220e-18   1215302
  1.317833e+00   3.757548e-15   9.858329e-04   4.423011e-18   1229274
  1.321244e+00   3.717024e-15   9.860143e-04   4.381441e-18   1236164
  1.324647e+00   3.676309e-15   9.790511e-04   4.334083e-18   1235326
  1.328043e+00   3.646436e-15   9.802315e-04   4.292945e-18   1244026
  1.331441e+00   3.605530e-15   9.803347e-04   4.252161e-18   1249154
  1.334844e+00   3.566029e-15   9.852720e-04   4.180454e-18   1260558
  1.338244e+00   3.532672e-15   9.799856e-04   4.149280e-18   1260394
  1.341646e+00   3.494406e-15   9.851173e-04   4.090951e-18   1274758
  1.345044e+00   3.462573e-15   9.761448e-04   4.079210e-18   1270188
  1.348447e+00   3.432411e-15   9.870074e-04   4.040581e-18   1291202
  1.351849e+00   3.394199e-15   9.757557e-04   3.990072e-18   1282654
  1.355244e+00   3.359574e-15   9.819229e-04   3.949977e-18   1298242
  1.358647e+00   3.330163e-15   9.803455e-04   3.921479e-18   1301774
  1.362047e+00   3.290977e-15   9.827693e-04   3.853524e-18   1309770
  1.365448e+00   3.248458e-15   9.830640e-04   3.808551e-18   1315714
  1.368852e+00   3.225933e-15   9.843087e-04   3.793255e-18   1325110
  1.372253e+00   3.201146e-15   9.790721e-04   3.764382e-18   1326012
  1.375652e+00   3.157070e-15   9.818283e-04   3.719522e-18   1336154
  1.379060e+00   3.129553e-15   9.856646e-04   3.675859e-18   1347334
  1.382463e+00   3.099487e-15   9.798090e-04   3.648971e-18   1345354
  1.385854e+00   3.066719e-15   9.796108e-04   3.608437e-18   1350998
  1.389254e+00   3.037056e-15   9.851001e-04   3.562380e-18   1365546
  1.392658e+00   3.007894e-15   9.818266e-04   3.526938e-18   1367474
  1.396060e+00   2.982412e-15   9.832315e-04   3.486875e-18   1377984
  1.399461e+00   2.964277e-15   9.785308e-04   3.477045e-18   1379394
  1.402863e+00   2.931337e-15   9.826740e-04   3.449872e-18   1392230
  1.406265e+00   2.899627e-15   9.788975e-04   3.405567e-18   1392634
  1.409662e+00   2.869004e-15   9.821355e-04   3.358411e-18   1402666
  1.413062e+00   2.843913e-15   9.819858e-04   3.343416e-18   1408502
  1.416462e+00   2.809085e-15   9.817857e-04   3.300234e-18   1415418
  1.419855e+00   2.788941e-15   9.774342e-04   3.279577e-18   1416856
  1.423264e+00   2.769365e-15   9.894876e-04   3.236617e-18   1442002
  1.426674e+00   2.735210e-15   9.781259e-04   3.218893e-18   1431634
  1.430071e+00   2.712605e-15   9.822615e-04   3.185325e-18   1444606
  1.433469e+00   2.684708e-15   9.789194e-04   3.150553e-18   1445890
  1.436871e+00   2.659764e-15   9.861222e-04   3.113389e-18   1462210
  1.440273e+00   2.630809e-15   9.807880e-04   3.087241e-18   1459590
  1.443669e+00   2.604770e-15   9.833740e-04   3.050193e-18   1471226
  1.447072e+00   2.589313e-15   9.829562e-04   3.037286e-18   1480072
  1.450479e+00   2.563947e-15   9.811931e-04   3.024278e-18   1486594
  1.453879e+00   2.537679e-15   9.787053e-04   2.985872e-18   1488882
  1.457279e+00   2.522174e-15   9.827371e-04   2.968545e-18   1500854
  1.460684e+00   2.487795e-15   9.826979e-04   2.924890e-18   1506874
  1.464078e+00   2.474890e-15   9.779210e-04   2.910756e-18   1506094
  1.467472e+00   2.444198e-15   9.824981e-04   2.878106e-18   1519682
  1.470872e+00   2.422742e-15   9.822978e-04   2.846568e-18   1526724
  1.474279e+00   2.403043e-15   9.845854e-04   2.807294e-18   1539038
  1.477685e+00   2.384688e-15   9.798767e-04   2.808453e-18   1539810
  1.481081e+00   2.358641e-15   9.791313e-04   2.776256e-18   1545046
  1.484485e+00   2.336996e-15   9.854562e-04   2.738588e-18   1560538
  1.487886e+00   2.322107e-15   9.804436e-04   2.742120e-18   1557506
  1.491282e+00   2.292376e-15   9.836002e-04   2.694024e-18   1570062
  1.494678e+00   2.272216e-15   9.793467e-04   2.661655e-18   1571290
  1.498078e+00   2.252253e-15   9.842488e-04   2.651294e-18   1588228
  1.501484e+00   2.239734e-15   9.810937e-04   2.644835e-18   1591046
  1.504889e+00   2.218612e-15   9.832504e-04   2.616697e-18   1602474
  1.508291e+00   2.197391e-15   9.782624e-04   2.593699e-18   1601646
  1.511687e+00   2.180984e-15   9.804817e-04   2.567177e-18   1611266
  1.515082e+00   2.154468e-15   9.805934e-04   2.540157e-18   1616634
  1.518484e+00   2.135191e-15   9.853950e-04   2.508010e-18   1631366
  1.521885e+00   2.120241e-15   9.796982e-04   2.499864e-18   1631028
  1.525282e+00   2.110883e-15   9.798719e-04   2.493768e-18   1641446
  1.528689e+00   2.090575e-15   9.836821e-04   2.461300e-18   1654234
  1.532101e+00   2.068448e-15   9.854232e-04   2.446838e-18   1662874
  1.535501e+00   2.049951e-15   9.777869e-04   2.423888e-18   1656686
  1.538894e+00   2.029105e-15   9.817573e-04   2.392214e-18   1670898
  1.542295e+00   2.016003e-15   9.826743e-04   2.388267e-18   1678074
  1.545693e+00   1.997974e-15   9.828970e-04   2.380907e-18   1685198
  1.549094e+00   1.985812e-15   9.826216e-04   2.350373e-18   1694524
  1.552497e+00   1.969099e-15   9.806206e-04   2.339697e-18   1701334
  1.555899e+00   1.949156e-15   9.807944e-04   2.307382e-18   1709386
  1.559306e+00   1.927320e-15   9.832546e-04   2.297374e-18   1719994
  1.562708e+00   1.912440e-15   9.808801e-04   2.263878e-18   1721510
  1.566111e+00   1.902583e-15   9.843526e-04   2.257327e-18   1734978
  1.569507e+00   1.884100e-15   9.766081e-04   2.245928e-18   1728646
  1.572899e+00   1.863724e-15   9.823741e-04   2.214926e-18   1746868
  1.576300e+00   1.857590e-15   9.809864e-04   2.211360e-18   1752922
  1.579707e+00   1.844005e-15   9.845798e-04   2.185686e-18   1767862
  1.583112e+00   1.824549e-15   9.793884e-04   2.173080e-18   1765698
  1.586515e+00   1.808940e-15   9.844058e-04   2.146805e-18   1781270
  1.589918e+00   1.793390e-15   9.810287e-04   2.147841e-18   1780650
  1.593316e+00   1.775993e-15   9.836246e-04   2.113783e-18   1792418
  1.596711e+00   1.762066e-15   9.794648e-04   2.105563e-18   1792790
  1.600109e+00   1.748558e-15   9.831424e-04   2.087308e-18   1809852
  1.603512e+00   1.734258e-15   9.801224e-04   2.075504e-18   1812666
  1.606915e+00   1.726610e-15   9.841796e-04   2.061063e-18   1827614
  1.610321e+00   1.709955e-15   9.814350e-04   2.044931e-18   1829970
  1.613720e+00   1.695242e-15   9.803236e-04   2.019907e-18   1835030
  1.617114e+00   1.681399e-15   9.798165e-04   2.011535e-18   1841410
  1.620515e+00   1.665211e-15   9.841327e-04   1.981326e-18   1856626
  1.623912e+00   1.657272e-15   9.785166e-04   1.992293e-18   1854656
  1.627309e+00   1.644741e-15   9.815053e-04   1.966804e-18   1870698
  1.630712e+00   1.635250e-15   9.804842e-04   1.954199e-18   1876998
  1.634114e+00   1.613632e-15   9.808565e-04   1.937843e-18   1884458
  1.637514e+00   1.605496e-15   9.820836e-04   1.930431e-18   1891730
  1.640921e+00   1.591231e-15   9.864027e-04   1.905199e-18   1907574
  1.644328e+00   1.580539e-15   9.824949e-04   1.898803e-18   1907730
  1.647725e+00   1.568183e-15   9.806100e-04   1.884531e-18   1912154
  1.651122e+00   1.557464e-15   9.815437e-04   1.871099e-18   1923216
  1.654527e+00   1.548319e-15   9.837853e-04   1.867014e-18   1936562
  1.657929e+00   1.530839e-15   9.797671e-04   1.839645e-18   1936862
  1.661330e+00   1.520463e-15   9.824032e-04   1.832796e-18   1950114
  1.664731e+00   1.512773e-15   9.809526e-04   1.821691e-18   1953306
  1.668134e+00   1.498071e-15   9.852343e-04   1.812816e-18   1968806
  1.671536e+00   1.487954e-15   9.810375e-04   1.799915e-18   1968818
  1.674935e+00   1.479001e-15   9.815051e-04   1.785619e-18   1980624
  1.678335e+00   1.469994e-15   9.789502e-04   1.782864e-18   1985034
  1.681733e+00   1.456695e-15   9.802456e-04   1.764072e-18   1995242
  1.685136e+00   1.446706e-15   9.833510e-04   1.749820e-18   2007742
  1.688539e+00   1.437114e-15   9.813083e-04   1.742512e-18   2010538
  1.691936e+00   1.426252e-15   9.811361e-04   1.729593e-18   2017390
  1.695340e+00   1.414443e-15   9.857772e-04   1.716738e-18   2034346
  1.698736e+00   1.396210e-15   9.777687e-04   1.694162e-18   2025498
  1.702137e+00   1.397510e-15   9.868689e-04   1.700052e-18   2055248
  1.705540e+00   1.384578e-15   9.770123e-04   1.692230e-18   2045090
  1.708936e+00   1.379120e-15   9.814027e-04   1.683688e-18   2062074
  1.712339e+00   1.364093e-15   9.823860e-04   1.662703e-18   2070190
  1.715742e+00   1.353640e-15   9.834046e-04   1.656389e-18   2079226
  1.719142e+00   1.345341e-15   9.818107e-04   1.646951e-18   2083990
  1.722545e+00   1.336534e-15   9.839507e-04   1.639368e-18   2097898
  1.725944e+00   1.327955e-15   9.787299e-04   1.624693e-18   2095452
  1.729345e+00   1.319378e-15   9.842373e-04   1.612857e-18   2117390
  1.732750e+00   1.308759e-15   9.796988e-04   1.606089e-18   2117066
  1.736142e+00   1.300078e-15   9.757475e-04   1.596766e-18   2117238
  1.739539e+00   1.287000e-15   9.838620e-04   1.580925e-18   2140026
  1.742945e+00   1.278279e-15   9.844962e-04   1.565745e-18   2147234
  1.746347e+00   1.272866e-15   9.820811e-04   1.574572e-18   2150118
  1.749746e+00   1.263837e-15   9.821004e-04   1.556379e-18   2160386
  1.753147e+00   1.258605e-15   9.809815e-04   1.552787e-18   2168256
  1.756552e+00   1.247723e-15   9.838581e-04   1.536343e-18   2183306
  1.759956e+00   1.242590e-15   9.808091e-04   1.537130e-18   2184642
  1.763354e+00   1.230695e-15   9.804471e-04   1.522188e-18   2192318
  1.766749e+00   1.223212e-15   9.788737e-04   1.514056e-18   2196066
  1.770152e+00   1.213860e-15   9.865986e-04   1.503461e-18   2220890
  1.773557e+00   1.202607e-15   9.809869e-04   1.487869e-18   2215758
  1.776958e+00   1.197441e-15   9.842037e-04   1.485339e-18   2233988
  1.780360e+00   1.192880e-15   9.782890e-04   1.483128e-18   2231670
  1.783756e+00   1.185805e-15   9.797617e-04   1.475897e-18   2244338
  1.787160e+00   1.177829e-15   9.830422e-04   1.468183e-18   2258610
  1.790563e+00   1.163882e-15   9.809188e-04   1.453110e-18   2260718
  1.793960e+00   1.160057e-15   9.807999e-04   1.453648e-18   2268162
  1.797357e+00   1.154664e-15   9.813749e-04   1.448503e-18   2277494
  1.800757e+00   1.143730e-15   9.827422e-04   1.428498e-18   2288796
  1.804164e+00   1.140204e-15   9.854716e-04   1.428492e-18   2305226
  1.807568e+00   1.132540e-15   9.797129e-04   1.423575e-18   2301630
  1.810969e+00   1.124913e-15   9.832644e-04   1.409439e-18   2319770
  1.814369e+00   1.117350e-15   9.785204e-04   1.412677e-18   2315610
  1.817766e+00   1.109629e-15   9.837069e-04   1.390421e-18   2334662
  1.821166e+00   1.102520e-15   9.806866e-04   1.391860e-18   2335722
  1.824566e+00   1.094315e-15   9.842253e-04   1.380661e-18   2354102
  1.827968e+00   1.090191e-15   9.802735e-04   1.379063e-18   2355156
  1.831373e+00   1.084780e-15   9.840368e-04   1.371296e-18   2374250
  1.834777e+00   1.075146e-15   9.800597e-04   1.363775e-18   2373102
  1.838179e+00   1.071093e-15   9.824130e-04   1.358517e-18   2388194
  1.841575e+00   1.063973e-15   9.773124e-04   1.351874e-18   2383470
  1.844971e+00   1.054916e-15   9.831656e-04   1.338055e-18   2404994
  1.848373e+00   1.049868e-15   9.816762e-04   1.337675e-18   2408538
  1.851770e+00   1.043439e-15   9.815239e-04   1.330852e-18   2417744
  1.855173e+00   1.038713e-15   9.838904e-04   1.327406e-18   2434578
  1.858579e+00   1.034104e-15   9.814961e-04   1.323071e-18   2438414
  1.861981e+00   1.027489e-15   9.821085e-04   1.319177e-18   2448066
  1.865384e+00   1.019093e-15   9.823292e-04   1.309183e-18   2456018
  1.868782e+00   1.013599e-15   9.812306e-04   1.303699e-18   2461230
  1.872181e+00   1.005227e-15   9.823212e-04   1.294718e-18   2474330
  1.875579e+00   9.979713e-16   9.796955e-04   1.286091e-18   2476498
  1.878979e+00   9.978772e-16   9.838203e-04   1.291429e-18   2497240
  1.882386e+00   9.907217e-16   9.822125e-04   1.282100e-18   2502930
  1.885787e+00   9.837437e-16   9.803409e-04   1.276466e-18   2508470
  1.889188e+00   9.783760e-16   9.808760e-04   1.269057e-18   2518482
  1.892591e+00   9.719261e-16   9.833500e-04   1.264812e-18   2532074
  1.895988e+00   9.656586e-16   9.784906e-04   1.261092e-18   2526678
  1.899384e+00   9.609214e-16   9.835395e-04   1.256033e-18   2549018
  1.902784e+00   9.567046e-16   9.800350e-04   1.255796e-18   2551704
  1.906185e+00   9.517734e-16   9.817747e-04   1.247783e-18   2566226
  1.909587e+00   9.464439e-16   9.819509e-04   1.244774e-18   2573898
  1.912993e+00   9.389832e-16   9.842387e-04   1.231574e-18   2589182
  1.916394e+00   9.331683e-16   9.792958e-04   1.231871e-18   2584890
  1.919793e+00   9.297411e-16   9.838242e-04   1.226315e-18   2605190
  1.923194e+00   9.215049e-16   9.814721e-04   1.214738e-18   2606418
  1.926593e+00   9.165065e-16   9.832736e-04   1.214298e-18   2621186
  1.929994e+00   9.125474e-16   9.806156e-04   1.212070e-18   2626608
  1.933393e+00   9.082643e-16   9.799953e-04   1.209894e-18   2636714
  1.936794e+00   9.023369e-16   9.811147e-04   1.200280e-18   2647482
  1.940202e+00   8.934411e-16   9.861446e-04   1.198375e-18   2668382
  1.943607e+00   8.893762e-16   9.801535e-04   1.192893e-18   2660418
  1.947005e+00   8.826746e-16   9.825106e-04   1.189051e-18   2676662
  1.950401e+00   8.776515e-16   9.781799e-04   1.182832e-18   2674210
  1.953797e+00   8.687628e-16   9.827621e-04   1.170835e-18   2697076
  1.957200e+00   8.719553e-16   9.813995e-04   1.182855e-18   2703558
  1.960601e+00   8.635872e-16   9.810424e-04   1.169700e-18   2713250
  1.964000e+00   8.594038e-16   9.793374e-04   1.175820e-18   2717718
  1.967406e+00   8.505491e-16   9.861436e-04   1.157063e-18   2743178
  1.970809e+00   8.471605e-16   9.802672e-04   1.165510e-18   2732730
  1.974208e+00   8.387629e-16   9.854133e-04   1.149118e-18   2758022
  1.977609e+00   8.350347e-16   9.791609e-04   1.152940e-18   2751994
  1.981005e+00   8.303408e-16   9.810250e-04   1.148374e-18   2769052
  1.984409e+00   8.260999e-16   9.824869e-04   1.144409e-18   2783062
  1.987812e+00   8.219824e-16   9.814391e-04   1.143988e-18   2789362
  1.991215e+00   8.102176e-16   9.817332e-04   1.130007e-18   2799582
  1.994619e+00   8.095876e-16   9.828319e-04   1.140130e-18   2811170
  1.998019e+00   7.991578e-16   9.809039e-04   1.129494e-18   2812658
  2.001421e+00   7.924463e-16   9.850690e-04   1.119968e-18   2833302
  2.004820e+00   7.874754e-16   9.785899e-04   1.119202e-18   2827420
  2.008216e+00   6.393024e-16   9.808908e-04   8.997334e-19   2846710
  2.011615e+00   6.147870e-16   9.806052e-04   8.635359e-19   2846535
  2.015014e+00   5.891138e-16   9.826225e-04   8.226763e-19   2848496
  2.018416e+00   5.645037e-16   9.819470e-04   7.796720e-19   2841084
  2.021820e+00   5.386227e-16   9.843122e-04   7.313617e-19   2843480
  2.025222e+00   5.163552e-16   9.802360e-04   6.963426e-19   2826624
  2.028621e+00   4.950243e-16   9.829329e-04   6.636952e-19   2828732
  2.032021e+00   4.739094e-16   9.812694e-04   6.261603e-19   2819296
  2.035422e+00   4.550629e-16   9.824594e-04   5.965314e-19   2819548
  2.038821e+00   4.362819e-16   9.790894e-04   5.664798e-19   2805192
  2.042221e+00   4.184791e-16   9.830303e-04   5.379626e-19   2811104
  2.045624e+00   4.026081e-16   9.815026e-04   5.106471e-19   2800672
  2.049025e+00   3.862150e-16   9.823222e-04   4.852369e-19   2798080
  2.052425e+00   3.723460e-16   9.802167e-04   4.640528e-19   2786976
  2.055826e+00   3.578247e-16   9.831451e-04   4.402942e-19   2791016
  2.059230e+00   3.456167e-16   9.812096e-04   4.236735e-19   2779360
  2.062626e+00   3.334219e-16   9.796265e-04   4.059751e-19   2768644
  2.066023e+00   3.210509e-16   9.822169e-04   3.865176e-19   2771192
  2.069425e+00   3.113202e-16   9.816405e-04   3.718360e-19   2765028
  2.072828e+00   2.998551e-16   9.824068e-04   3.547368e-19   2760864
  2.076235e+00   2.886415e-16   9.849780e-04   3.373456e-19   2761616
  2.079634e+00   2.796926e-16   9.787095e-04   3.250495e-19   2737932
  2.083034e+00   2.696120e-16   9.851663e-04   3.096370e-19   2752280
  2.086436e+00   2.615459e-16   9.786561e-04   2.980029e-19   2728764
  2.089835e+00   2.537551e-16   9.834451e-04   2.874376e-19   2736368
  2.093234e+00   2.451428e-16   9.795267e-04   2.751317e-19   2719952
  2.096636e+00   2.384259e-16   9.837062e-04   2.652170e-19   2727120
  2.100037e+00   2.307374e-16   9.787869e-04   2.552796e-19   2708400
  2.103440e+00   2.233923e-16   9.850039e-04   2.444031e-19   2718536
  2.106841e+00   2.165269e-16   9.786910e-04   2.360531e-19   2694300
  2.110244e+00   2.103463e-16   9.859443e-04   2.263470e-19   2709440
  2.113646e+00   2.048955e-16   9.780636e-04   2.196408e-19   2682108
  2.117041e+00   1.985505e-16   9.811448e-04   2.113502e-19   2684912
  2.120440e+00   1.933160e-16   9.817480e-04   2.045751e-19   2678868
  2.123840e+00   1.881166e-16   9.823344e-04   1.976817e-19   2674772
  2.127243e+00   1.825657e-16   9.826540e-04   1.904164e-19   2670120
  2.130643e+00   1.776986e-16   9.807037e-04   1.844618e-19   2659532
  2.134045e+00   1.730158e-16   9.832493e-04   1.781113e-19   2659704
  2.137451e+00   1.683821e-16   9.840399e-04   1.715793e-19   2654348
  2.140851e+00   1.640146e-16   9.808746e-04   1.676372e-19   2640276
  2.144250e+00   1.596008e-16   9.817432e-04   1.611437e-19   2638700
  2.147650e+00   1.558643e-16   9.800651e-04   1.565739e-19   2628244
  2.151051e+00   1.515362e-16   9.836008e-04   1.511313e-19   2630920
  2.154455e+00   1.480800e-16   9.816425e-04   1.467469e-19   2618904
  2.157854e+00   1.443441e-16   9.803923e-04   1.426284e-19   2610932
  2.161254e+00   1.409885e-16   9.817073e-04   1.382967e-19   2608464
  2.164658e+00   1.374282e-16   9.827466e-04   1.338234e-19   2603708
  2.168056e+00   1.339362e-16   9.797322e-04   1.303960e-19   2588012
  2.171453e+00   1.309840e-16   9.819219e-04   1.263950e-19   2588364
  2.174852e+00   1.280017e-16   9.803360e-04   1.230193e-19   2579076
  2.178251e+00   1.248945e-16   9.809908e-04   1.189051e-19   2574152
  2.181649e+00   1.224826e-16   9.813167e-04   1.163777e-19   2566812
  2.185056e+00   1.195715e-16   9.861783e-04   1.129784e-19   2573732
  2.188461e+00   1.170526e-16   9.795833e-04   1.102967e-19   2550568
  2.191860e+00   1.145090e-16   9.826556e-04   1.075913e-19   2552068
  2.195261e+00   1.113193e-16   9.809956e-04   1.038094e-19   2539620
  2.198663e+00   1.092696e-16   9.840554e-04   1.012293e-19   2540936
  2.202066e+00   1.072139e-16   9.809099e-04   9.916994e-20   2528032
  2.205465e+00   1.046824e-16   9.803189e-04   9.621785e-20   2521480
  2.208867e+00   1.027953e-16   9.820539e-04   9.438378e-20   2517980
  2.212270e+00   1.004409e-16   9.826345e-04   9.153816e-20   2511744
  2.215671e+00   9.848590e-17   9.807485e-04   8.937768e-20   2500140
  2.219071e+00   9.633086e-17   9.816849e-04   8.724371e-20   2496980
  2.222472e+00   9.460055e-17   9.809842e-04   8.543911e-20   2486924
  2.225874e+00   9.233660e-17   9.841669e-04   8.303110e-20   2487000
  2.229275e+00   9.070744e-17   9.801840e-04   8.143526e-20   2469840
  2.232673e+00   8.891056e-17   9.823076e-04   7.938231e-20   2469656
  2.236072e+00   8.724780e-17   9.795354e-04   7.747405e-20   2456844
  2.239476e+00   8.563649e-17   9.852194e-04   7.593140e-20   2462876
  2.242879e+00   8.404180e-17   9.804127e-04   7.430472e-20   2442136
  2.246278e+00   8.243503e-17   9.827694e-04   7.260302e-20   2441944
  2.249678e+00   8.110416e-17   9.806730e-04   7.120710e-20   2430508
  2.253076e+00   7.938677e-17   9.810126e-04   6.952131e-20   2424352
  2.256478e+00   7.789927e-17   9.832316e-04   6.796558e-20   2421264
  2.259881e+00   7.647181e-17   9.825332e-04   6.665775e-20   2413064
  2.263282e+00   7.537481e-17   9.805912e-04   6.567024e-20   2401572
  2.266681e+00   7.382343e-17   9.815087e-04   6.384112e-20   2397284
  2.270081e+00   7.243828e-17   9.813118e-04   6.251186e-20   2388336
  2.273484e+00   7.113566e-17   9.843250e-04   6.137397e-20   2387204
  2.276884e+00   6.991539e-17   9.793704e-04   6.017343e-20   2368644
  2.280279e+00   6.884395e-17   9.805359e-04   5.899956e-20   2365400
  2.283678e+00   6.755145e-17   9.814789e-04   5.788524e-20   2360072
  2.287082e+00   6.645582e-17   9.832021e-04   5.662079e-20   2356464
  2.290484e+00   6.540131e-17   9.810620e-04   5.568686e-20   2343240
  2.293885e+00   6.423986e-17   9.822795e-04   5.471620e-20   2340248
  2.297284e+00   6.316757e-17   9.789711e-04   5.372756e-20   2325000
  2.300686e+00   6.226084e-17   9.843393e-04   5.278638e-20   2328632
  2.304090e+00   6.133569e-17   9.816712e-04   5.202138e-20   2313220
  2.307492e+00   6.028057e-17   9.835834e-04   5.094269e-20   2310772
  2.310892e+00   5.928802e-17   9.798086e-04   5.011045e-20   2295420
  2.314292e+00   5.820563e-17   9.822607e-04   4.912329e-20   2293592
  2.317692e+00   5.754367e-17   9.808333e-04   4.847366e-20   2281384
  2.321098e+00   5.646054e-17   9.858657e-04   4.737822e-20   2285776
  2.324499e+00   5.570153e-17   9.776590e-04   4.691379e-20   2259408
  2.327898e+00   5.472103e-17   9.837748e-04   4.612936e-20   2266808
  2.331301e+00   5.399792e-17   9.803406e-04   4.535998e-20   2248836
  2.334698e+00   5.317984e-17   9.826639e-04   4.477821e-20   2245244
  2.338097e+00   5.241375e-17   9.807008e-04   4.398699e-20   2233908
  2.341498e+00   5.161260e-17   9.826023e-04   4.326662e-20   2231660
  2.344900e+00   5.085701e-17   9.803694e-04   4.272382e-20   2218544
  2.348303e+00   5.005427e-17   9.841932e-04   4.201843e-20   2218176
  2.351706e+00   4.945117e-17   9.811254e-04   4.151573e-20   2202900
  2.355107e+00   4.870739e-17   9.815282e-04   4.097410e-20   2197472
  2.358504e+00   4.804924e-17   9.785599e-04   4.044258e-20   2181960
  2.361902e+00   4.733225e-17   9.836141e-04   3.966122e-20   2183696
  2.365306e+00   4.673120e-17   9.832539e-04   3.922449e-20   2173416
  2.368709e+00   4.601338e-17   9.825525e-04   3.866741e-20   2165444
  2.372110e+00   4.550423e-17   9.797907e-04   3.825063e-20   2152688
  2.375509e+00   4.490701e-17   9.815549e-04   3.774039e-20   2147628
  2.378910e+00   4.423423e-17   9.820428e-04   3.720626e-20   2139012
  2.382315e+00   4.364159e-17   9.845724e-04   3.665204e-20   2136008
  2.385709e+00   4.311075e-17   9.752701e-04   3.640380e-20   2108656
  2.389104e+00   4.245671e-17   9.832761e-04   3.569978e-20   2117896
  2.392509e+00   4.201498e-17   9.830191e-04   3.543785e-20   2106260
  2.395912e+00   4.141028e-17   9.833730e-04   3.494251e-20   2099088
  2.399315e+00   4.083924e-17   9.817275e-04   3.450091e-20   2088432
  2.402716e+00   4.038811e-17   9.804125e-04   3.426664e-20   2078432
  2.406115e+00   3.993054e-17   9.806198e-04   3.382123e-20   2069048
  2.409516e+00   3.932954e-17   9.833522e-04   3.336603e-20   2064804
  2.412920e+00   3.895326e-17   9.831224e-04   3.306985e-20   2055644
  2.416321e+00   3.847109e-17   9.806126e-04   3.279830e-20   2043000
  2.419718e+00   3.787154e-17   9.800589e-04   3.227113e-20   2032348
  2.423121e+00   3.749989e-17   9.856832e-04   3.195788e-20   2034064
  2.426526e+00   3.709750e-17   9.819348e-04   3.172895e-20   2017740
  2.429926e+00   3.660143e-17   9.812949e-04   3.145296e-20   2010188
  2.433325e+00   3.627258e-17   9.789075e-04   3.122814e-20   1996556
  2.436723e+00   3.575197e-17   9.821491e-04   3.073098e-20   1992816
  2.440123e+00   3.536639e-17   9.821092e-04   3.052764e-20   1982400
  2.443522e+00   3.496672e-17   9.811038e-04   3.024605e-20   1972256
  2.446920e+00   3.461500e-17   9.808752e-04   3.001725e-20   1964384
  2.450323e+00   3.415587e-17   9.825278e-04   2.969462e-20   1958544
  2.453726e+00   3.381763e-17   9.821775e-04   2.944847e-20   1946988
  2.457130e+00   3.345628e-17   9.840500e-04   2.916874e-20   1942532
  2.460529e+00   3.305817e-17   9.777101e-04   2.898375e-20   1921692
  2.463928e+00   3.271573e-17   9.833317e-04   2.872396e-20   1924004
  2.467330e+00   3.236490e-17   9.803195e-04   2.852438e-20   1907344
  2.470733e+00   3.204619e-17   9.853101e-04   2.828798e-20   1907440
  2.474135e+00   3.166959e-17   9.788798e-04   2.805695e-20   1886136
  2.477531e+00   3.137051e-17   9.816797e-04   2.790322e-20   1883144
  2.480934e+00   3.106735e-17   9.824091e-04   2.766312e-20   1874724
  2.484338e+00   3.072418e-17   9.833480e-04   2.750667e-20   1866068
  2.487738e+00   3.038844e-17   9.812729e-04   2.719804e-20   1852980
  2.491140e+00   3.010672e-17   9.824339e-04   2.707941e-20   1847468
  2.494538e+00   2.984960e-17   9.781928e-04   2.694269e-20   1829636
  2.497936e+00   2.948268e-17   9.834643e-04   2.669564e-20   1829688
  2.501341e+00   2.925217e-17   9.824400e-04   2.653733e-20   1817192
  2.504741e+00   2.892747e-17   9.810060e-04   2.640159e-20   1806312
  2.508140e+00   2.857495e-17   9.802531e-04   2.612396e-20   1795984
  2.511543e+00   2.834333e-17   9.831733e-04   2.606494e-20   1791100
  2.514946e+00   2.811015e-17   9.817942e-04   2.592488e-20   1777648
  2.518347e+00   2.782455e-17   9.826630e-04   2.585074e-20   1769848
  2.521746e+00   2.752532e-17   9.799953e-04   2.561046e-20   1756536
  2.525146e+00   2.726453e-17   9.812129e-04   2.550228e-20   1748960
  2.528547e+00   2.704742e-17   9.826374e-04   2.537851e-20   1739952
  2.531950e+00   2.673601e-17   9.837089e-04   2.517922e-20   1732124
  2.535351e+00   2.653388e-17   9.802823e-04   2.517808e-20   1716852
  2.538751e+00   2.623094e-17   9.823932e-04   2.487129e-20   1712276
  2.542154e+00   2.607829e-17   9.810692e-04   2.491012e-20   1698500
  2.545557e+00   2.587754e-17   9.849039e-04   2.479844e-20   1693932
  2.548957e+00   2.567611e-17   9.793284e-04   2.468807e-20   1675204
  2.552353e+00   2.539082e-17   9.815499e-04   2.459365e-20   1670644
  2.555751e+00   2.517139e-17   9.787008e-04   2.449342e-20   1655532
  2.559155e+00   2.493569e-17   9.861163e-04   2.427819e-20   1656860
  2.562557e+00   2.481282e-17   9.798597e-04   2.440486e-20   1635372
  2.565959e+00   2.441156e-17   9.841765e-04   2.403319e-20   1634324
  2.569359e+00   2.424984e-17   9.777008e-04   2.400843e-20   1613676
  2.572758e+00   2.400059e-17   9.840395e-04   2.380970e-20   1613348
  2.576160e+00   2.388219e-17   9.807023e-04   2.383226e-20   1596236
  2.579561e+00   2.365575e-17   9.834991e-04   2.372474e-20   1591476
  2.582962e+00   2.350522e-17   9.792427e-04   2.384451e-20   1575732
  2.586359e+00   2.326470e-17   9.803750e-04   2.365874e-20   1566236
  2.589759e+00   2.309501e-17   9.841339e-04   2.355572e-20   1560292
  2.593166e+00   2.290130e-17   9.838869e-04   2.349557e-20   1550092
  2.596565e+00   2.275151e-17   9.789064e-04   2.354430e-20   1532628
  2.599963e+00   2.257101e-17   9.813188e-04   2.342430e-20   1527332
  2.603365e+00   2.242030e-17   9.816488e-04   2.340918e-20   1515212
  2.606765e+00   2.221777e-17   9.831211e-04   2.328060e-20   1506444
  2.610167e+00   2.199721e-17   9.819780e-04   2.313037e-20   1495116
  2.613562e+00   2.186478e-17   9.774397e-04   2.335393e-20   1479152
  2.616961e+00   2.165095e-17   9.826090e-04   2.312566e-20   1475512
  2.620369e+00   2.150742e-17   9.857671e-04   2.307965e-20   1467820
  2.623774e+00   2.139905e-17   9.816828e-04   2.317538e-20   1451256
  2.627176e+00   2.112417e-17   9.823847e-04   2.304825e-20   1443212
  2.630573e+00   2.096563e-17   9.775986e-04   2.306230e-20   1425680
  2.633972e+00   2.080574e-17   9.838248e-04   2.286729e-20   1422972
  2.637375e+00   2.070188e-17   9.826449e-04   2.289966e-20   1408632
  2.640778e+00   2.042922e-17   9.834480e-04   2.278540e-20   1400984
  2.644178e+00   2.040029e-17   9.781513e-04   2.292717e-20   1383196
  2.647576e+00   2.015942e-17   9.827970e-04   2.280660e-20   1378120
  2.650981e+00   2.005131e-17   9.838936e-04   2.283254e-20   1367272
  2.654386e+00   1.991430e-17   9.839001e-04   2.280815e-20   1356580
  2.657781e+00   1.971194e-17   9.764772e-04   2.279026e-20   1337028
  2.661175e+00   1.954619e-17   9.807019e-04   2.273856e-20   1332500
  2.664576e+00   1.953646e-17   9.824328e-04   2.283330e-20   1321796
  2.667980e+00   1.930672e-17   9.842336e-04   2.274626e-20   1312716
  2.671381e+00   1.908589e-17   9.799494e-04   2.260880e-20   1296580
  2.674784e+00   1.892538e-17   9.836937e-04   2.255951e-20   1291528
  2.678185e+00   1.883909e-17   9.791874e-04   2.269918e-20   1273128
  2.681585e+00   1.873451e-17   9.849289e-04   2.269838e-20   1268720
  2.684990e+00   1.853410e-17   9.820200e-04   2.263542e-20   1254016
  2.688389e+00   1.840188e-17   9.799073e-04   2.272816e-20   1241296
  2.691782e+00   1.821064e-17   9.773359e-04   2.255846e-20   1226712
  2.695185e+00   1.813431e-17   9.871642e-04   2.262193e-20   1226228
  2.698592e+00   1.794852e-17   9.822935e-04   2.260437e-20   1207768
  2.701993e+00   1.779797e-17   9.821287e-04   2.258968e-20   1198336
  2.705390e+00   1.769494e-17   9.774693e-04   2.266873e-20   1181484
  2.708791e+00   1.757177e-17   9.847434e-04   2.270267e-20   1178012
  2.712196e+00   1.747732e-17   9.828591e-04   2.268326e-20   1162564
  2.715593e+00   1.728856e-17   9.802955e-04   2.267216e-20   1149340
  2.718991e+00   1.707882e-17   9.799593e-04   2.249967e-20   1138848
  2.722390e+00   1.688252e-17   9.801680e-04   2.259217e-20   1126748
  2.725791e+00   1.691028e-17   9.834222e-04   2.273307e-20   1117428
  2.729199e+00   1.666014e-17   9.855325e-04   2.257262e-20   1108112
  2.732601e+00   1.649476e-17   9.796049e-04   2.246444e-20   1090596
  2.736000e+00   1.633737e-17   9.802553e-04   2.241311e-20   1081052
  2.739396e+00   1.624257e-17   9.787000e-04   2.269587e-20   1065716
  2.742798e+00   1.610035e-17   9.867653e-04   2.254413e-20   1061940
  2.746204e+00   1.593412e-17   9.811985e-04   2.253359e-20   1044096
  2.749604e+00   1.570776e-17   9.818713e-04   2.242577e-20   1034864
  2.753003e+00   1.555098e-17   9.778923e-04   2.240658e-20   1018308
  2.756407e+00   1.549091e-17   9.880499e-04   2.240185e-20   1014812
  2.759813e+00   1.537429e-17   9.817334e-04   2.258226e-20   996288
  2.763211e+00   1.510643e-17   9.807414e-04   2.235601e-20   985376
  2.766605e+00   1.500095e-17   9.763946e-04   2.240162e-20   969652
  2.770007e+00   1.482893e-17   9.852383e-04   2.233189e-20   964924
  2.773408e+00   1.477764e-17   9.813255e-04   2.265706e-20   947228
  2.776808e+00   1.443649e-17   9.830247e-04   2.214265e-20   939084
  2.780208e+00   1.422152e-17   9.769128e-04   2.198449e-20   921864
  2.783607e+00   1.408642e-17   9.830641e-04   2.198707e-20   914252
  2.787014e+00   1.407359e-17   9.855161e-04   2.229848e-20   902572
  2.790419e+00   1.373546e-17   9.827520e-04   2.192862e-20   888784
  2.793815e+00   1.356801e-17   9.766961e-04   2.185155e-20   872540
  2.797210e+00   1.332125e-17   9.801377e-04   2.153341e-20   862848
  2.800610e+00   1.326331e-17   9.835812e-04   2.167783e-20   851760
  2.804018e+00   1.294995e-17   9.862752e-04   2.140701e-20   841940
  2.807419e+00   1.277935e-17   9.779538e-04   2.127487e-20   823032
  2.810819e+00   1.248989e-17   9.834420e-04   2.092845e-20   816044
  2.814221e+00   1.239109e-17   9.803182e-04   2.100563e-20   799292
  2.817622e+00   1.213061e-17   9.859358e-04   2.070807e-20   791304
  2.821022e+00   1.193101e-17   9.778036e-04   2.052001e-20   772868
  2.824414e+00   1.157232e-17   9.799444e-04   1.989063e-20   762552
  2.827814e+00   1.136401e-17   9.815264e-04   1.956247e-20   750876
  2.831218e+00   1.119085e-17   9.834990e-04   1.948783e-20   739280
  2.834619e+00   1.087259e-17   9.815612e-04   1.883551e-20   724944
  2.838024e+00   1.055376e-17   9.837337e-04   1.825486e-20   714380
  2.841419e+00   1.033910e-17   9.765403e-04   1.786468e-20   695932
  2.844820e+00   1.002125e-17   9.860188e-04   1.700659e-20   690949
  2.848225e+00   9.773308e-18   9.790494e-04   1.648057e-20   673638
  2.851624e+00   9.541265e-18   9.838795e-04   1.604489e-20   666092
  2.855023e+00   9.366786e-18   9.776476e-04   1.574066e-20   651024
  2.858420e+00   9.094846e-18   9.835476e-04   1.528326e-20   644804
  2.861824e+00   9.016645e-18   9.809055e-04   1.513375e-20   632676
  2.865228e+00   8.800469e-18   9.847549e-04   1.474756e-20   624962
  2.868627e+00   8.652353e-18   9.786841e-04   1.442174e-20   611280
  2.872031e+00   8.538560e-18   9.864670e-04   1.433037e-20   607256
  2.875434e+00   8.404062e-18   9.785773e-04   1.410173e-20   592616
  2.878833e+00   8.228352e-18   9.838766e-04   1.372489e-20   587160
  2.882235e+00   8.072684e-18   9.806552e-04   1.347638e-20   575482
  2.885633e+00   7.998955e-18   9.821917e-04   1.338913e-20   568258
  2.889037e+00   7.877057e-18   9.823894e-04   1.320159e-20   559638
  2.892441e+00   7.737333e-18   9.828085e-04   1.288107e-20   551498
  2.895844e+00   7.619769e-18   9.815660e-04   1.273662e-20   542364
  2.899245e+00   7.501554e-18   9.820373e-04   1.258871e-20   534146
  2.902642e+00   7.432710e-18   9.799896e-04   1.252721e-20   524980
  2.906047e+00   7.287016e-18   9.845691e-04   1.223965e-20   519964
  2.909443e+00   7.228960e-18   9.764000e-04   1.236102e-20   507108
  2.912842e+00   7.104355e-18   9.860421e-04   1.190544e-20   504992
  2.916245e+00   7.021298e-18   9.788238e-04   1.177945e-20   492948
  2.919647e+00   6.913899e-18   9.864404e-04   1.165921e-20   489740
  2.923050e+00   6.864521e-18   9.776779e-04   1.163593e-20   477716
  2.926447e+00   6.734687e-18   9.842557e-04   1.144973e-20   473844
  2.929849e+00   6.685019e-18   9.793241e-04   1.134713e-20   464222
  2.933249e+00   6.573551e-18   9.833380e-04   1.119268e-20   459048
  2.936646e+00   6.547767e-18   9.781522e-04   1.115514e-20   449574
  2.940047e+00   6.426073e-18   9.843913e-04   1.097275e-20   445820
  2.943444e+00   6.372475e-18   9.766847e-04   1.097257e-20   435158
  2.946848e+00   6.324510e-18   9.868688e-04   1.085848e-20   433566
  2.950249e+00   6.220570e-18   9.754175e-04   1.073183e-20   421014
  2.953647e+00   6.173496e-18   9.867845e-04   1.072265e-20   419996
  2.957054e+00   6.130871e-18   9.785008e-04   1.072317e-20   409482
  2.960447e+00   6.050973e-18   9.814565e-04   1.058394e-20   404414
  2.963850e+00   6.047983e-18   9.822465e-04   1.066830e-20   398518
  2.967254e+00   5.884316e-18   9.832814e-04   1.038669e-20   392302
  2.970654e+00   5.897157e-18   9.815439e-04   1.045744e-20   385318
  2.974064e+00   5.843533e-18   9.866772e-04   1.037741e-20   381718
  2.977460e+00   5.764859e-18   9.751975e-04   1.032559e-20   370674
  2.980859e+00   5.740316e-18   9.875886e-04   1.026796e-20   370166
  2.984264e+00   5.692545e-18   9.774032e-04   1.023563e-20   359838
  2.987662e+00   5.614506e-18   9.857853e-04   1.017513e-20   357488
  2.991061e+00   5.585476e-18   9.759886e-04   1.023188e-20   348174
  2.994460e+00   5.492423e-18   9.853707e-04   1.003902e-20   346010
  2.997858e+00   5.491877e-18   9.762078e-04   1.016760e-20   336966
  3.001265e+00   5.413308e-18   9.900594e-04   9.939039e-21   336488
  3.004668e+00   5.412080e-18   9.740308e-04   1.009549e-20   325206
  3.008066e+00   5.346590e-18   9.873451e-04   9.989466e-21   324614
  3.011466e+00   5.303961e-18   9.747062e-04   1.009888e-20   314792
  3.014866e+00   5.267570e-18   9.879043e-04   9.975191e-21   314082
  3.018264e+00   5.230757e-18   9.737379e-04   1.001852e-20   303918
  3.021663e+00   5.188227e-18   9.889509e-04   9.911664e-21   303872
  3.025070e+00   5.143691e-18   9.784574e-04   9.950265e-21   295070
  3.028471e+00   5.102244e-18   9.862273e-04   9.923307e-21   292776
  3.031875e+00   5.049301e-18   9.783859e-04   9.967886e-21   285198
  3.035272e+00   5.034110e-18   9.836512e-04   9.952588e-21   282068
  3.038673e+00   4.975389e-18   9.805621e-04   9.911461e-21   276094
  3.042072e+00   4.960935e-18   9.815492e-04   9.900129e-21   271936
  3.045470e+00   4.947508e-18   9.796535e-04   9.991752e-21   266352
  3.048872e+00   4.878074e-18   9.837389e-04   9.876442e-21   263198
  3.052270e+00   4.895238e-18   9.774507e-04   1.004727e-20   256540
  3.055674e+00   4.858107e-18   9.870156e-04   9.948386e-21   254758
  3.059074e+00   4.849102e-18   9.752535e-04   1.007284e-20   246888
  3.062476e+00   4.780778e-18   9.882518e-04   1.001779e-20   245984
  3.065876e+00   4.774569e-18   9.745285e-04   1.005291e-20   237838
  3.069275e+00   4.729614e-18   9.875456e-04   1.001654e-20   236932
  3.072674e+00   4.760124e-18   9.753501e-04   1.022405e-20   229296
  3.076079e+00   4.698943e-18   9.905935e-04   1.007255e-20   228968
  3.079484e+00   4.690918e-18   9.759176e-04   1.021926e-20   220862
  3.082887e+00   4.646379e-18   9.907802e-04   1.013970e-20   220440
  3.086289e+00   4.641087e-18   9.746422e-04   1.028929e-20   212400
  3.089691e+00   4.598182e-18   9.910214e-04   1.018387e-20   212228
  3.093094e+00   4.582006e-18   9.746868e-04   1.035209e-20   204518
  3.096495e+00   4.550398e-18   9.889482e-04   1.022864e-20   203928
  3.099893e+00   4.567022e-18   9.720561e-04   1.060008e-20   196280
  3.103292e+00   4.512916e-18   9.890661e-04   1.040130e-20   196272
  3.106690e+00   4.518446e-18   9.712571e-04   1.055311e-20   188572
  3.110087e+00   4.488102e-18   9.879143e-04   1.052803e-20   188440
  3.113488e+00   4.479077e-18   9.734613e-04   1.054725e-20   181574
  3.116887e+00   4.425552e-18   9.881590e-04   1.057225e-20   180912
  3.120287e+00   4.444727e-18   9.735403e-04   1.084000e-20   174304
  3.123686e+00   4.419630e-18   9.886917e-04   1.079596e-20   173620
  3.127087e+00   4.416268e-18   9.751672e-04   1.096790e-20   167424
  3.130494e+00   4.371927e-18   9.911060e-04   1.086416e-20   166952
  3.133891e+00   4.382672e-18   9.707301e-04   1.110186e-20   159744
  3.137294e+00   4.357198e-18   9.930247e-04   1.104939e-20   160424
  3.140692e+00   4.349012e-18   9.688943e-04   1.128710e-20   152748
  3.144094e+00   4.327120e-18   9.946857e-04   1.113098e-20   153920
  3.147494e+00   4.299735e-18   9.672886e-04   1.131207e-20   146016
  3.150891e+00   4.298882e-18   9.941819e-04   1.125828e-20   147176
  3.154293e+00   4.275677e-18   9.692460e-04   1.149360e-20   139992
  3.157692e+00   4.266506e-18   9.933564e-04   1.155910e-20   140588
  3.161097e+00   4.260920e-18   9.721310e-04   1.173122e-20   134184
  3.164500e+00   4.243912e-18   9.923555e-04   1.160959e-20   134192
  3.167900e+00   4.243162e-18   9.713175e-04   1.196103e-20   127992
  3.171301e+00   4.254255e-18   9.922025e-04   1.198740e-20   128132
  3.174706e+00   4.205468e-18   9.738163e-04   1.209908e-20   122384
  3.178105e+00   4.198675e-18   9.894388e-04   1.208008e-20   121896
  3.181505e+00   4.195076e-18   9.729889e-04   1.230629e-20   116592
  3.184902e+00   4.200800e-18   9.887769e-04   1.236108e-20   116072
  3.188304e+00   4.203100e-18   9.741208e-04   1.266676e-20   111196
  3.191708e+00   4.174791e-18   9.922343e-04   1.249548e-20   110824
  3.195109e+00   4.182886e-18   9.706819e-04   1.289729e-20   105456
  3.198515e+00   4.180973e-18   9.956721e-04   1.287046e-20   105746
  3.201914e+00   4.144728e-18   9.664985e-04   1.327306e-20   99816
  3.205315e+00   4.137499e-18   9.954263e-04   1.307689e-20   100460
  3.208711e+00   4.128401e-18   9.652876e-04   1.345136e-20   94616
  3.212112e+00   4.148053e-18   9.961719e-04   1.350577e-20   95448
  3.215512e+00   4.146135e-18   9.666714e-04   1.392555e-20   89784
  3.218916e+00   4.151298e-18   9.964090e-04   1.366559e-20   90536
  3.222310e+00   4.126561e-18   9.614793e-04   1.424986e-20   84566
  3.225712e+00   4.100757e-18   1.000274e-03   1.400879e-20   86088
  3.229109e+00   4.108808e-18   9.576880e-04   1.454495e-20   79680
  3.232504e+00   4.123511e-18   1.000528e-03   1.445093e-20   81368
  3.235905e+00   4.096978e-18   9.590062e-04   1.488560e-20   75356
  3.239299e+00   4.128022e-18   1.000262e-03   1.500519e-20   76704
  3.242704e+00   4.064302e-18   9.625143e-04   1.523655e-20   71322
  3.246105e+00   4.094096e-18   1.000713e-03   1.525262e-20   72248
  3.249509e+00   4.104608e-18   9.624193e-04   1.583150e-20   67160
  3.252908e+00   4.082750e-18   9.988504e-04   1.560125e-20   67836
  3.256303e+00   4.092122e-18   9.598606e-04   1.639040e-20   62976
  3.259706e+00   4.071378e-18   1.001348e-03   1.617590e-20   63914
  3.263097e+00   4.095436e-18   9.561656e-04   1.682689e-20   58832
  3.266501e+00   4.087240e-18   1.003699e-03   1.668000e-20   60108
  3.269890e+00   4.090802e-18   9.539295e-04   1.746812e-20   54920
  3.273312e+00   4.066311e-18   1.015086e-03   1.698462e-20   56970
  3.276708e+00   4.067337e-18   9.440493e-04   1.802267e-20   50760
  3.280114e+00   4.078796e-18   1.016179e-03   1.765324e-20   53312
  3.283511e+00   4.059449e-18   9.404818e-04   1.869674e-20   47164
  3.286913e+00   4.061552e-18   1.018327e-03   1.835854e-20   49810
  3.290311e+00   4.064220e-18   9.356940e-04   1.943414e-20   43680
  3.293705e+00   4.075014e-18   1.019216e-03   1.900364e-20   46328
  3.297113e+00   4.098570e-18   9.396643e-04   2.054069e-20   40694
  3.300512e+00   4.121654e-18   1.021248e-03   1.993795e-20   42984
  3.303924e+00   4.052774e-18   9.393885e-04   2.103468e-20   37656
  3.307314e+00   4.063389e-18   1.018706e-03   2.045031e-20   39578
  3.310727e+00   4.121510e-18   9.431432e-04   2.204414e-20   34920
  3.314118e+00   4.087208e-18   1.015057e-03   2.133498e-20   36308
  3.317520e+00   4.046547e-18   9.417761e-04   2.284644e-20   32136
  3.320917e+00   4.029548e-18   1.014476e-03   2.205517e-20   33362
  3.324306e+00   4.143276e-18   9.360215e-04   2.400017e-20   29336
  3.327716e+00   4.099209e-18   1.021505e-03   2.343961e-20   30804
  3.331095e+00   4.076670e-18   9.233243e-04   2.540064e-20   26490
  3.334511e+00   4.149633e-18   1.029571e-03   2.473535e-20   28376
  3.337879e+00   4.112375e-18   9.097669e-04   2.665784e-20   23784
  3.341307e+00   4.039301e-18   1.040923e-03   2.497156e-20   26150
  3.344669e+00   4.150001e-18   8.938898e-04   2.854841e-20   21192
  3.348106e+00   4.106661e-18   1.054204e-03   2.655206e-20   24050
  3.351471e+00   4.114997e-18   8.769951e-04   3.026382e-20   18768
  3.354917e+00   4.189538e-18   1.068828e-03   2.811805e-20   22052
  3.358276e+00   4.204703e-18   8.453078e-04   3.239423e-20   16346
  3.361716e+00   4.181824e-18   1.081988e-03   2.973426e-20   20136
  3.365077e+00   4.068951e-18   8.114920e-04   3.379792e-20   14160
  3.368506e+00   4.118384e-18   1.091186e-03   3.067329e-20   18218
  3.371870e+00   4.052210e-18   7.752035e-04   3.637486e-20   12204
  3.375286e+00   4.252969e-18   1.099293e-03   3.263865e-20   16346
  3.378666e+00   4.116225e-18   7.492433e-04   4.015029e-20   10536
  3.382068e+00   4.058534e-18   1.103455e-03   3.350652e-20   14456
  3.385446e+00   4.264363e-18   7.144473e-04   4.523131e-20   8990
  3.388846e+00   4.140006e-18   1.111587e-03   3.777942e-20   12744
  3.392213e+00   4.201469e-18   6.547202e-04   4.846371e-20   7506
  3.395615e+00   4.171288e-18   1.122493e-03   3.999613e-20   11192
  3.398977e+00   4.203936e-18   5.748287e-04   5.284932e-20   6156
  3.402378e+00   4.100306e-18   1.132774e-03   4.210591e-20   9722
  3.405746e+00   4.152958e-18   4.871262e-04   5.729562e-20   4992
  3.409138e+00   4.273158e-18   1.141441e-03   4.670992e-20   8306
  3.412522e+00   4.295030e-18   3.836029e-04   6.760138e-20   3996
  3.415893e+00   4.278758e-18   1.145615e-03   5.207689e-20   6938
  3.419295e+00   4.431891e-18   2.666671e-04   7.594439e-20   3168
  3.422636e+00   4.259984e-18   1.141746e-03   5.718001e-20   5624
  3.426050e+00   4.137429e-18   1.840323e-04   8.464094e-20   2502
  3.429375e+00   4.268783e-18   1.135529e-03   6.440822e-20   4424
  3.432807e+00   4.453980e-18   1.951644e-04   9.813363e-20   1946
  3.436123e+00   4.329199e-18   1.131191e-03   7.417628e-20   3360
  3.439554e+00   4.393274e-18   1.068915e-04   1.187901e-19   1446
  3.442870e+00   4.511238e-18   1.128932e-03   9.364919e-20   2456
  3.446333e+00   4.777264e-18   2.047845e-04   1.397788e-19   1034
  3.449628e+00   4.078246e-18   1.127267e-03   9.953827e-20   1680
  3.453085e+00   4.069946e-18   5.107876e-05   1.573380e-19   678
  3.456375e+00   4.276995e-18   1.125846e-03   1.286421e-19   1064
  3.459905e+00   4.575322e-18   3.097621e-04   2.426486e-19   410
  3.463134e+00   4.127146e-18   1.124156e-03   1.781565e-19   576
  3.466644e+00   4.656823e-18   1.623447e-05   3.093433e-19   198
  3.469837e+00   5.207439e-18   1.113683e-03   3.609231e-19   248
  3.473678e+00   4.040220e-18   7.017054e-04   4.689985e-19   74
  3.476548e+00   4.738344e-18   1.096056e-03   5.856734e-19   48
  3.480229e+00   1.323148e-18   4.404833e-08   5.489689e-19   6
