# power spectrum of delta_kessence
# redshift z=5.846412
# k              Pk             sigma(k)       sigma(Pk)      count
  5.011399e-03   2.215158e-08   7.667927e-04   4.404065e-09   18
  8.760343e-03   3.449058e-07   9.274321e-04   4.672895e-08   62
  1.219264e-02   7.781575e-07   6.415737e-04   7.895325e-08   90
  1.544208e-02   1.615919e-06   1.012578e-03   1.054643e-07   170
  1.882375e-02   2.340710e-06   1.052445e-03   1.360850e-07   246
  2.212586e-02   2.869109e-06   1.003365e-03   1.476476e-07   338
  2.538461e-02   4.373025e-06   8.625369e-04   2.068803e-07   432
  2.874098e-02   5.181335e-06   8.837915e-04   2.058730e-07   578
  3.227171e-02   6.563271e-06   1.029950e-03   2.158463e-07   786
  3.588781e-02   7.062826e-06   1.042120e-03   2.178625e-07   974
  3.927835e-02   8.502408e-06   9.024764e-04   2.755253e-07   1002
  4.262088e-02   1.012153e-05   1.031890e-03   2.875865e-07   1334
  4.605629e-02   1.119464e-05   9.928413e-04   2.867753e-07   1458
  4.927148e-02   1.223262e-05   9.383900e-04   3.145970e-07   1604
  5.258888e-02   1.421940e-05   9.527568e-04   3.399784e-07   1974
  5.604245e-02   1.684166e-05   9.344901e-04   3.618088e-07   2234
  5.946160e-02   1.783333e-05   9.563349e-04   3.799080e-07   2490
  6.298673e-02   2.048887e-05   1.050190e-03   3.778841e-07   3014
  6.645970e-02   2.242116e-05   9.569094e-04   3.992940e-07   3018
  6.980659e-02   2.515358e-05   9.901480e-04   4.187659e-07   3446
  7.314650e-02   2.631465e-05   9.499151e-04   4.347546e-07   3626
  7.649254e-02   2.770093e-05   9.848619e-04   4.182747e-07   4164
  7.989286e-02   3.015626e-05   9.543971e-04   4.549328e-07   4470
  8.331432e-02   3.162646e-05   9.760154e-04   4.662361e-07   4970
  8.675810e-02   3.388849e-05   9.868635e-04   4.524537e-07   5366
  9.019370e-02   3.335272e-05   1.001451e-03   4.338371e-07   5778
  9.359169e-02   3.654389e-05   1.005504e-03   4.621304e-07   6162
  9.700871e-02   3.635904e-05   1.013488e-03   4.616886e-07   6734
  1.003455e-01   3.874368e-05   9.405356e-04   4.684351e-07   6756
  1.036446e-01   3.950028e-05   9.524971e-04   4.499943e-07   7502
  1.070531e-01   4.160019e-05   9.671949e-04   4.529441e-07   8154
  1.104660e-01   4.313463e-05   9.653722e-04   4.705908e-07   8618
  1.139171e-01   4.600531e-05   1.003323e-03   4.779508e-07   9390
  1.173547e-01   4.944773e-05   9.852535e-04   5.025157e-07   9722
  1.207545e-01   5.024641e-05   9.860810e-04   4.973845e-07   10242
  1.241631e-01   5.263121e-05   1.005600e-03   4.926482e-07   11006
  1.275555e-01   5.637663e-05   9.685920e-04   5.351013e-07   11348
  1.309504e-01   5.771313e-05   9.675094e-04   5.191592e-07   12150
  1.343269e-01   6.040108e-05   9.435547e-04   5.458812e-07   12498
  1.377313e-01   6.315281e-05   9.886530e-04   5.398941e-07   13586
  1.411459e-01   6.370192e-05   9.905633e-04   5.422421e-07   14006
  1.445833e-01   6.501810e-05   1.020453e-03   5.209686e-07   15162
  1.479823e-01   6.592435e-05   9.640349e-04   5.409139e-07   14990
  1.513532e-01   6.699543e-05   1.000250e-03   5.249027e-07   16380
  1.547534e-01   6.791750e-05   9.673831e-04   5.247900e-07   16666
  1.581272e-01   6.945763e-05   9.715542e-04   5.301652e-07   17638
  1.615246e-01   6.982312e-05   9.629562e-04   5.185195e-07   18354
  1.649122e-01   7.106624e-05   9.648100e-04   5.222471e-07   19034
  1.683224e-01   7.375430e-05   1.001264e-03   5.134857e-07   20270
  1.717777e-01   7.663601e-05   1.011461e-03   5.247713e-07   21258
  1.751873e-01   7.825782e-05   9.729108e-04   5.340400e-07   21350
  1.785755e-01   7.940676e-05   9.827640e-04   5.297747e-07   22644
  1.819721e-01   8.148905e-05   9.637913e-04   5.410348e-07   23114
  1.853591e-01   8.549378e-05   9.784818e-04   5.527307e-07   24342
  1.887709e-01   8.726471e-05   9.779824e-04   5.494254e-07   25194
  1.921706e-01   9.011185e-05   9.766706e-04   5.679464e-07   25982
  1.955383e-01   9.157010e-05   9.708990e-04   5.615929e-07   26506
  1.989580e-01   9.374422e-05   1.021831e-03   5.560425e-07   28738
  2.023656e-01   9.459488e-05   9.717245e-04   5.680467e-07   28296
  2.057704e-01   9.551760e-05   1.000845e-03   5.493898e-07   30554
  2.091688e-01   9.549283e-05   9.485901e-04   5.497645e-07   30094
  2.125221e-01   9.870182e-05   9.710923e-04   5.535613e-07   31738
  2.159356e-01   9.800212e-05   9.929033e-04   5.408496e-07   33306
  2.193286e-01   1.003373e-04   9.661337e-04   5.499310e-07   33422
  2.227194e-01   1.009813e-04   9.900859e-04   5.393424e-07   35298
  2.261624e-01   1.023310e-04   1.000185e-03   5.373192e-07   36650
  2.295712e-01   1.034292e-04   9.760902e-04   5.342160e-07   36888
  2.329819e-01   1.037371e-04   9.904086e-04   5.275052e-07   38834
  2.363985e-01   1.054876e-04   9.689353e-04   5.337342e-07   39246
  2.397896e-01   1.079627e-04   9.728047e-04   5.421980e-07   40466
  2.431611e-01   1.100726e-04   9.698523e-04   5.403595e-07   41106
  2.465616e-01   1.106235e-04   1.002402e-03   5.307396e-07   43598
  2.499729e-01   1.131116e-04   9.767696e-04   5.433621e-07   43650
  2.533537e-01   1.151504e-04   9.807939e-04   5.395589e-07   45272
  2.567753e-01   1.164361e-04   9.902728e-04   5.373019e-07   46994
  2.601932e-01   1.193257e-04   9.838031e-04   5.409465e-07   47850
  2.635891e-01   1.187927e-04   9.763755e-04   5.376591e-07   48846
  2.669651e-01   1.213390e-04   9.674364e-04   5.474604e-07   49706
  2.703341e-01   1.216388e-04   9.741070e-04   5.419010e-07   51198
  2.737406e-01   1.210881e-04   9.924828e-04   5.252995e-07   53402
  2.771371e-01   1.238690e-04   9.722520e-04   5.415032e-07   53634
  2.805624e-01   1.230814e-04   1.000830e-03   5.161368e-07   56888
  2.839916e-01   1.244870e-04   9.684451e-04   5.252767e-07   56474
  2.874008e-01   1.257444e-04   9.892805e-04   5.205462e-07   58962
  2.908071e-01   1.253435e-04   9.753894e-04   5.146405e-07   59214
  2.941982e-01   1.276996e-04   9.869673e-04   5.150228e-07   61250
  2.975821e-01   1.291104e-04   9.719144e-04   5.250482e-07   61694
  3.009545e-01   1.300271e-04   9.802014e-04   5.190848e-07   63618
  3.043698e-01   1.309752e-04   9.975679e-04   5.041756e-07   66284
  3.077980e-01   1.325983e-04   9.829085e-04   5.160257e-07   67014
  3.111933e-01   1.323890e-04   9.745070e-04   5.120881e-07   67930
  3.145950e-01   1.333306e-04   9.864977e-04   5.033061e-07   70294
  3.179925e-01   1.372633e-04   9.751208e-04   5.143363e-07   70658
  3.213649e-01   1.375595e-04   9.817106e-04   5.166066e-07   72522
  3.247596e-01   1.366685e-04   9.844648e-04   5.008108e-07   74550
  3.281564e-01   1.381080e-04   9.737283e-04   5.004069e-07   75674
  3.315542e-01   1.398531e-04   9.772401e-04   5.009365e-07   77708
  3.349903e-01   1.396299e-04   9.941667e-04   4.883256e-07   80622
  3.384102e-01   1.397094e-04   9.737086e-04   4.972170e-07   80330
  3.418120e-01   1.408143e-04   9.872349e-04   4.909929e-07   82974
  3.452149e-01   1.405888e-04   9.787907e-04   4.848718e-07   83666
  3.486074e-01   1.424692e-04   9.855947e-04   4.868273e-07   85746
  3.519919e-01   1.415647e-04   9.786235e-04   4.820603e-07   86702
  3.553849e-01   1.426472e-04   9.853848e-04   4.715204e-07   89556
  3.587998e-01   1.441812e-04   9.787040e-04   4.765308e-07   91038
  3.622049e-01   1.460436e-04   9.781806e-04   4.814867e-07   92522
  3.655984e-01   1.455853e-04   9.796226e-04   4.769537e-07   94034
  3.690238e-01   1.456164e-04   1.002172e-03   4.693939e-07   97758
  3.724152e-01   1.468564e-04   9.656500e-04   4.695660e-07   95770
  3.757798e-01   1.472449e-04   9.833165e-04   4.704710e-07   99646
  3.791725e-01   1.487790e-04   9.759165e-04   4.697106e-07   100980
  3.825817e-01   1.486411e-04   9.863738e-04   4.637315e-07   104258
  3.859962e-01   1.492833e-04   9.755460e-04   4.590213e-07   104998
  3.894080e-01   1.494126e-04   9.835643e-04   4.581058e-07   107866
  3.928147e-01   1.507082e-04   9.740361e-04   4.558761e-07   108154
  3.962141e-01   1.518915e-04   9.934490e-04   4.573386e-07   111622
  3.996192e-01   1.517443e-04   9.826041e-04   4.553315e-07   112146
  4.030012e-01   1.529268e-04   9.795782e-04   4.529221e-07   114014
  4.063885e-01   1.524192e-04   9.764181e-04   4.490424e-07   116220
  4.097904e-01   1.524779e-04   9.798152e-04   4.421772e-07   118682
  4.132005e-01   1.525098e-04   9.857802e-04   4.402585e-07   121118
  4.166179e-01   1.522780e-04   9.842070e-04   4.363418e-07   122994
  4.200138e-01   1.522175e-04   9.755040e-04   4.331366e-07   123574
  4.234089e-01   1.539044e-04   9.898661e-04   4.324682e-07   126922
  4.268043e-01   1.540959e-04   9.841431e-04   4.316321e-07   127906
  4.301921e-01   1.536387e-04   9.815465e-04   4.263465e-07   130432
  4.335917e-01   1.528775e-04   9.754601e-04   4.194924e-07   132642
  4.369913e-01   1.546832e-04   9.719503e-04   4.208862e-07   134534
  4.404018e-01   1.551951e-04   9.840871e-04   4.201013e-07   137778
  4.438343e-01   1.558354e-04   9.933984e-04   4.179197e-07   140786
  4.472374e-01   1.559809e-04   9.717922e-04   4.181466e-07   139590
  4.506229e-01   1.562123e-04   9.849166e-04   4.147961e-07   143546
  4.540257e-01   1.558354e-04   9.844996e-04   4.077615e-07   145338
  4.574181e-01   1.558467e-04   9.804237e-04   4.072123e-07   147272
  4.608205e-01   1.565176e-04   9.820431e-04   4.063077e-07   150330
  4.642299e-01   1.553049e-04   9.784546e-04   3.982460e-07   152318
  4.676229e-01   1.556991e-04   9.721829e-04   3.990125e-07   153202
  4.710338e-01   1.554936e-04   9.963562e-04   3.926014e-07   158626
  4.744395e-01   1.561280e-04   9.772483e-04   3.958215e-07   157350
  4.778318e-01   1.551221e-04   9.898002e-04   3.863779e-07   161906
  4.812140e-01   1.561206e-04   9.669369e-04   3.924884e-07   160872
  4.846116e-01   1.562469e-04   9.917034e-04   3.840440e-07   167858
  4.880280e-01   1.572672e-04   9.756048e-04   3.854959e-07   167514
  4.914175e-01   1.559954e-04   9.745776e-04   3.795889e-07   169862
  4.948220e-01   1.555487e-04   9.838968e-04   3.761673e-07   173602
  4.982323e-01   1.563438e-04   9.830917e-04   3.739863e-07   175258
  5.016339e-01   1.563881e-04   9.862687e-04   3.719171e-07   177654
  5.050410e-01   1.553414e-04   9.895807e-04   3.652007e-07   180698
  5.084427e-01   1.561598e-04   9.791290e-04   3.663397e-07   181968
  5.118414e-01   1.560313e-04   9.787235e-04   3.638860e-07   184850
  5.152392e-01   1.561396e-04   9.792509e-04   3.629013e-07   187034
  5.186493e-01   1.556994e-04   9.887200e-04   3.566658e-07   191238
  5.220519e-01   1.562927e-04   9.768042e-04   3.592450e-07   191042
  5.254432e-01   1.557040e-04   9.855000e-04   3.514889e-07   195102
  5.288335e-01   1.554570e-04   9.778254e-04   3.529613e-07   195786
  5.322301e-01   1.539914e-04   9.901932e-04   3.420222e-07   201164
  5.356296e-01   1.553839e-04   9.735643e-04   3.478985e-07   201070
  5.390212e-01   1.539902e-04   9.785171e-04   3.401371e-07   205234
  5.424222e-01   1.545123e-04   9.768081e-04   3.387374e-07   207342
  5.458239e-01   1.532099e-04   9.815179e-04   3.350700e-07   210602
  5.492295e-01   1.539495e-04   9.836776e-04   3.347870e-07   213130
  5.526459e-01   1.538574e-04   9.915409e-04   3.296086e-07   217318
  5.560456e-01   1.530068e-04   9.743530e-04   3.290538e-07   216306
  5.594305e-01   1.518303e-04   9.794774e-04   3.245090e-07   220652
  5.628376e-01   1.522224e-04   9.842473e-04   3.214086e-07   224502
  5.662522e-01   1.526323e-04   9.844461e-04   3.190795e-07   227186
  5.696552e-01   1.513766e-04   9.784190e-04   3.186479e-07   228398
  5.730519e-01   1.510040e-04   9.819770e-04   3.140534e-07   231642
  5.764475e-01   1.513157e-04   9.824176e-04   3.134721e-07   233946
  5.798545e-01   1.505558e-04   9.913361e-04   3.083691e-07   238694
  5.832493e-01   1.497682e-04   9.753099e-04   3.081753e-07   238068
  5.866460e-01   1.496616e-04   9.835365e-04   3.033559e-07   244190
  5.900561e-01   1.497706e-04   9.771578e-04   3.030939e-07   245362
  5.934524e-01   1.500759e-04   9.800894e-04   3.023959e-07   248362
  5.968555e-01   1.490031e-04   9.839452e-04   2.991255e-07   251966
  6.002586e-01   1.487992e-04   9.805677e-04   2.941937e-07   254034
  6.036498e-01   1.484434e-04   9.775259e-04   2.935831e-07   255818
  6.070559e-01   1.476498e-04   9.912862e-04   2.898161e-07   262254
  6.104632e-01   1.473838e-04   9.773523e-04   2.896628e-07   261980
  6.138753e-01   1.467084e-04   9.883425e-04   2.833812e-07   268566
  6.172721e-01   1.468599e-04   9.667501e-04   2.859685e-07   265538
  6.206625e-01   1.463302e-04   9.869997e-04   2.804005e-07   273330
  6.240644e-01   1.454681e-04   9.812963e-04   2.800281e-07   273718
  6.274686e-01   1.448100e-04   9.910705e-04   2.729578e-07   279658
  6.308738e-01   1.453012e-04   9.800215e-04   2.764122e-07   279670
  6.342612e-01   1.446190e-04   9.791793e-04   2.732783e-07   282964
  6.376657e-01   1.440409e-04   9.856782e-04   2.692197e-07   288362
  6.410723e-01   1.439854e-04   9.787866e-04   2.684049e-07   289686
  6.444666e-01   1.429085e-04   9.767056e-04   2.660706e-07   292234
  6.478513e-01   1.427702e-04   9.736693e-04   2.649322e-07   294190
  6.512490e-01   1.416003e-04   9.869325e-04   2.583553e-07   300642
  6.546619e-01   1.410314e-04   9.871013e-04   2.568808e-07   303386
  6.580612e-01   1.403811e-04   9.793499e-04   2.554222e-07   304662
  6.614636e-01   1.397165e-04   9.820034e-04   2.528337e-07   309812
  6.648699e-01   1.394677e-04   9.779067e-04   2.517613e-07   311714
  6.682854e-01   1.387690e-04   9.889859e-04   2.469498e-07   318126
  6.716848e-01   1.383539e-04   9.721561e-04   2.483987e-07   315114
  6.750728e-01   1.375890e-04   9.862501e-04   2.439853e-07   322622
  6.784691e-01   1.375636e-04   9.775093e-04   2.442464e-07   322850
  6.818689e-01   1.372087e-04   9.897138e-04   2.410483e-07   329802
  6.852751e-01   1.366035e-04   9.833693e-04   2.387886e-07   331104
  6.886859e-01   1.355033e-04   9.866565e-04   2.352296e-07   336986
  6.920888e-01   1.352481e-04   9.721728e-04   2.350028e-07   335870
  6.954811e-01   1.341210e-04   9.807544e-04   2.313222e-07   341610
  6.988813e-01   1.337766e-04   9.817106e-04   2.289602e-07   344370
  7.022777e-01   1.338333e-04   9.819315e-04   2.280170e-07   347606
  7.056775e-01   1.328069e-04   9.835290e-04   2.245331e-07   351650
  7.090743e-01   1.325324e-04   9.788224e-04   2.242724e-07   353760
  7.124835e-01   1.310562e-04   9.883067e-04   2.201387e-07   360970
  7.159021e-01   1.309261e-04   9.827333e-04   2.178402e-07   362818
  7.192956e-01   1.303437e-04   9.713759e-04   2.177389e-07   362334
  7.226987e-01   1.296156e-04   9.881791e-04   2.145459e-07   371642
  7.260991e-01   1.290626e-04   9.752613e-04   2.148546e-07   368778
  7.294880e-01   1.286107e-04   9.876514e-04   2.114488e-07   376526
  7.328875e-01   1.278598e-04   9.811641e-04   2.092189e-07   377786
  7.362841e-01   1.273968e-04   9.830834e-04   2.066670e-07   382968
  7.396876e-01   1.268693e-04   9.807196e-04   2.050812e-07   386146
  7.430940e-01   1.262567e-04   9.835434e-04   2.032415e-07   390826
  7.464968e-01   1.257067e-04   9.797536e-04   2.027277e-07   392662
  7.499014e-01   1.251568e-04   9.850939e-04   2.002649e-07   398242
  7.532920e-01   1.241408e-04   9.729755e-04   1.993021e-07   396726
  7.566809e-01   1.234846e-04   9.841245e-04   1.963693e-07   404738
  7.600831e-01   1.231989e-04   9.825351e-04   1.943678e-07   407628
  7.634852e-01   1.220346e-04   9.813443e-04   1.913844e-07   411734
  7.668845e-01   1.215455e-04   9.775056e-04   1.908575e-07   414242
  7.702939e-01   1.209941e-04   9.855270e-04   1.882290e-07   421434
  7.737042e-01   1.209151e-04   9.802386e-04   1.881335e-07   421918
  7.771088e-01   1.198510e-04   9.872890e-04   1.844984e-07   427810
  7.805138e-01   1.188479e-04   9.826568e-04   1.831194e-07   429470
  7.839079e-01   1.183831e-04   9.797011e-04   1.818283e-07   432282
  7.873028e-01   1.174728e-04   9.821433e-04   1.794829e-07   437260
  7.907010e-01   1.170118e-04   9.806539e-04   1.785801e-07   440758
  7.941053e-01   1.165915e-04   9.841811e-04   1.762508e-07   446370
  7.975164e-01   1.155567e-04   9.834504e-04   1.748408e-07   450182
  8.009127e-01   1.147303e-04   9.757493e-04   1.730705e-07   449850
  8.043077e-01   1.145362e-04   9.864375e-04   1.715196e-07   457898
  8.077063e-01   1.134514e-04   9.796531e-04   1.696513e-07   458662
  8.111019e-01   1.124119e-04   9.815065e-04   1.683373e-07   464620
  8.144977e-01   1.128225e-04   9.750269e-04   1.673242e-07   466302
  8.179011e-01   1.117955e-04   9.839993e-04   1.642503e-07   474314
  8.213073e-01   1.107163e-04   9.800182e-04   1.623884e-07   475530
  8.247179e-01   1.097033e-04   9.879200e-04   1.598323e-07   483206
  8.281287e-01   1.096816e-04   9.814603e-04   1.601473e-07   483530
  8.315249e-01   1.091452e-04   9.809161e-04   1.583949e-07   487002
  8.349221e-01   1.082011e-04   9.835509e-04   1.568171e-07   491774
  8.383178e-01   1.075026e-04   9.804529e-04   1.552913e-07   495084
  8.417151e-01   1.072006e-04   9.794333e-04   1.542203e-07   499438
  8.451164e-01   1.063295e-04   9.820615e-04   1.523997e-07   504682
  8.485188e-01   1.057488e-04   9.813126e-04   1.510994e-07   507738
  8.519281e-01   1.050965e-04   9.891488e-04   1.487494e-07   515174
  8.553313e-01   1.044409e-04   9.796328e-04   1.481851e-07   514234
  8.587212e-01   1.037826e-04   9.795185e-04   1.471429e-07   519022
  8.621117e-01   1.029448e-04   9.776207e-04   1.445951e-07   522636
  8.655093e-01   1.023609e-04   9.815215e-04   1.433178e-07   529442
  8.689165e-01   1.019731e-04   9.823162e-04   1.421141e-07   534078
  8.723203e-01   1.014315e-04   9.785977e-04   1.410050e-07   536666
  8.757149e-01   1.004265e-04   9.771268e-04   1.394302e-07   539142
  8.791253e-01   9.982557e-05   9.924057e-04   1.370400e-07   550658
  8.825379e-01   9.924158e-05   9.816929e-04   1.373349e-07   548298
  8.859333e-01   9.851939e-05   9.826669e-04   1.348196e-07   553694
  8.893272e-01   9.779499e-05   9.768278e-04   1.338535e-07   556116
  8.927312e-01   9.727094e-05   9.844199e-04   1.319106e-07   564890
  8.961296e-01   9.646525e-05   9.766230e-04   1.308893e-07   563718
  8.995313e-01   9.602239e-05   9.874972e-04   1.290709e-07   574298
  9.029379e-01   9.500452e-05   9.804817e-04   1.284366e-07   573966
  9.063376e-01   9.471084e-05   9.852707e-04   1.270202e-07   580586
  9.097364e-01   9.372094e-05   9.817750e-04   1.252675e-07   582666
  9.131388e-01   9.340643e-05   9.852143e-04   1.240821e-07   590648
  9.165400e-01   9.261600e-05   9.754677e-04   1.234850e-07   590394
  9.199310e-01   9.217375e-05   9.770986e-04   1.223481e-07   596174
  9.233301e-01   9.119530e-05   9.802065e-04   1.200492e-07   601674
  9.267350e-01   9.071470e-05   9.846832e-04   1.187861e-07   607682
  9.301415e-01   9.010924e-05   9.838059e-04   1.180271e-07   611166
  9.335460e-01   8.943426e-05   9.835863e-04   1.168890e-07   615626
  9.369426e-01   8.895137e-05   9.795239e-04   1.155679e-07   617290
  9.403431e-01   8.835519e-05   9.852598e-04   1.143207e-07   626344
  9.437456e-01   8.784572e-05   9.776145e-04   1.139980e-07   626658
  9.471442e-01   8.706808e-05   9.821583e-04   1.127232e-07   634022
  9.505394e-01   8.659004e-05   9.766085e-04   1.114129e-07   634554
  9.539406e-01   8.581638e-05   9.874089e-04   1.094410e-07   645026
  9.573433e-01   8.493844e-05   9.821401e-04   1.083022e-07   645102
  9.607439e-01   8.441161e-05   9.860849e-04   1.072964e-07   653018
  9.641443e-01   8.415979e-05   9.792030e-04   1.071205e-07   654384
  9.675485e-01   8.304303e-05   9.834130e-04   1.047988e-07   663194
  9.709524e-01   8.266462e-05   9.778786e-04   1.043192e-07   663834
  9.743471e-01   8.190124e-05   9.789463e-04   1.030435e-07   669158
  9.777459e-01   8.149837e-05   9.805686e-04   1.021480e-07   674490
  9.811412e-01   8.072048e-05   9.786140e-04   1.010801e-07   677222
  9.845441e-01   8.000685e-05   9.871972e-04   9.943110e-08   686874
  9.879558e-01   7.968348e-05   9.859594e-04   9.907052e-08   690722
  9.913572e-01   7.899043e-05   9.790433e-04   9.809945e-08   692008
  9.947624e-01   7.859757e-05   9.840929e-04   9.696354e-08   701386
  9.981657e-01   7.779935e-05   9.773767e-04   9.617932e-08   700778
  1.001563e+00   7.709890e-05   9.829030e-04   9.479484e-08   708774
  1.004963e+00   7.674123e-05   9.817412e-04   9.427640e-08   711690
  1.008366e+00   7.621347e-05   9.861014e-04   9.291723e-08   719606
  1.011761e+00   7.566936e-05   9.768322e-04   9.260655e-08   717762
  1.015158e+00   7.485251e-05   9.862327e-04   9.069596e-08   730460
  1.018564e+00   7.457020e-05   9.793539e-04   9.048476e-08   731070
  1.021972e+00   7.395088e-05   9.851635e-04   8.872924e-08   741170
  1.025372e+00   7.332948e-05   9.730396e-04   8.849358e-08   737094
  1.028764e+00   7.259524e-05   9.820777e-04   8.743823e-08   747698
  1.032166e+00   7.233691e-05   9.825085e-04   8.665247e-08   751658
  1.035563e+00   7.169338e-05   9.813994e-04   8.588182e-08   755574
  1.038960e+00   7.120006e-05   9.819736e-04   8.473096e-08   761442
  1.042370e+00   7.070048e-05   9.859386e-04   8.390160e-08   770816
  1.045775e+00   7.018111e-05   9.778469e-04   8.312521e-08   769274
  1.049181e+00   6.937861e-05   9.883345e-04   8.156971e-08   782130
  1.052579e+00   6.892691e-05   9.735264e-04   8.172825e-08   775230
  1.055972e+00   6.845899e-05   9.857792e-04   8.044795e-08   789866
  1.059371e+00   6.811149e-05   9.785659e-04   7.985529e-08   787914
  1.062768e+00   6.740862e-05   9.871968e-04   7.885441e-08   799598
  1.066175e+00   6.687194e-05   9.836410e-04   7.789608e-08   802980
  1.069574e+00   6.626933e-05   9.780653e-04   7.717279e-08   805622
  1.072972e+00   6.598506e-05   9.797707e-04   7.657898e-08   812050
  1.076379e+00   6.523349e-05   9.852802e-04   7.540976e-08   820954
  1.079781e+00   6.472861e-05   9.789326e-04   7.482023e-08   820062
  1.083172e+00   6.413431e-05   9.799094e-04   7.403853e-08   826298
  1.086570e+00   6.366364e-05   9.815876e-04   7.306303e-08   833118
  1.089963e+00   6.317187e-05   9.774947e-04   7.260532e-08   834812
  1.093365e+00   6.279061e-05   9.859628e-04   7.171077e-08   847858
  1.096785e+00   6.211976e-05   9.865115e-04   7.056884e-08   854278
  1.100190e+00   6.162419e-05   9.767209e-04   7.013507e-08   850978
  1.103586e+00   6.103623e-05   9.814764e-04   6.941432e-08   859186
  1.106990e+00   6.066177e-05   9.865569e-04   6.867477e-08   867126
  1.110391e+00   5.998517e-05   9.816501e-04   6.777723e-08   868274
  1.113785e+00   5.965327e-05   9.808544e-04   6.733459e-08   873606
  1.117179e+00   5.943634e-05   9.794732e-04   6.695616e-08   879284
  1.120580e+00   5.888347e-05   9.820603e-04   6.591871e-08   887170
  1.123993e+00   5.846255e-05   9.876068e-04   6.518966e-08   897526
  1.127401e+00   5.774177e-05   9.778886e-04   6.458295e-08   894258
  1.130799e+00   5.735919e-05   9.823745e-04   6.395068e-08   903374
  1.134195e+00   5.681954e-05   9.785328e-04   6.315377e-08   904338
  1.137590e+00   5.632839e-05   9.832540e-04   6.249727e-08   913586
  1.140984e+00   5.582132e-05   9.783814e-04   6.187457e-08   915416
  1.144387e+00   5.541359e-05   9.836903e-04   6.115300e-08   928122
  1.147789e+00   5.510746e-05   9.757713e-04   6.079248e-08   926094
  1.151197e+00   5.455555e-05   9.888312e-04   5.988043e-08   942890
  1.154606e+00   5.405239e-05   9.789734e-04   5.932014e-08   937266
  1.158004e+00   5.360808e-05   9.856923e-04   5.854114e-08   948854
  1.161404e+00   5.309748e-05   9.801062e-04   5.789858e-08   948714
  1.164797e+00   5.282842e-05   9.823513e-04   5.769317e-08   956186
  1.168197e+00   5.231044e-05   9.838881e-04   5.688784e-08   964272
  1.171602e+00   5.184256e-05   9.813885e-04   5.621302e-08   969458
  1.175002e+00   5.132052e-05   9.785094e-04   5.561137e-08   972750
  1.178405e+00   5.106451e-05   9.839022e-04   5.515494e-08   982706
  1.181806e+00   5.062835e-05   9.798755e-04   5.488890e-08   982906
  1.185211e+00   5.030590e-05   9.881427e-04   5.419241e-08   996622
  1.188612e+00   4.978146e-05   9.782401e-04   5.377027e-08   992378
  1.191999e+00   4.937334e-05   9.775059e-04   5.306860e-08   999000
  1.195397e+00   4.903735e-05   9.817623e-04   5.253050e-08   1010114
  1.198803e+00   4.857138e-05   9.815316e-04   5.196983e-08   1015722
  1.202205e+00   4.814507e-05   9.793783e-04   5.141316e-08   1018742
  1.205613e+00   4.770873e-05   9.864495e-04   5.074411e-08   1031250
  1.209016e+00   4.711244e-05   9.786533e-04   5.015318e-08   1027226
  1.212413e+00   4.681858e-05   9.856307e-04   4.936603e-08   1039734
  1.215813e+00   4.655558e-05   9.805725e-04   4.930942e-08   1039914
  1.219210e+00   4.606338e-05   9.832224e-04   4.868187e-08   1050272
  1.222609e+00   4.576842e-05   9.777885e-04   4.841573e-08   1052306
  1.226010e+00   4.534590e-05   9.820199e-04   4.778065e-08   1062666
  1.229414e+00   4.479456e-05   9.821012e-04   4.703440e-08   1067262
  1.232818e+00   4.459727e-05   9.834577e-04   4.677628e-08   1073906
  1.236220e+00   4.406028e-05   9.821555e-04   4.605680e-08   1078190
  1.239623e+00   4.372158e-05   9.835287e-04   4.574378e-08   1085634
  1.243018e+00   4.352239e-05   9.777743e-04   4.553506e-08   1085508
  1.246420e+00   4.301610e-05   9.857694e-04   4.473802e-08   1101926
  1.249823e+00   4.266036e-05   9.765533e-04   4.452411e-08   1098322
  1.253220e+00   4.238917e-05   9.810493e-04   4.407663e-08   1109878
  1.256626e+00   4.192435e-05   9.822346e-04   4.354106e-08   1115338
  1.260031e+00   4.154201e-05   9.850685e-04   4.309101e-08   1122586
  1.263434e+00   4.121007e-05   9.828803e-04   4.258311e-08   1125862
  1.266833e+00   4.088680e-05   9.826042e-04   4.231309e-08   1132498
  1.270230e+00   4.052328e-05   9.794882e-04   4.193246e-08   1135444
  1.273627e+00   4.031386e-05   9.822580e-04   4.153136e-08   1145374
  1.277031e+00   3.983228e-05   9.829599e-04   4.090442e-08   1152698
  1.280435e+00   3.945936e-05   9.811808e-04   4.064649e-08   1157046
  1.283832e+00   3.925412e-05   9.792543e-04   4.027371e-08   1160226
  1.287236e+00   3.890124e-05   9.867747e-04   3.969505e-08   1174346
  1.290638e+00   3.858014e-05   9.799098e-04   3.956817e-08   1171462
  1.294035e+00   3.820157e-05   9.835292e-04   3.897384e-08   1183828
  1.297431e+00   3.786778e-05   9.751511e-04   3.871991e-08   1181822
  1.300825e+00   3.752462e-05   9.806813e-04   3.826430e-08   1194930
  1.304229e+00   3.720932e-05   9.822693e-04   3.773856e-08   1202010
  1.307632e+00   3.679674e-05   9.818508e-04   3.728059e-08   1207166
  1.311036e+00   3.652690e-05   9.828798e-04   3.701574e-08   1214106
  1.314433e+00   3.626544e-05   9.789042e-04   3.678088e-08   1215302
  1.317833e+00   3.594036e-05   9.858329e-04   3.629076e-08   1229274
  1.321244e+00   3.559243e-05   9.860143e-04   3.588477e-08   1236164
  1.324647e+00   3.531678e-05   9.790511e-04   3.563381e-08   1235326
  1.328043e+00   3.506899e-05   9.802315e-04   3.528067e-08   1244026
  1.331441e+00   3.471850e-05   9.803347e-04   3.496791e-08   1249154
  1.334844e+00   3.441409e-05   9.852720e-04   3.439006e-08   1260558
  1.338244e+00   3.417835e-05   9.799856e-04   3.430943e-08   1260394
  1.341646e+00   3.383839e-05   9.851173e-04   3.383768e-08   1274758
  1.345044e+00   3.355109e-05   9.761448e-04   3.364560e-08   1270188
  1.348447e+00   3.327137e-05   9.870074e-04   3.323687e-08   1291202
  1.351849e+00   3.296869e-05   9.757557e-04   3.293185e-08   1282654
  1.355244e+00   3.272175e-05   9.819229e-04   3.255093e-08   1298242
  1.358647e+00   3.244261e-05   9.803455e-04   3.241528e-08   1301774
  1.362047e+00   3.217876e-05   9.827693e-04   3.200164e-08   1309770
  1.365448e+00   3.181585e-05   9.830640e-04   3.161595e-08   1315714
  1.368852e+00   3.161416e-05   9.843087e-04   3.139221e-08   1325110
  1.372253e+00   3.136062e-05   9.790721e-04   3.112774e-08   1326012
  1.375652e+00   3.102213e-05   9.818283e-04   3.083498e-08   1336154
  1.379060e+00   3.078118e-05   9.856646e-04   3.043649e-08   1347334
  1.382463e+00   3.055244e-05   9.798090e-04   3.030984e-08   1345354
  1.385854e+00   3.020999e-05   9.796108e-04   2.990441e-08   1350998
  1.389254e+00   2.995779e-05   9.851001e-04   2.948913e-08   1365546
  1.392658e+00   2.970798e-05   9.818266e-04   2.932603e-08   1367474
  1.396060e+00   2.950093e-05   9.832315e-04   2.902849e-08   1377984
  1.399461e+00   2.928210e-05   9.785308e-04   2.885415e-08   1379394
  1.402863e+00   2.899022e-05   9.826740e-04   2.858415e-08   1392230
  1.406265e+00   2.876154e-05   9.788975e-04   2.828594e-08   1392634
  1.409662e+00   2.845896e-05   9.821355e-04   2.792590e-08   1402666
  1.413062e+00   2.827273e-05   9.819858e-04   2.772175e-08   1408502
  1.416462e+00   2.797916e-05   9.817857e-04   2.743583e-08   1415418
  1.419855e+00   2.778701e-05   9.774342e-04   2.722456e-08   1416856
  1.423264e+00   2.756352e-05   9.894876e-04   2.692462e-08   1442002
  1.426674e+00   2.730808e-05   9.781259e-04   2.680175e-08   1431634
  1.430071e+00   2.712716e-05   9.822615e-04   2.658416e-08   1444606
  1.433469e+00   2.681927e-05   9.789194e-04   2.620849e-08   1445890
  1.436871e+00   2.659762e-05   9.861222e-04   2.590982e-08   1462210
  1.440273e+00   2.635426e-05   9.807880e-04   2.571011e-08   1459590
  1.443669e+00   2.610005e-05   9.833740e-04   2.537549e-08   1471226
  1.447072e+00   2.594219e-05   9.829562e-04   2.520392e-08   1480072
  1.450479e+00   2.570289e-05   9.811931e-04   2.502319e-08   1486594
  1.453879e+00   2.546974e-05   9.787053e-04   2.480535e-08   1488882
  1.457279e+00   2.531571e-05   9.827371e-04   2.464230e-08   1500854
  1.460684e+00   2.504398e-05   9.826979e-04   2.434215e-08   1506874
  1.464078e+00   2.487264e-05   9.779210e-04   2.422071e-08   1506094
  1.467472e+00   2.459914e-05   9.824981e-04   2.394197e-08   1519682
  1.470872e+00   2.439608e-05   9.822978e-04   2.364949e-08   1526724
  1.474279e+00   2.421299e-05   9.845854e-04   2.336950e-08   1539038
  1.477685e+00   2.404370e-05   9.798767e-04   2.330969e-08   1539810
  1.481081e+00   2.381965e-05   9.791313e-04   2.307954e-08   1545046
  1.484485e+00   2.356726e-05   9.854562e-04   2.270054e-08   1560538
  1.487886e+00   2.343842e-05   9.804436e-04   2.272189e-08   1557506
  1.491282e+00   2.321255e-05   9.836002e-04   2.243335e-08   1570062
  1.494678e+00   2.300633e-05   9.793467e-04   2.222538e-08   1571290
  1.498078e+00   2.280150e-05   9.842488e-04   2.204390e-08   1588228
  1.501484e+00   2.265350e-05   9.810937e-04   2.186660e-08   1591046
  1.504889e+00   2.244548e-05   9.832504e-04   2.160795e-08   1602474
  1.508291e+00   2.226406e-05   9.782624e-04   2.146294e-08   1601646
  1.511687e+00   2.211286e-05   9.804817e-04   2.125011e-08   1611266
  1.515082e+00   2.184955e-05   9.805934e-04   2.106981e-08   1616634
  1.518484e+00   2.167027e-05   9.853950e-04   2.081410e-08   1631366
  1.521885e+00   2.152574e-05   9.796982e-04   2.071920e-08   1631028
  1.525282e+00   2.138977e-05   9.798719e-04   2.060295e-08   1641446
  1.528689e+00   2.117863e-05   9.836821e-04   2.027976e-08   1654234
  1.532101e+00   2.098423e-05   9.854232e-04   2.015606e-08   1662874
  1.535501e+00   2.084534e-05   9.777869e-04   2.011812e-08   1656686
  1.538894e+00   2.060632e-05   9.817573e-04   1.973874e-08   1670898
  1.542295e+00   2.051532e-05   9.826743e-04   1.971980e-08   1678074
  1.545693e+00   2.029179e-05   9.828970e-04   1.958755e-08   1685198
  1.549094e+00   2.018641e-05   9.826216e-04   1.937772e-08   1694524
  1.552497e+00   2.000562e-05   9.806206e-04   1.925507e-08   1701334
  1.555899e+00   1.979873e-05   9.807944e-04   1.896814e-08   1709386
  1.559306e+00   1.963883e-05   9.832546e-04   1.890488e-08   1719994
  1.562708e+00   1.948017e-05   9.808801e-04   1.865772e-08   1721510
  1.566111e+00   1.936395e-05   9.843526e-04   1.856909e-08   1734978
  1.569507e+00   1.915993e-05   9.766081e-04   1.841219e-08   1728646
  1.572899e+00   1.896220e-05   9.823741e-04   1.818559e-08   1746868
  1.576300e+00   1.888542e-05   9.809864e-04   1.811260e-08   1752922
  1.579707e+00   1.873193e-05   9.845798e-04   1.791439e-08   1767862
  1.583112e+00   1.857965e-05   9.793884e-04   1.786769e-08   1765698
  1.586515e+00   1.839574e-05   9.844058e-04   1.759317e-08   1781270
  1.589918e+00   1.822373e-05   9.810287e-04   1.751674e-08   1780650
  1.593316e+00   1.808260e-05   9.836246e-04   1.730778e-08   1792418
  1.596711e+00   1.795224e-05   9.794648e-04   1.726710e-08   1792790
  1.600109e+00   1.780015e-05   9.831424e-04   1.706800e-08   1809852
  1.603512e+00   1.763458e-05   9.801224e-04   1.692531e-08   1812666
  1.606915e+00   1.753824e-05   9.841796e-04   1.677491e-08   1827614
  1.610321e+00   1.739188e-05   9.814350e-04   1.666488e-08   1829970
  1.613720e+00   1.722980e-05   9.803236e-04   1.650383e-08   1835030
  1.617114e+00   1.709123e-05   9.798165e-04   1.644841e-08   1841410
  1.620515e+00   1.695311e-05   9.841327e-04   1.617925e-08   1856626
  1.623912e+00   1.685664e-05   9.785166e-04   1.620527e-08   1854656
  1.627309e+00   1.669913e-05   9.815053e-04   1.599081e-08   1870698
  1.630712e+00   1.659901e-05   9.804842e-04   1.584191e-08   1876998
  1.634114e+00   1.639112e-05   9.808565e-04   1.569856e-08   1884458
  1.637514e+00   1.632647e-05   9.820836e-04   1.571141e-08   1891730
  1.640921e+00   1.614803e-05   9.864027e-04   1.542859e-08   1907574
  1.644328e+00   1.606686e-05   9.824949e-04   1.543121e-08   1907730
  1.647725e+00   1.592167e-05   9.806100e-04   1.523452e-08   1912154
  1.651122e+00   1.581899e-05   9.815437e-04   1.517886e-08   1923216
  1.654527e+00   1.569642e-05   9.837853e-04   1.508390e-08   1936562
  1.657929e+00   1.554958e-05   9.797671e-04   1.487484e-08   1936862
  1.661330e+00   1.542812e-05   9.824032e-04   1.480758e-08   1950114
  1.664731e+00   1.533182e-05   9.809526e-04   1.469722e-08   1953306
  1.668134e+00   1.517414e-05   9.852343e-04   1.458047e-08   1968806
  1.671536e+00   1.508784e-05   9.810375e-04   1.446467e-08   1968818
  1.674935e+00   1.499368e-05   9.815051e-04   1.444547e-08   1980624
  1.678335e+00   1.487914e-05   9.789502e-04   1.434687e-08   1985034
  1.681733e+00   1.473655e-05   9.802456e-04   1.415064e-08   1995242
  1.685136e+00   1.464167e-05   9.833510e-04   1.405356e-08   2007742
  1.688539e+00   1.454300e-05   9.813083e-04   1.399578e-08   2010538
  1.691936e+00   1.443153e-05   9.811361e-04   1.389352e-08   2017390
  1.695340e+00   1.429105e-05   9.857772e-04   1.374605e-08   2034346
  1.698736e+00   1.414299e-05   9.777687e-04   1.358815e-08   2025498
  1.702137e+00   1.409293e-05   9.868689e-04   1.358715e-08   2055248
  1.705540e+00   1.397768e-05   9.770123e-04   1.350305e-08   2045090
  1.708936e+00   1.388708e-05   9.814027e-04   1.342532e-08   2062074
  1.712339e+00   1.375946e-05   9.823860e-04   1.325365e-08   2070190
  1.715742e+00   1.366096e-05   9.834046e-04   1.317626e-08   2079226
  1.719142e+00   1.354436e-05   9.818107e-04   1.307488e-08   2083990
  1.722545e+00   1.346706e-05   9.839507e-04   1.300754e-08   2097898
  1.725944e+00   1.339524e-05   9.787299e-04   1.292953e-08   2095452
  1.729345e+00   1.326331e-05   9.842373e-04   1.278232e-08   2117390
  1.732750e+00   1.316803e-05   9.796988e-04   1.275896e-08   2117066
  1.736142e+00   1.307059e-05   9.757475e-04   1.265799e-08   2117238
  1.739539e+00   1.295169e-05   9.838620e-04   1.251378e-08   2140026
  1.742945e+00   1.283936e-05   9.844962e-04   1.238769e-08   2147234
  1.746347e+00   1.278464e-05   9.820811e-04   1.241994e-08   2150118
  1.749746e+00   1.267255e-05   9.821004e-04   1.228212e-08   2160386
  1.753147e+00   1.260791e-05   9.809815e-04   1.225983e-08   2168256
  1.756552e+00   1.249806e-05   9.838581e-04   1.210566e-08   2183306
  1.759956e+00   1.244512e-05   9.808091e-04   1.214061e-08   2184642
  1.763354e+00   1.230073e-05   9.804471e-04   1.196394e-08   2192318
  1.766749e+00   1.223982e-05   9.788737e-04   1.192725e-08   2196066
  1.770152e+00   1.213246e-05   9.865986e-04   1.182319e-08   2220890
  1.773557e+00   1.204221e-05   9.809869e-04   1.171069e-08   2215758
  1.776958e+00   1.194281e-05   9.842037e-04   1.161418e-08   2233988
  1.780360e+00   1.190051e-05   9.782890e-04   1.161367e-08   2231670
  1.783756e+00   1.183654e-05   9.797617e-04   1.160526e-08   2244338
  1.787160e+00   1.173346e-05   9.830422e-04   1.146799e-08   2258610
  1.790563e+00   1.161267e-05   9.809188e-04   1.136687e-08   2260718
  1.793960e+00   1.154621e-05   9.807999e-04   1.134542e-08   2268162
  1.797357e+00   1.148631e-05   9.813749e-04   1.128783e-08   2277494
  1.800757e+00   1.137197e-05   9.827422e-04   1.114445e-08   2288796
  1.804164e+00   1.132183e-05   9.854716e-04   1.111907e-08   2305226
  1.807568e+00   1.124386e-05   9.797129e-04   1.106191e-08   2301630
  1.810969e+00   1.116899e-05   9.832644e-04   1.101249e-08   2319770
  1.814369e+00   1.107300e-05   9.785204e-04   1.095033e-08   2315610
  1.817766e+00   1.099653e-05   9.837069e-04   1.080832e-08   2334662
  1.821166e+00   1.093177e-05   9.806866e-04   1.080731e-08   2335722
  1.824566e+00   1.083653e-05   9.842253e-04   1.067843e-08   2354102
  1.827968e+00   1.078648e-05   9.802735e-04   1.069183e-08   2355156
  1.831373e+00   1.071234e-05   9.840368e-04   1.057845e-08   2374250
  1.834777e+00   1.061903e-05   9.800597e-04   1.054051e-08   2373102
  1.838179e+00   1.056119e-05   9.824130e-04   1.048174e-08   2388194
  1.841575e+00   1.049521e-05   9.773124e-04   1.045541e-08   2383470
  1.844971e+00   1.041301e-05   9.831656e-04   1.035407e-08   2404994
  1.848373e+00   1.034154e-05   9.816762e-04   1.030653e-08   2408538
  1.851770e+00   1.028709e-05   9.815239e-04   1.026396e-08   2417744
  1.855173e+00   1.020568e-05   9.838904e-04   1.016900e-08   2434578
  1.858579e+00   1.015590e-05   9.814961e-04   1.016397e-08   2438414
  1.861981e+00   1.009244e-05   9.821085e-04   1.010529e-08   2448066
  1.865384e+00   1.001362e-05   9.823292e-04   1.006177e-08   2456018
  1.868782e+00   9.933406e-06   9.812306e-04   9.988042e-09   2461230
  1.872181e+00   9.861357e-06   9.823212e-04   9.936704e-09   2474330
  1.875579e+00   9.793761e-06   9.796955e-04   9.842748e-09   2476498
  1.878979e+00   9.767237e-06   9.838203e-04   9.871038e-09   2497240
  1.882386e+00   9.674658e-06   9.822125e-04   9.763595e-09   2502930
  1.885787e+00   9.615033e-06   9.803409e-04   9.735228e-09   2508470
  1.889188e+00   9.561523e-06   9.808760e-04   9.684215e-09   2518482
  1.892591e+00   9.487604e-06   9.833500e-04   9.618573e-09   2532074
  1.895988e+00   9.446168e-06   9.784906e-04   9.617981e-09   2526678
  1.899384e+00   9.365595e-06   9.835395e-04   9.535751e-09   2549018
  1.902784e+00   9.320433e-06   9.800350e-04   9.538261e-09   2551704
  1.906185e+00   9.276154e-06   9.817747e-04   9.492033e-09   2566226
  1.909587e+00   9.205098e-06   9.819509e-04   9.419664e-09   2573898
  1.912993e+00   9.137858e-06   9.842387e-04   9.348989e-09   2589182
  1.916394e+00   9.084174e-06   9.792958e-04   9.353758e-09   2584890
  1.919793e+00   9.019348e-06   9.838242e-04   9.280246e-09   2605190
  1.923194e+00   8.954788e-06   9.814721e-04   9.201542e-09   2606418
  1.926593e+00   8.920164e-06   9.832736e-04   9.207903e-09   2621186
  1.929994e+00   8.859392e-06   9.806156e-04   9.175513e-09   2626608
  1.933393e+00   8.806975e-06   9.799953e-04   9.155803e-09   2636714
  1.936794e+00   8.742924e-06   9.811147e-04   9.086375e-09   2647482
  1.940202e+00   8.667315e-06   9.861446e-04   9.033938e-09   2668382
  1.943607e+00   8.619156e-06   9.801535e-04   9.010088e-09   2660418
  1.947005e+00   8.560528e-06   9.825106e-04   8.982825e-09   2676662
  1.950401e+00   8.510625e-06   9.781799e-04   8.916569e-09   2674210
  1.953797e+00   8.435414e-06   9.827621e-04   8.822962e-09   2697076
  1.957200e+00   8.429705e-06   9.813995e-04   8.876080e-09   2703558
  1.960601e+00   8.363464e-06   9.810424e-04   8.816437e-09   2713250
  1.964000e+00   8.342450e-06   9.793374e-04   8.881860e-09   2717718
  1.967406e+00   8.249280e-06   9.861436e-04   8.721770e-09   2743178
  1.970809e+00   8.200730e-06   9.802672e-04   8.735416e-09   2732730
  1.974208e+00   8.131099e-06   9.854133e-04   8.637069e-09   2758022
  1.977609e+00   8.095450e-06   9.791609e-04   8.666890e-09   2751994
  1.981005e+00   8.044592e-06   9.810250e-04   8.622617e-09   2769052
  1.984409e+00   8.008864e-06   9.824869e-04   8.609796e-09   2783062
  1.987812e+00   7.962481e-06   9.814391e-04   8.598054e-09   2789362
  1.991215e+00   7.871093e-06   9.817332e-04   8.513254e-09   2799582
  1.994619e+00   7.855352e-06   9.828319e-04   8.507870e-09   2811170
  1.998019e+00   7.769347e-06   9.809039e-04   8.438684e-09   2812658
  2.001421e+00   7.718633e-06   9.850690e-04   8.383848e-09   2833302
  2.004820e+00   7.666341e-06   9.785899e-04   8.371115e-09   2827420
  2.008216e+00   7.057104e-06   9.808908e-04   7.343310e-09   2846710
  2.011615e+00   6.906382e-06   9.806052e-04   7.143798e-09   2846535
  2.015014e+00   6.716146e-06   9.826225e-04   6.887213e-09   2848496
  2.018416e+00   6.536504e-06   9.819470e-04   6.648744e-09   2841084
  2.021820e+00   6.348103e-06   9.843122e-04   6.366297e-09   2843480
  2.025222e+00   6.188516e-06   9.802360e-04   6.167843e-09   2826624
  2.028621e+00   6.018975e-06   9.829329e-04   5.933790e-09   2828732
  2.032021e+00   5.860190e-06   9.812694e-04   5.728955e-09   2819296
  2.035422e+00   5.729735e-06   9.824594e-04   5.572393e-09   2819548
  2.038821e+00   5.565127e-06   9.790894e-04   5.364019e-09   2805192
  2.042221e+00   5.423849e-06   9.830303e-04   5.169761e-09   2811104
  2.045624e+00   5.294966e-06   9.815026e-04   4.995384e-09   2800672
  2.049025e+00   5.159633e-06   9.823222e-04   4.829103e-09   2798080
  2.052425e+00   5.041197e-06   9.802167e-04   4.700702e-09   2786976
  2.055826e+00   4.912272e-06   9.831451e-04   4.527438e-09   2791016
  2.059230e+00   4.807822e-06   9.812096e-04   4.405881e-09   2779360
  2.062626e+00   4.697765e-06   9.796265e-04   4.277475e-09   2768644
  2.066023e+00   4.593470e-06   9.822169e-04   4.143779e-09   2771192
  2.069425e+00   4.507331e-06   9.816405e-04   4.050431e-09   2765028
  2.072828e+00   4.408099e-06   9.824068e-04   3.943940e-09   2760864
  2.076235e+00   4.296781e-06   9.849780e-04   3.805236e-09   2761616
  2.079634e+00   4.215669e-06   9.787095e-04   3.729508e-09   2737932
  2.083034e+00   4.118160e-06   9.851663e-04   3.592138e-09   2752280
  2.086436e+00   4.040681e-06   9.786561e-04   3.524415e-09   2728764
  2.089835e+00   3.955735e-06   9.834451e-04   3.433291e-09   2736368
  2.093234e+00   3.883206e-06   9.795267e-04   3.362865e-09   2719952
  2.096636e+00   3.809814e-06   9.837062e-04   3.265997e-09   2727120
  2.100037e+00   3.733299e-06   9.787869e-04   3.189494e-09   2708400
  2.103440e+00   3.660059e-06   9.850039e-04   3.105884e-09   2718536
  2.106841e+00   3.581365e-06   9.786910e-04   3.034142e-09   2694300
  2.110244e+00   3.523170e-06   9.859443e-04   2.961775e-09   2709440
  2.113646e+00   3.462056e-06   9.780636e-04   2.905895e-09   2682108
  2.117041e+00   3.390084e-06   9.811448e-04   2.833007e-09   2684912
  2.120440e+00   3.328196e-06   9.817480e-04   2.767535e-09   2678868
  2.123840e+00   3.272553e-06   9.823344e-04   2.719031e-09   2674772
  2.127243e+00   3.209853e-06   9.826540e-04   2.653583e-09   2670120
  2.130643e+00   3.161077e-06   9.807037e-04   2.604414e-09   2659532
  2.134045e+00   3.105274e-06   9.832493e-04   2.542154e-09   2659704
  2.137451e+00   3.052170e-06   9.840399e-04   2.499364e-09   2654348
  2.140851e+00   2.994601e-06   9.808746e-04   2.449275e-09   2640276
  2.144250e+00   2.944489e-06   9.817432e-04   2.393367e-09   2638700
  2.147650e+00   2.897223e-06   9.800651e-04   2.347751e-09   2628244
  2.151051e+00   2.839658e-06   9.836008e-04   2.291811e-09   2630920
  2.154455e+00   2.801392e-06   9.816425e-04   2.256342e-09   2618904
  2.157854e+00   2.751784e-06   9.803923e-04   2.212106e-09   2610932
  2.161254e+00   2.708471e-06   9.817073e-04   2.166024e-09   2608464
  2.164658e+00   2.664993e-06   9.827466e-04   2.133811e-09   2603708
  2.168056e+00   2.621339e-06   9.797322e-04   2.097352e-09   2588012
  2.171453e+00   2.578946e-06   9.819219e-04   2.050037e-09   2588364
  2.174852e+00   2.540029e-06   9.803360e-04   2.017672e-09   2579076
  2.178251e+00   2.494261e-06   9.809908e-04   1.977215e-09   2574152
  2.181649e+00   2.463178e-06   9.813167e-04   1.947359e-09   2566812
  2.185056e+00   2.421503e-06   9.861783e-04   1.908678e-09   2573732
  2.188461e+00   2.387117e-06   9.795833e-04   1.882796e-09   2550568
  2.191860e+00   2.347353e-06   9.826556e-04   1.848203e-09   2552068
  2.195261e+00   2.309258e-06   9.809956e-04   1.809941e-09   2539620
  2.198663e+00   2.280871e-06   9.840554e-04   1.788036e-09   2540936
  2.202066e+00   2.248257e-06   9.809099e-04   1.757902e-09   2528032
  2.205465e+00   2.211998e-06   9.803189e-04   1.734253e-09   2521480
  2.208867e+00   2.179137e-06   9.820539e-04   1.696050e-09   2517980
  2.212270e+00   2.148329e-06   9.826345e-04   1.674139e-09   2511744
  2.215671e+00   2.115709e-06   9.807485e-04   1.642667e-09   2500140
  2.219071e+00   2.082392e-06   9.816849e-04   1.618672e-09   2496980
  2.222472e+00   2.057422e-06   9.809842e-04   1.593624e-09   2486924
  2.225874e+00   2.025158e-06   9.841669e-04   1.566359e-09   2487000
  2.229275e+00   1.998140e-06   9.801840e-04   1.551275e-09   2469840
  2.232673e+00   1.972681e-06   9.823076e-04   1.521663e-09   2469656
  2.236072e+00   1.944702e-06   9.795354e-04   1.501046e-09   2456844
  2.239476e+00   1.912092e-06   9.852194e-04   1.473145e-09   2462876
  2.242879e+00   1.889046e-06   9.804127e-04   1.458990e-09   2442136
  2.246278e+00   1.864082e-06   9.827694e-04   1.435021e-09   2441944
  2.249678e+00   1.838376e-06   9.806730e-04   1.413432e-09   2430508
  2.253076e+00   1.812023e-06   9.810126e-04   1.392775e-09   2424352
  2.256478e+00   1.787447e-06   9.832316e-04   1.372028e-09   2421264
  2.259881e+00   1.763952e-06   9.825332e-04   1.356683e-09   2413064
  2.263282e+00   1.739896e-06   9.805912e-04   1.335385e-09   2401572
  2.266681e+00   1.717930e-06   9.815087e-04   1.316315e-09   2397284
  2.270081e+00   1.692134e-06   9.813118e-04   1.297901e-09   2388336
  2.273484e+00   1.670728e-06   9.843250e-04   1.276680e-09   2387204
  2.276884e+00   1.647641e-06   9.793704e-04   1.261838e-09   2368644
  2.280279e+00   1.628068e-06   9.805359e-04   1.249257e-09   2365400
  2.283678e+00   1.608951e-06   9.814789e-04   1.230717e-09   2360072
  2.287082e+00   1.588830e-06   9.832021e-04   1.211696e-09   2356464
  2.290484e+00   1.567982e-06   9.810620e-04   1.199987e-09   2343240
  2.293885e+00   1.548330e-06   9.822795e-04   1.183336e-09   2340248
  2.297284e+00   1.526762e-06   9.789711e-04   1.169754e-09   2325000
  2.300686e+00   1.506160e-06   9.843393e-04   1.151539e-09   2328632
  2.304090e+00   1.490168e-06   9.816712e-04   1.140766e-09   2313220
  2.307492e+00   1.471831e-06   9.835834e-04   1.125087e-09   2310772
  2.310892e+00   1.451455e-06   9.798086e-04   1.111448e-09   2295420
  2.314292e+00   1.431455e-06   9.822607e-04   1.090973e-09   2293592
  2.317692e+00   1.415424e-06   9.808333e-04   1.082180e-09   2281384
  2.321098e+00   1.395455e-06   9.858657e-04   1.064034e-09   2285776
  2.324499e+00   1.383387e-06   9.776590e-04   1.062300e-09   2259408
  2.327898e+00   1.364139e-06   9.837748e-04   1.040549e-09   2266808
  2.331301e+00   1.351018e-06   9.803406e-04   1.036071e-09   2248836
  2.334698e+00   1.333220e-06   9.826639e-04   1.020588e-09   2245244
  2.338097e+00   1.316868e-06   9.807008e-04   1.006741e-09   2233908
  2.341498e+00   1.301447e-06   9.826023e-04   9.936253e-10   2231660
  2.344900e+00   1.286071e-06   9.803694e-04   9.871580e-10   2218544
  2.348303e+00   1.267375e-06   9.841932e-04   9.695184e-10   2218176
  2.351706e+00   1.253204e-06   9.811254e-04   9.590157e-10   2202900
  2.355107e+00   1.239646e-06   9.815282e-04   9.486914e-10   2197472
  2.358504e+00   1.225802e-06   9.785599e-04   9.426267e-10   2181960
  2.361902e+00   1.212071e-06   9.836141e-04   9.300864e-10   2183696
  2.365306e+00   1.198714e-06   9.832539e-04   9.213697e-10   2173416
  2.368709e+00   1.182241e-06   9.825525e-04   9.071748e-10   2165444
  2.372110e+00   1.172161e-06   9.797907e-04   9.030564e-10   2152688
  2.375509e+00   1.157473e-06   9.815549e-04   8.925590e-10   2147628
  2.378910e+00   1.141512e-06   9.820428e-04   8.806091e-10   2139012
  2.382315e+00   1.129649e-06   9.845724e-04   8.699557e-10   2136008
  2.385709e+00   1.118685e-06   9.752701e-04   8.647114e-10   2108656
  2.389104e+00   1.103725e-06   9.832761e-04   8.514241e-10   2117896
  2.392509e+00   1.095045e-06   9.830191e-04   8.488514e-10   2106260
  2.395912e+00   1.080750e-06   9.833730e-04   8.376496e-10   2099088
  2.399315e+00   1.070240e-06   9.817275e-04   8.297555e-10   2088432
  2.402716e+00   1.058772e-06   9.804125e-04   8.235924e-10   2078432
  2.406115e+00   1.046957e-06   9.806198e-04   8.159809e-10   2069048
  2.409516e+00   1.034575e-06   9.833522e-04   8.057621e-10   2064804
  2.412920e+00   1.026948e-06   9.831224e-04   7.996262e-10   2055644
  2.416321e+00   1.012990e-06   9.806126e-04   7.906485e-10   2043000
  2.419718e+00   1.002095e-06   9.800589e-04   7.849455e-10   2032348
  2.423121e+00   9.912954e-07   9.856832e-04   7.740229e-10   2034064
  2.426526e+00   9.800559e-07   9.819348e-04   7.689587e-10   2017740
  2.429926e+00   9.699590e-07   9.812949e-04   7.624037e-10   2010188
  2.433325e+00   9.615487e-07   9.789075e-04   7.543494e-10   1996556
  2.436723e+00   9.500311e-07   9.821491e-04   7.486839e-10   1992816
  2.440123e+00   9.410816e-07   9.821092e-04   7.414437e-10   1982400
  2.443522e+00   9.305820e-07   9.811038e-04   7.335198e-10   1972256
  2.446920e+00   9.195504e-07   9.808752e-04   7.268383e-10   1964384
  2.450323e+00   9.124081e-07   9.825278e-04   7.230379e-10   1958544
  2.453726e+00   9.026517e-07   9.821775e-04   7.161941e-10   1946988
  2.457130e+00   8.946615e-07   9.840500e-04   7.121554e-10   1942532
  2.460529e+00   8.848514e-07   9.777101e-04   7.046206e-10   1921692
  2.463928e+00   8.749360e-07   9.833317e-04   6.979397e-10   1924004
  2.467330e+00   8.662502e-07   9.803195e-04   6.928291e-10   1907344
  2.470733e+00   8.579673e-07   9.853101e-04   6.870801e-10   1907440
  2.474135e+00   8.497878e-07   9.788798e-04   6.833104e-10   1886136
  2.477531e+00   8.401554e-07   9.816797e-04   6.776667e-10   1883144
  2.480934e+00   8.317912e-07   9.824091e-04   6.706602e-10   1874724
  2.484338e+00   8.238021e-07   9.833480e-04   6.658240e-10   1866068
  2.487738e+00   8.180263e-07   9.812729e-04   6.637027e-10   1852980
  2.491140e+00   8.086070e-07   9.824339e-04   6.550944e-10   1847468
  2.494538e+00   8.023242e-07   9.781928e-04   6.542389e-10   1829636
  2.497936e+00   7.931873e-07   9.834643e-04   6.461115e-10   1829688
  2.501341e+00   7.856135e-07   9.824400e-04   6.424977e-10   1817192
  2.504741e+00   7.782206e-07   9.810060e-04   6.381021e-10   1806312
  2.508140e+00   7.719539e-07   9.802531e-04   6.356221e-10   1795984
  2.511543e+00   7.637881e-07   9.831733e-04   6.275819e-10   1791100
  2.514946e+00   7.575237e-07   9.817942e-04   6.257048e-10   1777648
  2.518347e+00   7.498956e-07   9.826630e-04   6.221030e-10   1769848
  2.521746e+00   7.439292e-07   9.799953e-04   6.189414e-10   1756536
  2.525146e+00   7.348040e-07   9.812129e-04   6.121844e-10   1748960
  2.528547e+00   7.300901e-07   9.826374e-04   6.079659e-10   1739952
  2.531950e+00   7.226366e-07   9.837089e-04   6.050725e-10   1732124
  2.535351e+00   7.173486e-07   9.802823e-04   6.021401e-10   1716852
  2.538751e+00   7.083911e-07   9.823932e-04   5.968560e-10   1712276
  2.542154e+00   7.043340e-07   9.810692e-04   5.958407e-10   1698500
  2.545557e+00   6.963959e-07   9.849039e-04   5.906943e-10   1693932
  2.548957e+00   6.900981e-07   9.793284e-04   5.864233e-10   1675204
  2.552353e+00   6.842139e-07   9.815499e-04   5.840805e-10   1670644
  2.555751e+00   6.789563e-07   9.787008e-04   5.811042e-10   1655532
  2.559155e+00   6.740124e-07   9.861163e-04   5.765824e-10   1656860
  2.562557e+00   6.666068e-07   9.798597e-04   5.756900e-10   1635372
  2.565959e+00   6.615965e-07   9.841765e-04   5.719455e-10   1634324
  2.569359e+00   6.546113e-07   9.777008e-04   5.683547e-10   1613676
  2.572758e+00   6.482509e-07   9.840395e-04   5.625228e-10   1613348
  2.576160e+00   6.441793e-07   9.807023e-04   5.631912e-10   1596236
  2.579561e+00   6.371094e-07   9.834991e-04   5.581016e-10   1591476
  2.582962e+00   6.334721e-07   9.792427e-04   5.578977e-10   1575732
  2.586359e+00   6.293794e-07   9.803750e-04   5.565123e-10   1566236
  2.589759e+00   6.220453e-07   9.841339e-04   5.507531e-10   1560292
  2.593166e+00   6.164437e-07   9.838869e-04   5.486461e-10   1550092
  2.596565e+00   6.120474e-07   9.789064e-04   5.472537e-10   1532628
  2.599963e+00   6.067290e-07   9.813188e-04   5.433400e-10   1527332
  2.603365e+00   6.022030e-07   9.816488e-04   5.425647e-10   1515212
  2.606765e+00   5.971431e-07   9.831211e-04   5.396118e-10   1506444
  2.610167e+00   5.933578e-07   9.819780e-04   5.394278e-10   1495116
  2.613562e+00   5.878184e-07   9.774397e-04   5.378961e-10   1479152
  2.616961e+00   5.829984e-07   9.826090e-04   5.336919e-10   1475512
  2.620369e+00   5.770580e-07   9.857671e-04   5.305541e-10   1467820
  2.623774e+00   5.737959e-07   9.816828e-04   5.309313e-10   1451256
  2.627176e+00   5.682591e-07   9.823847e-04   5.273376e-10   1443212
  2.630573e+00   5.637230e-07   9.775986e-04   5.260386e-10   1425680
  2.633972e+00   5.594854e-07   9.838248e-04   5.243153e-10   1422972
  2.637375e+00   5.565001e-07   9.826449e-04   5.241460e-10   1408632
  2.640778e+00   5.493014e-07   9.834480e-04   5.179999e-10   1400984
  2.644178e+00   5.465993e-07   9.781513e-04   5.205278e-10   1383196
  2.647576e+00   5.404999e-07   9.827970e-04   5.152927e-10   1378120
  2.650981e+00   5.389240e-07   9.838936e-04   5.171605e-10   1367272
  2.654386e+00   5.348440e-07   9.839001e-04   5.159095e-10   1356580
  2.657781e+00   5.291872e-07   9.764772e-04   5.140517e-10   1337028
  2.661175e+00   5.250208e-07   9.807019e-04   5.132144e-10   1332500
  2.664576e+00   5.225678e-07   9.824328e-04   5.119871e-10   1321796
  2.667980e+00   5.176029e-07   9.842336e-04   5.096167e-10   1312716
  2.671381e+00   5.126022e-07   9.799494e-04   5.076246e-10   1296580
  2.674784e+00   5.092059e-07   9.836937e-04   5.061455e-10   1291528
  2.678185e+00   5.057640e-07   9.791874e-04   5.089506e-10   1273128
  2.681585e+00   5.025432e-07   9.849289e-04   5.055448e-10   1268720
  2.684990e+00   4.984858e-07   9.820200e-04   5.060217e-10   1254016
  2.688389e+00   4.921410e-07   9.799073e-04   5.014578e-10   1241296
  2.691782e+00   4.895184e-07   9.773359e-04   5.014273e-10   1226712
  2.695185e+00   4.872948e-07   9.871642e-04   5.009558e-10   1226228
  2.698592e+00   4.822513e-07   9.822935e-04   4.984324e-10   1207768
  2.701993e+00   4.787922e-07   9.821287e-04   4.988657e-10   1198336
  2.705390e+00   4.753644e-07   9.774693e-04   5.000235e-10   1181484
  2.708791e+00   4.723278e-07   9.847434e-04   4.993343e-10   1178012
  2.712196e+00   4.685083e-07   9.828591e-04   4.982629e-10   1162564
  2.715593e+00   4.631474e-07   9.802955e-04   4.938193e-10   1149340
  2.718991e+00   4.608390e-07   9.799593e-04   4.960934e-10   1138848
  2.722390e+00   4.575238e-07   9.801680e-04   4.963749e-10   1126748
  2.725791e+00   4.538250e-07   9.834222e-04   4.925972e-10   1117428
  2.729199e+00   4.499272e-07   9.855325e-04   4.946910e-10   1108112
  2.732601e+00   4.469187e-07   9.796049e-04   4.946496e-10   1090596
  2.736000e+00   4.408068e-07   9.802553e-04   4.908967e-10   1081052
  2.739396e+00   4.390771e-07   9.787000e-04   4.939389e-10   1065716
  2.742798e+00   4.352627e-07   9.867653e-04   4.924905e-10   1061940
  2.746204e+00   4.326427e-07   9.811985e-04   4.929363e-10   1044096
  2.749604e+00   4.269953e-07   9.818713e-04   4.871656e-10   1034864
  2.753003e+00   4.241019e-07   9.778923e-04   4.899517e-10   1018308
  2.756407e+00   4.216522e-07   9.880499e-04   4.912351e-10   1014812
  2.759813e+00   4.184092e-07   9.817334e-04   4.943178e-10   996288
  2.763211e+00   4.140880e-07   9.807414e-04   4.906592e-10   985376
  2.766605e+00   4.088833e-07   9.763946e-04   4.860694e-10   969652
  2.770007e+00   4.068197e-07   9.852383e-04   4.867971e-10   964924
  2.773408e+00   4.045783e-07   9.813255e-04   4.908359e-10   947228
  2.776808e+00   3.978898e-07   9.830247e-04   4.859551e-10   939084
  2.780208e+00   3.947211e-07   9.769128e-04   4.855885e-10   921864
  2.783607e+00   3.906430e-07   9.830641e-04   4.813444e-10   914252
  2.787014e+00   3.897654e-07   9.855161e-04   4.871875e-10   902572
  2.790419e+00   3.833121e-07   9.827520e-04   4.825179e-10   888784
  2.793815e+00   3.791253e-07   9.766961e-04   4.804939e-10   872540
  2.797210e+00   3.751280e-07   9.801377e-04   4.781875e-10   862848
  2.800610e+00   3.738849e-07   9.835812e-04   4.833399e-10   851760
  2.804018e+00   3.687264e-07   9.862752e-04   4.775558e-10   841940
  2.807419e+00   3.633925e-07   9.779538e-04   4.753032e-10   823032
  2.810819e+00   3.588204e-07   9.834420e-04   4.740655e-10   816044
  2.814221e+00   3.567265e-07   9.803182e-04   4.760414e-10   799292
  2.817622e+00   3.502741e-07   9.859358e-04   4.683301e-10   791304
  2.821022e+00   3.459804e-07   9.778036e-04   4.683933e-10   772868
  2.824414e+00   3.412611e-07   9.799444e-04   4.614486e-10   762552
  2.827814e+00   3.364847e-07   9.815264e-04   4.599176e-10   750876
  2.831218e+00   3.329360e-07   9.834990e-04   4.586619e-10   739280
  2.834619e+00   3.268272e-07   9.815612e-04   4.520944e-10   724944
  2.838024e+00   3.207506e-07   9.837337e-04   4.429852e-10   714380
  2.841419e+00   3.172216e-07   9.765403e-04   4.415204e-10   695932
  2.844820e+00   3.105397e-07   9.860188e-04   4.327735e-10   690949
  2.848225e+00   3.040597e-07   9.790494e-04   4.227561e-10   673638
  2.851624e+00   3.010211e-07   9.838795e-04   4.220807e-10   666092
  2.855023e+00   2.974772e-07   9.776476e-04   4.193222e-10   651024
  2.858420e+00   2.929742e-07   9.835476e-04   4.120197e-10   644804
  2.861824e+00   2.891247e-07   9.809055e-04   4.103299e-10   632676
  2.865228e+00   2.852601e-07   9.847549e-04   4.052314e-10   624962
  2.868627e+00   2.818427e-07   9.786841e-04   4.018739e-10   611280
  2.872031e+00   2.784508e-07   9.864670e-04   4.006689e-10   607256
  2.875434e+00   2.758102e-07   9.785773e-04   4.007061e-10   592616
  2.878833e+00   2.719964e-07   9.838766e-04   3.919226e-10   587160
  2.882235e+00   2.685893e-07   9.806552e-04   3.889675e-10   575482
  2.885633e+00   2.650905e-07   9.821917e-04   3.859059e-10   568258
  2.889037e+00   2.654141e-07   9.823894e-04   3.901290e-10   559638
  2.892441e+00   2.613593e-07   9.828085e-04   3.860035e-10   551498
  2.895844e+00   2.580421e-07   9.815660e-04   3.855868e-10   542364
  2.899245e+00   2.540338e-07   9.820373e-04   3.801417e-10   534146
  2.902642e+00   2.536528e-07   9.799896e-04   3.821723e-10   524980
  2.906047e+00   2.492463e-07   9.845691e-04   3.763098e-10   519964
  2.909443e+00   2.476294e-07   9.764000e-04   3.788629e-10   507108
  2.912842e+00   2.445092e-07   9.860421e-04   3.732923e-10   504992
  2.916245e+00   2.424933e-07   9.788238e-04   3.736930e-10   492948
  2.919647e+00   2.398648e-07   9.864404e-04   3.712719e-10   489740
  2.923050e+00   2.374374e-07   9.776779e-04   3.688707e-10   477716
  2.926447e+00   2.349803e-07   9.842557e-04   3.688396e-10   473844
  2.929849e+00   2.330749e-07   9.793241e-04   3.680269e-10   464222
  2.933249e+00   2.303249e-07   9.833380e-04   3.656671e-10   459048
  2.936646e+00   2.283279e-07   9.781522e-04   3.640448e-10   449574
  2.940047e+00   2.255761e-07   9.843913e-04   3.589374e-10   445820
  2.943444e+00   2.244153e-07   9.766847e-04   3.617814e-10   435158
  2.946848e+00   2.224410e-07   9.868688e-04   3.597637e-10   433566
  2.950249e+00   2.197334e-07   9.754175e-04   3.581739e-10   421014
  2.953647e+00   2.183380e-07   9.867845e-04   3.574801e-10   419996
  2.957054e+00   2.164318e-07   9.785008e-04   3.580311e-10   409482
  2.960447e+00   2.134340e-07   9.814565e-04   3.535594e-10   404414
  2.963850e+00   2.130074e-07   9.822465e-04   3.586662e-10   398518
  2.967254e+00   2.102013e-07   9.832814e-04   3.534097e-10   392302
  2.970654e+00   2.092646e-07   9.815439e-04   3.554274e-10   385318
  2.974064e+00   2.077002e-07   9.866772e-04   3.538882e-10   381718
  2.977460e+00   2.049164e-07   9.751975e-04   3.543102e-10   370674
  2.980859e+00   2.047610e-07   9.875886e-04   3.539838e-10   370166
  2.984264e+00   2.016574e-07   9.774032e-04   3.511290e-10   359838
  2.987662e+00   2.004614e-07   9.857853e-04   3.509337e-10   357488
  2.991061e+00   1.998674e-07   9.759886e-04   3.535515e-10   348174
  2.994460e+00   1.956533e-07   9.853707e-04   3.469708e-10   346010
  2.997858e+00   1.960967e-07   9.762078e-04   3.518858e-10   336966
  3.001265e+00   1.941624e-07   9.900594e-04   3.493096e-10   336488
  3.004668e+00   1.934232e-07   9.740308e-04   3.517068e-10   325206
  3.008066e+00   1.913595e-07   9.873451e-04   3.495176e-10   324614
  3.011466e+00   1.900454e-07   9.747062e-04   3.529575e-10   314792
  3.014866e+00   1.881051e-07   9.879043e-04   3.504978e-10   314082
  3.018264e+00   1.877047e-07   9.737379e-04   3.519589e-10   303918
  3.021663e+00   1.843310e-07   9.889509e-04   3.458268e-10   303872
  3.025070e+00   1.842734e-07   9.784574e-04   3.498868e-10   295070
  3.028471e+00   1.828562e-07   9.862273e-04   3.506519e-10   292776
  3.031875e+00   1.826488e-07   9.783859e-04   3.550569e-10   285198
  3.035272e+00   1.800187e-07   9.836512e-04   3.496291e-10   282068
  3.038673e+00   1.798429e-07   9.805621e-04   3.519609e-10   276094
  3.042072e+00   1.787318e-07   9.815492e-04   3.517144e-10   271936
  3.045470e+00   1.777684e-07   9.796535e-04   3.536618e-10   266352
  3.048872e+00   1.764155e-07   9.837389e-04   3.541839e-10   263198
  3.052270e+00   1.749568e-07   9.774507e-04   3.556302e-10   256540
  3.055674e+00   1.726529e-07   9.870156e-04   3.514632e-10   254758
  3.059074e+00   1.719216e-07   9.752535e-04   3.549344e-10   246888
  3.062476e+00   1.711862e-07   9.882518e-04   3.522401e-10   245984
  3.065876e+00   1.701262e-07   9.745285e-04   3.574017e-10   237838
  3.069275e+00   1.684857e-07   9.875456e-04   3.545243e-10   236932
  3.072674e+00   1.681141e-07   9.753501e-04   3.589384e-10   229296
  3.076079e+00   1.673343e-07   9.905935e-04   3.580169e-10   228968
  3.079484e+00   1.654337e-07   9.759176e-04   3.593334e-10   220862
  3.082887e+00   1.644140e-07   9.907802e-04   3.576045e-10   220440
  3.086289e+00   1.638227e-07   9.746422e-04   3.642337e-10   212400
  3.089691e+00   1.636823e-07   9.910214e-04   3.619199e-10   212228
  3.093094e+00   1.628413e-07   9.746868e-04   3.638129e-10   204518
  3.096495e+00   1.606274e-07   9.889482e-04   3.620201e-10   203928
  3.099893e+00   1.608817e-07   9.720561e-04   3.684552e-10   196280
  3.103292e+00   1.586841e-07   9.890661e-04   3.619442e-10   196272
  3.106690e+00   1.589447e-07   9.712571e-04   3.706737e-10   188572
  3.110087e+00   1.579051e-07   9.879143e-04   3.691885e-10   188440
  3.113488e+00   1.577947e-07   9.734613e-04   3.754719e-10   181574
  3.116887e+00   1.563088e-07   9.881590e-04   3.740000e-10   180912
  3.120287e+00   1.559789e-07   9.735403e-04   3.804235e-10   174304
  3.123686e+00   1.546180e-07   9.886917e-04   3.753579e-10   173620
  3.127087e+00   1.540337e-07   9.751672e-04   3.835615e-10   167424
  3.130494e+00   1.523274e-07   9.911060e-04   3.766774e-10   166952
  3.133891e+00   1.520205e-07   9.707301e-04   3.872633e-10   159744
  3.137294e+00   1.513894e-07   9.930247e-04   3.849767e-10   160424
  3.140692e+00   1.518017e-07   9.688943e-04   3.914745e-10   152748
  3.144094e+00   1.494158e-07   9.946857e-04   3.851152e-10   153920
  3.147494e+00   1.491050e-07   9.672886e-04   3.916359e-10   146016
  3.150891e+00   1.491907e-07   9.941819e-04   3.918806e-10   147176
  3.154293e+00   1.475225e-07   9.692460e-04   3.982165e-10   139992
  3.157692e+00   1.471052e-07   9.933564e-04   3.937709e-10   140588
  3.161097e+00   1.477086e-07   9.721310e-04   4.074230e-10   134184
  3.164500e+00   1.451022e-07   9.923555e-04   3.985233e-10   134192
  3.167900e+00   1.463592e-07   9.713175e-04   4.121738e-10   127992
  3.171301e+00   1.442623e-07   9.922025e-04   4.053657e-10   128132
  3.174706e+00   1.448755e-07   9.738163e-04   4.145844e-10   122384
  3.178105e+00   1.434605e-07   9.894388e-04   4.167878e-10   121896
  3.181505e+00   1.431574e-07   9.729889e-04   4.223670e-10   116592
  3.184902e+00   1.426913e-07   9.887769e-04   4.180525e-10   116072
  3.188304e+00   1.427296e-07   9.741208e-04   4.335656e-10   111196
  3.191708e+00   1.427335e-07   9.922343e-04   4.286991e-10   110824
  3.195109e+00   1.413545e-07   9.706819e-04   4.380382e-10   105456
  3.198515e+00   1.396122e-07   9.956721e-04   4.321681e-10   105746
  3.201914e+00   1.394878e-07   9.664985e-04   4.444771e-10   99816
  3.205315e+00   1.389250e-07   9.954263e-04   4.392969e-10   100460
  3.208711e+00   1.387856e-07   9.652876e-04   4.529805e-10   94616
  3.212112e+00   1.390585e-07   9.961719e-04   4.523492e-10   95448
  3.215512e+00   1.391203e-07   9.666714e-04   4.641900e-10   89784
  3.218916e+00   1.378384e-07   9.964090e-04   4.624243e-10   90536
  3.222310e+00   1.375855e-07   9.614793e-04   4.736968e-10   84566
  3.225712e+00   1.370972e-07   1.000274e-03   4.690888e-10   86088
  3.229109e+00   1.376428e-07   9.576880e-04   4.873302e-10   79680
  3.232504e+00   1.365647e-07   1.000528e-03   4.850000e-10   81368
  3.235905e+00   1.357887e-07   9.590062e-04   5.033150e-10   75356
  3.239299e+00   1.354985e-07   1.000262e-03   4.884338e-10   76704
  3.242704e+00   1.354216e-07   9.625143e-04   5.085649e-10   71322
  3.246105e+00   1.344001e-07   1.000713e-03   5.020346e-10   72248
  3.249509e+00   1.363519e-07   9.624193e-04   5.299523e-10   67160
  3.252908e+00   1.340685e-07   9.988504e-04   5.199426e-10   67836
  3.256303e+00   1.339141e-07   9.598606e-04   5.296001e-10   62976
  3.259706e+00   1.325892e-07   1.001348e-03   5.250564e-10   63914
  3.263097e+00   1.343532e-07   9.561656e-04   5.556366e-10   58832
  3.266501e+00   1.318062e-07   1.003699e-03   5.392643e-10   60108
  3.269890e+00   1.322510e-07   9.539295e-04   5.677586e-10   54920
  3.273312e+00   1.329886e-07   1.015086e-03   5.559703e-10   56970
  3.276708e+00   1.308514e-07   9.440493e-04   5.823603e-10   50760
  3.280114e+00   1.328546e-07   1.016179e-03   5.755780e-10   53312
  3.283511e+00   1.305687e-07   9.404818e-04   5.997699e-10   47164
  3.286913e+00   1.316399e-07   1.018327e-03   5.946371e-10   49810
  3.290311e+00   1.328971e-07   9.356940e-04   6.342603e-10   43680
  3.293705e+00   1.309321e-07   1.019216e-03   6.100682e-10   46328
  3.297113e+00   1.308943e-07   9.396643e-04   6.457413e-10   40694
  3.300512e+00   1.327206e-07   1.021248e-03   6.340339e-10   42984
  3.303924e+00   1.317613e-07   9.393885e-04   6.729861e-10   37656
  3.307314e+00   1.318432e-07   1.018706e-03   6.682228e-10   39578
  3.310727e+00   1.327877e-07   9.431432e-04   7.105423e-10   34920
  3.314118e+00   1.300438e-07   1.015057e-03   6.861298e-10   36308
  3.317520e+00   1.318676e-07   9.417761e-04   7.353416e-10   32136
  3.320917e+00   1.303673e-07   1.014476e-03   7.279048e-10   33362
  3.324306e+00   1.313010e-07   9.360215e-04   7.663617e-10   29336
  3.327716e+00   1.321568e-07   1.021505e-03   7.621781e-10   30804
  3.331095e+00   1.284227e-07   9.233243e-04   7.915318e-10   26490
  3.334511e+00   1.282146e-07   1.029571e-03   7.588677e-10   28376
  3.337879e+00   1.318794e-07   9.097669e-04   8.383568e-10   23784
  3.341307e+00   1.313231e-07   1.040923e-03   8.147905e-10   26150
  3.344669e+00   1.297738e-07   8.938898e-04   8.882642e-10   21192
  3.348106e+00   1.306436e-07   1.054204e-03   8.393859e-10   24050
  3.351471e+00   1.290688e-07   8.769951e-04   9.372832e-10   18768
  3.354917e+00   1.308250e-07   1.068828e-03   8.913839e-10   22052
  3.358276e+00   1.290207e-07   8.453078e-04   1.006377e-09   16346
  3.361716e+00   1.294734e-07   1.081988e-03   9.199126e-10   20136
  3.365077e+00   1.298727e-07   8.114920e-04   1.083721e-09   14160
  3.368506e+00   1.300627e-07   1.091186e-03   9.614464e-10   18218
  3.371870e+00   1.297003e-07   7.752035e-04   1.196730e-09   12204
  3.375286e+00   1.287215e-07   1.099293e-03   1.025501e-09   16346
  3.378666e+00   1.307237e-07   7.492433e-04   1.274954e-09   10536
  3.382068e+00   1.307866e-07   1.103455e-03   1.074415e-09   14456
  3.385446e+00   1.288586e-07   7.144473e-04   1.368714e-09   8990
  3.388846e+00   1.323255e-07   1.111587e-03   1.208441e-09   12744
  3.392213e+00   1.308601e-07   6.547202e-04   1.498162e-09   7506
  3.395615e+00   1.309141e-07   1.122493e-03   1.263389e-09   11192
  3.398977e+00   1.304928e-07   5.748287e-04   1.638403e-09   6156
  3.402378e+00   1.290360e-07   1.132774e-03   1.318170e-09   9722
  3.405746e+00   1.290560e-07   4.871262e-04   1.831014e-09   4992
  3.409138e+00   1.284430e-07   1.141441e-03   1.377086e-09   8306
  3.412522e+00   1.296760e-07   3.836029e-04   1.936440e-09   3996
  3.415893e+00   1.317726e-07   1.145615e-03   1.607290e-09   6938
  3.419295e+00   1.298849e-07   2.666671e-04   2.249678e-09   3168
  3.422636e+00   1.291376e-07   1.141746e-03   1.710143e-09   5624
  3.426050e+00   1.349977e-07   1.840323e-04   2.660999e-09   2502
  3.429375e+00   1.288828e-07   1.135529e-03   1.911014e-09   4424
  3.432807e+00   1.316371e-07   1.951644e-04   3.020974e-09   1946
  3.436123e+00   1.329974e-07   1.131191e-03   2.311183e-09   3360
  3.439554e+00   1.356757e-07   1.068915e-04   3.510858e-09   1446
  3.442870e+00   1.348463e-07   1.128932e-03   2.606890e-09   2456
  3.446333e+00   1.303581e-07   2.047845e-04   3.964846e-09   1034
  3.449628e+00   1.285299e-07   1.127267e-03   3.213746e-09   1680
  3.453085e+00   1.310353e-07   5.107876e-05   4.847434e-09   678
  3.456375e+00   1.347567e-07   1.125846e-03   3.991237e-09   1064
  3.459905e+00   1.512171e-07   3.097621e-04   7.828903e-09   410
  3.463134e+00   1.318446e-07   1.124156e-03   5.400594e-09   576
  3.466644e+00   1.293645e-07   1.623447e-05   8.449954e-09   198
  3.469837e+00   1.493587e-07   1.113683e-03   9.962858e-09   248
  3.473678e+00   1.288610e-07   7.017054e-04   1.107685e-08   74
  3.476548e+00   1.384320e-07   1.096056e-03   1.619037e-08   48
  3.480229e+00   1.767487e-07   4.404833e-08   4.613605e-08   6
